t	PL(A)	PL(B)	PL(T)	PL(E)	V(A)	V(B)	V(E)	I(A)	I(B)	I(E)	n_bracos	n_res
0,019	0,000	0,000	0,000E+0	0,000E+0	0,000E+0	0,000E+0	0,000E+0	0,000E+0	0,000E+0	0,000E+0	1	1100
0,029	0,000	0,000	0,000E+0	0,000E+0	0,000E+0	0,000E+0	0,000E+0	0,000E+0	0,000E+0	0,000E+0	1	1100
1,030	0,000	0,000	0,000E+0	0,000E+0	0,000E+0	0,000E+0	0,000E+0	0,000E+0	0,000E+0	0,000E+0	1	1100
2,029	0,000	0,000	0,000E+0	0,000E+0	0,000E+0	0,000E+0	0,000E+0	0,000E+0	0,000E+0	0,000E+0	1	1100
3,031	0,000	0,000	0,000E+0	0,000E+0	0,000E+0	0,000E+0	0,000E+0	0,000E+0	0,000E+0	0,000E+0	1	1100
4,032	0,000	0,000	0,000E+0	0,000E+0	0,000E+0	0,000E+0	0,000E+0	0,000E+0	0,000E+0	0,000E+0	1	1100
5,032	0,000	0,000	0,000E+0	0,000E+0	0,000E+0	0,000E+0	0,000E+0	0,000E+0	0,000E+0	0,000E+0	1	1100
6,032	0,000	0,000	0,000E+0	0,000E+0	0,000E+0	0,000E+0	0,000E+0	0,000E+0	0,000E+0	0,000E+0	1	1100
7,031	0,000	0,000	0,000E+0	0,000E+0	0,000E+0	0,000E+0	0,000E+0	0,000E+0	0,000E+0	0,000E+0	1	1100
8,033	0,000	0,000	0,000E+0	0,000E+0	0,000E+0	0,000E+0	0,000E+0	0,000E+0	0,000E+0	0,000E+0	1	1100
9,032	0,000	0,000	0,000E+0	0,000E+0	0,000E+0	0,000E+0	0,000E+0	0,000E+0	0,000E+0	0,000E+0	1	1100
10,033	0,000	0,000	0,000E+0	0,000E+0	0,000E+0	0,000E+0	0,000E+0	0,000E+0	0,000E+0	0,000E+0	1	1100
11,033	0,000	0,000	0,000E+0	0,000E+0	0,000E+0	0,000E+0	0,000E+0	0,000E+0	0,000E+0	0,000E+0	1	1100
12,033	0,000	0,000	0,000E+0	0,000E+0	0,000E+0	0,000E+0	0,000E+0	0,000E+0	0,000E+0	0,000E+0	1	1100
13,034	0,000	0,000	0,000E+0	0,000E+0	0,000E+0	0,000E+0	0,000E+0	0,000E+0	0,000E+0	0,000E+0	1	1100
14,033	0,000	0,000	0,000E+0	0,000E+0	0,000E+0	0,000E+0	0,000E+0	0,000E+0	0,000E+0	0,000E+0	1	1100
15,034	0,000	0,000	0,000E+0	0,000E+0	0,000E+0	0,000E+0	0,000E+0	0,000E+0	0,000E+0	0,000E+0	1	1100
16,033	0,000	0,000	0,000E+0	0,000E+0	0,000E+0	0,000E+0	0,000E+0	0,000E+0	0,000E+0	0,000E+0	1	1100
17,034	0,000	0,000	0,000E+0	0,000E+0	0,000E+0	0,000E+0	0,000E+0	0,000E+0	0,000E+0	0,000E+0	1	1100
18,035	0,000	0,000	0,000E+0	0,000E+0	0,000E+0	0,000E+0	0,000E+0	0,000E+0	0,000E+0	0,000E+0	1	1100
19,035	0,000	0,000	0,000E+0	0,000E+0	0,000E+0	0,000E+0	0,000E+0	0,000E+0	0,000E+0	0,000E+0	1	1100
20,035	0,000	0,000	0,000E+0	0,000E+0	0,000E+0	0,000E+0	0,000E+0	0,000E+0	0,000E+0	0,000E+0	1	1100
21,034	0,000	0,000	0,000E+0	0,000E+0	0,000E+0	0,000E+0	0,000E+0	0,000E+0	0,000E+0	0,000E+0	1	1100
22,035	0,000	0,000	0,000E+0	0,000E+0	0,000E+0	0,000E+0	0,000E+0	0,000E+0	0,000E+0	0,000E+0	1	1100
23,035	0,000	0,000	0,000E+0	0,000E+0	0,000E+0	0,000E+0	0,000E+0	0,000E+0	0,000E+0	0,000E+0	1	1100
24,035	0,000	0,000	0,000E+0	0,000E+0	0,000E+0	0,000E+0	0,000E+0	0,000E+0	0,000E+0	0,000E+0	1	1100
25,035	0,000	0,000	0,000E+0	0,000E+0	0,000E+0	0,000E+0	0,000E+0	0,000E+0	0,000E+0	0,000E+0	1	1100
26,036	0,000	0,000	0,000E+0	0,000E+0	0,000E+0	0,000E+0	0,000E+0	0,000E+0	0,000E+0	0,000E+0	1	1100
27,037	0,000	0,000	0,000E+0	0,000E+0	0,000E+0	0,000E+0	0,000E+0	0,000E+0	0,000E+0	0,000E+0	1	1100
28,036	0,000	0,000	0,000E+0	0,000E+0	0,000E+0	0,000E+0	0,000E+0	0,000E+0	0,000E+0	0,000E+0	1	1100
29,037	0,000	0,000	0,000E+0	0,000E+0	0,000E+0	0,000E+0	0,000E+0	0,000E+0	0,000E+0	0,000E+0	1	1100
30,037	0,000	0,000	0,000E+0	0,000E+0	0,000E+0	0,000E+0	0,000E+0	0,000E+0	0,000E+0	0,000E+0	1	1100
31,037	0,000	0,000	0,000E+0	0,000E+0	0,000E+0	0,000E+0	0,000E+0	0,000E+0	0,000E+0	0,000E+0	1	1100
32,037	0,000	0,000	0,000E+0	0,000E+0	0,000E+0	0,000E+0	0,000E+0	0,000E+0	0,000E+0	0,000E+0	1	1100
33,037	0,000	0,000	0,000E+0	0,000E+0	0,000E+0	0,000E+0	0,000E+0	0,000E+0	0,000E+0	0,000E+0	1	1100
34,038	0,000	0,000	0,000E+0	0,000E+0	0,000E+0	0,000E+0	0,000E+0	0,000E+0	0,000E+0	0,000E+0	1	1100
35,037	0,000	0,000	0,000E+0	0,000E+0	0,000E+0	0,000E+0	0,000E+0	0,000E+0	0,000E+0	0,000E+0	1	1100
36,038	0,000	0,000	0,000E+0	0,000E+0	0,000E+0	0,000E+0	0,000E+0	0,000E+0	0,000E+0	0,000E+0	1	1100
37,038	0,000	0,000	0,000E+0	0,000E+0	0,000E+0	0,000E+0	0,000E+0	0,000E+0	0,000E+0	0,000E+0	1	1100
38,038	0,000	0,000	0,000E+0	0,000E+0	0,000E+0	0,000E+0	0,000E+0	0,000E+0	0,000E+0	0,000E+0	1	1100
39,038	0,000	0,000	0,000E+0	0,000E+0	0,000E+0	0,000E+0	0,000E+0	0,000E+0	0,000E+0	0,000E+0	1	1100
40,037	0,000	0,000	0,000E+0	0,000E+0	0,000E+0	0,000E+0	0,000E+0	0,000E+0	0,000E+0	0,000E+0	1	1100
41,038	0,000	0,000	0,000E+0	0,000E+0	0,000E+0	0,000E+0	0,000E+0	0,000E+0	0,000E+0	0,000E+0	1	1100
42,038	0,000	0,000	0,000E+0	0,000E+0	0,000E+0	0,000E+0	0,000E+0	0,000E+0	0,000E+0	0,000E+0	1	1100
43,039	0,000	0,000	0,000E+0	0,000E+0	0,000E+0	0,000E+0	0,000E+0	0,000E+0	0,000E+0	0,000E+0	1	1100
44,039	0,000	0,000	0,000E+0	0,000E+0	0,000E+0	0,000E+0	0,000E+0	0,000E+0	0,000E+0	0,000E+0	1	1100
45,039	0,000	0,000	0,000E+0	0,000E+0	0,000E+0	0,000E+0	0,000E+0	0,000E+0	0,000E+0	0,000E+0	1	1100
46,039	0,000	0,000	0,000E+0	0,000E+0	0,000E+0	0,000E+0	0,000E+0	0,000E+0	0,000E+0	0,000E+0	1	1100
47,038	0,000	0,000	0,000E+0	0,000E+0	0,000E+0	0,000E+0	0,000E+0	0,000E+0	0,000E+0	0,000E+0	1	1100
48,040	0,000	0,000	0,000E+0	0,000E+0	0,000E+0	0,000E+0	0,000E+0	0,000E+0	0,000E+0	0,000E+0	1	1100
49,039	0,000	0,000	0,000E+0	0,000E+0	0,000E+0	0,000E+0	0,000E+0	0,000E+0	0,000E+0	0,000E+0	1	1100
50,040	0,000	0,000	0,000E+0	0,000E+0	0,000E+0	0,000E+0	0,000E+0	0,000E+0	0,000E+0	0,000E+0	1	1100
51,040	0,000	0,000	0,000E+0	0,000E+0	0,000E+0	0,000E+0	0,000E+0	0,000E+0	0,000E+0	0,000E+0	1	1100
52,040	0,000	0,000	0,000E+0	0,000E+0	0,000E+0	0,000E+0	0,000E+0	0,000E+0	0,000E+0	0,000E+0	1	1100
53,041	0,000	0,000	0,000E+0	0,000E+0	0,000E+0	0,000E+0	0,000E+0	0,000E+0	0,000E+0	0,000E+0	1	1100
54,041	0,000	0,000	0,000E+0	0,000E+0	0,000E+0	0,000E+0	0,000E+0	0,000E+0	0,000E+0	0,000E+0	1	1100
55,042	0,000	0,000	0,000E+0	0,000E+0	0,000E+0	0,000E+0	0,000E+0	0,000E+0	0,000E+0	0,000E+0	1	1100
56,042	0,000	0,000	0,000E+0	0,000E+0	0,000E+0	0,000E+0	0,000E+0	0,000E+0	0,000E+0	0,000E+0	1	1100
57,042	0,000	0,000	0,000E+0	0,000E+0	0,000E+0	0,000E+0	0,000E+0	0,000E+0	0,000E+0	0,000E+0	1	1100
58,042	0,000	0,000	0,000E+0	0,000E+0	0,000E+0	0,000E+0	0,000E+0	0,000E+0	0,000E+0	0,000E+0	1	1100
59,042	0,000	0,000	0,000E+0	0,000E+0	0,000E+0	0,000E+0	0,000E+0	0,000E+0	0,000E+0	0,000E+0	1	1100
60,043	0,000	0,000	0,000E+0	0,000E+0	0,000E+0	0,000E+0	0,000E+0	0,000E+0	0,000E+0	0,000E+0	1	1100
61,042	0,000	0,000	0,000E+0	0,000E+0	0,000E+0	0,000E+0	0,000E+0	0,000E+0	0,000E+0	0,000E+0	1	1100
62,043	0,000	0,000	0,000E+0	0,000E+0	0,000E+0	0,000E+0	0,000E+0	0,000E+0	0,000E+0	0,000E+0	1	1100
63,043	0,000	0,000	0,000E+0	0,000E+0	0,000E+0	0,000E+0	0,000E+0	0,000E+0	0,000E+0	0,000E+0	1	1100
64,043	0,000	0,000	0,000E+0	0,000E+0	0,000E+0	0,000E+0	0,000E+0	0,000E+0	0,000E+0	0,000E+0	1	1100
65,043	0,000	0,000	0,000E+0	0,000E+0	0,000E+0	0,000E+0	0,000E+0	0,000E+0	0,000E+0	0,000E+0	1	1100
66,043	0,000	0,000	0,000E+0	0,000E+0	0,000E+0	0,000E+0	0,000E+0	0,000E+0	0,000E+0	0,000E+0	1	1100
67,043	0,000	0,000	0,000E+0	0,000E+0	0,000E+0	0,000E+0	0,000E+0	0,000E+0	0,000E+0	0,000E+0	1	1100
68,042	0,000	0,000	0,000E+0	0,000E+0	0,000E+0	0,000E+0	0,000E+0	0,000E+0	0,000E+0	0,000E+0	1	1100
69,043	0,000	0,000	0,000E+0	0,000E+0	0,000E+0	0,000E+0	0,000E+0	0,000E+0	0,000E+0	0,000E+0	1	1100
70,043	0,000	0,000	0,000E+0	0,000E+0	0,000E+0	0,000E+0	0,000E+0	0,000E+0	0,000E+0	0,000E+0	1	1100
71,043	0,000	0,000	0,000E+0	0,000E+0	0,000E+0	0,000E+0	0,000E+0	0,000E+0	0,000E+0	0,000E+0	1	1100
72,043	0,000	0,000	0,000E+0	0,000E+0	0,000E+0	0,000E+0	0,000E+0	0,000E+0	0,000E+0	0,000E+0	1	1100
73,042	0,000	0,000	0,000E+0	0,000E+0	0,000E+0	0,000E+0	0,000E+0	0,000E+0	0,000E+0	0,000E+0	1	1100
74,043	0,000	0,000	0,000E+0	0,000E+0	0,000E+0	0,000E+0	0,000E+0	0,000E+0	0,000E+0	0,000E+0	1	1100
75,042	0,000	0,000	0,000E+0	0,000E+0	0,000E+0	0,000E+0	0,000E+0	0,000E+0	0,000E+0	0,000E+0	1	1100
76,043	0,000	0,000	0,000E+0	0,000E+0	0,000E+0	0,000E+0	0,000E+0	0,000E+0	0,000E+0	0,000E+0	1	1100
77,043	0,000	0,000	0,000E+0	0,000E+0	0,000E+0	0,000E+0	0,000E+0	0,000E+0	0,000E+0	0,000E+0	1	1100
78,043	0,000	0,000	0,000E+0	0,000E+0	0,000E+0	0,000E+0	0,000E+0	0,000E+0	0,000E+0	0,000E+0	1	1100
79,043	0,000	0,000	0,000E+0	0,000E+0	0,000E+0	0,000E+0	0,000E+0	0,000E+0	0,000E+0	0,000E+0	1	1100
80,042	0,000	0,000	0,000E+0	0,000E+0	0,000E+0	0,000E+0	0,000E+0	0,000E+0	0,000E+0	0,000E+0	1	1100
81,043	0,000	0,000	0,000E+0	0,000E+0	0,000E+0	0,000E+0	0,000E+0	0,000E+0	0,000E+0	0,000E+0	1	1100
82,042	0,000	0,000	0,000E+0	0,000E+0	0,000E+0	0,000E+0	0,000E+0	0,000E+0	0,000E+0	0,000E+0	1	1100
83,043	0,000	0,000	0,000E+0	0,000E+0	0,000E+0	0,000E+0	0,000E+0	0,000E+0	0,000E+0	0,000E+0	1	1100
84,044	0,000	0,000	0,000E+0	0,000E+0	0,000E+0	0,000E+0	0,000E+0	0,000E+0	0,000E+0	0,000E+0	1	1100
85,044	0,000	0,000	0,000E+0	0,000E+0	0,000E+0	0,000E+0	0,000E+0	0,000E+0	0,000E+0	0,000E+0	1	1100
86,044	0,000	0,000	0,000E+0	0,000E+0	0,000E+0	0,000E+0	0,000E+0	0,000E+0	0,000E+0	0,000E+0	1	1100
87,043	0,000	0,000	0,000E+0	0,000E+0	0,000E+0	0,000E+0	0,000E+0	0,000E+0	0,000E+0	0,000E+0	1	1100
88,044	0,000	0,000	0,000E+0	0,000E+0	0,000E+0	0,000E+0	0,000E+0	0,000E+0	0,000E+0	0,000E+0	1	1100
89,045	0,000	0,000	0,000E+0	0,000E+0	0,000E+0	0,000E+0	0,000E+0	0,000E+0	0,000E+0	0,000E+0	1	1100
90,046	0,000	0,000	0,000E+0	0,000E+0	0,000E+0	0,000E+0	0,000E+0	0,000E+0	0,000E+0	0,000E+0	1	1100
91,046	0,000	0,000	0,000E+0	0,000E+0	0,000E+0	0,000E+0	0,000E+0	0,000E+0	0,000E+0	0,000E+0	1	1100
92,046	0,000	0,000	0,000E+0	0,000E+0	0,000E+0	0,000E+0	0,000E+0	0,000E+0	0,000E+0	0,000E+0	1	1100
93,046	0,000	0,000	0,000E+0	0,000E+0	0,000E+0	0,000E+0	0,000E+0	0,000E+0	0,000E+0	0,000E+0	1	1100
94,045	0,000	0,000	0,000E+0	0,000E+0	0,000E+0	0,000E+0	0,000E+0	0,000E+0	0,000E+0	0,000E+0	1	1100
95,047	0,000	0,000	0,000E+0	0,000E+0	0,000E+0	0,000E+0	0,000E+0	0,000E+0	0,000E+0	0,000E+0	1	1100
96,047	0,000	0,000	0,000E+0	0,000E+0	0,000E+0	0,000E+0	0,000E+0	0,000E+0	0,000E+0	0,000E+0	1	1100
97,047	0,000	0,000	0,000E+0	0,000E+0	0,000E+0	0,000E+0	0,000E+0	0,000E+0	0,000E+0	0,000E+0	1	1100
98,048	0,000	0,000	0,000E+0	0,000E+0	0,000E+0	0,000E+0	0,000E+0	0,000E+0	0,000E+0	0,000E+0	1	1100
99,048	0,000	0,000	0,000E+0	0,000E+0	0,000E+0	0,000E+0	0,000E+0	0,000E+0	0,000E+0	0,000E+0	1	1100
100,048	0,000	0,000	0,000E+0	0,000E+0	0,000E+0	0,000E+0	0,000E+0	0,000E+0	0,000E+0	0,000E+0	1	1100
101,048	0,000	0,000	0,000E+0	0,000E+0	0,000E+0	0,000E+0	0,000E+0	0,000E+0	0,000E+0	0,000E+0	1	1100
102,049	0,000	0,000	0,000E+0	0,000E+0	0,000E+0	0,000E+0	0,000E+0	0,000E+0	0,000E+0	0,000E+0	1	1100
103,049	0,000	0,000	0,000E+0	0,000E+0	0,000E+0	0,000E+0	0,000E+0	0,000E+0	0,000E+0	0,000E+0	1	1100
104,049	0,000	0,000	0,000E+0	0,000E+0	0,000E+0	0,000E+0	0,000E+0	0,000E+0	0,000E+0	0,000E+0	1	1100
105,049	0,000	0,000	0,000E+0	0,000E+0	0,000E+0	0,000E+0	0,000E+0	0,000E+0	0,000E+0	0,000E+0	1	1100
106,048	0,000	0,000	0,000E+0	0,000E+0	0,000E+0	0,000E+0	0,000E+0	0,000E+0	0,000E+0	0,000E+0	1	1100
107,049	26,600	25,700	5,230E+1	0,000E+0	1,624E+2	1,623E+2	0,000E+0	2,800E-1	2,779E-1	0,000E+0	1	1100
108,049	32,300	32,400	6,470E+1	0,000E+0	1,644E+2	1,643E+2	0,000E+0	3,404E-1	3,378E-1	0,000E+0	1	1100
109,051	31,800	31,900	6,370E+1	0,000E+0	1,637E+2	1,641E+2	0,000E+0	3,362E-1	3,348E-1	0,000E+0	1	1100
110,051	31,300	31,700	6,300E+1	0,000E+0	1,642E+2	1,641E+2	0,000E+0	3,290E-1	3,307E-1	0,000E+0	1	1100
111,051	33,000	32,200	6,520E+1	0,000E+0	1,642E+2	1,639E+2	0,000E+0	3,489E-1	3,377E-1	0,000E+0	1	1100
112,051	33,300	32,900	6,620E+1	0,000E+0	1,649E+2	1,640E+2	0,000E+0	3,490E-1	3,419E-1	0,000E+0	1	1100
113,051	33,300	32,900	6,620E+1	0,000E+0	1,649E+2	1,640E+2	0,000E+0	3,490E-1	3,419E-1	0,000E+0	1	1100
114,051	33,700	34,500	6,820E+1	0,000E+0	1,645E+2	1,646E+2	0,000E+0	3,556E-1	3,567E-1	0,000E+0	1	1100
115,051	35,200	34,100	6,930E+1	0,000E+0	1,657E+2	1,639E+2	0,000E+0	3,679E-1	3,539E-1	0,000E+0	1	1100
116,052	35,200	35,100	7,030E+1	0,000E+0	1,652E+2	1,650E+2	0,000E+0	3,706E-1	3,630E-1	0,000E+0	1	1100
117,052	34,800	36,000	7,080E+1	0,000E+0	1,649E+2	1,652E+2	0,000E+0	3,693E-1	3,702E-1	0,000E+0	1	1100
118,053	35,400	36,500	7,190E+1	0,000E+0	1,653E+2	1,655E+2	0,000E+0	3,740E-1	3,739E-1	0,000E+0	1	1100
119,053	35,700	37,200	7,290E+1	0,000E+0	1,652E+2	1,654E+2	0,000E+0	3,803E-1	3,824E-1	0,000E+0	1	1100
120,053	37,000	36,400	7,340E+1	0,000E+0	1,664E+2	1,644E+2	0,000E+0	3,873E-1	3,739E-1	0,000E+0	1	1100
121,053	36,500	37,700	7,420E+1	0,000E+0	1,642E+2	1,654E+2	0,000E+0	3,934E-1	3,906E-1	0,000E+0	1	1100
122,052	36,900	38,000	7,490E+1	0,000E+0	1,661E+2	1,654E+2	0,000E+0	3,885E-1	3,874E-1	0,000E+0	1	1100
123,054	37,100	38,400	7,550E+1	0,000E+0	1,653E+2	1,652E+2	0,000E+0	3,961E-1	3,934E-1	0,000E+0	1	1100
124,054	37,100	38,400	7,550E+1	0,000E+0	1,653E+2	1,652E+2	0,000E+0	3,961E-1	3,934E-1	0,000E+0	1	1100
125,056	37,500	39,200	7,670E+1	0,000E+0	1,654E+2	1,656E+2	0,000E+0	4,004E-1	3,988E-1	0,000E+0	1	1100
126,056	37,500	39,200	7,670E+1	0,000E+0	1,654E+2	1,656E+2	0,000E+0	4,004E-1	3,988E-1	0,000E+0	1	1100
127,057	38,000	39,300	7,730E+1	0,000E+0	1,656E+2	1,657E+2	0,000E+0	4,032E-1	3,994E-1	0,000E+0	1	1100
128,057	38,000	39,300	7,730E+1	0,000E+0	1,656E+2	1,657E+2	0,000E+0	4,032E-1	3,994E-1	0,000E+0	1	1100
129,058	38,200	39,500	7,770E+1	0,000E+0	1,659E+2	1,656E+2	0,000E+0	4,054E-1	4,021E-1	0,000E+0	1	1100
130,058	38,200	39,500	7,770E+1	0,000E+0	1,659E+2	1,656E+2	0,000E+0	4,054E-1	4,021E-1	0,000E+0	1	1100
131,058	38,100	39,800	7,790E+1	0,000E+0	1,648E+2	1,656E+2	0,000E+0	4,096E-1	4,076E-1	0,000E+0	1	1100
132,058	38,800	39,300	7,810E+1	0,000E+0	1,660E+2	1,648E+2	0,000E+0	4,123E-1	4,025E-1	0,000E+0	1	1100
133,059	38,500	39,900	7,840E+1	0,000E+0	1,656E+2	1,656E+2	0,000E+0	4,107E-1	4,053E-1	0,000E+0	1	1100
134,059	39,200	39,400	7,860E+1	0,000E+0	1,669E+2	1,652E+2	0,000E+0	4,116E-1	4,037E-1	0,000E+0	1	1100
135,059	38,800	39,700	7,850E+1	0,000E+0	1,660E+2	1,652E+2	0,000E+0	4,116E-1	4,056E-1	0,000E+0	1	1100
136,060	39,000	39,600	7,860E+1	0,000E+0	1,662E+2	1,652E+2	0,000E+0	4,149E-1	4,039E-1	0,000E+0	1	1100
137,060	39,100	39,700	7,880E+1	0,000E+0	1,659E+2	1,651E+2	0,000E+0	4,149E-1	4,057E-1	0,000E+0	1	1100
138,061	39,200	39,900	7,910E+1	0,000E+0	1,660E+2	1,656E+2	0,000E+0	4,166E-1	4,094E-1	0,000E+0	1	1100
139,061	38,600	40,500	7,910E+1	0,000E+0	1,657E+2	1,659E+2	0,000E+0	4,128E-1	4,119E-1	0,000E+0	1	1100
140,062	38,700	40,300	7,900E+1	0,000E+0	1,663E+2	1,657E+2	0,000E+0	4,094E-1	4,076E-1	0,000E+0	1	1100
141,062	38,700	40,300	7,900E+1	0,000E+0	1,663E+2	1,657E+2	0,000E+0	4,094E-1	4,076E-1	0,000E+0	1	1100
142,063	38,600	40,600	7,920E+1	0,000E+0	1,648E+2	1,660E+2	0,000E+0	4,152E-1	4,143E-1	0,000E+0	1	1100
143,063	38,800	40,300	7,910E+1	0,000E+0	1,656E+2	1,656E+2	0,000E+0	4,149E-1	4,118E-1	0,000E+0	1	1100
144,062	39,000	40,300	7,930E+1	0,000E+0	1,661E+2	1,656E+2	0,000E+0	4,134E-1	4,082E-1	0,000E+0	1	1100
145,063	39,000	40,400	7,940E+1	0,000E+0	1,666E+2	1,655E+2	0,000E+0	4,133E-1	4,090E-1	0,000E+0	1	1100
146,064	38,800	40,500	7,930E+1	0,000E+0	1,662E+2	1,657E+2	0,000E+0	4,130E-1	4,095E-1	0,000E+0	1	1100
147,064	39,400	40,500	7,990E+1	0,000E+0	1,658E+2	1,659E+2	0,000E+0	4,208E-1	4,137E-1	0,000E+0	1	1100
148,064	39,400	40,500	7,990E+1	0,000E+0	1,658E+2	1,659E+2	0,000E+0	4,208E-1	4,137E-1	0,000E+0	1	1100
149,065	39,400	40,500	7,990E+1	0,000E+0	1,658E+2	1,659E+2	0,000E+0	4,208E-1	4,137E-1	0,000E+0	1	1100
150,065	38,700	40,500	7,920E+1	0,000E+0	1,656E+2	1,657E+2	0,000E+0	4,161E-1	4,131E-1	0,000E+0	1	1100
151,064	38,700	40,500	7,920E+1	0,000E+0	1,656E+2	1,657E+2	0,000E+0	4,161E-1	4,131E-1	0,000E+0	1	1100
152,066	38,700	40,500	7,920E+1	0,000E+0	1,656E+2	1,657E+2	0,000E+0	4,161E-1	4,131E-1	0,000E+0	1	1100
153,066	38,700	40,500	7,920E+1	0,000E+0	1,656E+2	1,657E+2	0,000E+0	4,161E-1	4,131E-1	0,000E+0	1	1100
154,067	39,100	40,000	7,910E+1	0,000E+0	1,659E+2	1,656E+2	0,000E+0	4,175E-1	4,085E-1	0,000E+0	1	1100
155,067	39,100	40,000	7,910E+1	0,000E+0	1,659E+2	1,656E+2	0,000E+0	4,175E-1	4,085E-1	0,000E+0	1	1100
156,066	39,100	40,000	7,910E+1	0,000E+0	1,659E+2	1,656E+2	0,000E+0	4,175E-1	4,085E-1	0,000E+0	1	1100
157,067	38,700	40,400	7,910E+1	0,000E+0	1,659E+2	1,659E+2	0,000E+0	4,138E-1	4,108E-1	0,000E+0	1	1100
158,066	38,700	40,400	7,910E+1	0,000E+0	1,659E+2	1,659E+2	0,000E+0	4,138E-1	4,108E-1	0,000E+0	1	1100
159,067	39,600	39,800	7,940E+1	0,000E+0	1,665E+2	1,650E+2	0,000E+0	4,187E-1	4,064E-1	0,000E+0	1	1100
160,067	38,900	40,300	7,920E+1	0,000E+0	1,662E+2	1,655E+2	0,000E+0	4,126E-1	4,081E-1	0,000E+0	2	1100
161,068	38,700	40,600	7,930E+1	0,000E+0	1,653E+2	1,660E+2	0,000E+0	4,135E-1	4,128E-1	0,000E+0	2	1100
162,068	38,800	40,300	7,910E+1	0,000E+0	1,654E+2	1,657E+2	0,000E+0	4,175E-1	4,131E-1	0,000E+0	2	1100
163,068	39,000	40,200	7,920E+1	0,000E+0	1,659E+2	1,655E+2	0,000E+0	4,167E-1	4,102E-1	0,000E+0	2	1100
164,070	39,000	40,200	7,920E+1	0,000E+0	1,659E+2	1,655E+2	0,000E+0	4,167E-1	4,102E-1	0,000E+0	2	1100
165,070	39,000	40,200	7,920E+1	0,000E+0	1,659E+2	1,655E+2	0,000E+0	4,167E-1	4,102E-1	0,000E+0	2	1100
166,071	39,000	40,200	7,920E+1	0,000E+0	1,659E+2	1,655E+2	0,000E+0	4,167E-1	4,102E-1	0,000E+0	2	1100
167,071	39,000	40,200	7,920E+1	0,000E+0	1,659E+2	1,655E+2	0,000E+0	4,167E-1	4,102E-1	0,000E+0	2	1100
168,071	39,300	40,100	7,940E+1	0,000E+0	1,670E+2	1,654E+2	0,000E+0	4,141E-1	4,049E-1	0,000E+0	2	1100
169,071	39,300	40,100	7,940E+1	0,000E+0	1,670E+2	1,654E+2	0,000E+0	4,141E-1	4,049E-1	0,000E+0	2	1100
170,072	39,300	40,100	7,940E+1	0,000E+0	1,670E+2	1,654E+2	0,000E+0	4,141E-1	4,049E-1	0,000E+0	2	1100
171,072	39,300	40,400	7,970E+1	0,000E+0	1,661E+2	1,654E+2	0,000E+0	4,182E-1	4,117E-1	0,000E+0	2	1100
172,072	39,300	40,400	7,970E+1	0,000E+0	1,661E+2	1,654E+2	0,000E+0	4,182E-1	4,117E-1	0,000E+0	2	1100
173,073	38,700	40,800	7,950E+1	0,000E+0	1,661E+2	1,661E+2	0,000E+0	4,130E-1	4,120E-1	0,000E+0	2	1100
174,073	38,700	40,800	7,950E+1	0,000E+0	1,661E+2	1,661E+2	0,000E+0	4,130E-1	4,120E-1	0,000E+0	2	1100
175,073	38,400	41,100	7,950E+1	0,000E+0	1,658E+2	1,666E+2	0,000E+0	4,110E-1	4,159E-1	0,000E+0	2	1100
176,073	38,400	41,100	7,950E+1	0,000E+0	1,658E+2	1,666E+2	0,000E+0	4,110E-1	4,159E-1	0,000E+0	3	1100
177,073	38,900	40,500	7,940E+1	0,000E+0	1,661E+2	1,659E+2	0,000E+0	4,147E-1	4,110E-1	0,000E+0	3	1100
178,073	38,900	40,700	7,960E+1	0,000E+0	1,653E+2	1,659E+2	0,000E+0	4,175E-1	4,149E-1	0,000E+0	3	1100
179,072	39,100	40,400	7,950E+1	0,000E+0	1,657E+2	1,656E+2	0,000E+0	4,167E-1	4,111E-1	0,000E+0	3	1100
180,072	39,100	40,400	7,950E+1	0,000E+0	1,657E+2	1,656E+2	0,000E+0	4,167E-1	4,111E-1	0,000E+0	3	1100
181,074	39,100	40,400	7,950E+1	0,000E+0	1,657E+2	1,656E+2	0,000E+0	4,167E-1	4,111E-1	0,000E+0	3	1100
182,075	39,100	40,400	7,950E+1	0,000E+0	1,657E+2	1,656E+2	0,000E+0	4,167E-1	4,111E-1	0,000E+0	3	1100
183,075	39,100	40,400	7,950E+1	0,000E+0	1,657E+2	1,656E+2	0,000E+0	4,167E-1	4,111E-1	0,000E+0	3	1100
184,076	38,700	40,900	7,960E+1	0,000E+0	1,661E+2	1,659E+2	0,000E+0	4,119E-1	4,125E-1	0,000E+0	3	1100
185,075	38,700	40,900	7,960E+1	0,000E+0	1,661E+2	1,659E+2	0,000E+0	4,119E-1	4,125E-1	0,000E+0	3	1100
186,076	38,700	40,900	7,960E+1	0,000E+0	1,661E+2	1,659E+2	0,000E+0	4,119E-1	4,125E-1	0,000E+0	3	1100
187,075	38,700	40,900	7,960E+1	0,000E+0	1,661E+2	1,659E+2	0,000E+0	4,119E-1	4,125E-1	0,000E+0	3	1100
188,077	39,000	40,500	7,950E+1	0,000E+0	1,652E+2	1,658E+2	0,000E+0	4,192E-1	4,144E-1	0,000E+0	3	1100
189,077	39,100	40,400	7,950E+1	0,000E+0	1,658E+2	1,656E+2	0,000E+0	4,169E-1	4,112E-1	0,000E+0	3	1100
190,077	39,100	40,400	7,950E+1	0,000E+0	1,658E+2	1,656E+2	0,000E+0	4,169E-1	4,112E-1	0,000E+0	3	1100
191,077	39,300	40,000	7,930E+1	0,000E+0	1,668E+2	1,654E+2	0,000E+0	4,157E-1	4,049E-1	0,000E+0	3	1100
192,076	39,300	40,600	7,990E+1	0,000E+0	1,664E+2	1,657E+2	0,000E+0	4,172E-1	4,111E-1	0,000E+0	3	1100
193,077	39,100	40,500	7,960E+1	0,000E+0	1,660E+2	1,657E+2	0,000E+0	4,163E-1	4,120E-1	0,000E+0	3	1100
194,077	39,400	39,900	7,930E+1	0,000E+0	1,663E+2	1,648E+2	0,000E+0	4,182E-1	4,067E-1	0,000E+0	4	1100
195,078	38,700	40,800	7,950E+1	0,000E+0	1,657E+2	1,661E+2	0,000E+0	4,141E-1	4,124E-1	0,000E+0	4	1100
196,078	39,300	40,600	7,990E+1	0,000E+0	1,658E+2	1,658E+2	0,000E+0	4,188E-1	4,131E-1	0,000E+0	4	1100
197,079	39,700	40,000	7,970E+1	0,000E+0	1,667E+2	1,651E+2	0,000E+0	4,193E-1	4,068E-1	0,000E+0	4	1100
198,079	39,700	40,000	7,970E+1	0,000E+0	1,667E+2	1,651E+2	0,000E+0	4,193E-1	4,068E-1	0,000E+0	4	1100
199,078	39,700	40,000	7,970E+1	0,000E+0	1,667E+2	1,651E+2	0,000E+0	4,193E-1	4,068E-1	0,000E+0	4	1100
200,079	39,700	40,000	7,970E+1	0,000E+0	1,667E+2	1,651E+2	0,000E+0	4,193E-1	4,068E-1	0,000E+0	4	1100
201,080	39,500	40,400	7,990E+1	0,000E+0	1,667E+2	1,654E+2	0,000E+0	4,186E-1	4,100E-1	0,000E+0	4	1100
202,080	39,500	40,400	7,990E+1	0,000E+0	1,667E+2	1,654E+2	0,000E+0	4,186E-1	4,100E-1	0,000E+0	4	1100
203,081	39,500	40,400	7,990E+1	0,000E+0	1,667E+2	1,654E+2	0,000E+0	4,186E-1	4,100E-1	0,000E+0	4	1100
204,081	39,100	40,700	7,980E+1	0,000E+0	1,659E+2	1,659E+2	0,000E+0	4,160E-1	4,134E-1	0,000E+0	4	1100
205,081	39,100	40,700	7,980E+1	0,000E+0	1,659E+2	1,659E+2	0,000E+0	4,160E-1	4,134E-1	0,000E+0	4	1100
206,080	39,100	40,700	7,980E+1	0,000E+0	1,659E+2	1,659E+2	0,000E+0	4,160E-1	4,134E-1	0,000E+0	4	1100
207,081	39,100	40,700	7,980E+1	0,000E+0	1,659E+2	1,659E+2	0,000E+0	4,160E-1	4,134E-1	0,000E+0	4	1100
208,082	39,000	40,200	7,920E+1	0,000E+0	1,659E+2	1,658E+2	0,000E+0	4,160E-1	4,109E-1	0,000E+0	4	1100
209,082	38,900	40,700	7,960E+1	0,000E+0	1,660E+2	1,662E+2	0,000E+0	4,143E-1	4,126E-1	0,000E+0	4	1100
210,082	39,400	40,300	7,970E+1	0,000E+0	1,664E+2	1,656E+2	0,000E+0	4,200E-1	4,122E-1	0,000E+0	4	1100
211,082	39,400	40,300	7,970E+1	0,000E+0	1,664E+2	1,656E+2	0,000E+0	4,200E-1	4,122E-1	0,000E+0	5	1100
212,082	38,900	40,700	7,960E+1	0,000E+0	1,663E+2	1,662E+2	0,000E+0	4,131E-1	4,114E-1	0,000E+0	5	1100
213,082	39,300	40,300	7,960E+1	0,000E+0	1,662E+2	1,653E+2	0,000E+0	4,196E-1	4,100E-1	0,000E+0	5	1100
214,083	39,200	40,700	7,990E+1	0,000E+0	1,660E+2	1,659E+2	0,000E+0	4,193E-1	4,148E-1	0,000E+0	5	1100
215,083	39,100	40,800	7,990E+1	0,000E+0	1,662E+2	1,656E+2	0,000E+0	4,160E-1	4,135E-1	0,000E+0	5	1100
216,083	39,100	40,800	7,990E+1	0,000E+0	1,662E+2	1,656E+2	0,000E+0	4,160E-1	4,135E-1	0,000E+0	5	1100
217,084	39,100	40,800	7,990E+1	0,000E+0	1,662E+2	1,656E+2	0,000E+0	4,160E-1	4,135E-1	0,000E+0	5	1100
218,085	39,100	40,800	7,990E+1	0,000E+0	1,662E+2	1,656E+2	0,000E+0	4,160E-1	4,135E-1	0,000E+0	5	1100
219,085	39,200	40,600	7,980E+1	0,000E+0	1,658E+2	1,657E+2	0,000E+0	4,197E-1	4,134E-1	0,000E+0	5	1100
220,084	39,200	40,600	7,980E+1	0,000E+0	1,658E+2	1,657E+2	0,000E+0	4,197E-1	4,134E-1	0,000E+0	5	1100
221,085	39,200	40,600	7,980E+1	0,000E+0	1,658E+2	1,657E+2	0,000E+0	4,197E-1	4,134E-1	0,000E+0	5	1100
222,086	39,200	40,600	7,980E+1	0,000E+0	1,658E+2	1,657E+2	0,000E+0	4,197E-1	4,134E-1	0,000E+0	5	1100
223,086	38,600	41,100	7,970E+1	0,000E+0	1,651E+2	1,665E+2	0,000E+0	4,150E-1	4,175E-1	0,000E+0	5	1100
224,086	38,600	41,100	7,970E+1	0,000E+0	1,651E+2	1,665E+2	0,000E+0	4,150E-1	4,175E-1	0,000E+0	5	1100
225,086	39,500	40,100	7,960E+1	0,000E+0	1,668E+2	1,656E+2	0,000E+0	4,162E-1	4,107E-1	0,000E+0	5	1100
226,087	39,800	40,100	7,990E+1	0,000E+0	1,664E+2	1,654E+2	0,000E+0	4,225E-1	4,105E-1	0,000E+0	5	1100
227,086	39,400	40,500	7,990E+1	0,000E+0	1,666E+2	1,657E+2	0,000E+0	4,181E-1	4,112E-1	0,000E+0	6	1100
228,087	39,700	40,200	7,990E+1	0,000E+0	1,661E+2	1,653E+2	0,000E+0	4,219E-1	4,111E-1	0,000E+0	6	1100
229,087	39,800	39,900	7,970E+1	0,000E+0	1,670E+2	1,650E+2	0,000E+0	4,201E-1	4,070E-1	0,000E+0	6	1100
230,087	39,300	40,600	7,990E+1	0,000E+0	1,661E+2	1,658E+2	0,000E+0	4,190E-1	4,125E-1	0,000E+0	6	1100
231,087	39,300	40,600	7,990E+1	0,000E+0	1,661E+2	1,658E+2	0,000E+0	4,190E-1	4,125E-1	0,000E+0	6	1100
232,086	39,300	40,600	7,990E+1	0,000E+0	1,661E+2	1,658E+2	0,000E+0	4,190E-1	4,125E-1	0,000E+0	6	1100
233,087	39,300	40,600	7,990E+1	0,000E+0	1,661E+2	1,658E+2	0,000E+0	4,190E-1	4,125E-1	0,000E+0	6	1100
234,087	39,300	40,600	7,990E+1	0,000E+0	1,661E+2	1,658E+2	0,000E+0	4,190E-1	4,125E-1	0,000E+0	6	1100
235,087	38,400	41,400	7,980E+1	0,000E+0	1,654E+2	1,668E+2	0,000E+0	4,129E-1	4,191E-1	0,000E+0	6	1100
236,086	38,400	41,400	7,980E+1	0,000E+0	1,654E+2	1,668E+2	0,000E+0	4,129E-1	4,191E-1	0,000E+0	6	1100
237,087	38,400	41,400	7,980E+1	0,000E+0	1,654E+2	1,668E+2	0,000E+0	4,129E-1	4,191E-1	0,000E+0	6	1100
238,087	38,400	41,400	7,980E+1	0,000E+0	1,654E+2	1,668E+2	0,000E+0	4,129E-1	4,191E-1	0,000E+0	6	1100
239,087	39,200	40,700	7,990E+1	0,000E+0	1,653E+2	1,658E+2	0,000E+0	4,214E-1	4,157E-1	0,000E+0	6	1100
240,087	39,200	40,700	7,990E+1	0,000E+0	1,653E+2	1,658E+2	0,000E+0	4,214E-1	4,157E-1	0,000E+0	6	1100
241,088	39,900	40,100	8,000E+1	0,000E+0	1,671E+2	1,651E+2	0,000E+0	4,204E-1	4,075E-1	0,000E+0	6	1100
242,088	39,900	40,100	8,000E+1	0,000E+0	1,671E+2	1,651E+2	0,000E+0	4,204E-1	4,075E-1	0,000E+0	6	1100
243,087	39,200	40,800	8,000E+1	0,000E+0	1,662E+2	1,659E+2	0,000E+0	4,177E-1	4,138E-1	0,000E+0	6	1100
244,088	39,000	40,800	7,980E+1	0,000E+0	1,663E+2	1,660E+2	0,000E+0	4,145E-1	4,134E-1	0,000E+0	6	1100
245,088	39,300	40,300	7,960E+1	0,000E+0	1,666E+2	1,655E+2	0,000E+0	4,163E-1	4,078E-1	0,000E+0	6	1100
246,089	39,000	40,900	7,990E+1	0,000E+0	1,656E+2	1,658E+2	0,000E+0	4,175E-1	4,156E-1	0,000E+0	6	1100
247,090	39,400	40,500	7,990E+1	0,000E+0	1,666E+2	1,657E+2	0,000E+0	4,170E-1	4,099E-1	0,000E+0	7	1100
248,090	39,400	40,500	7,990E+1	0,000E+0	1,666E+2	1,657E+2	0,000E+0	4,170E-1	4,099E-1	0,000E+0	7	1100
249,090	39,000	41,000	8,000E+1	0,000E+0	1,659E+2	1,661E+2	0,000E+0	4,157E-1	4,136E-1	0,000E+0	7	1100
250,090	39,000	40,800	7,980E+1	0,000E+0	1,657E+2	1,659E+2	0,000E+0	4,161E-1	4,160E-1	0,000E+0	7	1100
251,091	39,800	40,100	7,990E+1	0,000E+0	1,662E+2	1,652E+2	0,000E+0	4,228E-1	4,098E-1	0,000E+0	7	1100
252,092	39,800	40,100	7,990E+1	0,000E+0	1,662E+2	1,652E+2	0,000E+0	4,228E-1	4,098E-1	0,000E+0	7	1100
253,092	39,800	40,100	7,990E+1	0,000E+0	1,662E+2	1,652E+2	0,000E+0	4,228E-1	4,098E-1	0,000E+0	7	1100
254,091	39,800	40,100	7,990E+1	0,000E+0	1,662E+2	1,652E+2	0,000E+0	4,228E-1	4,098E-1	0,000E+0	7	1100
255,093	39,800	40,100	7,990E+1	0,000E+0	1,662E+2	1,652E+2	0,000E+0	4,228E-1	4,098E-1	0,000E+0	7	1100
256,093	39,600	40,500	8,010E+1	0,000E+0	1,662E+2	1,655E+2	0,000E+0	4,210E-1	4,126E-1	0,000E+0	7	1100
257,093	39,600	40,500	8,010E+1	0,000E+0	1,662E+2	1,655E+2	0,000E+0	4,210E-1	4,126E-1	0,000E+0	7	1100
258,093	39,600	40,500	8,010E+1	0,000E+0	1,662E+2	1,655E+2	0,000E+0	4,210E-1	4,126E-1	0,000E+0	7	1100
259,092	39,100	40,700	7,980E+1	0,000E+0	1,661E+2	1,658E+2	0,000E+0	4,165E-1	4,125E-1	0,000E+0	7	1100
260,093	39,100	40,700	7,980E+1	0,000E+0	1,661E+2	1,658E+2	0,000E+0	4,165E-1	4,125E-1	0,000E+0	7	1100
261,093	39,400	40,700	8,010E+1	0,000E+0	1,668E+2	1,656E+2	0,000E+0	4,172E-1	4,111E-1	0,000E+0	7	1100
262,094	39,400	40,700	8,010E+1	0,000E+0	1,668E+2	1,656E+2	0,000E+0	4,172E-1	4,111E-1	0,000E+0	7	1100
263,095	39,600	40,500	8,010E+1	0,000E+0	1,669E+2	1,654E+2	0,000E+0	4,196E-1	4,092E-1	0,000E+0	7	1100
264,096	39,600	40,500	8,010E+1	0,000E+0	1,669E+2	1,654E+2	0,000E+0	4,196E-1	4,092E-1	0,000E+0	7	1100
265,096	39,000	41,200	8,020E+1	0,000E+0	1,662E+2	1,662E+2	0,000E+0	4,152E-1	4,162E-1	0,000E+0	7	1100
266,095	38,900	40,800	7,970E+1	0,000E+0	1,663E+2	1,662E+2	0,000E+0	4,158E-1	4,132E-1	0,000E+0	7	1100
267,096	39,400	40,600	8,000E+1	0,000E+0	1,660E+2	1,659E+2	0,000E+0	4,211E-1	4,146E-1	0,000E+0	7	1100
268,096	39,200	40,400	7,960E+1	0,000E+0	1,661E+2	1,656E+2	0,000E+0	4,180E-1	4,117E-1	0,000E+0	7	1100
269,096	39,300	40,900	8,020E+1	0,000E+0	1,659E+2	1,660E+2	0,000E+0	4,215E-1	4,166E-1	0,000E+0	7	1100
270,096	38,900	40,900	7,980E+1	0,000E+0	1,657E+2	1,661E+2	0,000E+0	4,174E-1	4,158E-1	0,000E+0	7	1100
271,096	39,200	40,700	7,990E+1	0,000E+0	1,661E+2	1,658E+2	0,000E+0	4,185E-1	4,139E-1	0,000E+0	7	1100
272,097	39,400	40,500	7,990E+1	0,000E+0	1,663E+2	1,656E+2	0,000E+0	4,204E-1	4,128E-1	0,000E+0	7	1100
273,097	39,600	40,400	8,000E+1	0,000E+0	1,669E+2	1,656E+2	0,000E+0	4,184E-1	4,089E-1	0,000E+0	7	1100
274,098	39,400	40,200	7,960E+1	0,000E+0	1,663E+2	1,656E+2	0,000E+0	4,195E-1	4,092E-1	0,000E+0	7	1100
275,098	39,400	40,200	7,960E+1	0,000E+0	1,663E+2	1,656E+2	0,000E+0	4,195E-1	4,092E-1	0,000E+0	7	1100
276,098	39,500	40,600	8,010E+1	0,000E+0	1,664E+2	1,659E+2	0,000E+0	4,192E-1	4,122E-1	0,000E+0	7	1100
277,098	38,900	40,700	7,960E+1	0,000E+0	1,657E+2	1,662E+2	0,000E+0	4,162E-1	4,138E-1	0,000E+0	7	1100
278,099	38,900	41,200	8,010E+1	0,000E+0	1,661E+2	1,663E+2	0,000E+0	4,135E-1	4,159E-1	0,000E+0	7	1100
279,099	38,900	41,200	8,010E+1	0,000E+0	1,661E+2	1,663E+2	0,000E+0	4,135E-1	4,159E-1	0,000E+0	7	1100
280,098	39,400	40,500	7,990E+1	0,000E+0	1,661E+2	1,656E+2	0,000E+0	4,212E-1	4,140E-1	0,000E+0	7	1101
281,099	39,200	40,800	8,000E+1	0,000E+0	1,661E+2	1,662E+2	0,000E+0	4,180E-1	4,143E-1	0,000E+0	7	1101
282,098	39,500	40,400	7,990E+1	0,000E+0	1,662E+2	1,657E+2	0,000E+0	4,200E-1	4,111E-1	0,000E+0	7	1101
283,100	39,700	40,200	7,990E+1	0,000E+0	1,668E+2	1,658E+2	0,000E+0	4,194E-1	4,076E-1	0,000E+0	7	1101
284,100	39,500	40,700	8,020E+1	0,000E+0	1,661E+2	1,660E+2	0,000E+0	4,220E-1	4,146E-1	0,000E+0	7	1101
285,100	39,600	40,300	7,990E+1	0,000E+0	1,671E+2	1,656E+2	0,000E+0	4,186E-1	4,105E-1	0,000E+0	7	1101
286,100	39,600	40,300	7,990E+1	0,000E+0	1,671E+2	1,656E+2	0,000E+0	4,186E-1	4,105E-1	0,000E+0	7	1101
287,100	39,600	40,400	8,000E+1	0,000E+0	1,666E+2	1,656E+2	0,000E+0	4,204E-1	4,116E-1	0,000E+0	7	1101
288,102	39,200	40,800	8,000E+1	0,000E+0	1,663E+2	1,659E+2	0,000E+0	4,174E-1	4,135E-1	0,000E+0	7	1101
289,101	39,400	40,500	7,990E+1	0,000E+0	1,667E+2	1,659E+2	0,000E+0	4,173E-1	4,100E-1	0,000E+0	7	1101
290,103	39,000	40,900	7,990E+1	0,000E+0	1,661E+2	1,661E+2	0,000E+0	4,163E-1	4,149E-1	0,000E+0	7	1101
291,103	39,000	40,900	7,990E+1	0,000E+0	1,661E+2	1,661E+2	0,000E+0	4,163E-1	4,149E-1	0,000E+0	7	1101
292,103	39,000	40,900	7,990E+1	0,000E+0	1,661E+2	1,661E+2	0,000E+0	4,163E-1	4,149E-1	0,000E+0	7	1101
293,103	39,500	40,600	8,010E+1	0,000E+0	1,667E+2	1,660E+2	0,000E+0	4,205E-1	4,122E-1	0,000E+0	7	1101
294,103	39,500	40,600	8,010E+1	0,000E+0	1,667E+2	1,660E+2	0,000E+0	4,205E-1	4,122E-1	0,000E+0	7	1101
295,105	39,500	40,600	8,010E+1	0,000E+0	1,667E+2	1,660E+2	0,000E+0	4,205E-1	4,122E-1	0,000E+0	7	1101
296,105	39,500	40,600	8,010E+1	0,000E+0	1,667E+2	1,660E+2	0,000E+0	4,205E-1	4,122E-1	0,000E+0	7	1101
297,105	39,400	40,600	8,000E+1	0,000E+0	1,662E+2	1,659E+2	0,000E+0	4,206E-1	4,140E-1	0,000E+0	7	1101
298,106	39,700	40,300	8,000E+1	0,000E+0	1,673E+2	1,658E+2	0,000E+0	4,210E-1	4,098E-1	0,000E+0	7	1101
299,105	39,700	40,300	8,000E+1	0,000E+0	1,673E+2	1,658E+2	0,000E+0	4,210E-1	4,098E-1	0,000E+0	7	1101
300,107	39,700	40,300	8,000E+1	0,000E+0	1,673E+2	1,658E+2	0,000E+0	4,210E-1	4,098E-1	0,000E+0	7	1101
301,106	39,700	40,300	8,000E+1	0,000E+0	1,673E+2	1,658E+2	0,000E+0	4,210E-1	4,098E-1	0,000E+0	7	1101
302,107	39,600	40,100	7,970E+1	0,000E+0	1,672E+2	1,655E+2	0,000E+0	4,187E-1	4,078E-1	0,000E+0	7	1101
303,107	39,200	40,800	8,000E+1	0,000E+0	1,663E+2	1,659E+2	0,000E+0	4,176E-1	4,144E-1	0,000E+0	7	1101
304,107	39,200	40,800	8,000E+1	0,000E+0	1,663E+2	1,659E+2	0,000E+0	4,176E-1	4,144E-1	0,000E+0	7	1101
305,107	38,900	41,000	7,990E+1	0,000E+0	1,660E+2	1,663E+2	0,000E+0	4,153E-1	4,156E-1	0,000E+0	7	1101
306,107	39,300	40,700	8,000E+1	0,000E+0	1,659E+2	1,661E+2	0,000E+0	4,186E-1	4,142E-1	0,000E+0	7	1101
307,107	39,300	40,700	8,000E+1	0,000E+0	1,659E+2	1,661E+2	0,000E+0	4,186E-1	4,142E-1	0,000E+0	6	1101
308,106	40,200	40,000	8,020E+1	0,000E+0	1,672E+2	1,649E+2	0,000E+0	4,225E-1	4,070E-1	0,000E+0	6	1101
309,107	39,600	40,200	7,980E+1	0,000E+0	1,667E+2	1,654E+2	0,000E+0	4,187E-1	4,081E-1	0,000E+0	6	1101
310,108	39,500	40,500	8,000E+1	0,000E+0	1,661E+2	1,657E+2	0,000E+0	4,216E-1	4,127E-1	0,000E+0	6	1101
311,108	39,500	40,500	8,000E+1	0,000E+0	1,661E+2	1,657E+2	0,000E+0	4,216E-1	4,127E-1	0,000E+0	6	1101
312,108	39,500	40,500	8,000E+1	0,000E+0	1,661E+2	1,657E+2	0,000E+0	4,216E-1	4,127E-1	0,000E+0	6	1101
313,108	39,500	40,500	8,000E+1	0,000E+0	1,661E+2	1,657E+2	0,000E+0	4,216E-1	4,127E-1	0,000E+0	6	1101
314,108	39,500	40,500	8,000E+1	0,000E+0	1,661E+2	1,657E+2	0,000E+0	4,216E-1	4,127E-1	0,000E+0	6	1101
315,107	39,200	40,700	7,990E+1	0,000E+0	1,663E+2	1,661E+2	0,000E+0	4,155E-1	4,131E-1	0,000E+0	6	1101
316,108	39,200	40,700	7,990E+1	0,000E+0	1,663E+2	1,661E+2	0,000E+0	4,155E-1	4,131E-1	0,000E+0	6	1101
317,108	39,200	40,700	7,990E+1	0,000E+0	1,663E+2	1,661E+2	0,000E+0	4,155E-1	4,131E-1	0,000E+0	6	1101
318,108	39,200	40,700	7,990E+1	0,000E+0	1,663E+2	1,661E+2	0,000E+0	4,155E-1	4,131E-1	0,000E+0	6	1101
319,108	39,800	40,100	7,990E+1	0,000E+0	1,672E+2	1,650E+2	0,000E+0	4,196E-1	4,060E-1	0,000E+0	6	1101
320,108	39,800	40,100	7,990E+1	0,000E+0	1,672E+2	1,650E+2	0,000E+0	4,196E-1	4,060E-1	0,000E+0	6	1101
321,108	39,000	40,800	7,980E+1	0,000E+0	1,656E+2	1,662E+2	0,000E+0	4,199E-1	4,123E-1	0,000E+0	6	1101
322,108	39,000	40,800	7,980E+1	0,000E+0	1,656E+2	1,662E+2	0,000E+0	4,199E-1	4,123E-1	0,000E+0	6	1101
323,108	39,500	40,500	8,000E+1	0,000E+0	1,663E+2	1,658E+2	0,000E+0	4,206E-1	4,123E-1	0,000E+0	6	1101
324,108	40,100	40,000	8,010E+1	0,000E+0	1,672E+2	1,649E+2	0,000E+0	4,193E-1	4,116E-1	0,000E+0	6	1101
325,108	39,900	40,100	8,000E+1	0,000E+0	1,671E+2	1,647E+2	0,000E+0	4,196E-1	4,097E-1	0,000E+0	6	1101
326,109	39,100	40,800	7,990E+1	0,000E+0	1,653E+2	1,661E+2	0,000E+0	4,199E-1	4,164E-1	0,000E+0	5	1101
327,108	39,000	41,100	8,010E+1	0,000E+0	1,661E+2	1,660E+2	0,000E+0	4,165E-1	4,168E-1	0,000E+0	5	1101
328,109	39,400	40,500	7,990E+1	0,000E+0	1,669E+2	1,659E+2	0,000E+0	4,181E-1	4,102E-1	0,000E+0	5	1101
329,108	39,400	40,500	7,990E+1	0,000E+0	1,669E+2	1,659E+2	0,000E+0	4,181E-1	4,102E-1	0,000E+0	5	1101
330,109	39,200	40,600	7,980E+1	0,000E+0	1,662E+2	1,658E+2	0,000E+0	4,167E-1	4,135E-1	0,000E+0	5	1101
331,109	39,200	40,600	7,980E+1	0,000E+0	1,662E+2	1,658E+2	0,000E+0	4,167E-1	4,135E-1	0,000E+0	5	1101
332,110	39,200	40,600	7,980E+1	0,000E+0	1,662E+2	1,658E+2	0,000E+0	4,167E-1	4,135E-1	0,000E+0	5	1101
333,110	39,600	40,400	8,000E+1	0,000E+0	1,663E+2	1,658E+2	0,000E+0	4,204E-1	4,125E-1	0,000E+0	5	1101
334,110	39,600	40,400	8,000E+1	0,000E+0	1,663E+2	1,658E+2	0,000E+0	4,204E-1	4,125E-1	0,000E+0	5	1101
335,110	39,600	40,400	8,000E+1	0,000E+0	1,663E+2	1,658E+2	0,000E+0	4,204E-1	4,125E-1	0,000E+0	5	1101
336,109	39,200	40,900	8,010E+1	0,000E+0	1,662E+2	1,661E+2	0,000E+0	4,192E-1	4,127E-1	0,000E+0	5	1101
337,110	39,200	40,900	8,010E+1	0,000E+0	1,662E+2	1,661E+2	0,000E+0	4,192E-1	4,127E-1	0,000E+0	5	1101
338,110	39,200	40,900	8,010E+1	0,000E+0	1,662E+2	1,661E+2	0,000E+0	4,192E-1	4,127E-1	0,000E+0	5	1101
339,111	39,200	40,900	8,010E+1	0,000E+0	1,662E+2	1,661E+2	0,000E+0	4,192E-1	4,127E-1	0,000E+0	5	1101
340,111	38,900	41,100	8,000E+1	0,000E+0	1,652E+2	1,665E+2	0,000E+0	4,178E-1	4,173E-1	0,000E+0	5	1101
341,111	38,900	41,100	8,000E+1	0,000E+0	1,652E+2	1,665E+2	0,000E+0	4,178E-1	4,173E-1	0,000E+0	5	1101
342,111	39,400	40,500	7,990E+1	0,000E+0	1,664E+2	1,656E+2	0,000E+0	4,221E-1	4,075E-1	0,000E+0	4	1101
343,112	39,400	40,500	7,990E+1	0,000E+0	1,664E+2	1,656E+2	0,000E+0	4,221E-1	4,075E-1	0,000E+0	4	1101
344,112	39,800	40,400	8,020E+1	0,000E+0	1,670E+2	1,654E+2	0,000E+0	4,206E-1	4,099E-1	0,000E+0	4	1101
345,113	39,400	40,600	8,000E+1	0,000E+0	1,656E+2	1,660E+2	0,000E+0	4,216E-1	4,154E-1	0,000E+0	4	1101
346,113	39,600	40,200	7,980E+1	0,000E+0	1,669E+2	1,654E+2	0,000E+0	4,188E-1	4,091E-1	0,000E+0	4	1101
347,114	39,600	40,200	7,980E+1	0,000E+0	1,669E+2	1,654E+2	0,000E+0	4,188E-1	4,091E-1	0,000E+0	4	1101
348,113	39,600	40,200	7,980E+1	0,000E+0	1,669E+2	1,654E+2	0,000E+0	4,188E-1	4,091E-1	0,000E+0	4	1101
349,113	39,000	40,800	7,980E+1	0,000E+0	1,660E+2	1,660E+2	0,000E+0	4,169E-1	4,156E-1	0,000E+0	4	1101
350,114	39,000	40,800	7,980E+1	0,000E+0	1,660E+2	1,660E+2	0,000E+0	4,169E-1	4,156E-1	0,000E+0	4	1101
351,114	39,000	40,800	7,980E+1	0,000E+0	1,660E+2	1,660E+2	0,000E+0	4,169E-1	4,156E-1	0,000E+0	4	1101
352,114	39,100	40,700	7,980E+1	0,000E+0	1,661E+2	1,660E+2	0,000E+0	4,184E-1	4,134E-1	0,000E+0	4	1101
353,114	39,100	40,700	7,980E+1	0,000E+0	1,661E+2	1,660E+2	0,000E+0	4,184E-1	4,134E-1	0,000E+0	4	1101
354,113	39,100	40,700	7,980E+1	0,000E+0	1,661E+2	1,660E+2	0,000E+0	4,184E-1	4,134E-1	0,000E+0	4	1101
355,115	39,100	40,700	7,980E+1	0,000E+0	1,661E+2	1,660E+2	0,000E+0	4,184E-1	4,134E-1	0,000E+0	4	1101
356,115	39,300	40,700	8,000E+1	0,000E+0	1,663E+2	1,661E+2	0,000E+0	4,176E-1	4,128E-1	0,000E+0	4	1101
357,115	39,000	40,900	7,990E+1	0,000E+0	1,661E+2	1,661E+2	0,000E+0	4,209E-1	4,095E-1	0,000E+0	4	1101
358,115	39,500	40,400	7,990E+1	0,000E+0	1,667E+2	1,657E+2	0,000E+0	4,183E-1	4,109E-1	0,000E+0	3	1101
359,116	39,500	40,400	7,990E+1	0,000E+0	1,667E+2	1,657E+2	0,000E+0	4,183E-1	4,109E-1	0,000E+0	3	1101
360,116	38,600	41,700	8,030E+1	0,000E+0	1,659E+2	1,668E+2	0,000E+0	4,153E-1	4,203E-1	0,000E+0	3	1101
361,115	38,600	41,200	7,980E+1	0,000E+0	1,664E+2	1,668E+2	0,000E+0	4,125E-1	4,140E-1	0,000E+0	3	1101
362,116	38,500	41,400	7,990E+1	0,000E+0	1,659E+2	1,675E+2	0,000E+0	4,160E-1	4,173E-1	0,000E+0	3	1101
363,116	38,500	41,400	7,990E+1	0,000E+0	1,659E+2	1,675E+2	0,000E+0	4,160E-1	4,173E-1	0,000E+0	3	1101
364,117	38,500	41,400	7,990E+1	0,000E+0	1,659E+2	1,675E+2	0,000E+0	4,160E-1	4,173E-1	0,000E+0	3	1101
365,118	38,500	41,400	7,990E+1	0,000E+0	1,659E+2	1,675E+2	0,000E+0	4,160E-1	4,173E-1	0,000E+0	3	1101
366,119	39,700	40,200	7,990E+1	0,000E+0	1,672E+2	1,660E+2	0,000E+0	4,167E-1	4,127E-1	0,000E+0	3	1101
367,119	39,700	40,200	7,990E+1	0,000E+0	1,672E+2	1,660E+2	0,000E+0	4,167E-1	4,127E-1	0,000E+0	3	1101
368,120	39,700	40,200	7,990E+1	0,000E+0	1,672E+2	1,660E+2	0,000E+0	4,167E-1	4,127E-1	0,000E+0	3	1101
369,120	39,700	40,200	7,990E+1	0,000E+0	1,672E+2	1,660E+2	0,000E+0	4,167E-1	4,127E-1	0,000E+0	3	1101
370,121	39,700	40,600	8,030E+1	0,000E+0	1,666E+2	1,656E+2	0,000E+0	4,209E-1	4,119E-1	0,000E+0	3	1101
371,121	39,800	40,000	7,980E+1	0,000E+0	1,669E+2	1,654E+2	0,000E+0	4,197E-1	4,078E-1	0,000E+0	3	1101
372,121	39,800	40,000	7,980E+1	0,000E+0	1,669E+2	1,654E+2	0,000E+0	4,197E-1	4,078E-1	0,000E+0	3	1101
373,121	39,400	40,300	7,970E+1	0,000E+0	1,663E+2	1,657E+2	0,000E+0	4,199E-1	4,117E-1	0,000E+0	3	1101
374,121	39,400	40,300	7,970E+1	0,000E+0	1,663E+2	1,657E+2	0,000E+0	4,199E-1	4,117E-1	0,000E+0	3	1101
375,120	39,200	40,900	8,010E+1	0,000E+0	1,655E+2	1,659E+2	0,000E+0	4,212E-1	4,155E-1	0,000E+0	3	1101
376,121	39,800	40,100	7,990E+1	0,000E+0	1,670E+2	1,653E+2	0,000E+0	4,183E-1	4,086E-1	0,000E+0	3	1101
377,120	39,900	40,100	8,000E+1	0,000E+0	1,671E+2	1,653E+2	0,000E+0	4,217E-1	4,076E-1	0,000E+0	3	1101
378,122	39,600	40,500	8,010E+1	0,000E+0	1,664E+2	1,655E+2	0,000E+0	4,234E-1	4,125E-1	0,000E+0	3	1101
379,123	39,600	40,500	8,010E+1	0,000E+0	1,664E+2	1,655E+2	0,000E+0	4,234E-1	4,125E-1	0,000E+0	3	1101
380,123	39,400	40,300	7,970E+1	0,000E+0	1,663E+2	1,655E+2	0,000E+0	4,176E-1	4,097E-1	0,000E+0	3	1101
381,123	39,400	40,400	7,980E+1	0,000E+0	1,662E+2	1,656E+2	0,000E+0	4,196E-1	4,120E-1	0,000E+0	2	1101
382,122	39,400	40,800	8,020E+1	0,000E+0	1,657E+2	1,659E+2	0,000E+0	4,227E-1	4,169E-1	0,000E+0	2	1101
383,124	39,500	40,600	8,010E+1	0,000E+0	1,663E+2	1,656E+2	0,000E+0	4,198E-1	4,129E-1	0,000E+0	2	1101
384,125	40,100	39,800	7,990E+1	0,000E+0	1,675E+2	1,650E+2	0,000E+0	4,219E-1	4,033E-1	0,000E+0	2	1101
385,125	39,800	40,600	8,040E+1	0,000E+0	1,670E+2	1,656E+2	0,000E+0	4,208E-1	4,120E-1	0,000E+0	2	1101
386,125	39,800	40,600	8,040E+1	0,000E+0	1,670E+2	1,656E+2	0,000E+0	4,208E-1	4,120E-1	0,000E+0	2	1101
387,125	39,800	40,600	8,040E+1	0,000E+0	1,670E+2	1,656E+2	0,000E+0	4,208E-1	4,120E-1	0,000E+0	2	1101
388,126	39,000	40,900	7,990E+1	0,000E+0	1,662E+2	1,663E+2	0,000E+0	4,166E-1	4,149E-1	0,000E+0	2	1101
389,125	39,000	40,900	7,990E+1	0,000E+0	1,662E+2	1,663E+2	0,000E+0	4,166E-1	4,149E-1	0,000E+0	2	1101
390,126	39,000	40,800	7,980E+1	0,000E+0	1,662E+2	1,663E+2	0,000E+0	4,163E-1	4,129E-1	0,000E+0	2	1101
391,126	39,000	40,800	7,980E+1	0,000E+0	1,662E+2	1,663E+2	0,000E+0	4,163E-1	4,129E-1	0,000E+0	2	1101
392,126	39,000	40,800	7,980E+1	0,000E+0	1,662E+2	1,663E+2	0,000E+0	4,163E-1	4,129E-1	0,000E+0	2	1101
393,126	38,900	41,100	8,000E+1	0,000E+0	1,664E+2	1,665E+2	0,000E+0	4,140E-1	4,152E-1	0,000E+0	2	1101
394,126	38,900	41,100	8,000E+1	0,000E+0	1,664E+2	1,665E+2	0,000E+0	4,140E-1	4,152E-1	0,000E+0	2	1101
395,126	38,900	41,100	8,000E+1	0,000E+0	1,664E+2	1,665E+2	0,000E+0	4,140E-1	4,152E-1	0,000E+0	2	1101
396,126	38,900	41,100	8,000E+1	0,000E+0	1,664E+2	1,665E+2	0,000E+0	4,140E-1	4,152E-1	0,000E+0	2	1101
397,126	39,300	40,700	8,000E+1	0,000E+0	1,662E+2	1,658E+2	0,000E+0	4,178E-1	4,141E-1	0,000E+0	2	1101
398,126	39,700	40,200	7,990E+1	0,000E+0	1,665E+2	1,653E+2	0,000E+0	4,224E-1	4,109E-1	0,000E+0	1	1101
399,125	38,900	40,800	7,970E+1	0,000E+0	1,654E+2	1,660E+2	0,000E+0	4,192E-1	4,170E-1	0,000E+0	1	1101
400,127	39,100	40,900	8,000E+1	0,000E+0	1,661E+2	1,661E+2	0,000E+0	4,164E-1	4,137E-1	0,000E+0	1	1101
401,126	39,100	40,900	8,000E+1	0,000E+0	1,661E+2	1,661E+2	0,000E+0	4,164E-1	4,137E-1	0,000E+0	1	1101
402,128	39,300	41,000	8,030E+1	0,000E+0	1,662E+2	1,661E+2	0,000E+0	4,188E-1	4,168E-1	0,000E+0	1	1101
403,129	39,300	41,000	8,030E+1	0,000E+0	1,662E+2	1,661E+2	0,000E+0	4,188E-1	4,168E-1	0,000E+0	1	1101
404,130	39,300	41,000	8,030E+1	0,000E+0	1,662E+2	1,661E+2	0,000E+0	4,188E-1	4,168E-1	0,000E+0	1	1101
405,130	39,800	40,100	7,990E+1	0,000E+0	1,670E+2	1,654E+2	0,000E+0	4,199E-1	4,075E-1	0,000E+0	1	1101
406,129	39,800	40,100	7,990E+1	0,000E+0	1,670E+2	1,654E+2	0,000E+0	4,199E-1	4,075E-1	0,000E+0	1	1101
407,130	39,800	40,100	7,990E+1	0,000E+0	1,670E+2	1,654E+2	0,000E+0	4,199E-1	4,075E-1	0,000E+0	1	1101
408,130	39,600	40,400	8,000E+1	0,000E+0	1,662E+2	1,654E+2	0,000E+0	4,211E-1	4,127E-1	0,000E+0	1	1101
409,131	39,600	40,400	8,000E+1	0,000E+0	1,662E+2	1,654E+2	0,000E+0	4,211E-1	4,127E-1	0,000E+0	1	1101
410,131	39,600	40,400	8,000E+1	0,000E+0	1,662E+2	1,654E+2	0,000E+0	4,211E-1	4,127E-1	0,000E+0	1	1101
411,131	39,600	40,400	8,000E+1	0,000E+0	1,662E+2	1,654E+2	0,000E+0	4,211E-1	4,127E-1	0,000E+0	1	1101
412,131	39,300	41,100	8,040E+1	0,000E+0	1,656E+2	1,662E+2	0,000E+0	4,204E-1	4,180E-1	0,000E+0	1	1101
413,132	39,400	40,600	8,000E+1	0,000E+0	1,658E+2	1,659E+2	0,000E+0	4,230E-1	4,156E-1	0,000E+0	1	1101
414,132	39,100	40,800	7,990E+1	0,000E+0	1,657E+2	1,663E+2	0,000E+0	4,180E-1	4,162E-1	0,000E+0	1	1101
415,131	39,100	40,800	7,990E+1	0,000E+0	1,657E+2	1,663E+2	0,000E+0	4,180E-1	4,162E-1	0,000E+0	0	1101
416,132	39,500	40,100	7,960E+1	0,000E+0	1,665E+2	1,654E+2	0,000E+0	4,202E-1	4,103E-1	0,000E+0	0	1101
417,132	39,200	40,900	8,010E+1	0,000E+0	1,661E+2	1,660E+2	0,000E+0	4,169E-1	4,147E-1	0,000E+0	0	1101
418,132	39,200	41,200	8,040E+1	0,000E+0	1,654E+2	1,661E+2	0,000E+0	4,212E-1	4,191E-1	0,000E+0	0	1101
419,132	39,100	40,900	8,000E+1	0,000E+0	1,656E+2	1,658E+2	0,000E+0	4,195E-1	4,169E-1	0,000E+0	0	1101
420,133	39,100	40,900	8,000E+1	0,000E+0	1,656E+2	1,658E+2	0,000E+0	4,195E-1	4,169E-1	0,000E+0	0	1101
421,133	39,100	40,900	8,000E+1	0,000E+0	1,656E+2	1,658E+2	0,000E+0	4,195E-1	4,169E-1	0,000E+0	0	1101
422,132	39,100	40,900	8,000E+1	0,000E+0	1,656E+2	1,658E+2	0,000E+0	4,195E-1	4,169E-1	0,000E+0	0	1101
423,133	39,500	40,300	7,980E+1	0,000E+0	1,663E+2	1,655E+2	0,000E+0	4,203E-1	4,109E-1	0,000E+0	0	1101
424,132	39,500	40,300	7,980E+1	0,000E+0	1,663E+2	1,655E+2	0,000E+0	4,203E-1	4,109E-1	0,000E+0	0	1101
425,133	39,500	40,300	7,980E+1	0,000E+0	1,663E+2	1,655E+2	0,000E+0	4,203E-1	4,109E-1	0,000E+0	0	1101
426,133	39,500	40,300	7,980E+1	0,000E+0	1,663E+2	1,655E+2	0,000E+0	4,203E-1	4,109E-1	0,000E+0	0	1101
427,134	39,300	40,900	8,020E+1	0,000E+0	1,662E+2	1,657E+2	0,000E+0	4,199E-1	4,149E-1	0,000E+0	0	1101
428,134	39,900	40,600	8,050E+1	0,000E+0	1,667E+2	1,654E+2	0,000E+0	4,225E-1	4,116E-1	0,000E+0	0	1101
429,133	39,900	40,600	8,050E+1	0,000E+0	1,667E+2	1,654E+2	0,000E+0	4,225E-1	4,116E-1	0,000E+0	0	1101
430,134	38,400	41,700	8,010E+1	0,000E+0	1,656E+2	1,669E+2	0,000E+0	4,111E-1	4,193E-1	0,000E+0	0	1101
431,135	39,300	40,800	8,010E+1	0,000E+0	1,663E+2	1,660E+2	0,000E+0	4,168E-1	4,131E-1	0,000E+0	0	1101
432,135	38,800	41,300	8,010E+1	0,000E+0	1,663E+2	1,664E+2	0,000E+0	4,132E-1	4,151E-1	0,000E+0	0	1101
433,135	38,900	40,900	7,980E+1	0,000E+0	1,655E+2	1,660E+2	0,000E+0	4,188E-1	4,176E-1	0,000E+0	0	1101
434,135	39,700	40,300	8,000E+1	0,000E+0	1,666E+2	1,652E+2	0,000E+0	4,216E-1	4,115E-1	0,000E+0	0	1110
435,135	40,000	40,000	8,000E+1	0,000E+0	1,670E+2	1,652E+2	0,000E+0	4,220E-1	4,078E-1	0,000E+0	0	1110
436,134	40,000	40,200	8,020E+1	0,000E+0	1,670E+2	1,652E+2	0,000E+0	4,217E-1	4,078E-1	0,000E+0	0	1110
437,135	40,000	40,200	8,020E+1	0,000E+0	1,670E+2	1,652E+2	0,000E+0	4,217E-1	4,078E-1	0,000E+0	0	1110
438,135	38,900	40,800	7,970E+1	0,000E+0	1,662E+2	1,661E+2	0,000E+0	4,152E-1	4,143E-1	0,000E+0	0	1110
439,135	39,100	40,700	7,980E+1	0,000E+0	1,664E+2	1,660E+2	0,000E+0	4,158E-1	4,125E-1	0,000E+0	0	1110
440,136	38,500	41,400	7,990E+1	0,000E+0	1,660E+2	1,668E+2	0,000E+0	4,094E-1	4,157E-1	0,000E+0	0	1110
441,136	39,500	40,800	8,030E+1	0,000E+0	1,664E+2	1,659E+2	0,000E+0	4,194E-1	4,140E-1	0,000E+0	0	1110
442,136	39,900	39,800	7,970E+1	0,000E+0	1,672E+2	1,650E+2	0,000E+0	4,207E-1	4,052E-1	0,000E+0	0	1110
443,135	39,900	39,800	7,970E+1	0,000E+0	1,672E+2	1,650E+2	0,000E+0	4,207E-1	4,052E-1	0,000E+0	0	1110
444,136	39,200	40,700	7,990E+1	0,000E+0	1,662E+2	1,658E+2	0,000E+0	4,180E-1	4,138E-1	0,000E+0	0	1110
445,137	39,300	40,900	8,020E+1	0,000E+0	1,654E+2	1,658E+2	0,000E+0	4,228E-1	4,183E-1	0,000E+0	0	1110
446,136	39,300	40,900	8,020E+1	0,000E+0	1,654E+2	1,658E+2	0,000E+0	4,228E-1	4,183E-1	0,000E+0	0	1110
447,137	39,300	40,900	8,020E+1	0,000E+0	1,654E+2	1,658E+2	0,000E+0	4,228E-1	4,183E-1	0,000E+0	0	1110
448,137	39,300	40,900	8,020E+1	0,000E+0	1,654E+2	1,658E+2	0,000E+0	4,228E-1	4,183E-1	0,000E+0	0	1110
449,137	39,300	40,900	8,020E+1	0,000E+0	1,654E+2	1,658E+2	0,000E+0	4,228E-1	4,183E-1	0,000E+0	0	1110
450,137	39,600	40,400	8,000E+1	0,000E+0	1,659E+2	1,652E+2	0,000E+0	4,226E-1	4,133E-1	0,000E+0	0	1110
451,136	39,600	40,400	8,000E+1	0,000E+0	1,659E+2	1,652E+2	0,000E+0	4,226E-1	4,133E-1	0,000E+0	0	1110
452,137	39,600	40,400	8,000E+1	0,000E+0	1,659E+2	1,652E+2	0,000E+0	4,226E-1	4,133E-1	0,000E+0	0	1110
453,137	39,700	40,400	8,010E+1	0,000E+0	1,660E+2	1,653E+2	0,000E+0	4,241E-1	4,124E-1	0,000E+0	0	1110
454,137	39,700	40,400	8,010E+1	0,000E+0	1,660E+2	1,653E+2	0,000E+0	4,241E-1	4,124E-1	0,000E+0	0	1110
455,137	39,000	41,200	8,020E+1	0,000E+0	1,656E+2	1,661E+2	0,000E+0	4,192E-1	4,184E-1	0,000E+0	0	1110
456,137	39,000	41,200	8,020E+1	0,000E+0	1,656E+2	1,661E+2	0,000E+0	4,192E-1	4,184E-1	0,000E+0	0	1110
457,136	39,200	40,700	7,990E+1	0,000E+0	1,656E+2	1,656E+2	0,000E+0	4,204E-1	4,145E-1	0,000E+0	0	1110
458,138	39,200	40,700	7,990E+1	0,000E+0	1,656E+2	1,656E+2	0,000E+0	4,204E-1	4,145E-1	0,000E+0	1	1110
459,137	39,100	40,900	8,000E+1	0,000E+0	1,657E+2	1,660E+2	0,000E+0	4,200E-1	4,162E-1	0,000E+0	1	1110
460,138	39,100	41,000	8,010E+1	0,000E+0	1,654E+2	1,661E+2	0,000E+0	4,222E-1	4,190E-1	0,000E+0	1	1110
461,138	39,600	40,500	8,010E+1	0,000E+0	1,663E+2	1,655E+2	0,000E+0	4,219E-1	4,130E-1	0,000E+0	1	1110
462,138	39,400	40,500	7,990E+1	0,000E+0	1,667E+2	1,659E+2	0,000E+0	4,206E-1	4,112E-1	0,000E+0	1	1110
463,138	39,400	40,500	7,990E+1	0,000E+0	1,667E+2	1,659E+2	0,000E+0	4,206E-1	4,112E-1	0,000E+0	1	1110
464,138	39,400	40,500	7,990E+1	0,000E+0	1,667E+2	1,659E+2	0,000E+0	4,206E-1	4,112E-1	0,000E+0	1	1110
465,140	39,400	40,500	7,990E+1	0,000E+0	1,667E+2	1,659E+2	0,000E+0	4,206E-1	4,112E-1	0,000E+0	1	1110
466,140	39,400	40,500	7,990E+1	0,000E+0	1,662E+2	1,658E+2	0,000E+0	4,202E-1	4,117E-1	0,000E+0	1	1110
467,142	39,400	40,500	7,990E+1	0,000E+0	1,662E+2	1,658E+2	0,000E+0	4,202E-1	4,117E-1	0,000E+0	1	1110
468,143	39,400	40,500	7,990E+1	0,000E+0	1,662E+2	1,658E+2	0,000E+0	4,202E-1	4,117E-1	0,000E+0	1	1110
469,143	39,400	40,500	7,990E+1	0,000E+0	1,662E+2	1,658E+2	0,000E+0	4,202E-1	4,117E-1	0,000E+0	1	1110
470,143	39,600	40,900	8,050E+1	0,000E+0	1,664E+2	1,656E+2	0,000E+0	4,210E-1	4,139E-1	0,000E+0	1	1110
471,144	39,600	40,900	8,050E+1	0,000E+0	1,664E+2	1,656E+2	0,000E+0	4,210E-1	4,139E-1	0,000E+0	1	1110
472,145	39,400	40,500	7,990E+1	0,000E+0	1,662E+2	1,658E+2	0,000E+0	4,189E-1	4,109E-1	0,000E+0	1	1110
473,146	39,400	40,500	7,990E+1	0,000E+0	1,662E+2	1,658E+2	0,000E+0	4,189E-1	4,109E-1	0,000E+0	1	1110
474,146	39,100	40,700	7,980E+1	0,000E+0	1,659E+2	1,659E+2	0,000E+0	4,189E-1	4,148E-1	0,000E+0	1	1110
475,146	39,700	40,300	8,000E+1	0,000E+0	1,668E+2	1,655E+2	0,000E+0	4,214E-1	4,095E-1	0,000E+0	1	1110
476,147	40,100	40,300	8,040E+1	0,000E+0	1,670E+2	1,654E+2	0,000E+0	4,242E-1	4,098E-1	0,000E+0	2	1110
477,148	39,200	40,600	7,980E+1	0,000E+0	1,664E+2	1,662E+2	0,000E+0	4,188E-1	4,119E-1	0,000E+0	2	1110
478,148	39,300	40,700	8,000E+1	0,000E+0	1,666E+2	1,658E+2	0,000E+0	4,180E-1	4,140E-1	0,000E+0	2	1110
479,148	39,300	40,700	8,000E+1	0,000E+0	1,666E+2	1,658E+2	0,000E+0	4,180E-1	4,140E-1	0,000E+0	2	1110
480,147	40,100	40,000	8,010E+1	0,000E+0	1,672E+2	1,650E+2	0,000E+0	4,228E-1	4,075E-1	0,000E+0	2	1110
481,148	40,100	40,000	8,010E+1	0,000E+0	1,672E+2	1,650E+2	0,000E+0	4,228E-1	4,075E-1	0,000E+0	2	1110
482,148	40,100	40,000	8,010E+1	0,000E+0	1,672E+2	1,650E+2	0,000E+0	4,228E-1	4,075E-1	0,000E+0	2	1110
483,148	39,600	40,500	8,010E+1	0,000E+0	1,666E+2	1,659E+2	0,000E+0	4,202E-1	4,109E-1	0,000E+0	2	1110
484,148	39,600	40,500	8,010E+1	0,000E+0	1,666E+2	1,659E+2	0,000E+0	4,202E-1	4,109E-1	0,000E+0	2	1110
485,149	39,600	40,500	8,010E+1	0,000E+0	1,666E+2	1,659E+2	0,000E+0	4,202E-1	4,109E-1	0,000E+0	2	1110
486,149	40,200	39,900	8,010E+1	0,000E+0	1,671E+2	1,650E+2	0,000E+0	4,226E-1	4,099E-1	0,000E+0	2	1110
487,148	40,200	39,900	8,010E+1	0,000E+0	1,671E+2	1,650E+2	0,000E+0	4,226E-1	4,099E-1	0,000E+0	2	1110
488,149	40,200	39,900	8,010E+1	0,000E+0	1,671E+2	1,650E+2	0,000E+0	4,226E-1	4,099E-1	0,000E+0	2	1110
489,149	40,200	39,900	8,010E+1	0,000E+0	1,671E+2	1,650E+2	0,000E+0	4,226E-1	4,099E-1	0,000E+0	2	1110
490,151	39,800	40,000	7,980E+1	0,000E+0	1,672E+2	1,653E+2	0,000E+0	4,203E-1	4,059E-1	0,000E+0	2	1110
491,151	39,800	40,000	7,980E+1	0,000E+0	1,672E+2	1,653E+2	0,000E+0	4,203E-1	4,059E-1	0,000E+0	2	1110
492,151	39,300	40,800	8,010E+1	0,000E+0	1,657E+2	1,661E+2	0,000E+0	4,215E-1	4,160E-1	0,000E+0	2	1110
493,151	39,300	40,800	8,010E+1	0,000E+0	1,657E+2	1,661E+2	0,000E+0	4,215E-1	4,160E-1	0,000E+0	3	1110
494,151	39,100	41,100	8,020E+1	0,000E+0	1,652E+2	1,664E+2	0,000E+0	4,224E-1	4,201E-1	0,000E+0	3	1110
495,153	39,800	40,100	7,990E+1	0,000E+0	1,668E+2	1,654E+2	0,000E+0	4,217E-1	4,089E-1	0,000E+0	3	1110
496,153	40,000	39,800	7,980E+1	0,000E+0	1,672E+2	1,649E+2	0,000E+0	4,212E-1	4,058E-1	0,000E+0	3	1110
497,153	40,000	39,800	7,980E+1	0,000E+0	1,672E+2	1,649E+2	0,000E+0	4,212E-1	4,058E-1	0,000E+0	3	1110
498,153	40,000	39,800	7,980E+1	0,000E+0	1,672E+2	1,649E+2	0,000E+0	4,212E-1	4,058E-1	0,000E+0	3	1110
499,154	40,000	39,800	7,980E+1	0,000E+0	1,672E+2	1,649E+2	0,000E+0	4,212E-1	4,058E-1	0,000E+0	3	1110
500,155	40,000	39,800	7,980E+1	0,000E+0	1,672E+2	1,649E+2	0,000E+0	4,212E-1	4,058E-1	0,000E+0	3	1110
501,155	39,300	40,900	8,020E+1	0,000E+0	1,663E+2	1,658E+2	0,000E+0	4,201E-1	4,150E-1	0,000E+0	3	1110
502,155	39,300	40,900	8,020E+1	0,000E+0	1,663E+2	1,658E+2	0,000E+0	4,201E-1	4,150E-1	0,000E+0	3	1110
503,155	39,300	40,900	8,020E+1	0,000E+0	1,663E+2	1,658E+2	0,000E+0	4,201E-1	4,150E-1	0,000E+0	3	1110
504,154	39,300	40,900	8,020E+1	0,000E+0	1,663E+2	1,658E+2	0,000E+0	4,201E-1	4,150E-1	0,000E+0	3	1110
505,156	39,400	40,600	8,000E+1	0,000E+0	1,660E+2	1,656E+2	0,000E+0	4,214E-1	4,142E-1	0,000E+0	3	1110
506,155	39,300	40,500	7,980E+1	0,000E+0	1,664E+2	1,658E+2	0,000E+0	4,186E-1	4,124E-1	0,000E+0	3	1110
507,156	39,300	40,500	7,980E+1	0,000E+0	1,664E+2	1,658E+2	0,000E+0	4,186E-1	4,124E-1	0,000E+0	3	1110
508,157	39,100	41,000	8,010E+1	0,000E+0	1,657E+2	1,659E+2	0,000E+0	4,199E-1	4,173E-1	0,000E+0	3	1110
509,158	39,600	40,400	8,000E+1	0,000E+0	1,667E+2	1,656E+2	0,000E+0	4,191E-1	4,108E-1	0,000E+0	3	1110
510,158	40,100	40,200	8,030E+1	0,000E+0	1,667E+2	1,652E+2	0,000E+0	4,247E-1	4,093E-1	0,000E+0	3	1110
511,158	39,100	40,800	7,990E+1	0,000E+0	1,659E+2	1,659E+2	0,000E+0	4,173E-1	4,145E-1	0,000E+0	3	1110
512,159	39,400	40,500	7,990E+1	0,000E+0	1,664E+2	1,656E+2	0,000E+0	4,183E-1	4,115E-1	0,000E+0	3	1110
513,158	39,100	40,700	7,980E+1	0,000E+0	1,663E+2	1,659E+2	0,000E+0	4,161E-1	4,110E-1	0,000E+0	3	1110
514,159	39,300	40,400	7,970E+1	0,000E+0	1,660E+2	1,655E+2	0,000E+0	4,186E-1	4,122E-1	0,000E+0	3	1110
515,159	38,900	40,900	7,980E+1	0,000E+0	1,658E+2	1,664E+2	0,000E+0	4,154E-1	4,146E-1	0,000E+0	3	1110
516,159	39,400	40,800	8,020E+1	0,000E+0	1,664E+2	1,658E+2	0,000E+0	4,187E-1	4,133E-1	0,000E+0	4	1110
517,159	38,600	41,500	8,010E+1	0,000E+0	1,660E+2	1,666E+2	0,000E+0	4,130E-1	4,186E-1	0,000E+0	4	1110
518,159	39,100	40,900	8,000E+1	0,000E+0	1,661E+2	1,657E+2	0,000E+0	4,174E-1	4,152E-1	0,000E+0	4	1110
519,160	39,100	40,900	8,000E+1	0,000E+0	1,661E+2	1,657E+2	0,000E+0	4,174E-1	4,152E-1	0,000E+0	4	1110
520,160	39,400	40,600	8,000E+1	0,000E+0	1,659E+2	1,659E+2	0,000E+0	4,209E-1	4,141E-1	0,000E+0	4	1110
521,161	39,400	40,600	8,000E+1	0,000E+0	1,659E+2	1,659E+2	0,000E+0	4,209E-1	4,141E-1	0,000E+0	4	1110
522,162	39,400	40,600	8,000E+1	0,000E+0	1,659E+2	1,659E+2	0,000E+0	4,209E-1	4,141E-1	0,000E+0	4	1110
523,162	39,400	40,600	8,000E+1	0,000E+0	1,659E+2	1,659E+2	0,000E+0	4,209E-1	4,141E-1	0,000E+0	4	1110
524,162	39,400	40,600	8,000E+1	0,000E+0	1,659E+2	1,659E+2	0,000E+0	4,209E-1	4,141E-1	0,000E+0	4	1110
525,162	40,200	40,000	8,020E+1	0,000E+0	1,674E+2	1,649E+2	0,000E+0	4,231E-1	4,062E-1	0,000E+0	4	1110
526,163	39,300	40,600	7,990E+1	0,000E+0	1,660E+2	1,657E+2	0,000E+0	4,199E-1	4,130E-1	0,000E+0	4	1110
527,163	39,300	40,600	7,990E+1	0,000E+0	1,660E+2	1,657E+2	0,000E+0	4,199E-1	4,130E-1	0,000E+0	4	1110
528,163	39,300	40,600	7,990E+1	0,000E+0	1,660E+2	1,657E+2	0,000E+0	4,199E-1	4,130E-1	0,000E+0	4	1110
529,163	39,300	40,600	7,990E+1	0,000E+0	1,660E+2	1,657E+2	0,000E+0	4,199E-1	4,130E-1	0,000E+0	4	1110
530,163	39,300	40,700	8,000E+1	0,000E+0	1,659E+2	1,657E+2	0,000E+0	4,210E-1	4,155E-1	0,000E+0	4	1110
531,163	39,300	40,700	8,000E+1	0,000E+0	1,659E+2	1,657E+2	0,000E+0	4,210E-1	4,155E-1	0,000E+0	4	1110
532,162	39,300	41,000	8,030E+1	0,000E+0	1,663E+2	1,664E+2	0,000E+0	4,175E-1	4,153E-1	0,000E+0	4	1110
533,163	39,300	41,000	8,030E+1	0,000E+0	1,663E+2	1,664E+2	0,000E+0	4,175E-1	4,153E-1	0,000E+0	4	1110
534,163	39,100	40,700	7,980E+1	0,000E+0	1,666E+2	1,660E+2	0,000E+0	4,146E-1	4,111E-1	0,000E+0	5	1110
535,163	39,700	40,500	8,020E+1	0,000E+0	1,662E+2	1,655E+2	0,000E+0	4,227E-1	4,134E-1	0,000E+0	5	1110
536,163	39,400	40,500	7,990E+1	0,000E+0	1,661E+2	1,653E+2	0,000E+0	4,211E-1	4,135E-1	0,000E+0	5	1110
537,163	38,900	41,300	8,020E+1	0,000E+0	1,660E+2	1,662E+2	0,000E+0	4,168E-1	4,177E-1	0,000E+0	5	1110
538,163	38,900	41,300	8,020E+1	0,000E+0	1,660E+2	1,662E+2	0,000E+0	4,168E-1	4,177E-1	0,000E+0	5	1110
539,162	38,900	41,300	8,020E+1	0,000E+0	1,660E+2	1,662E+2	0,000E+0	4,168E-1	4,177E-1	0,000E+0	5	1110
540,163	38,900	41,300	8,020E+1	0,000E+0	1,660E+2	1,662E+2	0,000E+0	4,168E-1	4,177E-1	0,000E+0	5	1110
541,163	38,900	41,300	8,020E+1	0,000E+0	1,660E+2	1,662E+2	0,000E+0	4,168E-1	4,177E-1	0,000E+0	5	1110
542,163	39,500	40,400	7,990E+1	0,000E+0	1,667E+2	1,656E+2	0,000E+0	4,189E-1	4,098E-1	0,000E+0	5	1110
543,164	39,500	40,400	7,990E+1	0,000E+0	1,667E+2	1,656E+2	0,000E+0	4,189E-1	4,098E-1	0,000E+0	5	1110
544,164	39,500	40,400	7,990E+1	0,000E+0	1,667E+2	1,656E+2	0,000E+0	4,189E-1	4,098E-1	0,000E+0	5	1110
545,165	39,500	40,400	7,990E+1	0,000E+0	1,667E+2	1,656E+2	0,000E+0	4,189E-1	4,098E-1	0,000E+0	5	1110
546,165	39,600	40,400	8,000E+1	0,000E+0	1,659E+2	1,654E+2	0,000E+0	4,214E-1	4,120E-1	0,000E+0	5	1110
547,165	39,800	40,200	8,000E+1	0,000E+0	1,666E+2	1,654E+2	0,000E+0	4,222E-1	4,105E-1	0,000E+0	5	1110
548,165	39,800	40,200	8,000E+1	0,000E+0	1,666E+2	1,654E+2	0,000E+0	4,222E-1	4,105E-1	0,000E+0	5	1110
549,164	39,100	40,600	7,970E+1	0,000E+0	1,663E+2	1,658E+2	0,000E+0	4,176E-1	4,122E-1	0,000E+0	5	1110
550,165	39,500	40,200	7,970E+1	0,000E+0	1,662E+2	1,652E+2	0,000E+0	4,211E-1	4,114E-1	0,000E+0	5	1110
551,165	39,800	40,400	8,020E+1	0,000E+0	1,669E+2	1,652E+2	0,000E+0	4,219E-1	4,098E-1	0,000E+0	5	1110
552,165	39,300	40,700	8,000E+1	0,000E+0	1,658E+2	1,659E+2	0,000E+0	4,207E-1	4,160E-1	0,000E+0	6	1110
553,166	39,100	41,300	8,040E+1	0,000E+0	1,660E+2	1,666E+2	0,000E+0	4,187E-1	4,188E-1	0,000E+0	6	1110
554,165	39,400	40,600	8,000E+1	0,000E+0	1,669E+2	1,662E+2	0,000E+0	4,193E-1	4,127E-1	0,000E+0	6	1110
555,166	39,600	40,000	7,960E+1	0,000E+0	1,666E+2	1,658E+2	0,000E+0	4,201E-1	4,099E-1	0,000E+0	6	1110
556,165	39,600	40,000	7,960E+1	0,000E+0	1,666E+2	1,658E+2	0,000E+0	4,201E-1	4,099E-1	0,000E+0	6	1110
557,167	39,600	40,000	7,960E+1	0,000E+0	1,666E+2	1,658E+2	0,000E+0	4,201E-1	4,099E-1	0,000E+0	6	1110
558,167	39,600	40,000	7,960E+1	0,000E+0	1,666E+2	1,658E+2	0,000E+0	4,201E-1	4,099E-1	0,000E+0	6	1110
559,168	39,800	40,500	8,030E+1	0,000E+0	1,668E+2	1,657E+2	0,000E+0	4,221E-1	4,114E-1	0,000E+0	6	1110
560,168	39,800	40,500	8,030E+1	0,000E+0	1,668E+2	1,657E+2	0,000E+0	4,221E-1	4,114E-1	0,000E+0	6	1110
561,168	39,400	40,600	8,000E+1	0,000E+0	1,666E+2	1,657E+2	0,000E+0	4,191E-1	4,131E-1	0,000E+0	6	1110
562,167	39,400	40,600	8,000E+1	0,000E+0	1,666E+2	1,657E+2	0,000E+0	4,191E-1	4,131E-1	0,000E+0	6	1110
563,168	39,400	40,600	8,000E+1	0,000E+0	1,666E+2	1,657E+2	0,000E+0	4,191E-1	4,131E-1	0,000E+0	6	1110
564,167	39,100	41,000	8,010E+1	0,000E+0	1,656E+2	1,660E+2	0,000E+0	4,184E-1	4,171E-1	0,000E+0	6	1110
565,168	39,100	41,000	8,010E+1	0,000E+0	1,656E+2	1,660E+2	0,000E+0	4,184E-1	4,171E-1	0,000E+0	6	1110
566,169	39,100	41,000	8,010E+1	0,000E+0	1,656E+2	1,660E+2	0,000E+0	4,184E-1	4,171E-1	0,000E+0	6	1110
567,169	39,100	41,000	8,010E+1	0,000E+0	1,656E+2	1,660E+2	0,000E+0	4,184E-1	4,171E-1	0,000E+0	6	1110
568,169	39,500	40,500	8,000E+1	0,000E+0	1,664E+2	1,654E+2	0,000E+0	4,200E-1	4,118E-1	0,000E+0	6	1110
569,168	39,400	40,600	8,000E+1	0,000E+0	1,665E+2	1,656E+2	0,000E+0	4,192E-1	4,118E-1	0,000E+0	6	1110
570,169	38,900	41,200	8,010E+1	0,000E+0	1,648E+2	1,663E+2	0,000E+0	4,200E-1	4,214E-1	0,000E+0	6	1110
571,168	39,600	40,200	7,980E+1	0,000E+0	1,665E+2	1,654E+2	0,000E+0	4,206E-1	4,100E-1	0,000E+0	6	1110
572,169	39,600	40,200	7,980E+1	0,000E+0	1,665E+2	1,654E+2	0,000E+0	4,206E-1	4,100E-1	0,000E+0	6	1110
573,169	39,500	40,700	8,020E+1	0,000E+0	1,659E+2	1,658E+2	0,000E+0	4,242E-1	4,174E-1	0,000E+0	6	1110
574,170	39,000	40,800	7,980E+1	0,000E+0	1,655E+2	1,659E+2	0,000E+0	4,194E-1	4,162E-1	0,000E+0	6	1110
575,170	39,200	40,700	7,990E+1	0,000E+0	1,662E+2	1,658E+2	0,000E+0	4,175E-1	4,131E-1	0,000E+0	6	1110
576,170	39,900	40,400	8,030E+1	0,000E+0	1,671E+2	1,654E+2	0,000E+0	4,219E-1	4,104E-1	0,000E+0	6	1110
577,171	39,700	40,400	8,010E+1	0,000E+0	1,668E+2	1,654E+2	0,000E+0	4,202E-1	4,100E-1	0,000E+0	7	1110
578,172	39,200	40,900	8,010E+1	0,000E+0	1,657E+2	1,660E+2	0,000E+0	4,202E-1	4,170E-1	0,000E+0	7	1110
579,173	39,400	40,600	8,000E+1	0,000E+0	1,659E+2	1,656E+2	0,000E+0	4,219E-1	4,150E-1	0,000E+0	7	1110
580,174	38,800	41,000	7,980E+1	0,000E+0	1,653E+2	1,664E+2	0,000E+0	4,180E-1	4,176E-1	0,000E+0	7	1110
581,174	39,200	40,800	8,000E+1	0,000E+0	1,656E+2	1,657E+2	0,000E+0	4,200E-1	4,164E-1	0,000E+0	7	1110
582,174	39,200	40,800	8,000E+1	0,000E+0	1,656E+2	1,657E+2	0,000E+0	4,200E-1	4,164E-1	0,000E+0	7	1110
583,175	39,200	40,800	8,000E+1	0,000E+0	1,656E+2	1,657E+2	0,000E+0	4,200E-1	4,164E-1	0,000E+0	7	1110
584,174	39,200	40,800	8,000E+1	0,000E+0	1,656E+2	1,657E+2	0,000E+0	4,200E-1	4,164E-1	0,000E+0	7	1110
585,175	39,200	40,800	8,000E+1	0,000E+0	1,656E+2	1,657E+2	0,000E+0	4,200E-1	4,164E-1	0,000E+0	7	1110
586,176	39,600	40,400	8,000E+1	0,000E+0	1,667E+2	1,657E+2	0,000E+0	4,199E-1	4,113E-1	0,000E+0	7	1110
587,177	39,600	40,400	8,000E+1	0,000E+0	1,667E+2	1,657E+2	0,000E+0	4,199E-1	4,113E-1	0,000E+0	7	1110
588,178	39,600	40,400	8,000E+1	0,000E+0	1,667E+2	1,657E+2	0,000E+0	4,199E-1	4,113E-1	0,000E+0	7	1110
589,177	39,600	40,400	8,000E+1	0,000E+0	1,667E+2	1,657E+2	0,000E+0	4,199E-1	4,113E-1	0,000E+0	7	1110
590,179	39,400	40,400	7,980E+1	0,000E+0	1,661E+2	1,657E+2	0,000E+0	4,198E-1	4,133E-1	0,000E+0	7	1110
591,178	39,200	40,700	7,990E+1	0,000E+0	1,658E+2	1,662E+2	0,000E+0	4,194E-1	4,160E-1	0,000E+0	7	1110
592,179	39,200	40,700	7,990E+1	0,000E+0	1,658E+2	1,662E+2	0,000E+0	4,194E-1	4,160E-1	0,000E+0	7	1110
593,179	38,900	41,000	7,990E+1	0,000E+0	1,655E+2	1,662E+2	0,000E+0	4,173E-1	4,174E-1	0,000E+0	7	1110
594,180	40,000	40,200	8,020E+1	0,000E+0	1,669E+2	1,652E+2	0,000E+0	4,218E-1	4,075E-1	0,000E+0	7	1110
595,180	39,500	40,400	7,990E+1	0,000E+0	1,660E+2	1,656E+2	0,000E+0	4,207E-1	4,140E-1	0,000E+0	7	1110
596,180	39,700	40,200	7,990E+1	0,000E+0	1,666E+2	1,656E+2	0,000E+0	4,215E-1	4,099E-1	0,000E+0	7	1110
597,180	39,500	40,400	7,990E+1	0,000E+0	1,663E+2	1,654E+2	0,000E+0	4,200E-1	4,115E-1	0,000E+0	7	1110
598,180	38,800	41,200	8,000E+1	0,000E+0	1,655E+2	1,666E+2	0,000E+0	4,176E-1	4,184E-1	0,000E+0	7	1110
599,180	38,900	41,400	8,030E+1	0,000E+0	1,663E+2	1,665E+2	0,000E+0	4,150E-1	4,178E-1	0,000E+0	7	1110
600,180	39,500	40,200	7,970E+1	0,000E+0	1,665E+2	1,655E+2	0,000E+0	4,197E-1	4,105E-1	0,000E+0	7	1110
601,181	39,800	40,100	7,990E+1	0,000E+0	1,670E+2	1,653E+2	0,000E+0	4,218E-1	4,092E-1	0,000E+0	7	1110
602,181	39,500	40,700	8,020E+1	0,000E+0	1,666E+2	1,655E+2	0,000E+0	4,195E-1	4,131E-1	0,000E+0	7	1110
603,181	39,400	40,500	7,990E+1	0,000E+0	1,664E+2	1,656E+2	0,000E+0	4,194E-1	4,128E-1	0,000E+0	7	1110
604,181	39,000	41,000	8,000E+1	0,000E+0	1,656E+2	1,664E+2	0,000E+0	4,184E-1	4,168E-1	0,000E+0	7	1110
605,183	39,000	41,000	8,000E+1	0,000E+0	1,656E+2	1,664E+2	0,000E+0	4,184E-1	4,168E-1	0,000E+0	7	1110
606,183	39,400	40,400	7,980E+1	0,000E+0	1,661E+2	1,656E+2	0,000E+0	4,198E-1	4,119E-1	0,000E+0	7	1111
607,183	39,400	40,700	8,010E+1	0,000E+0	1,667E+2	1,660E+2	0,000E+0	4,182E-1	4,135E-1	0,000E+0	7	1111
608,183	39,200	40,800	8,000E+1	0,000E+0	1,661E+2	1,660E+2	0,000E+0	4,197E-1	4,124E-1	0,000E+0	7	1111
609,183	38,700	41,000	7,970E+1	0,000E+0	1,659E+2	1,664E+2	0,000E+0	4,149E-1	4,159E-1	0,000E+0	7	1111
610,184	39,200	40,900	8,010E+1	0,000E+0	1,659E+2	1,662E+2	0,000E+0	4,198E-1	4,161E-1	0,000E+0	7	1111
611,184	39,700	40,400	8,010E+1	0,000E+0	1,666E+2	1,654E+2	0,000E+0	4,212E-1	4,116E-1	0,000E+0	7	1111
612,183	39,100	41,000	8,010E+1	0,000E+0	1,662E+2	1,663E+2	0,000E+0	4,181E-1	4,163E-1	0,000E+0	7	1111
613,184	39,200	40,700	7,990E+1	0,000E+0	1,662E+2	1,662E+2	0,000E+0	4,186E-1	4,141E-1	0,000E+0	7	1111
614,184	39,600	40,500	8,010E+1	0,000E+0	1,663E+2	1,656E+2	0,000E+0	4,229E-1	4,132E-1	0,000E+0	7	1111
615,184	39,600	40,500	8,010E+1	0,000E+0	1,663E+2	1,656E+2	0,000E+0	4,229E-1	4,132E-1	0,000E+0	7	1111
616,184	39,000	40,700	7,970E+1	0,000E+0	1,659E+2	1,661E+2	0,000E+0	4,165E-1	4,130E-1	0,000E+0	7	1111
617,185	39,000	40,700	7,970E+1	0,000E+0	1,659E+2	1,661E+2	0,000E+0	4,165E-1	4,130E-1	0,000E+0	7	1111
618,185	39,000	40,700	7,970E+1	0,000E+0	1,659E+2	1,661E+2	0,000E+0	4,165E-1	4,130E-1	0,000E+0	7	1111
619,184	39,000	40,700	7,970E+1	0,000E+0	1,659E+2	1,661E+2	0,000E+0	4,165E-1	4,130E-1	0,000E+0	7	1111
620,185	39,600	40,400	8,000E+1	0,000E+0	1,668E+2	1,657E+2	0,000E+0	4,211E-1	4,118E-1	0,000E+0	7	1111
621,186	39,600	40,400	8,000E+1	0,000E+0	1,668E+2	1,657E+2	0,000E+0	4,211E-1	4,118E-1	0,000E+0	7	1111
622,186	39,600	40,400	8,000E+1	0,000E+0	1,668E+2	1,657E+2	0,000E+0	4,211E-1	4,118E-1	0,000E+0	7	1111
623,186	39,500	40,700	8,020E+1	0,000E+0	1,662E+2	1,659E+2	0,000E+0	4,211E-1	4,153E-1	0,000E+0	7	1111
624,186	39,500	40,700	8,020E+1	0,000E+0	1,662E+2	1,659E+2	0,000E+0	4,211E-1	4,153E-1	0,000E+0	7	1111
625,187	39,500	40,700	8,020E+1	0,000E+0	1,662E+2	1,659E+2	0,000E+0	4,211E-1	4,153E-1	0,000E+0	7	1111
626,186	39,500	40,700	8,020E+1	0,000E+0	1,662E+2	1,659E+2	0,000E+0	4,211E-1	4,153E-1	0,000E+0	7	1111
627,187	39,800	40,600	8,040E+1	0,000E+0	1,666E+2	1,655E+2	0,000E+0	4,226E-1	4,135E-1	0,000E+0	7	1111
628,187	39,700	40,600	8,030E+1	0,000E+0	1,669E+2	1,656E+2	0,000E+0	4,204E-1	4,102E-1	0,000E+0	7	1111
629,187	38,900	41,100	8,000E+1	0,000E+0	1,662E+2	1,662E+2	0,000E+0	4,164E-1	4,162E-1	0,000E+0	7	1111
630,188	38,900	41,100	8,000E+1	0,000E+0	1,662E+2	1,662E+2	0,000E+0	4,164E-1	4,162E-1	0,000E+0	6	1111
631,187	39,600	40,300	7,990E+1	0,000E+0	1,671E+2	1,655E+2	0,000E+0	4,189E-1	4,093E-1	0,000E+0	6	1111
632,188	39,600	40,400	8,000E+1	0,000E+0	1,667E+2	1,655E+2	0,000E+0	4,209E-1	4,118E-1	0,000E+0	6	1111
633,187	38,900	41,100	8,000E+1	0,000E+0	1,654E+2	1,662E+2	0,000E+0	4,185E-1	4,178E-1	0,000E+0	6	1111
634,188	39,200	40,800	8,000E+1	0,000E+0	1,658E+2	1,660E+2	0,000E+0	4,210E-1	4,166E-1	0,000E+0	6	1111
635,188	39,100	40,900	8,000E+1	0,000E+0	1,665E+2	1,662E+2	0,000E+0	4,174E-1	4,139E-1	0,000E+0	6	1111
636,188	39,100	40,900	8,000E+1	0,000E+0	1,665E+2	1,662E+2	0,000E+0	4,174E-1	4,139E-1	0,000E+0	6	1111
637,189	39,100	40,900	8,000E+1	0,000E+0	1,665E+2	1,662E+2	0,000E+0	4,174E-1	4,139E-1	0,000E+0	6	1111
638,188	39,100	40,900	8,000E+1	0,000E+0	1,665E+2	1,662E+2	0,000E+0	4,174E-1	4,139E-1	0,000E+0	6	1111
639,189	39,600	40,500	8,010E+1	0,000E+0	1,668E+2	1,657E+2	0,000E+0	4,193E-1	4,111E-1	0,000E+0	6	1111
640,188	39,600	40,500	8,010E+1	0,000E+0	1,668E+2	1,657E+2	0,000E+0	4,193E-1	4,111E-1	0,000E+0	6	1111
641,189	39,600	40,500	8,010E+1	0,000E+0	1,668E+2	1,657E+2	0,000E+0	4,193E-1	4,111E-1	0,000E+0	6	1111
642,189	39,600	40,500	8,010E+1	0,000E+0	1,668E+2	1,657E+2	0,000E+0	4,193E-1	4,111E-1	0,000E+0	6	1111
643,189	39,200	40,900	8,010E+1	0,000E+0	1,664E+2	1,660E+2	0,000E+0	4,174E-1	4,150E-1	0,000E+0	6	1111
644,190	39,200	40,900	8,010E+1	0,000E+0	1,664E+2	1,660E+2	0,000E+0	4,174E-1	4,150E-1	0,000E+0	6	1111
645,189	39,000	40,900	7,990E+1	0,000E+0	1,664E+2	1,662E+2	0,000E+0	4,139E-1	4,144E-1	0,000E+0	6	1111
646,190	39,700	40,400	8,010E+1	0,000E+0	1,670E+2	1,656E+2	0,000E+0	4,219E-1	4,106E-1	0,000E+0	6	1111
647,189	39,400	40,800	8,020E+1	0,000E+0	1,662E+2	1,657E+2	0,000E+0	4,210E-1	4,148E-1	0,000E+0	5	1111
648,190	39,500	40,500	8,000E+1	0,000E+0	1,666E+2	1,657E+2	0,000E+0	4,197E-1	4,126E-1	0,000E+0	5	1111
649,190	38,600	41,300	7,990E+1	0,000E+0	1,660E+2	1,667E+2	0,000E+0	4,139E-1	4,181E-1	0,000E+0	5	1111
650,190	39,400	40,500	7,990E+1	0,000E+0	1,661E+2	1,656E+2	0,000E+0	4,210E-1	4,139E-1	0,000E+0	5	1111
651,190	40,000	40,000	8,000E+1	0,000E+0	1,670E+2	1,651E+2	0,000E+0	4,225E-1	4,082E-1	0,000E+0	5	1111
652,189	40,000	40,000	8,000E+1	0,000E+0	1,670E+2	1,651E+2	0,000E+0	4,225E-1	4,082E-1	0,000E+0	5	1111
653,190	40,000	40,000	8,000E+1	0,000E+0	1,670E+2	1,651E+2	0,000E+0	4,225E-1	4,082E-1	0,000E+0	5	1111
654,190	40,000	40,000	8,000E+1	0,000E+0	1,670E+2	1,651E+2	0,000E+0	4,225E-1	4,082E-1	0,000E+0	5	1111
655,190	40,000	40,000	8,000E+1	0,000E+0	1,670E+2	1,651E+2	0,000E+0	4,225E-1	4,082E-1	0,000E+0	5	1111
656,190	39,700	40,400	8,010E+1	0,000E+0	1,667E+2	1,655E+2	0,000E+0	4,207E-1	4,112E-1	0,000E+0	5	1111
657,191	39,700	40,400	8,010E+1	0,000E+0	1,667E+2	1,655E+2	0,000E+0	4,207E-1	4,112E-1	0,000E+0	5	1111
658,191	39,700	40,400	8,010E+1	0,000E+0	1,667E+2	1,655E+2	0,000E+0	4,207E-1	4,112E-1	0,000E+0	5	1111
659,191	39,300	40,500	7,980E+1	0,000E+0	1,660E+2	1,658E+2	0,000E+0	4,206E-1	4,143E-1	0,000E+0	5	1111
660,192	39,300	40,500	7,980E+1	0,000E+0	1,660E+2	1,658E+2	0,000E+0	4,206E-1	4,143E-1	0,000E+0	5	1111
661,192	39,300	40,700	8,000E+1	0,000E+0	1,665E+2	1,659E+2	0,000E+0	4,178E-1	4,151E-1	0,000E+0	5	1111
662,192	39,300	40,700	8,000E+1	0,000E+0	1,665E+2	1,659E+2	0,000E+0	4,178E-1	4,151E-1	0,000E+0	5	1111
663,192	39,200	40,800	8,000E+1	0,000E+0	1,663E+2	1,661E+2	0,000E+0	4,189E-1	4,147E-1	0,000E+0	5	1111
664,191	39,200	40,800	8,000E+1	0,000E+0	1,663E+2	1,661E+2	0,000E+0	4,189E-1	4,147E-1	0,000E+0	4	1111
665,192	39,900	40,200	8,010E+1	0,000E+0	1,670E+2	1,650E+2	0,000E+0	4,225E-1	4,092E-1	0,000E+0	4	1111
666,192	39,600	40,300	7,990E+1	0,000E+0	1,667E+2	1,654E+2	0,000E+0	4,223E-1	4,110E-1	0,000E+0	4	1111
667,193	39,000	40,900	7,990E+1	0,000E+0	1,661E+2	1,658E+2	0,000E+0	4,161E-1	4,169E-1	0,000E+0	4	1111
668,194	39,600	40,300	7,990E+1	0,000E+0	1,669E+2	1,656E+2	0,000E+0	4,184E-1	4,085E-1	0,000E+0	4	1111
669,194	39,600	40,300	7,990E+1	0,000E+0	1,669E+2	1,656E+2	0,000E+0	4,184E-1	4,085E-1	0,000E+0	4	1111
670,194	39,600	40,300	7,990E+1	0,000E+0	1,669E+2	1,656E+2	0,000E+0	4,184E-1	4,085E-1	0,000E+0	4	1111
671,193	39,600	40,300	7,990E+1	0,000E+0	1,669E+2	1,656E+2	0,000E+0	4,184E-1	4,085E-1	0,000E+0	4	1111
672,194	39,600	40,700	8,030E+1	0,000E+0	1,667E+2	1,659E+2	0,000E+0	4,199E-1	4,134E-1	0,000E+0	4	1111
673,195	39,600	40,700	8,030E+1	0,000E+0	1,667E+2	1,659E+2	0,000E+0	4,199E-1	4,134E-1	0,000E+0	4	1111
674,195	39,600	40,700	8,030E+1	0,000E+0	1,667E+2	1,659E+2	0,000E+0	4,199E-1	4,134E-1	0,000E+0	4	1111
675,195	39,600	40,700	8,030E+1	0,000E+0	1,667E+2	1,659E+2	0,000E+0	4,199E-1	4,134E-1	0,000E+0	4	1111
676,194	38,900	41,100	8,000E+1	0,000E+0	1,659E+2	1,665E+2	0,000E+0	4,183E-1	4,178E-1	0,000E+0	4	1111
677,195	38,900	41,100	8,000E+1	0,000E+0	1,659E+2	1,665E+2	0,000E+0	4,183E-1	4,178E-1	0,000E+0	4	1111
678,194	39,300	40,500	7,980E+1	0,000E+0	1,673E+2	1,659E+2	0,000E+0	4,164E-1	4,103E-1	0,000E+0	4	1111
679,195	39,300	40,500	7,980E+1	0,000E+0	1,673E+2	1,659E+2	0,000E+0	4,164E-1	4,103E-1	0,000E+0	4	1111
680,196	38,800	41,000	7,980E+1	0,000E+0	1,657E+2	1,664E+2	0,000E+0	4,170E-1	4,164E-1	0,000E+0	3	1111
681,196	40,000	40,200	8,020E+1	0,000E+0	1,669E+2	1,655E+2	0,000E+0	4,174E-1	4,185E-1	0,000E+0	3	1111
682,196	38,900	40,800	7,970E+1	0,000E+0	1,663E+2	1,664E+2	0,000E+0	4,185E-1	4,111E-1	0,000E+0	3	1111
683,196	39,700	40,100	7,980E+1	0,000E+0	1,665E+2	1,652E+2	0,000E+0	4,225E-1	4,104E-1	0,000E+0	3	1111
684,197	39,900	40,200	8,010E+1	0,000E+0	1,668E+2	1,651E+2	0,000E+0	4,219E-1	4,100E-1	0,000E+0	3	1111
685,197	39,900	40,200	8,010E+1	0,000E+0	1,668E+2	1,651E+2	0,000E+0	4,219E-1	4,100E-1	0,000E+0	3	1111
686,197	39,900	40,200	8,010E+1	0,000E+0	1,668E+2	1,651E+2	0,000E+0	4,219E-1	4,100E-1	0,000E+0	3	1111
687,197	39,900	40,200	8,010E+1	0,000E+0	1,668E+2	1,651E+2	0,000E+0	4,219E-1	4,100E-1	0,000E+0	3	1111
688,196	39,900	40,200	8,010E+1	0,000E+0	1,668E+2	1,651E+2	0,000E+0	4,219E-1	4,100E-1	0,000E+0	3	1111
689,197	38,600	41,300	7,990E+1	0,000E+0	1,657E+2	1,664E+2	0,000E+0	4,170E-1	4,120E-1	0,000E+0	3	1111
690,196	38,600	41,300	7,990E+1	0,000E+0	1,657E+2	1,664E+2	0,000E+0	4,170E-1	4,120E-1	0,000E+0	3	1111
691,197	38,600	41,300	7,990E+1	0,000E+0	1,657E+2	1,664E+2	0,000E+0	4,170E-1	4,120E-1	0,000E+0	3	1111
692,198	39,700	40,500	8,020E+1	0,000E+0	1,662E+2	1,655E+2	0,000E+0	4,232E-1	4,133E-1	0,000E+0	3	1111
693,198	39,700	40,500	8,020E+1	0,000E+0	1,662E+2	1,655E+2	0,000E+0	4,232E-1	4,133E-1	0,000E+0	3	1111
694,198	39,200	41,000	8,020E+1	0,000E+0	1,657E+2	1,656E+2	0,000E+0	4,213E-1	4,153E-1	0,000E+0	3	1111
695,197	39,200	41,000	8,020E+1	0,000E+0	1,657E+2	1,656E+2	0,000E+0	4,213E-1	4,153E-1	0,000E+0	3	1111
696,199	38,600	41,600	8,020E+1	0,000E+0	1,655E+2	1,668E+2	0,000E+0	4,155E-1	4,210E-1	0,000E+0	3	1111
697,200	38,600	41,600	8,020E+1	0,000E+0	1,655E+2	1,668E+2	0,000E+0	4,155E-1	4,210E-1	0,000E+0	3	1111
698,201	39,700	40,300	8,000E+1	0,000E+0	1,670E+2	1,656E+2	0,000E+0	4,201E-1	4,109E-1	0,000E+0	3	1111
699,202	39,400	40,200	7,960E+1	0,000E+0	1,670E+2	1,654E+2	0,000E+0	4,171E-1	4,091E-1	0,000E+0	3	1111
700,201	39,400	40,200	7,960E+1	0,000E+0	1,670E+2	1,654E+2	0,000E+0	4,171E-1	4,091E-1	0,000E+0	3	1111
701,202	39,600	40,700	8,030E+1	0,000E+0	1,662E+2	1,655E+2	0,000E+0	4,228E-1	4,164E-1	0,000E+0	3	1111
702,202	39,200	40,700	7,990E+1	0,000E+0	1,661E+2	1,661E+2	0,000E+0	4,186E-1	4,140E-1	0,000E+0	3	1111
703,203	39,100	40,600	7,970E+1	0,000E+0	1,662E+2	1,658E+2	0,000E+0	4,164E-1	4,123E-1	0,000E+0	3	1111
704,203	39,300	41,100	8,040E+1	0,000E+0	1,657E+2	1,661E+2	0,000E+0	4,216E-1	4,186E-1	0,000E+0	2	1111
705,203	38,900	41,100	8,000E+1	0,000E+0	1,656E+2	1,661E+2	0,000E+0	4,169E-1	4,182E-1	0,000E+0	2	1111
706,204	39,300	40,600	7,990E+1	0,000E+0	1,664E+2	1,657E+2	0,000E+0	4,199E-1	4,122E-1	0,000E+0	2	1111
707,204	39,300	40,600	7,990E+1	0,000E+0	1,664E+2	1,657E+2	0,000E+0	4,199E-1	4,122E-1	0,000E+0	2	1111
708,205	39,300	40,900	8,020E+1	0,000E+0	1,663E+2	1,659E+2	0,000E+0	4,190E-1	4,146E-1	0,000E+0	2	1111
709,205	39,300	40,900	8,020E+1	0,000E+0	1,663E+2	1,659E+2	0,000E+0	4,190E-1	4,146E-1	0,000E+0	2	1111
710,205	39,300	40,900	8,020E+1	0,000E+0	1,663E+2	1,659E+2	0,000E+0	4,190E-1	4,146E-1	0,000E+0	2	1111
711,205	39,300	40,900	8,020E+1	0,000E+0	1,663E+2	1,659E+2	0,000E+0	4,190E-1	4,146E-1	0,000E+0	2	1111
712,204	39,300	40,900	8,020E+1	0,000E+0	1,663E+2	1,659E+2	0,000E+0	4,190E-1	4,146E-1	0,000E+0	2	1111
713,206	39,500	40,300	7,980E+1	0,000E+0	1,663E+2	1,655E+2	0,000E+0	4,207E-1	4,100E-1	0,000E+0	2	1111
714,207	39,500	40,300	7,980E+1	0,000E+0	1,663E+2	1,655E+2	0,000E+0	4,207E-1	4,100E-1	0,000E+0	2	1111
715,207	39,500	40,300	7,980E+1	0,000E+0	1,663E+2	1,655E+2	0,000E+0	4,207E-1	4,100E-1	0,000E+0	2	1111
716,207	39,300	40,700	8,000E+1	0,000E+0	1,655E+2	1,658E+2	0,000E+0	4,235E-1	4,174E-1	0,000E+0	2	1111
717,207	39,300	40,700	8,000E+1	0,000E+0	1,655E+2	1,658E+2	0,000E+0	4,235E-1	4,174E-1	0,000E+0	2	1111
718,208	39,300	40,700	8,000E+1	0,000E+0	1,655E+2	1,658E+2	0,000E+0	4,235E-1	4,174E-1	0,000E+0	2	1111
719,207	38,800	41,000	7,980E+1	0,000E+0	1,644E+2	1,662E+2	0,000E+0	4,208E-1	4,207E-1	0,000E+0	2	1111
720,208	38,900	41,200	8,010E+1	0,000E+0	1,649E+2	1,662E+2	0,000E+0	4,194E-1	4,206E-1	0,000E+0	2	1111
721,209	38,900	41,300	8,020E+1	0,000E+0	1,653E+2	1,663E+2	0,000E+0	4,176E-1	4,215E-1	0,000E+0	2	1111
722,209	39,700	40,200	7,990E+1	0,000E+0	1,664E+2	1,654E+2	0,000E+0	4,219E-1	4,111E-1	0,000E+0	1	1111
723,209	39,100	40,700	7,980E+1	0,000E+0	1,662E+2	1,661E+2	0,000E+0	4,174E-1	4,146E-1	0,000E+0	1	1111
724,209	39,100	40,900	8,000E+1	0,000E+0	1,657E+2	1,661E+2	0,000E+0	4,197E-1	4,169E-1	0,000E+0	1	1111
725,209	39,000	40,900	7,990E+1	0,000E+0	1,662E+2	1,661E+2	0,000E+0	4,156E-1	4,135E-1	0,000E+0	1	1111
726,209	39,700	40,400	8,010E+1	0,000E+0	1,665E+2	1,655E+2	0,000E+0	4,215E-1	4,106E-1	0,000E+0	1	1111
727,210	39,700	40,400	8,010E+1	0,000E+0	1,665E+2	1,655E+2	0,000E+0	4,215E-1	4,106E-1	0,000E+0	1	1111
728,210	39,700	40,400	8,010E+1	0,000E+0	1,665E+2	1,655E+2	0,000E+0	4,215E-1	4,106E-1	0,000E+0	1	1111
729,210	39,700	40,400	8,010E+1	0,000E+0	1,665E+2	1,655E+2	0,000E+0	4,215E-1	4,106E-1	0,000E+0	1	1111
730,211	39,600	40,300	7,990E+1	0,000E+0	1,660E+2	1,655E+2	0,000E+0	4,218E-1	4,123E-1	0,000E+0	1	1111
731,211	39,600	40,300	7,990E+1	0,000E+0	1,660E+2	1,655E+2	0,000E+0	4,218E-1	4,123E-1	0,000E+0	1	1111
732,211	39,600	40,300	7,990E+1	0,000E+0	1,660E+2	1,655E+2	0,000E+0	4,218E-1	4,123E-1	0,000E+0	1	1111
733,210	39,600	40,300	7,990E+1	0,000E+0	1,660E+2	1,655E+2	0,000E+0	4,218E-1	4,123E-1	0,000E+0	1	1111
734,212	39,700	40,500	8,020E+1	0,000E+0	1,668E+2	1,653E+2	0,000E+0	4,201E-1	4,122E-1	0,000E+0	1	1111
735,212	39,700	40,500	8,020E+1	0,000E+0	1,668E+2	1,653E+2	0,000E+0	4,201E-1	4,122E-1	0,000E+0	1	1111
736,213	39,800	40,000	7,980E+1	0,000E+0	1,664E+2	1,650E+2	0,000E+0	4,218E-1	4,096E-1	0,000E+0	1	1111
737,213	39,800	40,000	7,980E+1	0,000E+0	1,664E+2	1,650E+2	0,000E+0	4,218E-1	4,096E-1	0,000E+0	1	1111
738,215	39,100	40,900	8,000E+1	0,000E+0	1,661E+2	1,658E+2	0,000E+0	4,194E-1	4,146E-1	0,000E+0	0	1111
739,215	39,800	40,000	7,980E+1	0,000E+0	1,671E+2	1,650E+2	0,000E+0	4,206E-1	4,079E-1	0,000E+0	0	1111
740,216	38,600	41,500	8,010E+1	0,000E+0	1,652E+2	1,662E+2	0,000E+0	4,168E-1	4,199E-1	0,000E+0	0	1111
741,216	39,000	41,100	8,010E+1	0,000E+0	1,655E+2	1,657E+2	0,000E+0	4,185E-1	4,177E-1	0,000E+0	0	1111
742,216	39,000	41,100	8,010E+1	0,000E+0	1,655E+2	1,657E+2	0,000E+0	4,185E-1	4,177E-1	0,000E+0	0	1111
743,216	39,200	40,900	8,010E+1	0,000E+0	1,665E+2	1,658E+2	0,000E+0	4,170E-1	4,135E-1	0,000E+0	0	1111
744,215	39,200	40,900	8,010E+1	0,000E+0	1,665E+2	1,658E+2	0,000E+0	4,170E-1	4,135E-1	0,000E+0	0	1111
745,216	39,200	40,900	8,010E+1	0,000E+0	1,665E+2	1,658E+2	0,000E+0	4,170E-1	4,135E-1	0,000E+0	0	1111
746,216	39,200	40,900	8,010E+1	0,000E+0	1,665E+2	1,658E+2	0,000E+0	4,170E-1	4,135E-1	0,000E+0	0	1111
747,217	39,200	40,900	8,010E+1	0,000E+0	1,665E+2	1,658E+2	0,000E+0	4,170E-1	4,135E-1	0,000E+0	0	1111
748,217	39,200	40,900	8,010E+1	0,000E+0	1,665E+2	1,658E+2	0,000E+0	4,170E-1	4,135E-1	0,000E+0	0	1111
749,216	39,200	40,900	8,010E+1	0,000E+0	1,665E+2	1,658E+2	0,000E+0	4,170E-1	4,135E-1	0,000E+0	0	1111
750,217	38,900	41,200	8,010E+1	0,000E+0	1,660E+2	1,665E+2	0,000E+0	4,156E-1	4,173E-1	0,000E+0	0	1111
751,216	38,900	41,200	8,010E+1	0,000E+0	1,660E+2	1,665E+2	0,000E+0	4,156E-1	4,173E-1	0,000E+0	0	1111
752,216	39,200	40,800	8,000E+1	0,000E+0	1,660E+2	1,660E+2	0,000E+0	4,186E-1	4,145E-1	0,000E+0	0	1111
753,217	39,200	40,800	8,000E+1	0,000E+0	1,660E+2	1,660E+2	0,000E+0	4,186E-1	4,145E-1	0,000E+0	0	1111
754,217	38,800	40,900	7,970E+1	0,000E+0	1,654E+2	1,661E+2	0,000E+0	4,159E-1	4,159E-1	0,000E+0	0	1111
755,217	40,300	39,900	8,020E+1	0,000E+0	1,669E+2	1,648E+2	0,000E+0	4,245E-1	4,076E-1	0,000E+0	0	1111
756,218	40,300	39,900	8,020E+1	0,000E+0	1,669E+2	1,648E+2	0,000E+0	4,245E-1	4,076E-1	0,000E+0	0	1111
757,217	38,900	41,100	8,000E+1	0,000E+0	1,659E+2	1,659E+2	0,000E+0	4,168E-1	4,154E-1	0,000E+0	0	1111
758,218	21,700	20,500	4,220E+1	0,000E+0	1,627E+2	1,627E+2	0,000E+0	2,376E-1	2,360E-1	0,000E+0	0	1111
759,217	21,700	20,500	4,220E+1	0,000E+0	1,627E+2	1,627E+2	0,000E+0	2,376E-1	2,360E-1	0,000E+0	0	1111
760,218	19,400	17,500	3,690E+1	0,000E+0	1,603E+2	1,600E+2	0,000E+0	2,067E-1	2,037E-1	0,000E+0	0	1111
761,218	19,800	17,900	3,770E+1	0,000E+0	1,605E+2	1,601E+2	0,000E+0	2,093E-1	2,064E-1	0,000E+0	0	1111
762,218	20,000	18,000	3,800E+1	0,000E+0	1,606E+2	1,603E+2	0,000E+0	2,111E-1	2,084E-1	0,000E+0	0	1111
763,218	20,100	17,900	3,800E+1	0,000E+0	1,604E+2	1,603E+2	0,000E+0	2,123E-1	2,071E-1	0,000E+0	0	1111
764,217	19,800	18,000	3,780E+1	0,000E+0	1,605E+2	1,603E+2	0,000E+0	2,097E-1	2,074E-1	0,000E+0	0	1111
765,218	17,200	15,900	3,310E+1	0,000E+0	1,600E+2	1,606E+2	0,000E+0	1,881E-1	1,879E-1	0,000E+0	0	1111
766,219	11,800	10,700	2,250E+1	0,000E+0	1,572E+2	1,576E+2	0,000E+0	1,353E-1	1,344E-1	0,000E+0	0	1111
767,219	12,200	11,000	2,320E+1	0,000E+0	1,565E+2	1,566E+2	0,000E+0	1,412E-1	1,398E-1	0,000E+0	0	1111
768,219	13,400	12,100	2,550E+1	0,000E+0	1,579E+2	1,577E+2	0,000E+0	1,521E-1	1,503E-1	0,000E+0	0	1111
769,219	12,300	11,200	2,350E+1	0,000E+0	1,579E+2	1,580E+2	0,000E+0	1,396E-1	1,388E-1	0,000E+0	0	1111
770,219	12,300	11,200	2,350E+1	0,000E+0	1,579E+2	1,580E+2	0,000E+0	1,396E-1	1,388E-1	0,000E+0	0	1111
771,218	11,100	10,000	2,110E+1	0,000E+0	1,563E+2	1,564E+2	0,000E+0	1,292E-1	1,279E-1	0,000E+0	0	1111
772,219	11,700	10,500	2,220E+1	0,000E+0	1,558E+2	1,560E+2	0,000E+0	1,357E-1	1,345E-1	0,000E+0	0	1111
773,220	12,200	11,000	2,320E+1	0,000E+0	1,572E+2	1,571E+2	0,000E+0	1,399E-1	1,380E-1	0,000E+0	0	1111
774,220	11,700	10,600	2,230E+1	0,000E+0	1,567E+2	1,568E+2	0,000E+0	1,347E-1	1,337E-1	0,000E+0	0	1111
775,220	11,300	10,500	2,180E+1	0,000E+0	1,561E+2	1,565E+2	0,000E+0	1,322E-1	1,325E-1	0,000E+0	0	1111
776,221	11,700	10,600	2,230E+1	0,000E+0	1,566E+2	1,564E+2	0,000E+0	1,359E-1	1,349E-1	0,000E+0	0	1111
777,221	11,700	10,600	2,230E+1	0,000E+0	1,566E+2	1,569E+2	0,000E+0	1,350E-1	1,346E-1	0,000E+0	0	1111
778,221	11,100	10,000	2,110E+1	0,000E+0	1,561E+2	1,561E+2	0,000E+0	1,287E-1	1,280E-1	0,000E+0	0	1111
779,222	10,700	9,700	2,040E+1	0,000E+0	1,551E+2	1,553E+2	0,000E+0	1,259E-1	1,255E-1	0,000E+0	0	1111
780,222	11,000	10,000	2,100E+1	0,000E+0	1,555E+2	1,560E+2	0,000E+0	1,295E-1	1,289E-1	0,000E+0	0	1111
781,223	10,800	10,000	2,080E+1	0,000E+0	1,553E+2	1,557E+2	0,000E+0	1,273E-1	1,276E-1	0,000E+0	0	1111
782,222	10,800	10,000	2,080E+1	0,000E+0	1,553E+2	1,557E+2	0,000E+0	1,273E-1	1,276E-1	0,000E+0	0	1111
783,223	0,600	0,300	9,000E-1	0,000E+0	1,042E+2	1,042E+2	0,000E+0	0,000E+0	0,000E+0	0,000E+0	0	1111
784,222	0,100	0,200	3,000E-1	0,000E+0	7,905E+1	7,896E+1	0,000E+0	0,000E+0	0,000E+0	0,000E+0	0	1111
785,223	0,200	0,200	4,000E-1	0,000E+0	6,304E+1	6,298E+1	0,000E+0	0,000E+0	0,000E+0	0,000E+0	0	1111
786,224	0,100	0,100	2,000E-1	0,000E+0	4,905E+1	4,887E+1	0,000E+0	0,000E+0	0,000E+0	0,000E+0	0	1111
787,224	0,000	0,000	0,000E+0	0,000E+0	3,678E+1	3,660E+1	0,000E+0	0,000E+0	0,000E+0	0,000E+0	0	1111
