t	PL(A)	PL(B)	PL(T)	PL(E)	V(A)	V(B)	V(E)	I(A)	I(B)	I(E)	n_bracos	n_res
86,029	0,000	0,000	0,000E+0	0,000E+0	0,000E+0	0,000E+0	0,000E+0	0,000E+0	0,000E+0	0,000E+0	7	1100
0,004	0,000	0,000	0,000E+0	0,000E+0	0,000E+0	0,000E+0	0,000E+0	0,000E+0	0,000E+0	0,000E+0	7	1100
1,003	0,000	0,000	0,000E+0	0,000E+0	0,000E+0	0,000E+0	0,000E+0	0,000E+0	0,000E+0	0,000E+0	7	1100
2,004	0,000	0,000	0,000E+0	0,000E+0	0,000E+0	0,000E+0	0,000E+0	0,000E+0	0,000E+0	0,000E+0	7	1100
3,004	0,000	0,000	0,000E+0	0,000E+0	0,000E+0	0,000E+0	0,000E+0	0,000E+0	0,000E+0	0,000E+0	7	1100
4,003	0,000	0,000	0,000E+0	0,000E+0	0,000E+0	0,000E+0	0,000E+0	0,000E+0	0,000E+0	0,000E+0	7	1100
5,005	0,000	0,000	0,000E+0	0,000E+0	0,000E+0	0,000E+0	0,000E+0	0,000E+0	0,000E+0	0,000E+0	7	1100
6,004	0,000	0,000	0,000E+0	0,000E+0	0,000E+0	0,000E+0	0,000E+0	0,000E+0	0,000E+0	0,000E+0	7	1100
7,006	0,000	0,000	0,000E+0	0,000E+0	0,000E+0	0,000E+0	0,000E+0	0,000E+0	0,000E+0	0,000E+0	7	1100
8,006	0,000	0,000	0,000E+0	0,000E+0	0,000E+0	0,000E+0	0,000E+0	0,000E+0	0,000E+0	0,000E+0	7	1100
9,007	0,000	0,000	0,000E+0	0,000E+0	0,000E+0	0,000E+0	0,000E+0	0,000E+0	0,000E+0	0,000E+0	7	1100
10,007	0,000	0,000	0,000E+0	0,000E+0	0,000E+0	0,000E+0	0,000E+0	0,000E+0	0,000E+0	0,000E+0	7	1100
11,007	0,000	0,000	0,000E+0	0,000E+0	0,000E+0	0,000E+0	0,000E+0	0,000E+0	0,000E+0	0,000E+0	7	1100
12,008	0,000	0,000	0,000E+0	0,000E+0	0,000E+0	0,000E+0	0,000E+0	0,000E+0	0,000E+0	0,000E+0	7	1100
13,007	0,000	0,000	0,000E+0	0,000E+0	0,000E+0	0,000E+0	0,000E+0	0,000E+0	0,000E+0	0,000E+0	7	1100
14,008	0,000	0,000	0,000E+0	0,000E+0	0,000E+0	0,000E+0	0,000E+0	0,000E+0	0,000E+0	0,000E+0	7	1100
15,007	0,000	0,000	0,000E+0	0,000E+0	0,000E+0	0,000E+0	0,000E+0	0,000E+0	0,000E+0	0,000E+0	7	1100
16,008	0,000	0,000	0,000E+0	0,000E+0	0,000E+0	0,000E+0	0,000E+0	0,000E+0	0,000E+0	0,000E+0	7	1100
17,008	0,000	0,000	0,000E+0	0,000E+0	0,000E+0	0,000E+0	0,000E+0	0,000E+0	0,000E+0	0,000E+0	7	1100
18,007	0,000	0,000	0,000E+0	0,000E+0	0,000E+0	0,000E+0	0,000E+0	0,000E+0	0,000E+0	0,000E+0	7	1100
19,009	0,000	34,800	3,480E+1	0,000E+0	4,343E+1	5,978E+1	0,000E+0	0,000E+0	2,889E+0	0,000E+0	7	1100
20,008	0,100	118,700	1,188E+2	0,000E+0	5,415E+1	8,631E+1	0,000E+0	0,000E+0	5,397E+0	0,000E+0	7	1100
21,009	25,500	29,000	5,450E+1	0,000E+0	1,174E+2	1,193E+2	0,000E+0	9,160E-1	8,689E-1	0,000E+0	7	1100
22,009	34,200	42,400	7,660E+1	0,000E+0	1,795E+2	1,795E+2	0,000E+0	4,801E-1	4,744E-1	0,000E+0	7	1100
23,010	8,900	8,300	1,720E+1	0,000E+0	1,686E+2	1,686E+2	0,000E+0	9,290E-2	9,200E-2	0,000E+0	7	1100
24,011	9,700	8,900	1,860E+1	0,000E+0	1,611E+2	1,609E+2	0,000E+0	1,082E-1	1,068E-1	0,000E+0	7	1100
25,010	16,500	15,400	3,190E+1	0,000E+0	1,661E+2	1,659E+2	0,000E+0	1,672E-1	1,665E-1	0,000E+0	7	1100
26,011	16,500	15,400	3,190E+1	0,000E+0	1,710E+2	1,709E+2	0,000E+0	1,601E-1	1,589E-1	0,000E+0	7	1100
27,010	13,500	12,700	2,620E+1	0,000E+0	1,700E+2	1,701E+2	0,000E+0	1,343E-1	1,328E-1	0,000E+0	7	1100
28,011	13,500	12,600	2,610E+1	0,000E+0	1,690E+2	1,691E+2	0,000E+0	1,356E-1	1,336E-1	0,000E+0	7	1100
29,010	14,700	13,700	2,840E+1	0,000E+0	1,700E+2	1,700E+2	0,000E+0	1,452E-1	1,432E-1	0,000E+0	7	1100
30,010	14,700	13,700	2,840E+1	0,000E+0	1,700E+2	1,700E+2	0,000E+0	1,452E-1	1,432E-1	0,000E+0	7	1100
31,011	14,200	13,300	2,750E+1	0,000E+0	1,696E+2	1,695E+2	0,000E+0	1,411E-1	1,397E-1	0,000E+0	7	1100
32,010	14,400	13,400	2,780E+1	0,000E+0	1,704E+2	1,694E+2	0,000E+0	1,424E-1	1,415E-1	0,000E+0	7	1100
33,011	14,400	13,400	2,780E+1	0,000E+0	1,704E+2	1,694E+2	0,000E+0	1,424E-1	1,415E-1	0,000E+0	7	1100
34,010	14,300	13,400	2,770E+1	0,000E+0	1,699E+2	1,696E+2	0,000E+0	1,423E-1	1,404E-1	0,000E+0	7	1100
35,011	14,300	13,200	2,750E+1	0,000E+0	1,699E+2	1,695E+2	0,000E+0	1,413E-1	1,388E-1	0,000E+0	7	1100
36,011	14,200	13,100	2,730E+1	0,000E+0	1,696E+2	1,695E+2	0,000E+0	1,411E-1	1,385E-1	0,000E+0	7	1100
37,011	14,400	13,300	2,770E+1	0,000E+0	1,698E+2	1,695E+2	0,000E+0	1,426E-1	1,409E-1	0,000E+0	7	1100
38,012	14,200	13,200	2,740E+1	0,000E+0	1,698E+2	1,696E+2	0,000E+0	1,413E-1	1,393E-1	0,000E+0	7	1100
39,012	14,300	13,300	2,760E+1	0,000E+0	1,697E+2	1,694E+2	0,000E+0	1,422E-1	1,403E-1	0,000E+0	7	1100
40,013	14,300	13,300	2,760E+1	0,000E+0	1,697E+2	1,694E+2	0,000E+0	1,422E-1	1,403E-1	0,000E+0	7	1100
41,013	14,300	13,400	2,770E+1	0,000E+0	1,699E+2	1,696E+2	0,000E+0	1,420E-1	1,410E-1	0,000E+0	7	1100
42,014	14,400	13,300	2,770E+1	0,000E+0	1,698E+2	1,696E+2	0,000E+0	1,429E-1	1,407E-1	0,000E+0	7	1100
43,014	14,200	13,300	2,750E+1	0,000E+0	1,704E+2	1,702E+2	0,000E+0	1,415E-1	1,398E-1	0,000E+0	7	1100
44,014	14,200	13,300	2,750E+1	0,000E+0	1,704E+2	1,702E+2	0,000E+0	1,415E-1	1,398E-1	0,000E+0	7	1100
45,015	14,000	13,000	2,700E+1	0,000E+0	1,700E+2	1,696E+2	0,000E+0	1,402E-1	1,374E-1	0,000E+0	7	1100
46,014	14,200	13,300	2,750E+1	0,000E+0	1,701E+2	1,699E+2	0,000E+0	1,411E-1	1,399E-1	0,000E+0	7	1100
47,015	14,300	13,300	2,760E+1	0,000E+0	1,700E+2	1,699E+2	0,000E+0	1,420E-1	1,399E-1	0,000E+0	7	1100
48,014	14,400	13,400	2,780E+1	0,000E+0	1,700E+2	1,701E+2	0,000E+0	1,426E-1	1,406E-1	0,000E+0	7	1100
49,015	14,300	13,300	2,760E+1	0,000E+0	1,701E+2	1,699E+2	0,000E+0	1,417E-1	1,400E-1	0,000E+0	7	1100
50,015	14,300	13,300	2,760E+1	0,000E+0	1,701E+2	1,699E+2	0,000E+0	1,417E-1	1,400E-1	0,000E+0	7	1100
51,014	14,300	13,300	2,760E+1	0,000E+0	1,698E+2	1,697E+2	0,000E+0	1,418E-1	1,402E-1	0,000E+0	7	1100
52,015	14,300	13,200	2,750E+1	0,000E+0	1,700E+2	1,695E+2	0,000E+0	1,413E-1	1,396E-1	0,000E+0	7	1100
53,015	14,200	13,300	2,750E+1	0,000E+0	1,699E+2	1,698E+2	0,000E+0	1,416E-1	1,397E-1	0,000E+0	7	1100
54,016	14,100	13,200	2,730E+1	0,000E+0	1,699E+2	1,698E+2	0,000E+0	1,408E-1	1,389E-1	0,000E+0	7	1100
55,015	14,200	13,300	2,750E+1	0,000E+0	1,698E+2	1,698E+2	0,000E+0	1,417E-1	1,400E-1	0,000E+0	7	1100
56,016	14,300	13,200	2,750E+1	0,000E+0	1,701E+2	1,697E+2	0,000E+0	1,423E-1	1,394E-1	0,000E+0	7	1100
57,017	14,300	13,300	2,760E+1	0,000E+0	1,700E+2	1,698E+2	0,000E+0	1,421E-1	1,406E-1	0,000E+0	7	1100
58,016	14,300	13,300	2,760E+1	0,000E+0	1,699E+2	1,699E+2	0,000E+0	1,417E-1	1,395E-1	0,000E+0	7	1100
60,016	14,400	13,300	2,770E+1	0,000E+0	1,699E+2	1,697E+2	0,000E+0	1,427E-1	1,402E-1	0,000E+0	7	1100
60,016	14,100	13,200	2,730E+1	0,000E+0	1,698E+2	1,697E+2	0,000E+0	1,405E-1	1,389E-1	0,000E+0	7	1100
61,018	14,100	13,200	2,730E+1	0,000E+0	1,698E+2	1,697E+2	0,000E+0	1,405E-1	1,389E-1	0,000E+0	7	1100
62,019	14,100	13,300	2,740E+1	0,000E+0	1,697E+2	1,698E+2	0,000E+0	1,405E-1	1,393E-1	0,000E+0	7	1100
63,018	14,100	13,100	2,720E+1	0,000E+0	1,699E+2	1,696E+2	0,000E+0	1,404E-1	1,382E-1	0,000E+0	7	1100
64,019	14,200	13,300	2,750E+1	0,000E+0	1,699E+2	1,699E+2	0,000E+0	1,414E-1	1,396E-1	0,000E+0	7	1100
65,018	14,200	13,200	2,740E+1	0,000E+0	1,699E+2	1,696E+2	0,000E+0	1,415E-1	1,392E-1	0,000E+0	7	1100
66,019	14,300	13,300	2,760E+1	0,000E+0	1,698E+2	1,698E+2	0,000E+0	1,422E-1	1,403E-1	0,000E+0	7	1100
67,018	14,300	13,300	2,760E+1	0,000E+0	1,700E+2	1,698E+2	0,000E+0	1,418E-1	1,399E-1	0,000E+0	7	1100
68,019	14,300	13,300	2,760E+1	0,000E+0	1,700E+2	1,698E+2	0,000E+0	1,418E-1	1,399E-1	0,000E+0	7	1100
69,019	14,300	13,400	2,770E+1	0,000E+0	1,698E+2	1,699E+2	0,000E+0	1,424E-1	1,410E-1	0,000E+0	7	1100
70,018	14,200	13,200	2,740E+1	0,000E+0	1,699E+2	1,698E+2	0,000E+0	1,410E-1	1,392E-1	0,000E+0	7	1100
71,019	14,300	13,200	2,750E+1	0,000E+0	1,699E+2	1,696E+2	0,000E+0	1,423E-1	1,395E-1	0,000E+0	7	1100
72,019	14,300	13,200	2,750E+1	0,000E+0	1,699E+2	1,696E+2	0,000E+0	1,423E-1	1,395E-1	0,000E+0	7	1100
73,021	14,300	13,200	2,750E+1	0,000E+0	1,701E+2	1,699E+2	0,000E+0	1,417E-1	1,394E-1	0,000E+0	7	1100
75,022	14,300	13,200	2,750E+1	0,000E+0	1,701E+2	1,699E+2	0,000E+0	1,417E-1	1,394E-1	0,000E+0	7	1100
75,022	14,300	13,200	2,750E+1	0,000E+0	1,699E+2	1,699E+2	0,000E+0	1,420E-1	1,394E-1	0,000E+0	7	1100
76,022	14,300	13,400	2,770E+1	0,000E+0	1,698E+2	1,700E+2	0,000E+0	1,423E-1	1,403E-1	0,000E+0	7	1100
77,022	14,300	13,300	2,760E+1	0,000E+0	1,702E+2	1,699E+2	0,000E+0	1,421E-1	1,402E-1	0,000E+0	7	1100
78,024	14,100	13,200	2,730E+1	0,000E+0	1,699E+2	1,700E+2	0,000E+0	1,407E-1	1,392E-1	0,000E+0	7	1100
79,023	14,200	13,100	2,730E+1	0,000E+0	1,702E+2	1,697E+2	0,000E+0	1,408E-1	1,383E-1	0,000E+0	7	1100
80,025	14,100	13,100	2,720E+1	0,000E+0	1,698E+2	1,697E+2	0,000E+0	1,404E-1	1,388E-1	0,000E+0	7	1100
81,025	14,100	13,200	2,730E+1	0,000E+0	1,698E+2	1,698E+2	0,000E+0	1,408E-1	1,396E-1	0,000E+0	7	1100
82,026	14,300	13,300	2,760E+1	0,000E+0	1,700E+2	1,699E+2	0,000E+0	1,418E-1	1,403E-1	0,000E+0	7	1100
83,026	14,100	13,200	2,730E+1	0,000E+0	1,699E+2	1,700E+2	0,000E+0	1,407E-1	1,390E-1	0,000E+0	7	1100
84,027	14,100	13,200	2,730E+1	0,000E+0	1,699E+2	1,700E+2	0,000E+0	1,407E-1	1,390E-1	0,000E+0	7	1100
85,026	14,300	13,300	2,760E+1	0,000E+0	1,700E+2	1,698E+2	0,000E+0	1,423E-1	1,404E-1	0,000E+0	7	1100
86,026	9,300	8,500	1,780E+1	0,000E+0	1,619E+2	1,614E+2	0,000E+0	1,032E-1	1,023E-1	0,000E+0	7	1100
87,027	5,700	4,900	1,060E+1	0,000E+0	1,467E+2	1,468E+2	0,000E+0	7,460E-2	7,390E-2	0,000E+0	7	1100
88,026	6,600	5,600	1,220E+1	0,000E+0	1,419E+2	1,418E+2	0,000E+0	8,990E-2	8,890E-2	0,000E+0	7	1100
89,027	11,500	10,300	2,180E+1	0,000E+0	1,484E+2	1,484E+2	0,000E+0	1,440E-1	1,431E-1	0,000E+0	7	1100
90,026	15,600	14,300	2,990E+1	0,000E+0	1,570E+2	1,569E+2	0,000E+0	1,745E-1	1,745E-1	0,000E+0	7	1100
91,027	11,300	10,300	2,160E+1	0,000E+0	1,568E+2	1,569E+2	0,000E+0	1,297E-1	1,282E-1	0,000E+0	7	1100
92,027	10,700	9,700	2,040E+1	0,000E+0	1,548E+2	1,547E+2	0,000E+0	1,254E-1	1,245E-1	0,000E+0	7	1100
93,026	11,400	10,200	2,160E+1	0,000E+0	1,550E+2	1,548E+2	0,000E+0	1,328E-1	1,315E-1	0,000E+0	7	1100
94,027	11,400	10,200	2,160E+1	0,000E+0	1,550E+2	1,548E+2	0,000E+0	1,328E-1	1,315E-1	0,000E+0	7	1100
95,028	11,700	10,700	2,240E+1	0,000E+0	1,562E+2	1,563E+2	0,000E+0	1,346E-1	1,344E-1	0,000E+0	7	1100
96,028	11,700	10,700	2,240E+1	0,000E+0	1,562E+2	1,563E+2	0,000E+0	1,346E-1	1,344E-1	0,000E+0	7	1100
97,030	11,400	10,300	2,170E+1	0,000E+0	1,552E+2	1,553E+2	0,000E+0	1,319E-1	1,311E-1	0,000E+0	7	1100
98,029	11,700	10,700	2,240E+1	0,000E+0	1,557E+2	1,558E+2	0,000E+0	1,343E-1	1,339E-1	0,000E+0	7	0001
99,031	11,500	10,400	2,190E+1	0,000E+0	1,558E+2	1,557E+2	0,000E+0	1,332E-1	1,322E-1	0,000E+0	7	0001
100,030	11,500	10,300	2,180E+1	0,000E+0	1,560E+2	1,555E+2	0,000E+0	1,332E-1	1,302E-1	0,000E+0	7	0001
101,031	11,600	10,400	2,200E+1	0,000E+0	1,558E+2	1,555E+2	0,000E+0	1,340E-1	1,320E-1	0,000E+0	7	0001
102,031	11,600	10,400	2,200E+1	0,000E+0	1,558E+2	1,555E+2	0,000E+0	1,340E-1	1,320E-1	0,000E+0	7	0001
103,031	11,600	10,600	2,220E+1	0,000E+0	1,558E+2	1,560E+2	0,000E+0	1,341E-1	1,338E-1	0,000E+0	7	0001
104,032	11,500	10,400	2,190E+1	0,000E+0	1,557E+2	1,555E+2	0,000E+0	1,330E-1	1,311E-1	0,000E+0	7	0001
105,032	11,800	10,400	2,220E+1	0,000E+0	1,560E+2	1,556E+2	0,000E+0	1,350E-1	1,328E-1	0,000E+0	7	0001
106,034	11,500	10,400	2,190E+1	0,000E+0	1,556E+2	1,556E+2	0,000E+0	1,330E-1	1,320E-1	0,000E+0	7	0001
107,033	11,400	10,600	2,200E+1	0,000E+0	1,552E+2	1,554E+2	0,000E+0	1,322E-1	1,331E-1	0,000E+0	7	0001
108,035	11,600	10,600	2,220E+1	0,000E+0	1,556E+2	1,557E+2	0,000E+0	1,340E-1	1,334E-1	0,000E+0	7	0001
109,035	12,100	10,900	2,300E+1	0,000E+0	1,560E+2	1,560E+2	0,000E+0	1,387E-1	1,375E-1	0,000E+0	7	0001
110,034	12,100	11,200	2,330E+1	0,000E+0	1,562E+2	1,564E+2	0,000E+0	1,389E-1	1,393E-1	0,000E+0	7	0001
111,035	12,200	10,900	2,310E+1	0,000E+0	1,560E+2	1,562E+2	0,000E+0	1,394E-1	1,375E-1	0,000E+0	7	0001
112,034	12,600	11,300	2,390E+1	0,000E+0	1,563E+2	1,566E+2	0,000E+0	1,433E-1	1,419E-1	0,000E+0	7	0001
113,035	12,600	11,300	2,390E+1	0,000E+0	1,563E+2	1,566E+2	0,000E+0	1,433E-1	1,419E-1	0,000E+0	7	0001
114,035	13,000	11,800	2,480E+1	0,000E+0	1,568E+2	1,569E+2	0,000E+0	1,472E-1	1,469E-1	0,000E+0	7	0001
115,035	13,300	12,400	2,570E+1	0,000E+0	1,577E+2	1,572E+2	0,000E+0	1,519E-1	1,504E-1	0,000E+0	7	0001
116,036	13,600	12,200	2,580E+1	0,000E+0	1,574E+2	1,572E+2	0,000E+0	1,529E-1	1,504E-1	0,000E+0	7	0001
117,035	14,200	12,900	2,710E+1	0,000E+0	1,573E+2	1,574E+2	0,000E+0	1,597E-1	1,587E-1	0,000E+0	7	0001
118,036	14,200	12,900	2,710E+1	0,000E+0	1,573E+2	1,574E+2	0,000E+0	1,597E-1	1,587E-1	0,000E+0	7	0001
119,035	14,600	13,000	2,760E+1	0,000E+0	1,576E+2	1,578E+2	0,000E+0	1,623E-1	1,585E-1	0,000E+0	7	0001
120,036	15,300	13,800	2,910E+1	0,000E+0	1,581E+2	1,580E+2	0,000E+0	1,689E-1	1,669E-1	0,000E+0	7	0001
121,036	15,800	14,500	3,030E+1	0,000E+0	1,584E+2	1,583E+2	0,000E+0	1,738E-1	1,735E-1	0,000E+0	7	0001
122,038	16,700	15,400	3,210E+1	0,000E+0	1,583E+2	1,588E+2	0,000E+0	1,819E-1	1,820E-1	0,000E+0	7	0001
123,038	18,000	16,400	3,440E+1	0,000E+0	1,587E+2	1,589E+2	0,000E+0	1,927E-1	1,924E-1	0,000E+0	7	0001
124,037	19,200	17,400	3,660E+1	0,000E+0	1,594E+2	1,590E+2	0,000E+0	2,032E-1	2,010E-1	0,000E+0	7	0001
125,039	20,900	19,000	3,990E+1	0,000E+0	1,599E+2	1,595E+2	0,000E+0	2,197E-1	2,165E-1	0,000E+0	7	0001
126,039	21,400	21,000	4,240E+1	0,000E+0	1,601E+2	1,606E+2	0,000E+0	2,259E-1	2,317E-1	0,000E+0	7	0001
127,041	23,300	22,000	4,530E+1	0,000E+0	1,606E+2	1,606E+2	0,000E+0	2,454E-1	2,437E-1	0,000E+0	7	0001
128,042	24,500	23,500	4,800E+1	0,000E+0	1,611E+2	1,607E+2	0,000E+0	2,569E-1	2,551E-1	0,000E+0	7	0001
129,041	25,600	25,200	5,080E+1	0,000E+0	1,614E+2	1,613E+2	0,000E+0	2,692E-1	2,731E-1	0,000E+0	7	0001
130,042	28,000	27,900	5,590E+1	0,000E+0	1,618E+2	1,621E+2	0,000E+0	2,951E-1	2,976E-1	0,000E+0	7	0001
131,042	28,000	27,900	5,590E+1	0,000E+0	1,618E+2	1,621E+2	0,000E+0	2,951E-1	2,976E-1	0,000E+0	7	0001
132,043	29,000	28,900	5,790E+1	0,000E+0	1,622E+2	1,624E+2	0,000E+0	3,054E-1	3,057E-1	0,000E+0	7	0001
133,042	30,100	30,300	6,040E+1	0,000E+0	1,628E+2	1,626E+2	0,000E+0	3,152E-1	3,164E-1	0,000E+0	7	0001
134,043	32,000	31,200	6,320E+1	0,000E+0	1,631E+2	1,624E+2	0,000E+0	3,347E-1	3,271E-1	0,000E+0	7	0001
135,043	32,700	32,600	6,530E+1	0,000E+0	1,631E+2	1,627E+2	0,000E+0	3,457E-1	3,418E-1	0,000E+0	7	0001
136,042	34,000	33,800	6,780E+1	0,000E+0	1,639E+2	1,635E+2	0,000E+0	3,558E-1	3,526E-1	0,000E+0	7	0001
137,043	34,100	34,600	6,870E+1	0,000E+0	1,630E+2	1,634E+2	0,000E+0	3,648E-1	3,561E-1	0,000E+0	7	0001
138,043	34,900	35,300	7,020E+1	0,000E+0	1,636E+2	1,634E+2	0,000E+0	3,700E-1	3,660E-1	0,000E+0	7	0001
139,044	35,100	35,900	7,100E+1	0,000E+0	1,637E+2	1,638E+2	0,000E+0	3,722E-1	3,692E-1	0,000E+0	7	0001
140,044	35,900	36,100	7,200E+1	0,000E+0	1,638E+2	1,638E+2	0,000E+0	3,826E-1	3,754E-1	0,000E+0	7	0001
141,045	35,900	36,100	7,200E+1	0,000E+0	1,638E+2	1,638E+2	0,000E+0	3,826E-1	3,754E-1	0,000E+0	7	0001
142,045	36,400	38,000	7,440E+1	0,000E+0	1,646E+2	1,654E+2	0,000E+0	3,893E-1	3,826E-1	0,000E+0	7	0001
143,044	37,400	37,400	7,480E+1	0,000E+0	1,651E+2	1,635E+2	0,000E+0	3,930E-1	3,830E-1	0,000E+0	7	0001
144,045	37,400	37,400	7,480E+1	0,000E+0	1,651E+2	1,635E+2	0,000E+0	3,930E-1	3,830E-1	0,000E+0	7	0001
145,044	38,000	37,300	7,530E+1	0,000E+0	1,655E+2	1,632E+2	0,000E+0	3,986E-1	3,805E-1	0,000E+0	7	0001
146,044	37,800	38,100	7,590E+1	0,000E+0	1,651E+2	1,640E+2	0,000E+0	3,975E-1	3,894E-1	0,000E+0	7	0001
147,045	37,800	38,100	7,590E+1	0,000E+0	1,651E+2	1,640E+2	0,000E+0	3,975E-1	3,894E-1	0,000E+0	7	0001
148,044	38,300	38,600	7,690E+1	0,000E+0	1,654E+2	1,639E+2	0,000E+0	4,042E-1	3,938E-1	0,000E+0	7	0001
149,046	37,800	39,200	7,700E+1	0,000E+0	1,647E+2	1,644E+2	0,000E+0	4,024E-1	3,994E-1	0,000E+0	7	0001
150,046	38,400	39,000	7,740E+1	0,000E+0	1,648E+2	1,641E+2	0,000E+0	4,063E-1	3,998E-1	0,000E+0	7	0001
151,048	37,700	39,800	7,750E+1	0,000E+0	1,645E+2	1,648E+2	0,000E+0	4,016E-1	4,044E-1	0,000E+0	7	0001
152,049	39,100	39,100	7,820E+1	0,000E+0	1,659E+2	1,638E+2	0,000E+0	4,115E-1	3,963E-1	0,000E+0	7	0001
153,049	38,800	39,100	7,790E+1	0,000E+0	1,653E+2	1,640E+2	0,000E+0	4,102E-1	3,985E-1	0,000E+0	7	0001
154,051	38,200	40,000	7,820E+1	0,000E+0	1,647E+2	1,648E+2	0,000E+0	4,069E-1	4,049E-1	0,000E+0	7	0001
155,051	38,800	39,800	7,860E+1	0,000E+0	1,651E+2	1,643E+2	0,000E+0	4,095E-1	4,023E-1	0,000E+0	7	0001
156,052	38,500	40,200	7,870E+1	0,000E+0	1,648E+2	1,648E+2	0,000E+0	4,096E-1	4,075E-1	0,000E+0	7	0001
157,051	39,000	39,500	7,850E+1	0,000E+0	1,651E+2	1,641E+2	0,000E+0	4,119E-1	4,069E-1	0,000E+0	7	0001
158,053	39,500	39,400	7,890E+1	0,000E+0	1,657E+2	1,636E+2	0,000E+0	4,162E-1	4,027E-1	0,000E+0	7	0001
159,052	39,300	40,100	7,940E+1	0,000E+0	1,657E+2	1,650E+2	0,000E+0	4,146E-1	4,103E-1	0,000E+0	7	0001
160,053	39,000	40,000	7,900E+1	0,000E+0	1,655E+2	1,648E+2	0,000E+0	4,146E-1	4,068E-1	0,000E+0	7	0001
161,052	38,600	40,200	7,880E+1	0,000E+0	1,649E+2	1,649E+2	0,000E+0	4,127E-1	4,112E-1	0,000E+0	7	0001
162,053	38,600	40,200	7,880E+1	0,000E+0	1,649E+2	1,649E+2	0,000E+0	4,127E-1	4,112E-1	0,000E+0	7	0001
163,053	38,600	40,700	7,930E+1	0,000E+0	1,652E+2	1,653E+2	0,000E+0	4,100E-1	4,108E-1	0,000E+0	7	0001
164,052	39,500	39,900	7,940E+1	0,000E+0	1,655E+2	1,643E+2	0,000E+0	4,166E-1	4,099E-1	0,000E+0	7	0001
165,053	38,300	40,900	7,920E+1	0,000E+0	1,634E+2	1,649E+2	0,000E+0	4,153E-1	4,154E-1	0,000E+0	7	0001
166,052	38,800	40,400	7,920E+1	0,000E+0	1,646E+2	1,645E+2	0,000E+0	4,142E-1	4,120E-1	0,000E+0	7	0001
167,053	39,400	39,800	7,920E+1	0,000E+0	1,656E+2	1,644E+2	0,000E+0	4,148E-1	4,089E-1	0,000E+0	7	0001
168,052	39,400	39,900	7,930E+1	0,000E+0	1,656E+2	1,641E+2	0,000E+0	4,176E-1	4,066E-1	0,000E+0	7	0001
169,052	39,400	39,900	7,930E+1	0,000E+0	1,656E+2	1,641E+2	0,000E+0	4,176E-1	4,066E-1	0,000E+0	7	0001
170,054	38,900	40,500	7,940E+1	0,000E+0	1,644E+2	1,648E+2	0,000E+0	4,176E-1	4,139E-1	0,000E+0	7	0001
171,053	39,000	40,700	7,970E+1	0,000E+0	1,648E+2	1,647E+2	0,000E+0	4,145E-1	4,126E-1	0,000E+0	7	0001
172,054	39,000	40,500	7,950E+1	0,000E+0	1,653E+2	1,647E+2	0,000E+0	4,143E-1	4,099E-1	0,000E+0	7	0001
173,054	38,800	40,800	7,960E+1	0,000E+0	1,646E+2	1,650E+2	0,000E+0	4,151E-1	4,143E-1	0,000E+0	7	0001
174,055	38,700	40,700	7,940E+1	0,000E+0	1,641E+2	1,649E+2	0,000E+0	4,173E-1	4,141E-1	0,000E+0	7	0001
175,055	38,700	40,700	7,940E+1	0,000E+0	1,641E+2	1,649E+2	0,000E+0	4,173E-1	4,141E-1	0,000E+0	7	0001
176,055	39,200	40,400	7,960E+1	0,000E+0	1,650E+2	1,643E+2	0,000E+0	4,167E-1	4,109E-1	0,000E+0	7	0001
177,056	39,400	40,500	7,990E+1	0,000E+0	1,644E+2	1,646E+2	0,000E+0	4,203E-1	4,143E-1	0,000E+0	7	0001
178,055	39,200	40,300	7,950E+1	0,000E+0	1,652E+2	1,642E+2	0,000E+0	4,171E-1	4,091E-1	0,000E+0	7	0001
179,056	39,400	39,900	7,930E+1	0,000E+0	1,655E+2	1,640E+2	0,000E+0	4,176E-1	4,056E-1	0,000E+0	7	0001
180,055	38,400	41,400	7,980E+1	0,000E+0	1,632E+2	1,656E+2	0,000E+0	4,184E-1	4,150E-1	0,000E+0	7	0001
181,056	39,500	40,500	8,000E+1	0,000E+0	1,657E+2	1,646E+2	0,000E+0	4,168E-1	4,132E-1	0,000E+0	7	0001
182,056	39,200	40,400	7,960E+1	0,000E+0	1,648E+2	1,645E+2	0,000E+0	4,185E-1	4,106E-1	0,000E+0	7	0001
183,056	39,200	40,400	7,960E+1	0,000E+0	1,648E+2	1,645E+2	0,000E+0	4,185E-1	4,106E-1	0,000E+0	7	0001
184,057	39,100	40,400	7,950E+1	0,000E+0	1,649E+2	1,648E+2	0,000E+0	4,170E-1	4,118E-1	0,000E+0	7	0001
185,056	39,100	40,400	7,950E+1	0,000E+0	1,649E+2	1,648E+2	0,000E+0	4,170E-1	4,118E-1	0,000E+0	7	0001
186,058	39,000	40,800	7,980E+1	0,000E+0	1,651E+2	1,651E+2	0,000E+0	4,158E-1	4,128E-1	0,000E+0	7	0001
187,057	39,100	40,600	7,970E+1	0,000E+0	1,653E+2	1,651E+2	0,000E+0	4,175E-1	4,103E-1	0,000E+0	7	0001
188,059	38,700	41,000	7,970E+1	0,000E+0	1,650E+2	1,649E+2	0,000E+0	4,135E-1	4,153E-1	0,000E+0	7	0001
189,059	39,600	40,300	7,990E+1	0,000E+0	1,653E+2	1,644E+2	0,000E+0	4,189E-1	4,092E-1	0,000E+0	7	0001
190,058	38,900	40,700	7,960E+1	0,000E+0	1,644E+2	1,649E+2	0,000E+0	4,185E-1	4,116E-1	0,000E+0	7	0001
191,059	38,900	40,700	7,960E+1	0,000E+0	1,644E+2	1,649E+2	0,000E+0	4,185E-1	4,116E-1	0,000E+0	7	0001
192,058	38,900	40,700	7,960E+1	0,000E+0	1,644E+2	1,649E+2	0,000E+0	4,185E-1	4,116E-1	0,000E+0	7	0001
193,059	38,800	40,800	7,960E+1	0,000E+0	1,644E+2	1,648E+2	0,000E+0	4,171E-1	4,157E-1	0,000E+0	7	0001
194,058	38,800	40,800	7,960E+1	0,000E+0	1,644E+2	1,648E+2	0,000E+0	4,171E-1	4,157E-1	0,000E+0	7	0001
195,058	38,800	40,800	7,960E+1	0,000E+0	1,644E+2	1,648E+2	0,000E+0	4,171E-1	4,157E-1	0,000E+0	7	0001
196,059	39,900	39,800	7,970E+1	0,000E+0	1,662E+2	1,636E+2	0,000E+0	4,202E-1	4,048E-1	0,000E+0	7	0001
197,059	38,200	41,700	7,990E+1	0,000E+0	1,637E+2	1,659E+2	0,000E+0	4,151E-1	4,181E-1	0,000E+0	7	0001
198,060	38,200	41,700	7,990E+1	0,000E+0	1,637E+2	1,659E+2	0,000E+0	4,151E-1	4,181E-1	0,000E+0	7	0001
199,059	38,200	41,700	7,990E+1	0,000E+0	1,637E+2	1,659E+2	0,000E+0	4,151E-1	4,181E-1	0,000E+0	7	0001
200,060	38,200	41,700	7,990E+1	0,000E+0	1,637E+2	1,659E+2	0,000E+0	4,151E-1	4,181E-1	0,000E+0	7	0001
201,060	38,200	41,700	7,990E+1	0,000E+0	1,637E+2	1,659E+2	0,000E+0	4,151E-1	4,181E-1	0,000E+0	7	0001
202,061	39,000	40,900	7,990E+1	0,000E+0	1,650E+2	1,649E+2	0,000E+0	4,152E-1	4,149E-1	0,000E+0	7	0001
203,060	38,500	41,000	7,950E+1	0,000E+0	1,640E+2	1,644E+2	0,000E+0	4,160E-1	4,130E-1	0,000E+0	7	0001
204,061	39,200	40,400	7,960E+1	0,000E+0	1,650E+2	1,641E+2	0,000E+0	4,193E-1	4,065E-1	0,000E+0	7	0001
205,062	39,300	40,200	7,950E+1	0,000E+0	1,649E+2	1,643E+2	0,000E+0	4,190E-1	4,076E-1	0,000E+0	6	0001
206,061	38,900	40,600	7,950E+1	0,000E+0	1,652E+2	1,648E+2	0,000E+0	4,122E-1	4,100E-1	0,000E+0	6	0001
207,062	39,300	40,400	7,970E+1	0,000E+0	1,644E+2	1,647E+2	0,000E+0	4,181E-1	4,166E-1	0,000E+0	6	0001
208,061	38,800	40,800	7,960E+1	0,000E+0	1,642E+2	1,647E+2	0,000E+0	4,163E-1	4,157E-1	0,000E+0	6	0001
209,062	39,300	40,500	7,980E+1	0,000E+0	1,651E+2	1,644E+2	0,000E+0	4,176E-1	4,126E-1	0,000E+0	6	0001
210,061	39,300	40,500	7,980E+1	0,000E+0	1,651E+2	1,644E+2	0,000E+0	4,176E-1	4,126E-1	0,000E+0	6	0001
211,062	39,300	40,500	7,980E+1	0,000E+0	1,651E+2	1,644E+2	0,000E+0	4,176E-1	4,126E-1	0,000E+0	6	0001
212,064	39,100	40,700	7,980E+1	0,000E+0	1,644E+2	1,648E+2	0,000E+0	4,186E-1	4,148E-1	0,000E+0	6	0001
213,063	39,100	40,700	7,980E+1	0,000E+0	1,644E+2	1,648E+2	0,000E+0	4,186E-1	4,148E-1	0,000E+0	6	0001
214,064	39,100	40,700	7,980E+1	0,000E+0	1,644E+2	1,648E+2	0,000E+0	4,186E-1	4,148E-1	0,000E+0	6	0001
215,063	39,100	40,700	7,980E+1	0,000E+0	1,644E+2	1,648E+2	0,000E+0	4,186E-1	4,148E-1	0,000E+0	6	0001
216,063	39,000	41,100	8,010E+1	0,000E+0	1,646E+2	1,654E+2	0,000E+0	4,197E-1	4,147E-1	0,000E+0	6	0001
217,064	39,000	41,100	8,010E+1	0,000E+0	1,646E+2	1,654E+2	0,000E+0	4,197E-1	4,147E-1	0,000E+0	6	0001
218,063	39,000	41,100	8,010E+1	0,000E+0	1,646E+2	1,654E+2	0,000E+0	4,197E-1	4,147E-1	0,000E+0	6	0001
219,064	39,700	40,100	7,980E+1	0,000E+0	1,657E+2	1,641E+2	0,000E+0	4,209E-1	4,073E-1	0,000E+0	6	0001
220,063	39,700	40,100	7,980E+1	0,000E+0	1,657E+2	1,641E+2	0,000E+0	4,209E-1	4,073E-1	0,000E+0	6	0001
221,064	39,000	40,600	7,960E+1	0,000E+0	1,646E+2	1,651E+2	0,000E+0	4,158E-1	4,135E-1	0,000E+0	6	0001
222,063	38,100	41,500	7,960E+1	0,000E+0	1,641E+2	1,652E+2	0,000E+0	4,113E-1	4,134E-1	0,000E+0	6	0001
223,063	39,700	40,200	7,990E+1	0,000E+0	1,654E+2	1,641E+2	0,000E+0	4,199E-1	4,079E-1	0,000E+0	6	0001
224,064	38,900	41,100	8,000E+1	0,000E+0	1,648E+2	1,649E+2	0,000E+0	4,144E-1	4,156E-1	0,000E+0	6	0001
225,064	39,200	40,400	7,960E+1	0,000E+0	1,657E+2	1,646E+2	0,000E+0	4,140E-1	4,086E-1	0,000E+0	5	0001
226,066	39,200	40,400	7,960E+1	0,000E+0	1,657E+2	1,646E+2	0,000E+0	4,140E-1	4,086E-1	0,000E+0	5	0001
227,066	39,400	40,200	7,960E+1	0,000E+0	1,651E+2	1,642E+2	0,000E+0	4,169E-1	4,094E-1	0,000E+0	5	0001
228,067	38,600	41,400	8,000E+1	0,000E+0	1,642E+2	1,652E+2	0,000E+0	4,166E-1	4,192E-1	0,000E+0	5	0001
229,067	39,200	40,700	7,990E+1	0,000E+0	1,650E+2	1,647E+2	0,000E+0	4,176E-1	4,124E-1	0,000E+0	5	0001
230,067	39,400	40,700	8,010E+1	0,000E+0	1,644E+2	1,646E+2	0,000E+0	4,236E-1	4,166E-1	0,000E+0	5	0001
231,068	39,400	40,700	8,010E+1	0,000E+0	1,644E+2	1,646E+2	0,000E+0	4,236E-1	4,166E-1	0,000E+0	5	0001
232,068	39,400	40,700	8,010E+1	0,000E+0	1,644E+2	1,646E+2	0,000E+0	4,236E-1	4,166E-1	0,000E+0	5	0001
233,067	39,100	40,600	7,970E+1	0,000E+0	1,649E+2	1,646E+2	0,000E+0	4,188E-1	4,123E-1	0,000E+0	5	0001
234,068	39,100	40,600	7,970E+1	0,000E+0	1,649E+2	1,646E+2	0,000E+0	4,188E-1	4,123E-1	0,000E+0	5	0001
235,068	39,100	40,600	7,970E+1	0,000E+0	1,649E+2	1,646E+2	0,000E+0	4,188E-1	4,123E-1	0,000E+0	5	0001
236,069	39,100	40,600	7,970E+1	0,000E+0	1,649E+2	1,646E+2	0,000E+0	4,188E-1	4,123E-1	0,000E+0	5	0001
237,069	38,900	40,600	7,950E+1	0,000E+0	1,652E+2	1,648E+2	0,000E+0	4,140E-1	4,102E-1	0,000E+0	5	0001
238,069	38,900	40,600	7,950E+1	0,000E+0	1,652E+2	1,648E+2	0,000E+0	4,140E-1	4,102E-1	0,000E+0	5	0001
239,071	38,900	40,600	7,950E+1	0,000E+0	1,652E+2	1,648E+2	0,000E+0	4,140E-1	4,102E-1	0,000E+0	5	0001
240,070	39,500	40,400	7,990E+1	0,000E+0	1,651E+2	1,642E+2	0,000E+0	4,211E-1	4,116E-1	0,000E+0	5	0001
241,071	38,600	41,200	7,980E+1	0,000E+0	1,640E+2	1,653E+2	0,000E+0	4,173E-1	4,138E-1	0,000E+0	5	0001
242,071	39,300	40,500	7,980E+1	0,000E+0	1,643E+2	1,647E+2	0,000E+0	4,202E-1	4,137E-1	0,000E+0	5	0001
243,070	39,300	40,500	7,980E+1	0,000E+0	1,643E+2	1,647E+2	0,000E+0	4,202E-1	4,137E-1	0,000E+0	5	0001
244,072	38,800	41,100	7,990E+1	0,000E+0	1,639E+2	1,653E+2	0,000E+0	4,193E-1	4,175E-1	0,000E+0	4	0001
245,071	39,400	40,400	7,980E+1	0,000E+0	1,653E+2	1,644E+2	0,000E+0	4,197E-1	4,098E-1	0,000E+0	4	0001
246,072	39,200	40,600	7,980E+1	0,000E+0	1,652E+2	1,649E+2	0,000E+0	4,171E-1	4,121E-1	0,000E+0	4	0001
247,071	39,500	40,500	8,000E+1	0,000E+0	1,654E+2	1,644E+2	0,000E+0	4,189E-1	4,110E-1	0,000E+0	4	0001
248,072	39,300	40,500	7,980E+1	0,000E+0	1,650E+2	1,645E+2	0,000E+0	4,185E-1	4,132E-1	0,000E+0	4	0001
249,072	39,300	40,500	7,980E+1	0,000E+0	1,650E+2	1,645E+2	0,000E+0	4,185E-1	4,132E-1	0,000E+0	4	0001
250,071	39,300	40,500	7,980E+1	0,000E+0	1,650E+2	1,645E+2	0,000E+0	4,185E-1	4,132E-1	0,000E+0	4	0001
251,072	39,300	40,500	7,980E+1	0,000E+0	1,650E+2	1,645E+2	0,000E+0	4,185E-1	4,132E-1	0,000E+0	4	0001
252,071	39,500	40,500	8,000E+1	0,000E+0	1,652E+2	1,644E+2	0,000E+0	4,196E-1	4,123E-1	0,000E+0	4	0001
253,072	39,500	40,500	8,000E+1	0,000E+0	1,652E+2	1,644E+2	0,000E+0	4,196E-1	4,123E-1	0,000E+0	4	0001
254,072	39,500	40,500	8,000E+1	0,000E+0	1,652E+2	1,644E+2	0,000E+0	4,196E-1	4,123E-1	0,000E+0	4	0001
255,071	39,500	40,500	8,000E+1	0,000E+0	1,652E+2	1,644E+2	0,000E+0	4,196E-1	4,123E-1	0,000E+0	4	0001
256,072	39,000	40,900	7,990E+1	0,000E+0	1,655E+2	1,651E+2	0,000E+0	4,135E-1	4,124E-1	0,000E+0	4	0001
257,072	39,600	40,300	7,990E+1	0,000E+0	1,654E+2	1,643E+2	0,000E+0	4,204E-1	4,101E-1	0,000E+0	4	0001
258,073	39,600	40,300	7,990E+1	0,000E+0	1,654E+2	1,643E+2	0,000E+0	4,204E-1	4,101E-1	0,000E+0	4	0001
259,072	39,100	40,800	7,990E+1	0,000E+0	1,650E+2	1,650E+2	0,000E+0	4,158E-1	4,137E-1	0,000E+0	4	0001
260,073	39,200	40,500	7,970E+1	0,000E+0	1,651E+2	1,646E+2	0,000E+0	4,175E-1	4,122E-1	0,000E+0	3	0001
261,073	39,500	40,300	7,980E+1	0,000E+0	1,656E+2	1,644E+2	0,000E+0	4,184E-1	4,086E-1	0,000E+0	3	0001
262,072	39,200	40,600	7,980E+1	0,000E+0	1,649E+2	1,649E+2	0,000E+0	4,179E-1	4,130E-1	0,000E+0	3	0001
263,073	39,600	40,200	7,980E+1	0,000E+0	1,654E+2	1,641E+2	0,000E+0	4,187E-1	4,117E-1	0,000E+0	3	0001
264,072	38,800	41,100	7,990E+1	0,000E+0	1,647E+2	1,651E+2	0,000E+0	4,151E-1	4,169E-1	0,000E+0	3	0001
265,073	38,800	41,100	7,990E+1	0,000E+0	1,647E+2	1,651E+2	0,000E+0	4,151E-1	4,169E-1	0,000E+0	3	0001
266,072	38,800	41,100	7,990E+1	0,000E+0	1,647E+2	1,651E+2	0,000E+0	4,151E-1	4,169E-1	0,000E+0	3	0001
267,072	38,800	41,100	7,990E+1	0,000E+0	1,647E+2	1,651E+2	0,000E+0	4,151E-1	4,169E-1	0,000E+0	3	0001
268,073	38,800	41,100	7,990E+1	0,000E+0	1,647E+2	1,651E+2	0,000E+0	4,151E-1	4,169E-1	0,000E+0	3	0001
269,072	40,000	39,900	7,990E+1	0,000E+0	1,660E+2	1,639E+2	0,000E+0	4,214E-1	4,064E-1	0,000E+0	3	0001
270,072	40,000	39,900	7,990E+1	0,000E+0	1,660E+2	1,639E+2	0,000E+0	4,214E-1	4,064E-1	0,000E+0	3	0001
271,073	40,000	39,900	7,990E+1	0,000E+0	1,660E+2	1,639E+2	0,000E+0	4,214E-1	4,064E-1	0,000E+0	3	0001
272,072	39,100	40,900	8,000E+1	0,000E+0	1,647E+2	1,650E+2	0,000E+0	4,194E-1	4,111E-1	0,000E+0	3	0001
273,073	39,100	40,900	8,000E+1	0,000E+0	1,647E+2	1,650E+2	0,000E+0	4,194E-1	4,111E-1	0,000E+0	3	0001
274,072	39,100	40,900	8,000E+1	0,000E+0	1,647E+2	1,650E+2	0,000E+0	4,194E-1	4,111E-1	0,000E+0	3	0001
275,073	39,100	40,900	8,000E+1	0,000E+0	1,647E+2	1,650E+2	0,000E+0	4,194E-1	4,111E-1	0,000E+0	3	0001
276,073	39,200	40,600	7,980E+1	0,000E+0	1,648E+2	1,645E+2	0,000E+0	4,174E-1	4,131E-1	0,000E+0	3	0001
277,072	39,200	41,000	8,020E+1	0,000E+0	1,646E+2	1,648E+2	0,000E+0	4,188E-1	4,167E-1	0,000E+0	2	0001
278,073	39,200	40,600	7,980E+1	0,000E+0	1,648E+2	1,648E+2	0,000E+0	4,173E-1	4,127E-1	0,000E+0	2	0001
279,072	39,000	40,600	7,960E+1	0,000E+0	1,647E+2	1,648E+2	0,000E+0	4,159E-1	4,133E-1	0,000E+0	2	0001
280,073	39,500	40,500	8,000E+1	0,000E+0	1,649E+2	1,644E+2	0,000E+0	4,208E-1	4,141E-1	0,000E+0	2	0001
281,072	39,500	40,500	8,000E+1	0,000E+0	1,649E+2	1,644E+2	0,000E+0	4,208E-1	4,141E-1	0,000E+0	2	0001
282,073	39,600	40,700	8,030E+1	0,000E+0	1,656E+2	1,644E+2	0,000E+0	4,201E-1	4,121E-1	0,000E+0	2	0001
283,073	39,600	40,700	8,030E+1	0,000E+0	1,656E+2	1,644E+2	0,000E+0	4,201E-1	4,121E-1	0,000E+0	2	0001
284,072	39,600	40,700	8,030E+1	0,000E+0	1,656E+2	1,644E+2	0,000E+0	4,201E-1	4,121E-1	0,000E+0	2	0001
285,074	39,600	40,700	8,030E+1	0,000E+0	1,656E+2	1,644E+2	0,000E+0	4,201E-1	4,121E-1	0,000E+0	2	0001
286,073	39,600	40,700	8,030E+1	0,000E+0	1,656E+2	1,644E+2	0,000E+0	4,201E-1	4,121E-1	0,000E+0	2	0001
287,075	39,600	40,700	8,030E+1	0,000E+0	1,656E+2	1,644E+2	0,000E+0	4,201E-1	4,121E-1	0,000E+0	2	0001
288,075	39,500	40,300	7,980E+1	0,000E+0	1,657E+2	1,643E+2	0,000E+0	4,189E-1	4,089E-1	0,000E+0	2	0001
289,077	39,500	40,300	7,980E+1	0,000E+0	1,657E+2	1,643E+2	0,000E+0	4,189E-1	4,089E-1	0,000E+0	2	0001
290,077	39,500	40,300	7,980E+1	0,000E+0	1,657E+2	1,643E+2	0,000E+0	4,189E-1	4,089E-1	0,000E+0	2	0001
291,076	39,500	40,300	7,980E+1	0,000E+0	1,657E+2	1,643E+2	0,000E+0	4,189E-1	4,089E-1	0,000E+0	2	0001
292,077	39,300	40,600	7,990E+1	0,000E+0	1,648E+2	1,656E+2	0,000E+0	4,183E-1	4,156E-1	0,000E+0	2	0001
293,076	39,600	40,500	8,010E+1	0,000E+0	1,653E+2	1,644E+2	0,000E+0	4,215E-1	4,128E-1	0,000E+0	2	0001
294,077	39,100	40,800	7,990E+1	0,000E+0	1,641E+2	1,644E+2	0,000E+0	4,219E-1	4,182E-1	0,000E+0	2	0001
295,077	39,200	40,800	8,000E+1	0,000E+0	1,651E+2	1,646E+2	0,000E+0	4,182E-1	4,143E-1	0,000E+0	2	0001
296,078	39,200	40,800	8,000E+1	0,000E+0	1,651E+2	1,646E+2	0,000E+0	4,182E-1	4,143E-1	0,000E+0	2	0001
297,078	39,200	40,500	7,970E+1	0,000E+0	1,645E+2	1,648E+2	0,000E+0	4,208E-1	4,135E-1	0,000E+0	2	0001
298,079	39,000	41,200	8,020E+1	0,000E+0	1,643E+2	1,652E+2	0,000E+0	4,189E-1	4,194E-1	0,000E+0	2	0001
299,079	38,900	40,900	7,980E+1	0,000E+0	1,645E+2	1,650E+2	0,000E+0	4,169E-1	4,137E-1	0,000E+0	2	0001
300,078	39,000	40,600	7,960E+1	0,000E+0	1,646E+2	1,649E+2	0,000E+0	4,187E-1	4,139E-1	0,000E+0	2	0001
301,080	38,900	41,400	8,030E+1	0,000E+0	1,644E+2	1,644E+2	0,000E+0	4,195E-1	4,176E-1	0,000E+0	2	0001
302,080	38,900	41,400	8,030E+1	0,000E+0	1,644E+2	1,644E+2	0,000E+0	4,195E-1	4,176E-1	0,000E+0	1	0001
303,081	39,200	40,500	7,970E+1	0,000E+0	1,653E+2	1,647E+2	0,000E+0	4,161E-1	4,103E-1	0,000E+0	1	0001
304,080	39,800	40,100	7,990E+1	0,000E+0	1,659E+2	1,638E+2	0,000E+0	4,199E-1	4,070E-1	0,000E+0	1	0001
305,081	39,800	40,500	8,030E+1	0,000E+0	1,657E+2	1,639E+2	0,000E+0	4,208E-1	4,118E-1	0,000E+0	1	0001
306,081	39,300	40,700	8,000E+1	0,000E+0	1,651E+2	1,647E+2	0,000E+0	4,177E-1	4,127E-1	0,000E+0	1	0001
307,080	39,200	40,500	7,970E+1	0,000E+0	1,649E+2	1,647E+2	0,000E+0	4,192E-1	4,130E-1	0,000E+0	1	0001
308,081	39,200	40,500	7,970E+1	0,000E+0	1,649E+2	1,647E+2	0,000E+0	4,192E-1	4,130E-1	0,000E+0	1	0001
309,080	39,200	40,800	8,000E+1	0,000E+0	1,651E+2	1,651E+2	0,000E+0	4,191E-1	4,149E-1	0,000E+0	1	0001
310,081	39,200	40,800	8,000E+1	0,000E+0	1,651E+2	1,651E+2	0,000E+0	4,191E-1	4,149E-1	0,000E+0	1	0001
311,080	39,200	40,800	8,000E+1	0,000E+0	1,651E+2	1,651E+2	0,000E+0	4,191E-1	4,149E-1	0,000E+0	1	0001
312,081	39,000	41,100	8,010E+1	0,000E+0	1,648E+2	1,648E+2	0,000E+0	4,170E-1	4,161E-1	0,000E+0	1	0001
313,082	39,000	41,100	8,010E+1	0,000E+0	1,648E+2	1,648E+2	0,000E+0	4,170E-1	4,161E-1	0,000E+0	1	0001
314,081	39,000	41,100	8,010E+1	0,000E+0	1,648E+2	1,648E+2	0,000E+0	4,170E-1	4,161E-1	0,000E+0	1	0001
315,082	39,500	40,400	7,990E+1	0,000E+0	1,653E+2	1,654E+2	0,000E+0	4,198E-1	4,147E-1	0,000E+0	1	0001
316,081	39,500	40,400	7,990E+1	0,000E+0	1,653E+2	1,654E+2	0,000E+0	4,198E-1	4,147E-1	0,000E+0	1	0001
317,082	39,500	40,400	7,990E+1	0,000E+0	1,653E+2	1,654E+2	0,000E+0	4,198E-1	4,147E-1	0,000E+0	1	0001
318,081	39,500	40,400	7,990E+1	0,000E+0	1,653E+2	1,654E+2	0,000E+0	4,198E-1	4,147E-1	0,000E+0	1	0001
319,081	39,500	40,400	7,990E+1	0,000E+0	1,652E+2	1,640E+2	0,000E+0	4,197E-1	4,099E-1	0,000E+0	1	0001
320,082	38,600	41,200	7,980E+1	0,000E+0	1,647E+2	1,653E+2	0,000E+0	4,122E-1	4,163E-1	0,000E+0	1	0001
321,081	40,200	39,800	8,000E+1	0,000E+0	1,661E+2	1,641E+2	0,000E+0	4,205E-1	4,105E-1	0,000E+0	1	0001
322,083	40,200	39,800	8,000E+1	0,000E+0	1,661E+2	1,641E+2	0,000E+0	4,205E-1	4,105E-1	0,000E+0	1	0001
323,082	39,100	40,900	8,000E+1	0,000E+0	1,646E+2	1,650E+2	0,000E+0	4,176E-1	4,155E-1	0,000E+0	1	0001
324,083	39,100	40,900	8,000E+1	0,000E+0	1,650E+2	1,648E+2	0,000E+0	4,173E-1	4,134E-1	0,000E+0	1	0001
325,082	39,600	40,400	8,000E+1	0,000E+0	1,656E+2	1,642E+2	0,000E+0	4,198E-1	4,096E-1	0,000E+0	1	0001
326,083	39,100	41,200	8,030E+1	0,000E+0	1,649E+2	1,655E+2	0,000E+0	4,159E-1	4,187E-1	0,000E+0	1	0001
327,084	39,100	41,200	8,030E+1	0,000E+0	1,649E+2	1,655E+2	0,000E+0	4,159E-1	4,187E-1	0,000E+0	1	0001
328,085	39,100	41,200	8,030E+1	0,000E+0	1,649E+2	1,655E+2	0,000E+0	4,159E-1	4,187E-1	0,000E+0	1	0001
329,084	39,100	41,200	8,030E+1	0,000E+0	1,649E+2	1,655E+2	0,000E+0	4,159E-1	4,187E-1	0,000E+0	1	0001
330,085	39,100	40,900	8,000E+1	0,000E+0	1,645E+2	1,646E+2	0,000E+0	4,207E-1	4,176E-1	0,000E+0	1	0001
331,084	39,100	40,900	8,000E+1	0,000E+0	1,645E+2	1,646E+2	0,000E+0	4,207E-1	4,176E-1	0,000E+0	1	0001
332,085	39,100	40,900	8,000E+1	0,000E+0	1,645E+2	1,646E+2	0,000E+0	4,207E-1	4,176E-1	0,000E+0	1	0001
333,084	39,100	40,900	8,000E+1	0,000E+0	1,645E+2	1,646E+2	0,000E+0	4,207E-1	4,176E-1	0,000E+0	1	0001
334,084	38,800	40,700	7,950E+1	0,000E+0	1,642E+2	1,648E+2	0,000E+0	4,183E-1	4,150E-1	0,000E+0	1	0001
335,085	39,000	40,600	7,960E+1	0,000E+0	1,649E+2	1,646E+2	0,000E+0	4,154E-1	4,118E-1	0,000E+0	1	0001
336,084	39,000	40,600	7,960E+1	0,000E+0	1,649E+2	1,646E+2	0,000E+0	4,154E-1	4,118E-1	0,000E+0	1	0001
337,085	39,100	40,700	7,980E+1	0,000E+0	1,654E+2	1,654E+2	0,000E+0	4,154E-1	4,123E-1	0,000E+0	1	0001
338,084	38,600	41,400	8,000E+1	0,000E+0	1,646E+2	1,652E+2	0,000E+0	4,127E-1	4,171E-1	0,000E+0	1	0001
339,085	39,300	40,700	8,000E+1	0,000E+0	1,648E+2	1,646E+2	0,000E+0	4,196E-1	4,138E-1	0,000E+0	1	0001
340,085	32,600	32,200	6,480E+1	0,000E+0	1,644E+2	1,635E+2	0,000E+0	3,541E-1	3,459E-1	0,000E+0	1	0001
341,085	19,400	17,500	3,690E+1	0,000E+0	1,599E+2	1,599E+2	0,000E+0	2,051E-1	2,022E-1	0,000E+0	1	0001
342,086	21,000	19,200	4,020E+1	0,000E+0	1,600E+2	1,598E+2	0,000E+0	2,214E-1	2,174E-1	0,000E+0	1	0001
343,085	20,300	19,500	3,980E+1	0,000E+0	1,592E+2	1,603E+2	0,000E+0	2,187E-1	2,205E-1	0,000E+0	1	0001
344,086	20,300	19,500	3,980E+1	0,000E+0	1,592E+2	1,603E+2	0,000E+0	2,187E-1	2,205E-1	0,000E+0	1	0001
345,086	18,000	16,100	3,410E+1	0,000E+0	1,598E+2	1,592E+2	0,000E+0	1,923E-1	1,904E-1	0,000E+0	1	0001
346,087	12,600	11,500	2,410E+1	0,000E+0	1,580E+2	1,580E+2	0,000E+0	1,417E-1	1,411E-1	0,000E+0	1	0001
347,088	12,400	11,300	2,370E+1	0,000E+0	1,562E+2	1,562E+2	0,000E+0	1,422E-1	1,413E-1	0,000E+0	1	0001
348,087	12,200	11,100	2,330E+1	0,000E+0	1,566E+2	1,569E+2	0,000E+0	1,397E-1	1,384E-1	0,000E+0	1	0001
350,088	11,200	10,100	2,130E+1	0,000E+0	1,555E+2	1,558E+2	0,000E+0	1,295E-1	1,285E-1	0,000E+0	1	0001
350,088	4,400	3,700	8,100E+0	0,000E+0	1,340E+2	1,340E+2	0,000E+0	7,060E-2	7,040E-2	0,000E+0	1	0001
351,089	0,200	0,100	3,000E-1	0,000E+0	8,938E+1	8,934E+1	0,000E+0	0,000E+0	0,000E+0	0,000E+0	1	0001
352,088	0,200	0,200	4,000E-1	0,000E+0	7,069E+1	7,062E+1	0,000E+0	0,000E+0	0,000E+0	0,000E+0	1	0001
