0,000000	0,000000	0,000000	5,583364E+0
0,000011	0,000000	0,000000	5,583364E+0
0,000011	0,000000	0,000000	5,583364E+0
0,000011	0,000000	0,000000	5,583364E+0
0,000011	0,000000	0,000000	5,583364E+0
0,000011	0,000000	0,000000	5,583364E+0
0,000011	0,000000	0,000000	5,583364E+0
0,000011	0,000000	0,000000	5,583364E+0
0,000011	0,000000	0,000000	5,583364E+0
0,000011	0,000000	0,000000	5,583364E+0
0,000011	0,000000	0,000000	0,000000E+0
1,002669	0,000000	0,000000	0,000000E+0
1,002669	0,000000	0,000000	0,000000E+0
1,002669	0,000000	0,000000	0,000000E+0
1,002669	0,000000	0,000000	0,000000E+0
1,002669	0,000000	0,000000	0,000000E+0
1,002669	0,000000	0,000000	0,000000E+0
1,002669	0,000000	0,000000	0,000000E+0
1,002669	0,000000	0,000000	0,000000E+0
1,002669	0,000000	0,000000	0,000000E+0
1,002669	0,000000	0,000000	0,000000E+0
2,003105	0,000000	0,000000	0,000000E+0
2,003105	0,000000	0,000000	0,000000E+0
2,003105	0,000000	0,000000	0,000000E+0
2,003105	0,000000	0,000000	0,000000E+0
2,003105	0,000000	0,000000	0,000000E+0
2,003105	0,000000	0,000000	0,000000E+0
2,003105	0,000000	0,000000	0,000000E+0
2,003105	0,000000	0,000000	0,000000E+0
2,003105	0,000000	0,000000	0,000000E+0
2,003105	0,000000	0,000000	0,000000E+0
3,002504	0,000000	0,000000	0,000000E+0
3,002504	0,000000	0,000000	0,000000E+0
3,002504	0,000000	0,000000	0,000000E+0
3,002504	0,000000	0,000000	0,000000E+0
3,002504	0,000000	0,000000	0,000000E+0
3,002504	0,000000	0,000000	0,000000E+0
3,002504	0,000000	0,000000	0,000000E+0
3,002504	0,000000	0,000000	0,000000E+0
3,002504	0,000000	0,000000	0,000000E+0
3,002504	0,000000	0,000000	0,000000E+0
4,002920	0,000000	0,000000	0,000000E+0
4,002920	0,000000	0,000000	0,000000E+0
4,002920	0,000000	0,000000	0,000000E+0
4,002920	0,000000	0,000000	0,000000E+0
4,002920	0,000000	0,000000	0,000000E+0
4,002920	0,000000	0,000000	0,000000E+0
4,002920	0,000000	0,000000	0,000000E+0
4,002920	0,000000	0,000000	0,000000E+0
4,002920	0,000000	0,000000	0,000000E+0
4,002920	0,000000	0,000000	0,000000E+0
5,002377	0,000000	0,000000	0,000000E+0
5,002377	0,000000	0,000000	0,000000E+0
5,002377	0,000000	0,000000	0,000000E+0
5,002377	0,000000	0,000000	0,000000E+0
5,002377	0,000000	0,000000	0,000000E+0
5,002377	0,000000	0,000000	0,000000E+0
5,002377	0,000000	0,000000	0,000000E+0
5,002377	0,000000	0,000000	0,000000E+0
5,002377	0,000000	0,000000	0,000000E+0
5,002377	0,000000	0,000000	0,000000E+0
6,003790	0,000000	0,000000	0,000000E+0
6,003790	0,000000	0,000000	0,000000E+0
6,003790	0,000000	0,000000	0,000000E+0
6,003790	0,000000	0,000000	0,000000E+0
6,003790	0,000000	0,000000	0,000000E+0
6,003790	0,000000	0,000000	0,000000E+0
6,003790	0,000000	0,000000	0,000000E+0
6,003790	0,000000	0,000000	0,000000E+0
6,003790	0,000000	0,000000	0,000000E+0
6,003790	0,000000	0,000000	0,000000E+0
7,003231	0,000000	0,000000	0,000000E+0
7,003231	0,000000	0,000000	0,000000E+0
7,003231	0,000000	0,000000	0,000000E+0
7,003231	0,000000	0,000000	0,000000E+0
7,003231	0,000000	0,000000	0,000000E+0
7,003231	0,000000	0,000000	0,000000E+0
7,003231	0,000000	0,000000	0,000000E+0
7,003231	0,000000	0,000000	0,000000E+0
7,003231	0,000000	0,000000	0,000000E+0
7,003231	0,000000	0,000000	0,000000E+0
8,003624	0,000000	0,000000	0,000000E+0
8,003624	0,000000	0,000000	0,000000E+0
8,003624	0,000000	0,000000	0,000000E+0
8,003624	0,000000	0,000000	0,000000E+0
8,003624	0,000000	0,000000	0,000000E+0
8,003624	0,000000	0,000000	0,000000E+0
8,003624	0,000000	0,000000	0,000000E+0
8,003624	0,000000	0,000000	0,000000E+0
8,003624	0,000000	0,000000	0,000000E+0
8,003624	0,000000	0,000000	0,000000E+0
9,004046	0,000000	0,000000	0,000000E+0
9,004046	0,000000	0,000000	0,000000E+0
9,004046	0,000000	0,000000	0,000000E+0
9,004046	0,000000	0,000000	0,000000E+0
9,004046	0,000000	0,000000	0,000000E+0
9,004046	0,000000	0,000000	0,000000E+0
9,004046	0,000000	0,000000	0,000000E+0
9,004046	0,000000	0,000000	0,000000E+0
9,004046	0,000000	0,000000	0,000000E+0
9,004046	0,000000	0,000000	0,000000E+0
10,003461	0,000000	0,000000	0,000000E+0
10,003461	0,000000	0,000000	0,000000E+0
10,003461	0,000000	0,000000	0,000000E+0
10,003461	0,000000	0,000000	0,000000E+0
10,003461	0,000000	0,000000	0,000000E+0
10,003461	0,000000	0,000000	0,000000E+0
10,003461	0,000000	0,000000	0,000000E+0
10,003461	0,000000	0,000000	0,000000E+0
10,003461	0,000000	0,000000	0,000000E+0
10,003461	0,000000	0,000000	0,000000E+0
11,004012	0,000000	0,000000	0,000000E+0
11,004012	0,000000	0,000000	0,000000E+0
11,004012	0,000000	0,000000	0,000000E+0
11,004012	0,000000	0,000000	0,000000E+0
11,004012	0,000000	0,000000	0,000000E+0
11,004012	0,000000	0,000000	0,000000E+0
11,004012	0,000000	0,000000	0,000000E+0
11,004012	0,000000	0,000000	0,000000E+0
11,004012	0,000000	0,000000	0,000000E+0
11,004012	0,000000	0,000000	0,000000E+0
12,003326	0,000000	0,000000	0,000000E+0
12,003326	0,000000	0,000000	0,000000E+0
12,003326	0,000000	0,000000	0,000000E+0
12,003326	0,000000	0,000000	0,000000E+0
12,003326	0,000000	0,000000	0,000000E+0
12,003326	0,000000	0,000000	0,000000E+0
12,003326	0,000000	0,000000	0,000000E+0
12,003326	0,000000	0,000000	0,000000E+0
12,003326	0,000000	0,000000	0,000000E+0
12,003326	0,000000	0,000000	0,000000E+0
13,003748	0,000000	0,000000	0,000000E+0
13,003748	0,000000	0,000000	0,000000E+0
13,003748	0,000000	0,000000	0,000000E+0
13,003748	0,000000	0,000000	0,000000E+0
13,003748	0,000000	0,000000	0,000000E+0
13,003748	0,000000	0,000000	0,000000E+0
13,003748	0,000000	0,000000	0,000000E+0
13,003748	0,000000	0,000000	0,000000E+0
13,003748	0,000000	0,000000	0,000000E+0
13,003748	0,000000	0,000000	0,000000E+0
14,004160	0,000000	0,000000	0,000000E+0
14,004160	0,000000	0,000000	0,000000E+0
14,004160	0,000000	0,000000	0,000000E+0
14,004160	0,000000	0,000000	0,000000E+0
14,004160	0,000000	0,000000	0,000000E+0
14,004160	0,000000	0,000000	0,000000E+0
14,004160	0,000000	0,000000	0,000000E+0
14,004160	0,000000	0,000000	0,000000E+0
14,004160	0,000000	0,000000	0,000000E+0
14,004160	0,000000	0,000000	0,000000E+0
15,003606	0,000000	0,000000	0,000000E+0
15,003606	0,000000	0,000000	0,000000E+0
15,003606	0,000000	0,000000	0,000000E+0
15,003606	0,000000	0,000000	0,000000E+0
15,003606	0,000000	0,000000	0,000000E+0
15,003606	0,000000	0,000000	0,000000E+0
15,003606	0,000000	0,000000	0,000000E+0
15,003606	0,000000	0,000000	0,000000E+0
15,003606	0,000000	0,000000	0,000000E+0
15,003606	0,000000	0,000000	0,000000E+0
16,004002	0,000000	0,000000	0,000000E+0
16,004002	0,000000	0,000000	0,000000E+0
16,004002	0,000000	0,000000	0,000000E+0
16,004002	0,000000	0,000000	0,000000E+0
16,004002	0,000000	0,000000	0,000000E+0
16,004002	0,000000	0,000000	0,000000E+0
16,004002	0,000000	0,000000	0,000000E+0
16,004002	0,000000	0,000000	0,000000E+0
16,004002	0,000000	0,000000	0,000000E+0
16,004002	0,000000	0,000000	0,000000E+0
17,003526	0,000000	0,000000	0,000000E+0
17,003526	0,000000	0,000000	0,000000E+0
17,003526	0,000000	0,000000	0,000000E+0
17,003526	0,000000	0,000000	0,000000E+0
17,003526	0,000000	0,000000	0,000000E+0
17,003526	0,000000	0,000000	0,000000E+0
17,003526	0,000000	0,000000	0,000000E+0
17,003526	0,000000	0,000000	0,000000E+0
17,003526	0,000000	0,000000	0,000000E+0
17,003526	0,000000	0,000000	0,000000E+0
18,003851	0,000000	0,000000	0,000000E+0
18,003851	0,000000	0,000000	0,000000E+0
18,003851	0,000000	0,000000	0,000000E+0
18,003851	0,000000	0,000000	0,000000E+0
18,003851	0,000000	0,000000	0,000000E+0
18,003851	0,000000	0,000000	0,000000E+0
18,003851	0,000000	0,000000	0,000000E+0
18,003851	0,000000	0,000000	0,000000E+0
18,003851	0,000000	0,000000	0,000000E+0
18,003851	0,000000	0,000000	0,000000E+0
19,003276	0,000000	0,000000	0,000000E+0
19,003276	0,000000	0,000000	0,000000E+0
19,003276	0,000000	0,000000	0,000000E+0
19,003276	0,000000	0,000000	0,000000E+0
19,003276	0,000000	0,000000	0,000000E+0
19,003276	0,000000	0,000000	0,000000E+0
19,003276	0,000000	0,000000	0,000000E+0
19,003276	0,000000	0,000000	0,000000E+0
19,003276	0,000000	0,000000	0,000000E+0
19,003276	0,000000	0,000000	0,000000E+0
20,004702	0,000000	0,000000	0,000000E+0
20,004702	0,000000	0,000000	0,000000E+0
20,004702	0,000000	0,000000	0,000000E+0
20,004702	0,000000	0,000000	0,000000E+0
20,004702	0,000000	0,000000	0,000000E+0
20,004702	0,000000	0,000000	0,000000E+0
20,004702	0,000000	0,000000	0,000000E+0
20,004702	0,000000	0,000000	0,000000E+0
20,004702	0,000000	0,000000	0,000000E+0
20,004702	0,000000	0,000000	0,000000E+0
21,005137	0,000000	0,000000	0,000000E+0
21,005137	0,000000	0,000000	0,000000E+0
21,005137	0,000000	0,000000	0,000000E+0
21,005137	0,000000	0,000000	0,000000E+0
21,005137	0,000000	0,000000	0,000000E+0
21,005137	0,000000	0,000000	0,000000E+0
21,005137	0,000000	0,000000	0,000000E+0
21,005137	0,000000	0,000000	0,000000E+0
21,005137	0,000000	0,000000	0,000000E+0
21,005137	0,000000	0,000000	0,000000E+0
22,004549	0,000000	0,000000	0,000000E+0
22,004549	0,000000	0,000000	0,000000E+0
22,004549	0,000000	0,000000	0,000000E+0
22,004549	0,000000	0,000000	0,000000E+0
22,004549	0,000000	0,000000	0,000000E+0
22,004549	0,000000	0,000000	0,000000E+0
22,004549	0,000000	0,000000	0,000000E+0
22,004549	0,000000	0,000000	0,000000E+0
22,004549	0,000000	0,000000	0,000000E+0
22,004549	0,000000	0,000000	0,000000E+0
23,004965	0,000000	0,000000	0,000000E+0
23,004965	0,000000	0,000000	0,000000E+0
23,004965	0,000000	0,000000	0,000000E+0
23,004965	0,000000	0,000000	0,000000E+0
23,004965	0,000000	0,000000	0,000000E+0
23,004965	0,000000	0,000000	0,000000E+0
23,004965	0,000000	0,000000	0,000000E+0
23,004965	0,000000	0,000000	0,000000E+0
23,004965	0,000000	0,000000	0,000000E+0
23,004965	0,000000	0,000000	0,000000E+0
24,005438	0,000000	0,000000	0,000000E+0
24,005438	0,000000	0,000000	0,000000E+0
24,005438	0,000000	0,000000	0,000000E+0
24,005438	0,000000	0,000000	0,000000E+0
24,005438	0,000000	0,000000	0,000000E+0
24,005438	0,000000	0,000000	0,000000E+0
24,005438	0,000000	0,000000	0,000000E+0
24,005438	0,000000	0,000000	0,000000E+0
24,005438	0,000000	0,000000	0,000000E+0
24,005438	0,000000	0,000000	0,000000E+0
25,005834	0,000000	0,000000	0,000000E+0
25,005834	0,000000	0,000000	0,000000E+0
25,005834	0,000000	0,000000	0,000000E+0
25,005834	0,000000	0,000000	0,000000E+0
25,005834	0,000000	0,000000	0,000000E+0
25,005834	0,000000	0,000000	0,000000E+0
25,005834	0,000000	0,000000	0,000000E+0
25,005834	0,000000	0,000000	0,000000E+0
25,005834	0,000000	0,000000	0,000000E+0
25,005834	0,000000	0,000000	0,000000E+0
26,005235	0,000000	0,000000	0,000000E+0
26,005235	0,000000	0,000000	0,000000E+0
26,005235	0,000000	0,000000	0,000000E+0
26,005235	0,000000	0,000000	0,000000E+0
26,005235	0,000000	0,000000	0,000000E+0
26,005235	0,000000	0,000000	0,000000E+0
26,005235	0,000000	0,000000	0,000000E+0
26,005235	0,000000	0,000000	0,000000E+0
26,005235	0,000000	0,000000	0,000000E+0
26,005235	0,000000	0,000000	0,000000E+0
27,005686	0,000000	0,000000	0,000000E+0
27,005686	0,000000	0,000000	0,000000E+0
27,005686	0,000000	0,000000	0,000000E+0
27,005686	0,000000	0,000000	0,000000E+0
27,005686	0,000000	0,000000	0,000000E+0
27,005686	0,000000	0,000000	0,000000E+0
27,005686	0,000000	0,000000	0,000000E+0
27,005686	0,000000	0,000000	0,000000E+0
27,005686	0,000000	0,000000	0,000000E+0
27,005686	0,000000	0,000000	0,000000E+0
28,006087	0,000000	0,000000	0,000000E+0
28,006087	0,000000	0,000000	0,000000E+0
28,006087	0,000000	0,000000	0,000000E+0
28,006087	0,000000	0,000000	0,000000E+0
28,006087	0,000000	0,000000	0,000000E+0
28,006087	0,000000	0,000000	0,000000E+0
28,006087	0,000000	0,000000	0,000000E+0
28,006087	0,000000	0,000000	0,000000E+0
28,006087	0,000000	0,000000	0,000000E+0
28,006087	0,000000	0,000000	0,000000E+0
29,006109	0,000000	0,000000	0,000000E+0
29,006109	0,000000	0,000000	0,000000E+0
29,006109	0,000000	0,000000	0,000000E+0
29,006109	0,000000	0,000000	0,000000E+0
29,006109	0,000000	0,000000	0,000000E+0
29,006109	0,000000	0,000000	0,000000E+0
29,006109	0,000000	0,000000	0,000000E+0
29,006109	0,000000	0,000000	0,000000E+0
29,006109	0,000000	0,000000	0,000000E+0
29,006109	0,000000	0,000000	0,000000E+0
30,006592	0,000000	0,000000	0,000000E+0
30,006592	0,000000	0,000000	0,000000E+0
30,006592	0,000000	0,000000	0,000000E+0
30,006592	0,000000	0,000000	0,000000E+0
30,006592	0,000000	0,000000	0,000000E+0
30,006592	0,000000	0,000000	0,000000E+0
30,006592	0,000000	0,000000	0,000000E+0
30,006592	0,000000	0,000000	0,000000E+0
30,006592	0,000000	0,000000	0,000000E+0
30,006592	0,000000	0,000000	0,000000E+0
31,006981	0,000000	0,000000	0,000000E+0
31,006981	0,000000	0,000000	0,000000E+0
31,006981	0,000000	0,000000	0,000000E+0
31,006981	0,000000	0,000000	0,000000E+0
31,006981	0,000000	0,000000	0,000000E+0
31,006981	0,000000	0,000000	0,000000E+0
31,006981	0,000000	0,000000	0,000000E+0
31,006981	0,000000	0,000000	0,000000E+0
31,006981	0,000000	0,000000	0,000000E+0
31,006981	0,000000	0,000000	0,000000E+0
32,006407	0,000000	0,000000	0,000000E+0
32,006407	0,000000	0,000000	0,000000E+0
32,006407	0,000000	0,000000	0,000000E+0
32,006407	0,000000	0,000000	0,000000E+0
32,006407	0,000000	0,000000	0,000000E+0
32,006407	0,000000	0,000000	0,000000E+0
32,006407	0,000000	0,000000	0,000000E+0
32,006407	0,000000	0,000000	0,000000E+0
32,006407	0,000000	0,000000	0,000000E+0
32,006407	6,300000	0,000000	0,000000E+0
33,006819	6,300000	0,000000	0,000000E+0
33,006819	6,300000	0,000000	0,000000E+0
33,006819	6,300000	0,000000	0,000000E+0
33,006819	6,300000	0,000000	0,000000E+0
33,006819	6,300000	0,000000	0,000000E+0
33,006819	6,300000	0,000000	0,000000E+0
33,006819	6,300000	0,000000	0,000000E+0
33,006819	6,300000	0,000000	0,000000E+0
33,006819	6,300000	0,000000	0,000000E+0
33,006819	100,299995	0,000000	0,000000E+0
34,006231	100,299995	0,000000	0,000000E+0
34,006231	100,299995	0,000000	0,000000E+0
34,006231	100,299995	0,000000	0,000000E+0
34,006231	100,299995	0,000000	0,000000E+0
34,006231	100,299995	0,000000	0,000000E+0
34,006231	100,299995	0,000000	0,000000E+0
34,006231	100,299995	0,000000	0,000000E+0
34,006231	100,299995	0,000000	0,000000E+0
34,006231	100,299995	0,000000	0,000000E+0
34,006231	28,200001	0,000000	0,000000E+0
35,006656	28,200001	0,000000	0,000000E+0
35,006656	28,200001	0,000000	0,000000E+0
35,006656	28,200001	0,000000	0,000000E+0
35,006656	28,200001	0,000000	0,000000E+0
35,006656	28,200001	0,000000	0,000000E+0
35,006656	28,200001	0,000000	0,000000E+0
35,006656	28,200001	0,000000	0,000000E+0
35,006656	28,200001	0,000000	0,000000E+0
35,006656	28,200001	0,000000	0,000000E+0
35,006656	28,200001	0,000000	0,000000E+0
36,008121	107,500000	0,000000	0,000000E+0
36,008121	107,500000	0,000000	0,000000E+0
36,008121	107,500000	0,000000	0,000000E+0
36,008121	107,500000	0,000000	0,000000E+0
36,008121	107,500000	0,000000	0,000000E+0
36,008121	107,500000	0,000000	0,000000E+0
36,008121	107,500000	0,000000	0,000000E+0
36,008121	107,500000	0,000000	0,000000E+0
36,008121	107,500000	0,000000	0,000000E+0
36,008121	107,500000	0,000000	0,000000E+0
37,008506	107,500000	0,000000	0,000000E+0
37,008506	107,500000	0,000000	0,000000E+0
37,008506	107,500000	0,000000	0,000000E+0
37,008506	24,900002	0,000000	0,000000E+0
37,008506	24,900002	0,000000	0,000000E+0
37,008506	24,900002	0,000000	0,000000E+0
37,008506	24,900002	0,000000	0,000000E+0
37,008506	24,900002	0,000000	0,000000E+0
37,008506	24,900002	0,000000	0,000000E+0
37,008506	24,900002	0,000000	0,000000E+0
38,008931	24,900002	0,000000	0,000000E+0
38,008931	24,900002	0,000000	0,000000E+0
38,008931	24,900002	0,000000	0,000000E+0
38,008931	24,900002	0,000000	0,000000E+0
38,008931	24,900002	0,000000	0,000000E+0
38,008931	34,799999	0,000000	0,000000E+0
38,008931	34,799999	0,000000	0,000000E+0
38,008931	34,799999	0,000000	0,000000E+0
38,008931	34,799999	0,000000	0,000000E+0
38,008931	34,799999	0,000000	0,000000E+0
39,009343	34,799999	0,000000	0,000000E+0
39,009343	34,799999	0,000000	0,000000E+0
39,009343	34,799999	0,000000	0,000000E+0
39,009343	34,799999	0,000000	0,000000E+0
39,009343	35,599998	0,000000	0,000000E+0
39,009343	35,599998	0,000000	0,000000E+0
39,009343	35,599998	0,000000	0,000000E+0
39,009343	35,599998	0,000000	0,000000E+0
39,009343	35,599998	0,000000	0,000000E+0
39,009343	35,599998	0,000000	0,000000E+0
40,009790	35,599998	0,000000	0,000000E+0
40,009790	35,599998	0,000000	0,000000E+0
40,009790	35,599998	0,000000	0,000000E+0
40,009790	35,599998	0,000000	0,000000E+0
40,009790	35,599998	0,000000	0,000000E+0
40,009790	33,799999	0,000000	0,000000E+0
40,009790	33,799999	0,000000	0,000000E+0
40,009790	33,799999	0,000000	0,000000E+0
40,009790	33,799999	0,000000	0,000000E+0
40,009790	33,799999	0,000000	0,000000E+0
41,009216	33,799999	0,000000	0,000000E+0
41,009216	33,799999	0,000000	0,000000E+0
41,009216	33,799999	0,000000	0,000000E+0
41,009216	33,799999	0,000000	0,000000E+0
41,009216	33,799999	0,000000	0,000000E+0
41,009216	34,099998	0,000000	0,000000E+0
41,009216	34,099998	0,000000	0,000000E+0
41,009216	34,099998	0,000000	0,000000E+0
41,009216	34,099998	0,000000	0,000000E+0
41,009216	34,099998	0,000000	0,000000E+0
42,009622	34,099998	0,000000	0,000000E+0
42,009622	34,099998	0,000000	0,000000E+0
42,009622	34,099998	0,000000	0,000000E+0
42,009622	34,099998	0,000000	0,000000E+0
42,009622	34,099998	0,000000	0,000000E+0
42,009622	34,099998	0,000000	0,000000E+0
42,009622	34,099998	0,000000	0,000000E+0
42,009622	33,500000	0,000000	0,000000E+0
42,009622	33,500000	0,000000	0,000000E+0
42,009622	33,500000	0,000000	0,000000E+0
43,010040	33,500000	0,000000	0,000000E+0
43,010040	33,500000	0,000000	0,000000E+0
43,010040	33,500000	0,000000	0,000000E+0
43,010040	33,500000	0,000000	0,000000E+0
43,010040	33,500000	0,000000	0,000000E+0
43,010040	33,500000	0,000000	0,000000E+0
43,010040	33,500000	0,000000	0,000000E+0
43,010040	33,500000	0,000000	0,000000E+0
43,010040	33,500000	0,000000	0,000000E+0
43,010040	33,500000	0,000000	0,000000E+0
44,009491	33,500000	0,000000	0,000000E+0
44,009491	33,500000	0,000000	0,000000E+0
44,009491	33,500000	0,000000	0,000000E+0
44,009491	33,099998	0,000000	0,000000E+0
44,009491	33,099998	0,000000	0,000000E+0
44,009491	33,099998	0,000000	0,000000E+0
44,009491	33,099998	0,000000	0,000000E+0
44,009491	33,099998	0,000000	0,000000E+0
44,009491	33,099998	0,000000	0,000000E+0
44,009491	33,099998	0,000000	0,000000E+0
45,009908	33,099998	0,000000	0,000000E+0
45,009908	33,099998	0,000000	0,000000E+0
45,009908	33,099998	0,000000	0,000000E+0
45,009908	33,200001	0,000000	0,000000E+0
45,009908	33,200001	0,000000	0,000000E+0
45,009908	33,200001	0,000000	0,000000E+0
45,009908	33,200001	0,000000	0,000000E+0
45,009908	33,200001	0,000000	0,000000E+0
45,009908	33,200001	0,000000	0,000000E+0
45,009908	33,200001	0,000000	0,000000E+0
46,009393	33,200001	0,000000	0,000000E+0
46,009393	33,200001	0,000000	0,000000E+0
46,009393	33,200001	0,000000	0,000000E+0
46,009393	33,099998	0,000000	0,000000E+0
46,009393	33,099998	0,000000	0,000000E+0
46,009393	33,099998	0,000000	0,000000E+0
46,009393	33,099998	0,000000	0,000000E+0
46,009393	33,099998	0,000000	0,000000E+0
46,009393	33,099998	0,000000	0,000000E+0
46,009393	33,099998	0,000000	0,000000E+0
47,009809	33,099998	0,000000	0,000000E+0
47,009809	33,099998	0,000000	0,000000E+0
47,009809	33,099998	0,000000	0,000000E+0
47,009809	32,700001	0,000000	0,000000E+0
47,009809	32,700001	0,000000	0,000000E+0
47,009809	32,700001	0,000000	0,000000E+0
47,009809	32,700001	0,000000	0,000000E+0
47,009809	32,700001	0,000000	0,000000E+0
47,009809	32,700001	0,000000	0,000000E+0
47,009809	32,700001	0,000000	0,000000E+0
48,009285	32,700001	0,000000	0,000000E+0
48,009285	32,700001	0,000000	0,000000E+0
48,009285	32,700001	0,000000	0,000000E+0
48,009285	32,700001	0,000000	0,000000E+0
48,009285	32,699997	0,000000	0,000000E+0
48,009285	32,699997	0,000000	0,000000E+0
48,009285	32,699997	0,000000	0,000000E+0
48,009285	32,699997	0,000000	0,000000E+0
48,009285	32,699997	0,000000	0,000000E+0
48,009285	32,699997	0,000000	0,000000E+0
49,009637	32,699997	0,000000	0,000000E+0
49,009637	32,699997	0,000000	0,000000E+0
49,009637	32,699997	0,000000	0,000000E+0
49,009637	32,699997	0,000000	0,000000E+0
49,009637	32,699997	0,000000	0,000000E+0
49,009637	32,699997	0,000000	0,000000E+0
49,009637	32,699997	0,000000	0,000000E+0
49,009637	32,699997	0,000000	0,000000E+0
49,009637	32,699997	0,000000	0,000000E+0
49,009637	32,699997	0,000000	0,000000E+0
50,011035	32,699997	0,000000	0,000000E+0
50,011035	33,099998	0,000000	0,000000E+0
50,011035	33,099998	0,000000	0,000000E+0
50,011035	33,099998	0,000000	0,000000E+0
50,011035	33,099998	0,000000	0,000000E+0
50,011035	33,099998	0,000000	0,000000E+0
50,011035	33,099998	0,000000	0,000000E+0
50,011035	33,099998	0,000000	0,000000E+0
50,011035	33,099998	0,000000	0,000000E+0
50,011035	33,099998	0,000000	0,000000E+0
51,010391	33,099998	0,000000	0,000000E+0
51,010391	31,900000	0,000000	0,000000E+0
51,010391	31,900000	0,000000	0,000000E+0
51,010391	31,900000	0,000000	0,000000E+0
51,010391	31,900000	0,000000	0,000000E+0
51,010391	31,900000	0,000000	0,000000E+0
51,010391	31,900000	0,000000	0,000000E+0
51,010391	31,900000	0,000000	0,000000E+0
51,010391	31,900000	0,000000	0,000000E+0
51,010391	31,900000	0,000000	0,000000E+0
52,011805	31,900000	0,000000	0,000000E+0
52,011805	31,900000	0,000000	0,000000E+0
52,011805	31,900000	0,000000	0,000000E+0
52,011805	32,599998	0,000000	0,000000E+0
52,011805	32,599998	0,000000	0,000000E+0
52,011805	32,599998	0,000000	0,000000E+0
52,011805	32,599998	0,000000	0,000000E+0
52,011805	32,599998	0,000000	0,000000E+0
52,011805	32,599998	0,000000	0,000000E+0
52,011805	32,599998	0,000000	0,000000E+0
53,011257	32,599998	0,000000	0,000000E+0
53,011257	32,500000	0,000000	0,000000E+0
53,011257	32,500000	0,000000	0,000000E+0
53,011257	32,500000	0,000000	0,000000E+0
53,011257	32,500000	0,000000	0,000000E+0
53,011257	32,500000	0,000000	0,000000E+0
53,011257	32,500000	0,000000	0,000000E+0
53,011257	32,500000	0,000000	0,000000E+0
53,011257	32,500000	0,000000	0,000000E+0
53,011257	32,500000	0,000000	0,000000E+0
54,011688	32,500000	0,000000	0,000000E+0
54,011688	32,500000	0,000000	0,000000E+0
54,011688	32,300003	0,000000	0,000000E+0
54,011688	32,300003	0,000000	0,000000E+0
54,011688	32,300003	0,000000	0,000000E+0
54,011688	32,300003	0,000000	0,000000E+0
54,011688	32,300003	0,000000	0,000000E+0
54,011688	32,300003	0,000000	0,000000E+0
54,011688	32,300003	0,000000	0,000000E+0
54,011688	32,300003	0,000000	0,000000E+0
55,013124	32,300003	0,000000	0,000000E+0
55,013124	32,300003	0,000000	0,000000E+0
55,013124	32,300003	0,000000	0,000000E+0
55,013124	32,300003	0,000000	0,000000E+0
55,013124	32,300003	0,000000	0,000000E+0
55,013124	32,300003	0,000000	0,000000E+0
55,013124	32,300003	0,000000	0,000000E+0
55,013124	32,300003	0,000000	0,000000E+0
55,013124	32,300003	0,000000	0,000000E+0
55,013124	32,300003	0,000000	0,000000E+0
56,013566	32,300003	0,000000	0,000000E+0
56,013566	32,300003	0,000000	0,000000E+0
56,013566	32,300003	0,000000	0,000000E+0
56,013566	32,300003	0,000000	0,000000E+0
56,013566	32,300003	0,000000	0,000000E+0
56,013566	32,300003	0,000000	0,000000E+0
56,013566	32,300003	0,000000	0,000000E+0
56,013566	32,299999	0,000000	0,000000E+0
56,013566	32,299999	0,000000	0,000000E+0
56,013566	32,299999	0,000000	0,000000E+0
57,014273	32,299999	0,000000	0,000000E+0
57,014273	32,299999	0,000000	0,000000E+0
57,014273	32,299999	0,000000	0,000000E+0
57,014273	32,299999	0,000000	0,000000E+0
57,014273	32,299999	0,000000	0,000000E+0
57,014273	32,299999	0,000000	0,000000E+0
57,014273	32,299999	0,000000	0,000000E+0
57,014273	32,900002	0,000000	0,000000E+0
57,014273	32,900002	0,000000	0,000000E+0
57,014273	32,900002	0,000000	0,000000E+0
58,014624	32,900002	0,000000	0,000000E+0
58,014624	32,900002	0,000000	0,000000E+0
58,014624	32,900002	0,000000	0,000000E+0
58,014624	32,900002	0,000000	0,000000E+0
58,014624	32,900002	0,000000	0,000000E+0
58,014624	32,900002	0,000000	0,000000E+0
58,014624	32,200001	0,000000	0,000000E+0
58,014624	32,200001	0,000000	0,000000E+0
58,014624	32,200001	0,000000	0,000000E+0
58,014624	32,200001	0,000000	0,000000E+0
59,015069	32,200001	0,000000	0,000000E+0
59,015069	32,200001	0,000000	0,000000E+0
59,015069	32,200001	0,000000	0,000000E+0
59,015069	32,200001	0,000000	0,000000E+0
59,015069	32,200001	0,000000	0,000000E+0
59,015069	32,200001	0,000000	0,000000E+0
59,015069	32,200001	0,000000	0,000000E+0
59,015069	32,200001	0,000000	0,000000E+0
59,015069	32,200001	0,000000	0,000000E+0
59,015069	23,700001	0,000000	0,000000E+0
60,015537	23,700001	0,000000	0,000000E+0
60,015537	23,700001	0,000000	0,000000E+0
60,015537	23,700001	0,000000	0,000000E+0
60,015537	23,700001	0,000000	0,000000E+0
60,015537	23,700001	0,000000	0,000000E+0
60,015537	23,700001	0,000000	0,000000E+0
60,015537	23,700001	0,000000	0,000000E+0
60,015537	23,700001	0,000000	0,000000E+0
60,015537	23,700001	0,000000	0,000000E+0
60,015537	23,700001	0,000000	0,000000E+0
61,015897	23,700001	0,000000	0,000000E+0
61,015897	23,700001	0,000000	0,000000E+0
61,015897	6,300000	0,000000	0,000000E+0
61,015897	6,300000	0,000000	0,000000E+0
61,015897	6,300000	0,000000	0,000000E+0
61,015897	6,300000	0,000000	0,000000E+0
61,015897	6,300000	0,000000	0,000000E+0
61,015897	6,300000	0,000000	0,000000E+0
61,015897	6,300000	0,000000	0,000000E+0
61,015897	6,300000	0,000000	0,000000E+0
62,015309	6,300000	0,000000	0,000000E+0
62,015309	9,000000	0,000000	0,000000E+0
62,015309	9,000000	0,000000	0,000000E+0
62,015309	9,000000	0,000000	0,000000E+0
62,015309	9,000000	0,000000	0,000000E+0
62,015309	9,000000	0,000000	0,000000E+0
62,015309	9,000000	0,000000	0,000000E+0
62,015309	9,000000	0,000000	0,000000E+0
62,015309	9,000000	0,000000	0,000000E+0
62,015309	9,000000	0,000000	0,000000E+0
63,016037	26,299999	0,000000	0,000000E+0
63,016037	26,299999	0,000000	0,000000E+0
63,016037	26,299999	0,000000	0,000000E+0
63,016037	26,299999	0,000000	0,000000E+0
63,016037	26,299999	0,000000	0,000000E+0
63,016037	26,299999	0,000000	0,000000E+0
63,016037	26,299999	0,000000	0,000000E+0
63,016037	26,299999	0,000000	0,000000E+0
63,016037	26,299999	0,000000	0,000000E+0
63,016037	26,299999	0,000000	0,000000E+0
64,015568	26,299999	0,000000	0,000000E+0
64,015568	28,500000	0,000000	0,000000E+0
64,015568	28,500000	0,000000	0,000000E+0
64,015568	28,500000	0,000000	0,000000E+0
64,015568	28,500000	0,000000	0,000000E+0
64,015568	28,500000	0,000000	0,000000E+0
64,015568	28,500000	0,000000	0,000000E+0
64,015568	28,500000	0,000000	0,000000E+0
64,015568	28,500000	0,000000	0,000000E+0
64,015568	28,500000	0,000000	0,000000E+0
65,016978	28,500000	0,000000	0,000000E+0
65,016978	28,500000	0,000000	0,000000E+0
65,016978	28,500000	0,000000	0,000000E+0
65,016978	28,500000	0,000000	0,000000E+0
65,016978	22,900002	0,000000	0,000000E+0
65,016978	22,900002	0,000000	0,000000E+0
65,016978	22,900002	0,000000	0,000000E+0
65,016978	22,900002	0,000000	0,000000E+0
65,016978	22,900002	0,000000	0,000000E+0
65,016978	22,900002	0,000000	0,000000E+0
66,016377	22,900002	0,000000	0,000000E+0
66,016377	22,900002	0,000000	0,000000E+0
66,016377	22,900002	0,000000	0,000000E+0
66,016377	22,900002	0,000000	0,000000E+0
66,016377	21,299999	0,000000	0,000000E+0
66,016377	21,299999	0,000000	0,000000E+0
66,016377	21,299999	0,000000	0,000000E+0
66,016377	21,299999	0,000000	0,000000E+0
66,016377	21,299999	0,000000	0,000000E+0
66,016377	21,299999	0,000000	0,000000E+0
67,017400	21,299999	0,000000	0,000000E+0
67,017400	21,299999	0,000000	0,000000E+0
67,017400	21,299999	0,000000	0,000000E+0
67,017400	21,299999	0,000000	0,000000E+0
67,017400	21,299999	0,000000	0,000000E+0
67,017400	21,299999	0,000000	0,000000E+0
67,017400	22,500000	0,000000	0,000000E+0
67,017400	22,500000	0,000000	0,000000E+0
67,017400	22,500000	0,000000	0,000000E+0
67,017400	22,500000	0,000000	0,000000E+0
68,017865	22,500000	0,000000	0,000000E+0
68,017865	22,500000	0,000000	0,000000E+0
68,017865	22,500000	0,000000	0,000000E+0
68,017865	22,500000	0,000000	0,000000E+0
68,017865	22,500000	0,000000	0,000000E+0
68,017865	22,900002	0,000000	0,000000E+0
68,017865	22,900002	0,000000	0,000000E+0
68,017865	22,900002	0,000000	0,000000E+0
68,017865	22,900002	0,000000	0,000000E+0
68,017865	22,900002	0,000000	0,000000E+0
69,017259	22,900002	0,000000	0,000000E+0
69,017259	22,900002	0,000000	0,000000E+0
69,017259	22,900002	0,000000	0,000000E+0
69,017259	22,900002	0,000000	0,000000E+0
69,017259	22,500000	0,000000	0,000000E+0
69,017259	22,500000	0,000000	0,000000E+0
69,017259	22,500000	0,000000	0,000000E+0
69,017259	22,500000	0,000000	0,000000E+0
69,017259	22,500000	0,000000	0,000000E+0
69,017259	22,500000	0,000000	0,000000E+0
70,017728	22,500000	0,000000	0,000000E+0
70,017728	22,500000	0,000000	0,000000E+0
70,017728	22,500000	0,000000	0,000000E+0
70,017728	22,500000	0,000000	0,000000E+0
70,017728	22,500000	0,000000	0,000000E+0
70,017728	22,500000	0,000000	0,000000E+0
70,017728	22,500000	0,000000	0,000000E+0
70,017728	22,500000	0,000000	0,000000E+0
70,017728	22,599998	0,000000	0,000000E+0
70,017728	22,599998	0,000000	0,000000E+0
71,018111	22,599998	0,000000	0,000000E+0
71,018111	22,599998	0,000000	0,000000E+0
71,018111	22,599998	0,000000	0,000000E+0
71,018111	22,599998	0,000000	0,000000E+0
71,018111	22,599998	0,000000	0,000000E+0
71,018111	22,599998	0,000000	0,000000E+0
71,018111	22,599998	0,000000	0,000000E+0
71,018111	22,599998	0,000000	0,000000E+0
71,018111	22,599998	0,000000	0,000000E+0
71,018111	22,400002	0,000000	0,000000E+0
72,018516	22,400002	0,000000	0,000000E+0
72,018516	22,400002	0,000000	0,000000E+0
72,018516	22,400002	0,000000	0,000000E+0
72,018516	22,400002	0,000000	0,000000E+0
72,018516	22,400002	0,000000	0,000000E+0
72,018516	22,400002	0,000000	0,000000E+0
72,018516	22,400002	0,000000	0,000000E+0
72,018516	22,400002	0,000000	0,000000E+0
72,018516	22,400002	0,000000	0,000000E+0
72,018516	22,299999	0,000000	0,000000E+0
73,018964	22,299999	0,000000	0,000000E+0
73,018964	22,299999	0,000000	0,000000E+0
73,018964	22,299999	0,000000	0,000000E+0
73,018964	22,299999	0,000000	0,000000E+0
73,018964	22,299999	0,000000	0,000000E+0
73,018964	22,299999	0,000000	0,000000E+0
73,018964	22,299999	0,000000	0,000000E+0
73,018964	22,299999	0,000000	0,000000E+0
73,018964	22,299999	0,000000	0,000000E+0
73,018964	22,000000	0,000000	0,000000E+0
74,018399	22,000000	0,000000	0,000000E+0
74,018399	22,000000	0,000000	0,000000E+0
74,018399	22,000000	0,000000	0,000000E+0
74,018399	22,000000	0,000000	0,000000E+0
74,018399	22,000000	0,000000	0,000000E+0
74,018399	22,000000	0,000000	0,000000E+0
74,018399	22,000000	0,000000	0,000000E+0
74,018399	22,000000	0,000000	0,000000E+0
74,018399	22,000000	0,000000	0,000000E+0
74,018399	22,599998	0,000000	0,000000E+0
75,018612	22,599998	0,000000	0,000000E+0
75,018612	22,599998	0,000000	0,000000E+0
75,018612	22,599998	0,000000	0,000000E+0
75,018612	22,599998	0,000000	0,000000E+0
75,018612	22,599998	0,000000	0,000000E+0
75,018612	22,599998	0,000000	0,000000E+0
75,018612	22,599998	0,000000	0,000000E+0
75,018612	22,599998	0,000000	0,000000E+0
75,018612	22,599998	0,000000	0,000000E+0
75,018612	22,599998	0,000000	0,000000E+0
76,019180	22,599998	0,000000	0,000000E+0
76,019180	22,599998	0,000000	0,000000E+0
76,019180	22,400002	0,000000	0,000000E+0
76,019180	22,400002	0,000000	0,000000E+0
76,019180	22,400002	0,000000	0,000000E+0
76,019180	22,400002	0,000000	0,000000E+0
76,019180	22,400002	0,000000	0,000000E+0
76,019180	22,400002	0,000000	0,000000E+0
76,019180	22,400002	0,000000	0,000000E+0
76,019180	22,400002	0,000000	0,000000E+0
77,018578	22,400002	0,000000	0,000000E+0
77,018578	22,400002	0,000000	0,000000E+0
77,018578	22,400002	0,000000	0,000000E+0
77,018578	22,400002	0,000000	0,000000E+0
77,018578	22,400002	0,000000	0,000000E+0
77,018578	22,400002	0,000000	0,000000E+0
77,018578	22,400002	0,000000	0,000000E+0
77,018578	22,299999	0,000000	0,000000E+0
77,018578	22,299999	0,000000	0,000000E+0
77,018578	22,299999	0,000000	0,000000E+0
78,019008	22,299999	0,000000	0,000000E+0
78,019008	22,299999	0,000000	0,000000E+0
78,019008	22,299999	0,000000	0,000000E+0
78,019008	22,299999	0,000000	0,000000E+0
78,019008	22,299999	0,000000	0,000000E+0
78,019008	22,299999	0,000000	0,000000E+0
78,019008	22,500000	0,000000	0,000000E+0
78,019008	22,500000	0,000000	0,000000E+0
78,019008	22,500000	0,000000	0,000000E+0
78,019008	22,500000	0,000000	0,000000E+0
79,018472	22,500000	0,000000	0,000000E+0
79,018472	22,500000	0,000000	0,000000E+0
79,018472	22,500000	0,000000	0,000000E+0
79,018472	22,500000	0,000000	0,000000E+0
79,018472	22,500000	0,000000	0,000000E+0
79,018472	22,500000	0,000000	0,000000E+0
79,018472	22,200001	0,000000	0,000000E+0
79,018472	22,200001	0,000000	0,000000E+0
79,018472	22,200001	0,000000	0,000000E+0
79,018472	22,200001	0,000000	0,000000E+0
80,018921	22,200001	0,000000	0,000000E+0
80,018921	22,200001	0,000000	0,000000E+0
80,018921	22,200001	0,000000	0,000000E+0
80,018921	22,200001	0,000000	0,000000E+0
80,018921	22,200001	0,000000	0,000000E+0
80,018921	22,200001	0,000000	0,000000E+0
80,018921	22,200001	0,000000	0,000000E+0
80,018921	22,500000	0,000000	0,000000E+0
80,018921	22,500000	0,000000	0,000000E+0
80,018921	22,500000	0,000000	0,000000E+0
81,018296	22,500000	0,000000	0,000000E+0
81,018296	22,500000	0,000000	0,000000E+0
81,018296	22,500000	0,000000	0,000000E+0
81,018296	22,500000	0,000000	0,000000E+0
81,018296	22,500000	0,000000	0,000000E+0
81,018296	22,500000	0,000000	0,000000E+0
81,018296	22,500000	0,000000	0,000000E+0
81,018296	22,500000	0,000000	0,000000E+0
81,018296	22,500000	0,000000	0,000000E+0
81,018296	22,500000	0,000000	0,000000E+0
82,018756	22,500000	0,000000	0,000000E+0
82,018756	22,599998	0,000000	0,000000E+0
82,018756	22,599998	0,000000	0,000000E+0
82,018756	22,599998	0,000000	0,000000E+0
82,018756	22,599998	0,000000	0,000000E+0
82,018756	22,599998	0,000000	0,000000E+0
82,018756	22,599998	0,000000	0,000000E+0
82,018756	22,599998	0,000000	0,000000E+0
82,018756	22,599998	0,000000	0,000000E+0
82,018756	22,599998	0,000000	0,000000E+0
83,019168	22,299999	0,000000	0,000000E+0
83,019168	22,299999	0,000000	0,000000E+0
83,019168	22,299999	0,000000	0,000000E+0
83,019168	22,299999	0,000000	0,000000E+0
83,019168	22,299999	0,000000	0,000000E+0
83,019168	22,299999	0,000000	0,000000E+0
83,019168	22,299999	0,000000	0,000000E+0
83,019168	22,299999	0,000000	0,000000E+0
83,019168	22,299999	0,000000	0,000000E+0
83,019168	22,299999	0,000000	0,000000E+0
84,018388	22,099998	0,000000	0,000000E+0
84,018388	22,099998	0,000000	0,000000E+0
84,018388	22,099998	0,000000	0,000000E+0
84,018388	22,099998	0,000000	0,000000E+0
84,018388	22,099998	50,000000	0,000000E+0
84,018388	22,099998	50,000000	0,000000E+0
84,018388	22,099998	50,000000	0,000000E+0
84,018388	22,099998	50,000000	0,000000E+0
84,018388	22,099998	50,000000	0,000000E+0
84,018388	22,099998	50,000000	0,000000E+0
85,018795	22,099998	50,000000	0,000000E+0
85,018795	22,299999	50,000000	0,000000E+0
85,018795	22,299999	50,000000	0,000000E+0
85,018795	22,299999	50,000000	0,000000E+0
85,018795	22,299999	50,000000	0,000000E+0
85,018795	22,299999	50,000000	0,000000E+0
85,018795	22,299999	50,000000	0,000000E+0
85,018795	22,299999	50,000000	0,000000E+0
85,018795	22,299999	50,000000	0,000000E+0
85,018795	22,299999	50,000000	0,000000E+0
86,018243	22,299999	50,000000	0,000000E+0
86,018243	22,200001	50,000000	0,000000E+0
86,018243	22,200001	50,000000	0,000000E+0
86,018243	22,200001	50,000000	0,000000E+0
86,018243	22,200001	50,000000	0,000000E+0
86,018243	22,200001	50,000000	0,000000E+0
86,018243	22,200001	50,000000	0,000000E+0
86,018243	22,200001	50,000000	0,000000E+0
86,018243	22,200001	50,000000	0,000000E+0
86,018243	22,200001	50,000000	0,000000E+0
87,018720	22,200001	50,000000	0,000000E+0
87,018720	22,200001	50,000000	0,000000E+0
87,018720	22,200001	50,000000	0,000000E+0
87,018720	22,200001	50,000000	0,000000E+0
87,018720	22,200001	50,000000	0,000000E+0
87,018720	22,200001	50,000000	0,000000E+0
87,018720	22,200001	50,000000	0,000000E+0
87,018720	22,200001	50,000000	0,000000E+0
87,018720	22,200001	50,000000	0,000000E+0
87,018720	22,200001	50,000000	0,000000E+0
88,020071	22,200001	50,000000	0,000000E+0
88,020071	22,200001	50,000000	0,000000E+0
88,020071	22,200001	50,000000	0,000000E+0
88,020071	22,200001	50,000000	0,000000E+0
88,020071	22,200001	50,000000	0,000000E+0
88,020071	22,200001	50,000000	0,000000E+0
88,020071	22,599998	50,000000	0,000000E+0
88,020071	22,599998	50,000000	0,000000E+0
88,020071	22,599998	50,000000	0,000000E+0
88,020071	22,599998	50,000000	0,000000E+0
89,021184	22,599998	50,000000	0,000000E+0
89,021184	22,599998	50,000000	0,000000E+0
89,021184	22,599998	50,000000	0,000000E+0
89,021184	22,599998	50,000000	4,397531E-4
89,021184	22,599998	50,000000	4,397531E-4
89,021184	22,599998	50,000000	8,795062E-4
89,021184	22,500000	50,000000	8,795062E-4
89,021184	22,500000	50,000000	8,795062E-4
89,021184	22,500000	50,000000	1,346061E-3
89,021184	22,500000	50,000000	1,346061E-3
90,020606	22,500000	50,000000	1,787419E-3
90,020606	22,500000	50,000000	2,228777E-3
90,020606	22,500000	50,000000	2,670135E-3
90,020606	22,500000	50,000000	3,111493E-3
90,020606	22,500000	50,000000	3,111493E-3
90,020606	22,599998	50,000000	3,552852E-3
90,020606	22,599998	50,000000	3,967407E-3
90,020606	22,599998	50,000000	3,967407E-3
90,020606	22,599998	50,000000	4,407161E-3
90,020606	22,599998	50,000000	4,846914E-3
91,021035	22,599998	50,000000	4,846914E-3
91,021035	22,599998	50,000000	5,286667E-3
91,021035	22,599998	50,000000	5,286667E-3
91,021035	22,599998	50,000000	5,726420E-3
91,021035	22,599998	50,000000	5,726420E-3
91,021035	22,799999	50,000000	6,166173E-3
91,021035	22,799999	50,000000	6,552321E-3
91,021035	22,799999	50,000000	6,988864E-3
91,021035	22,799999	50,000000	6,988864E-3
91,021035	22,799999	50,000000	7,425407E-3
92,020462	22,799999	50,000000	7,861951E-3
92,020462	22,799999	50,000000	7,861951E-3
92,020462	22,799999	50,000000	8,298494E-3
92,020462	22,799999	50,000000	8,735037E-3
92,020462	22,799999	50,000000	8,735037E-3
92,020462	22,799999	50,000000	9,171580E-3
92,020462	22,799999	50,000000	9,171580E-3
92,020462	22,799999	50,000000	9,171580E-3
92,020462	22,799999	50,000000	9,608124E-3
92,020462	22,799999	50,000000	1,004467E-2
93,020879	22,799999	50,000000	1,048121E-2
93,020879	22,799999	50,000000	1,048121E-2
93,020879	22,799999	50,000000	1,091775E-2
93,020879	22,799999	50,000000	1,135430E-2
93,020879	22,799999	50,000000	1,179084E-2
93,020879	22,799999	50,000000	1,222738E-2
93,020879	22,799999	50,000000	1,266393E-2
93,020879	22,799999	50,000000	1,266393E-2
93,020879	22,799999	50,000000	1,310047E-2
93,020879	22,799999	50,000000	1,353701E-2
94,020305	22,799999	50,000000	1,353701E-2
94,020305	22,799999	50,000000	1,353701E-2
94,020305	22,700001	50,000000	1,397356E-2
94,020305	22,700001	50,000000	1,397356E-2
94,020305	22,700001	50,000000	1,443690E-2
94,020305	22,700001	50,000000	1,487505E-2
94,020305	22,700001	50,000000	1,487505E-2
94,020305	22,700001	50,000000	1,531320E-2
94,020305	22,700001	50,000000	1,575135E-2
94,020305	22,700001	50,000000	1,618949E-2
95,021710	22,700001	50,000000	1,618949E-2
95,021710	23,000000	50,000000	1,662764E-2
95,021710	23,000000	50,000000	1,698538E-2
95,021710	23,000000	50,000000	1,698538E-2
95,021710	23,000000	50,000000	1,741872E-2
95,021710	23,000000	50,000000	1,741872E-2
95,021710	23,000000	50,000000	1,785205E-2
95,021710	23,000000	50,000000	1,785205E-2
95,021710	23,000000	50,000000	1,828538E-2
95,021710	23,000000	50,000000	1,871872E-2
96,022210	22,700001	50,000000	1,923246E-2
96,022210	22,700001	50,000000	1,923246E-2
96,022210	22,700001	50,000000	1,967060E-2
96,022210	22,700001	50,000000	2,010875E-2
96,022210	22,700001	50,000000	2,010875E-2
96,022210	22,700001	50,000000	2,054690E-2
96,022210	22,700001	50,000000	2,098505E-2
96,022210	22,700001	50,000000	2,142320E-2
96,022210	22,700001	50,000000	2,142320E-2
96,022210	22,700001	50,000000	2,186135E-2
97,021575	22,700001	50,000000	2,186135E-2
97,021575	23,100000	50,000000	2,229949E-2
97,021575	23,100000	50,000000	2,229949E-2
97,021575	23,100000	50,000000	2,263043E-2
97,021575	23,100000	50,000000	2,306216E-2
97,021575	23,100000	50,000000	2,349389E-2
97,021575	23,100000	50,000000	2,349389E-2
97,021575	23,100000	50,000000	2,392562E-2
97,021575	23,100000	50,000000	2,435735E-2
97,021575	23,100000	50,000000	2,478907E-2
98,022026	23,100000	50,000000	2,478907E-2
98,022026	23,099998	50,000000	2,522080E-2
98,022026	23,099998	50,000000	2,565253E-2
98,022026	23,099998	50,000000	2,608426E-2
98,022026	23,099998	50,000000	2,608426E-2
98,022026	23,099998	50,000000	2,651599E-2
98,022026	23,099998	50,000000	2,651599E-2
98,022026	23,099998	50,000000	2,651599E-2
98,022026	23,099998	50,000000	2,694772E-2
98,022026	23,099998	50,000000	2,737944E-2
99,021386	23,099998	50,000000	2,737944E-2
99,021386	23,099998	50,000000	2,781117E-2
99,021386	23,099998	50,000000	2,824290E-2
99,021386	23,099998	50,000000	2,824290E-2
99,021386	23,099998	50,000000	2,867463E-2
99,021386	23,099998	50,000000	2,910636E-2
99,021386	23,099998	50,000000	2,910636E-2
99,021386	23,099998	50,000000	2,953809E-2
99,021386	23,099998	50,000000	2,996982E-2
99,021386	23,099998	50,000000	3,040154E-2
100,021858	23,099998	50,000000	3,040154E-2
100,021858	23,099998	50,000000	3,083327E-2
100,021858	23,099998	50,000000	3,083327E-2
100,021858	23,200001	50,000000	3,083327E-2
100,021858	23,200001	50,000000	3,123820E-2
100,021858	23,200001	50,000000	3,166832E-2
100,021858	23,200001	50,000000	3,209844E-2
100,021858	23,200001	50,000000	3,252857E-2
100,021858	23,200001	50,000000	3,295869E-2
100,021858	23,200001	50,000000	3,295869E-2
101,021277	23,200001	50,000000	3,338881E-2
101,021277	23,200001	50,000000	3,338881E-2
101,021277	23,900002	50,000000	3,381894E-2
101,021277	23,900002	50,000000	3,406144E-2
101,021277	23,900002	50,000000	3,448033E-2
101,021277	23,900002	50,000000	3,448033E-2
101,021277	23,900002	50,000000	3,489922E-2
101,021277	23,900002	50,000000	3,489922E-2
101,021277	23,900002	50,000000	3,531811E-2
101,021277	23,900002	50,000000	3,573700E-2
102,022750	23,400002	50,000000	3,573700E-2
102,022750	23,400002	50,000000	3,628990E-2
102,022750	23,400002	50,000000	3,671681E-2
102,022750	23,400002	50,000000	3,714373E-2
102,022750	23,400002	50,000000	3,714373E-2
102,022750	23,400002	50,000000	3,757064E-2
102,022750	23,400002	50,000000	3,799755E-2
102,022750	23,400002	50,000000	3,842447E-2
102,022750	23,400002	50,000000	3,842447E-2
102,022750	23,400002	50,000000	3,885138E-2
103,023167	23,400002	50,000000	3,885138E-2
103,023167	23,900002	50,000000	3,927830E-2
103,023167	23,900002	50,000000	3,927830E-2
103,023167	23,900002	50,000000	3,957120E-2
103,023167	23,900002	50,000000	3,999009E-2
103,023167	23,900002	50,000000	3,999009E-2
103,023167	23,900002	50,000000	4,040897E-2
103,023167	23,900002	50,000000	4,082786E-2
103,023167	23,900002	50,000000	4,124675E-2
103,023167	23,900002	50,000000	4,124675E-2
104,022532	23,900002	50,000000	4,166564E-2
104,022532	23,900002	50,000000	4,208453E-2
104,022532	23,900002	50,000000	4,250342E-2
104,022532	23,900002	50,000000	4,250342E-2
104,022532	24,099998	50,000000	4,292231E-2
104,022532	24,099998	50,000000	4,292231E-2
104,022532	24,099998	50,000000	4,328759E-2
104,022532	24,099998	50,000000	4,328759E-2
104,022532	24,099998	50,000000	4,370327E-2
104,022532	24,099998	50,000000	4,411895E-2
105,023971	24,099998	50,000000	4,453463E-2
105,023971	24,099998	50,000000	4,495031E-2
105,023971	24,099998	50,000000	4,495031E-2
105,023971	24,099998	50,000000	4,536599E-2
105,023971	24,099998	50,000000	4,578167E-2
105,023971	24,200001	50,000000	4,578167E-2
105,023971	24,200001	50,000000	4,617054E-2
105,023971	24,200001	50,000000	4,658462E-2
105,023971	24,200001	50,000000	4,699869E-2
105,023971	24,200001	50,000000	4,741276E-2
106,023405	24,200001	50,000000	4,741276E-2
106,023405	24,200001	50,000000	4,782684E-2
106,023405	24,200001	50,000000	4,782684E-2
106,023405	24,200001	50,000000	4,824091E-2
106,023405	24,200001	50,000000	4,865499E-2
106,023405	24,200001	50,000000	4,865499E-2
106,023405	24,400000	50,000000	4,906906E-2
106,023405	24,400000	50,000000	4,942953E-2
106,023405	24,400000	50,000000	4,942953E-2
106,023405	24,400000	50,000000	4,984039E-2
107,024807	24,400000	50,000000	5,025126E-2
107,024807	24,400000	50,000000	5,066212E-2
107,024807	24,400000	50,000000	5,107299E-2
107,024807	24,400000	50,000000	5,148385E-2
107,024807	24,400000	50,000000	5,148385E-2
107,024807	24,600000	50,000000	5,189472E-2
107,024807	24,600000	50,000000	5,189472E-2
107,024807	24,600000	50,000000	5,189472E-2
107,024807	24,600000	50,000000	5,225197E-2
107,024807	24,600000	50,000000	5,265963E-2
108,024278	24,600000	50,000000	5,306728E-2
108,024278	24,600000	50,000000	5,306728E-2
108,024278	24,600000	50,000000	5,347494E-2
108,024278	24,600000	50,000000	5,388259E-2
108,024278	24,600000	50,000000	5,429025E-2
108,024278	24,900000	50,000000	5,429025E-2
108,024278	24,900000	50,000000	5,461749E-2
108,024278	24,900000	50,000000	5,502033E-2
108,024278	24,900000	50,000000	5,542317E-2
108,024278	24,900000	50,000000	5,542317E-2
109,024648	24,900000	50,000000	5,582601E-2
109,024648	24,900000	50,000000	5,582601E-2
109,024648	24,900000	50,000000	5,582601E-2
109,024648	24,900000	50,000000	5,622885E-2
109,024648	24,900000	50,000000	5,663169E-2
109,024648	24,900000	50,000000	5,703453E-2
109,024648	24,900000	50,000000	5,703453E-2
109,024648	24,900000	50,000000	5,743737E-2
109,024648	25,400000	50,000000	5,743737E-2
109,024648	25,400000	50,000000	5,770620E-2
110,024717	25,400000	50,000000	5,770620E-2
110,024717	25,400000	50,000000	5,810101E-2
110,024717	25,400000	50,000000	5,849583E-2
110,024717	25,400000	50,000000	5,889064E-2
110,024717	25,400000	50,000000	5,889064E-2
110,024717	25,400000	50,000000	5,889064E-2
110,024717	25,400000	50,000000	5,928546E-2
110,024717	25,400000	50,000000	5,928546E-2
110,024717	25,400000	50,000000	5,968027E-2
110,024717	25,799999	50,000000	5,996788E-2
111,026212	25,799999	50,000000	6,035627E-2
111,026212	25,799999	50,000000	6,035627E-2
111,026212	25,799999	50,000000	6,074467E-2
111,026212	25,799999	50,000000	6,113306E-2
111,026212	25,799999	50,000000	6,152146E-2
111,026212	25,799999	50,000000	6,152146E-2
111,026212	25,799999	50,000000	6,190985E-2
111,026212	25,799999	50,000000	6,229825E-2
111,026212	25,799999	50,000000	6,268664E-2
111,026212	25,900000	50,000000	6,268664E-2
112,025630	25,900000	50,000000	6,268664E-2
112,025630	25,900000	50,000000	6,304823E-2
112,025630	25,900000	50,000000	6,304823E-2
112,025630	25,900000	50,000000	6,343502E-2
112,025630	25,900000	50,000000	6,343502E-2
112,025630	25,900000	50,000000	6,382181E-2
112,025630	25,900000	50,000000	6,420860E-2
112,025630	25,900000	50,000000	6,420860E-2
112,025630	25,900000	50,000000	6,459539E-2
112,025630	25,799999	50,000000	6,498219E-2
113,027047	25,799999	50,000000	6,539578E-2
113,027047	25,799999	50,000000	6,539578E-2
113,027047	25,799999	50,000000	6,578417E-2
113,027047	25,799999	50,000000	6,617257E-2
113,027047	25,799999	50,000000	6,617257E-2
113,027047	25,799999	50,000000	6,656096E-2
113,027047	25,799999	50,000000	6,656096E-2
113,027047	25,799999	50,000000	6,656096E-2
113,027047	25,799999	50,000000	6,694936E-2
113,027047	26,100000	50,000000	6,725735E-2
114,026466	26,100000	50,000000	6,764093E-2
114,026466	26,100000	50,000000	6,764093E-2
114,026466	26,100000	50,000000	6,802451E-2
114,026466	26,100000	50,000000	6,840809E-2
114,026466	26,100000	50,000000	6,879167E-2
114,026466	26,100000	50,000000	6,879167E-2
114,026466	26,100000	50,000000	6,917525E-2
114,026466	26,100000	50,000000	6,955883E-2
114,026466	26,100000	50,000000	6,955883E-2
114,026466	26,100000	50,000000	6,994241E-2
115,027844	26,100000	50,000000	6,994241E-2
115,027844	26,100000	50,000000	6,994241E-2
115,027844	26,100000	50,000000	7,032599E-2
115,027844	26,100000	50,000000	7,032599E-2
115,027844	26,600000	50,000000	7,070957E-2
115,027844	26,600000	50,000000	7,095914E-2
115,027844	26,600000	50,000000	7,095914E-2
115,027844	26,600000	50,000000	7,133469E-2
115,027844	26,600000	50,000000	7,171025E-2
115,027844	26,600000	50,000000	7,208580E-2
116,027247	26,600000	50,000000	7,208580E-2
116,027247	26,600000	50,000000	7,246136E-2
116,027247	26,600000	50,000000	7,283691E-2
116,027247	26,600000	50,000000	7,283691E-2
116,027247	26,600000	50,000000	7,321247E-2
116,027247	26,600000	50,000000	7,321247E-2
116,027247	27,400000	50,000000	7,358802E-2
116,027247	27,400000	50,000000	7,358802E-2
116,027247	27,400000	50,000000	7,374916E-2
116,027247	27,400000	50,000000	7,411188E-2
117,028706	27,400000	50,000000	7,447459E-2
117,028706	27,400000	50,000000	7,483731E-2
117,028706	27,400000	50,000000	7,483731E-2
117,028706	27,400000	50,000000	7,520002E-2
117,028706	27,400000	50,000000	7,520002E-2
117,028706	27,299999	50,000000	7,556274E-2
117,028706	27,299999	50,000000	7,595226E-2
117,028706	27,299999	50,000000	7,595226E-2
117,028706	27,299999	50,000000	7,631658E-2
117,028706	27,299999	50,000000	7,668090E-2
118,029164	27,299999	50,000000	7,668090E-2
118,029164	27,299999	50,000000	7,704522E-2
118,029164	27,299999	50,000000	7,704522E-2
118,029164	27,299999	50,000000	7,740954E-2
118,029164	27,299999	50,000000	7,740954E-2
118,029164	27,299999	50,000000	7,777386E-2
118,029164	28,100000	50,000000	7,813819E-2
118,029164	28,100000	50,000000	7,828809E-2
118,029164	28,100000	50,000000	7,828809E-2
118,029164	28,100000	50,000000	7,863957E-2
119,028602	28,100000	50,000000	7,899105E-2
119,028602	28,100000	50,000000	7,934253E-2
119,028602	28,100000	50,000000	7,934253E-2
119,028602	28,100000	50,000000	7,969401E-2
119,028602	28,100000	50,000000	7,969401E-2
119,028602	28,100000	50,000000	8,004549E-2
119,028602	28,299999	50,000000	8,004549E-2
119,028602	28,299999	50,000000	8,004549E-2
119,028602	28,299999	50,000000	8,034337E-2
119,028602	28,299999	50,000000	8,069164E-2
120,029247	28,299999	50,000000	8,103991E-2
120,029247	28,299999	50,000000	8,103991E-2
120,029247	28,299999	50,000000	8,138819E-2
120,029247	28,299999	50,000000	8,173646E-2
120,029247	28,299999	50,000000	8,173646E-2
120,029247	28,299999	50,000000	8,208473E-2
120,029247	28,299999	50,000000	8,243300E-2
120,029247	29,400000	50,000000	8,243300E-2
120,029247	29,400000	50,000000	8,248644E-2
120,029247	29,400000	50,000000	8,281706E-2
121,030674	29,400000	50,000000	8,281706E-2
121,030674	29,400000	50,000000	8,314768E-2
121,030674	29,400000	50,000000	8,314768E-2
121,030674	29,400000	50,000000	8,347830E-2
121,030674	29,400000	50,000000	8,380891E-2
121,030674	29,400000	50,000000	8,413953E-2
121,030674	29,400000	50,000000	8,413953E-2
121,030674	29,400000	50,000000	8,447015E-2
121,030674	29,400000	50,000000	8,480077E-2
121,030674	29,400000	50,000000	8,480077E-2
122,031079	29,400000	50,000000	8,513138E-2
122,031079	29,400000	50,000000	8,546200E-2
122,031079	29,400000	50,000000	8,579262E-2
122,031079	29,400000	50,000000	8,579262E-2
122,031079	30,000000	50,000000	8,612323E-2
122,031079	30,000000	50,000000	8,612323E-2
122,031079	30,000000	50,000000	8,629304E-2
122,031079	30,000000	50,000000	8,629304E-2
122,031079	30,000000	50,000000	8,661402E-2
122,031079	30,000000	50,000000	8,693501E-2
123,031510	30,000000	50,000000	8,693501E-2
123,031510	30,000000	50,000000	8,725600E-2
123,031510	30,000000	50,000000	8,757699E-2
123,031510	30,000000	50,000000	8,789798E-2
123,031510	30,000000	50,000000	8,789798E-2
123,031510	30,400000	50,000000	8,821896E-2
123,031510	30,400000	50,000000	8,843274E-2
123,031510	30,400000	50,000000	8,874731E-2
123,031510	30,400000	50,000000	8,874731E-2
123,031510	30,400000	50,000000	8,906188E-2
124,031979	30,400000	50,000000	8,906188E-2
124,031979	30,400000	50,000000	8,937644E-2
124,031979	30,400000	50,000000	8,937644E-2
124,031979	30,400000	50,000000	8,969101E-2
124,031979	30,900000	50,000000	8,987157E-2
124,031979	30,900000	50,000000	9,017811E-2
124,031979	30,900000	50,000000	9,017811E-2
124,031979	30,900000	50,000000	9,048465E-2
124,031979	30,900000	50,000000	9,079120E-2
124,031979	30,900000	50,000000	9,079120E-2
125,031340	30,900000	50,000000	9,109774E-2
125,031340	30,900000	50,000000	9,140428E-2
125,031340	30,900000	50,000000	9,171083E-2
125,031340	30,900000	50,000000	9,201737E-2
125,031340	31,500000	50,000000	9,216310E-2
125,031340	31,500000	50,000000	9,216310E-2
125,031340	31,500000	50,000000	9,246001E-2
125,031340	31,500000	50,000000	9,246001E-2
125,031340	31,500000	50,000000	9,275693E-2
125,031340	31,500000	50,000000	9,275693E-2
126,032878	31,500000	50,000000	9,305384E-2
126,032878	31,500000	50,000000	9,335075E-2
126,032878	31,500000	50,000000	9,364767E-2
126,032878	31,500000	50,000000	9,364767E-2
126,032878	31,500000	50,000000	9,394458E-2
126,032878	31,500000	50,000000	9,424149E-2
126,032878	31,500000	50,000000	9,453841E-2
126,032878	32,299999	50,000000	9,483532E-2
126,032878	32,299999	50,000000	9,483532E-2
126,032878	32,299999	50,000000	9,491782E-2
127,032261	32,299999	50,000000	9,491782E-2
127,032261	32,299999	50,000000	9,520189E-2
127,032261	32,299999	50,000000	9,520189E-2
127,032261	32,299999	50,000000	9,548596E-2
127,032261	32,299999	50,000000	9,577004E-2
127,032261	32,299999	50,000000	9,605411E-2
127,032261	32,299999	50,000000	9,605411E-2
127,032261	32,299999	50,000000	9,633819E-2
127,032261	33,799999	50,000000	9,662226E-2
127,032261	33,799999	50,000000	9,650430E-2
128,032639	33,799999	50,000000	9,650430E-2
128,032639	33,799999	50,000000	9,676430E-2
128,032639	33,799999	50,000000	9,702430E-2
128,032639	33,799999	50,000000	9,728430E-2
128,032639	33,799999	50,000000	9,754430E-2
128,032639	33,799999	50,000000	9,754430E-2
128,032639	33,799999	50,000000	9,780430E-2
128,032639	33,799999	50,000000	9,780430E-2
128,032639	34,200001	50,000000	9,795709E-2
128,032639	34,200001	50,000000	9,821067E-2
129,033025	34,200001	50,000000	9,821067E-2
129,033025	34,200001	50,000000	9,846425E-2
129,033025	34,200001	50,000000	9,871783E-2
129,033025	34,200001	50,000000	9,897141E-2
129,033025	34,200001	50,000000	9,922499E-2
129,033025	34,200001	50,000000	9,947857E-2
129,033025	34,200001	50,000000	9,947857E-2
129,033025	34,200001	50,000000	9,973215E-2
129,033025	35,200001	50,000000	9,998573E-2
129,033025	35,200001	50,000000	9,998573E-2
130,032513	35,200001	50,000000	9,997128E-2
130,032513	35,200001	50,000000	9,997128E-2
130,032513	35,200001	50,000000	1,002088E-1
130,032513	35,200001	50,000000	1,002088E-1
130,032513	35,200001	50,000000	1,004463E-1
130,032513	35,200001	50,000000	1,006839E-1
130,032513	35,200001	50,000000	1,009214E-1
130,032513	35,200001	50,000000	1,009214E-1
130,032513	35,200001	50,000000	1,011589E-1
130,032513	36,099998	50,000000	1,013965E-1
131,032907	36,099998	50,000000	1,013965E-1
131,032907	36,099998	50,000000	1,013928E-1
131,032907	36,099998	50,000000	1,016159E-1
131,032907	36,099998	50,000000	1,018390E-1
131,032907	36,099998	50,000000	1,018390E-1
131,032907	36,099998	50,000000	1,018390E-1
131,032907	36,099998	50,000000	1,020620E-1
131,032907	36,099998	50,000000	1,020620E-1
131,032907	36,099998	50,000000	1,022851E-1
131,032907	37,000000	50,000000	1,022670E-1
132,032324	37,000000	50,000000	1,022670E-1
132,032324	37,000000	50,000000	1,022670E-1
132,032324	37,000000	50,000000	1,024756E-1
132,032324	37,000000	50,000000	1,026843E-1
132,032324	37,000000	50,000000	1,028929E-1
132,032324	37,000000	50,000000	1,031016E-1
132,032324	37,000000	50,000000	1,033102E-1
132,032324	37,000000	50,000000	1,035188E-1
132,032324	37,000000	50,000000	1,035188E-1
132,032324	37,000000	50,000000	1,037275E-1
133,032756	37,000000	50,000000	1,037275E-1
133,032756	37,000000	50,000000	1,039361E-1
133,032756	37,000000	50,000000	1,039361E-1
133,032756	22,600000	50,000000	1,080043E-1
133,032756	22,600000	50,000000	1,084441E-1
133,032756	22,600000	50,000000	1,088838E-1
133,032756	22,600000	50,000000	1,093236E-1
133,032756	22,600000	50,000000	1,097633E-1
133,032756	22,600000	50,000000	1,097633E-1
133,032756	22,600000	50,000000	1,102031E-1
134,033165	22,600000	50,000000	1,106428E-1
134,033165	22,600000	50,000000	1,110826E-1
134,033165	22,600000	50,000000	1,115223E-1
134,033165	4,100000	50,000000	1,169206E-1
134,033165	4,100000	50,000000	1,176572E-1
134,033165	4,100000	50,000000	1,176572E-1
134,033165	4,100000	50,000000	1,183939E-1
134,033165	4,100000	50,000000	1,183939E-1
134,033165	4,100000	50,000000	1,191306E-1
134,033165	4,100000	50,000000	1,198672E-1
135,033571	4,100000	50,000000	1,206039E-1
135,033571	4,100000	50,000000	1,206039E-1
135,033571	4,100000	50,000000	1,213406E-1
135,033571	0,400000	50,000000	1,220772E-1
135,033571	0,400000	50,000000	1,238056E-1
135,033571	0,400000	50,000000	1,238056E-1
135,033571	0,400000	50,000000	1,246016E-1
