t	PL(A)	PL(B)	PL(T)	PL(E)	V(A)	V(B)	V(E)	I(A)	I(B)	I(E)	n_bracos	n_res
0,000	32,100	32,500	6,460E+1	0,000E+0	1,628E+2	1,642E+2	0,000E+0	3,408E-1	3,399E-1	0,000E+0	7	0001
0,000	32,100	32,500	6,460E+1	0,000E+0	1,628E+2	1,642E+2	0,000E+0	3,408E-1	3,399E-1	0,000E+0	7	0001
1,026	32,100	32,500	6,460E+1	0,000E+0	1,628E+2	1,642E+2	0,000E+0	3,408E-1	3,399E-1	0,000E+0	7	0001
2,028	32,100	32,500	6,460E+1	0,000E+0	1,628E+2	1,642E+2	0,000E+0	3,408E-1	3,399E-1	0,000E+0	7	0001
3,028	32,100	32,500	6,460E+1	0,000E+0	1,628E+2	1,642E+2	0,000E+0	3,408E-1	3,399E-1	0,000E+0	7	0001
4,028	32,100	32,500	6,460E+1	0,000E+0	1,628E+2	1,642E+2	0,000E+0	3,408E-1	3,399E-1	0,000E+0	7	0001
5,034	32,100	32,500	6,460E+1	0,000E+0	1,628E+2	1,642E+2	0,000E+0	3,408E-1	3,399E-1	0,000E+0	7	0001
6,034	32,100	32,500	6,460E+1	0,000E+0	1,628E+2	1,642E+2	0,000E+0	3,408E-1	3,399E-1	0,000E+0	7	0001
7,035	32,100	32,500	6,460E+1	0,000E+0	1,628E+2	1,642E+2	0,000E+0	3,408E-1	3,399E-1	0,000E+0	7	0001
8,035	32,100	32,500	6,460E+1	0,000E+0	1,628E+2	1,642E+2	0,000E+0	3,408E-1	3,399E-1	0,000E+0	7	0001
9,035	32,100	32,500	6,460E+1	0,000E+0	1,628E+2	1,642E+2	0,000E+0	3,408E-1	3,399E-1	0,000E+0	7	0001
10,035	32,100	32,500	6,460E+1	0,000E+0	1,628E+2	1,642E+2	0,000E+0	3,408E-1	3,399E-1	0,000E+0	7	0001
11,035	32,100	32,500	6,460E+1	0,000E+0	1,628E+2	1,642E+2	0,000E+0	3,408E-1	3,399E-1	0,000E+0	7	0001
12,036	32,100	32,500	6,460E+1	0,000E+0	1,628E+2	1,642E+2	0,000E+0	3,408E-1	3,399E-1	0,000E+0	7	0001
13,037	32,100	32,500	6,460E+1	0,000E+0	1,628E+2	1,642E+2	0,000E+0	3,408E-1	3,399E-1	0,000E+0	7	0001
14,037	32,100	32,500	6,460E+1	0,000E+0	1,628E+2	1,642E+2	0,000E+0	3,408E-1	3,399E-1	0,000E+0	7	0001
15,037	32,100	32,500	6,460E+1	0,000E+0	1,628E+2	1,642E+2	0,000E+0	3,408E-1	3,399E-1	0,000E+0	7	0001
16,037	32,100	32,500	6,460E+1	0,000E+0	1,628E+2	1,642E+2	0,000E+0	3,408E-1	3,399E-1	0,000E+0	7	0001
17,037	32,100	32,500	6,460E+1	0,000E+0	1,628E+2	1,642E+2	0,000E+0	3,408E-1	3,399E-1	0,000E+0	7	0001
18,036	32,100	32,500	6,460E+1	0,000E+0	1,628E+2	1,642E+2	0,000E+0	3,408E-1	3,399E-1	0,000E+0	7	0001
19,037	32,100	32,500	6,460E+1	0,000E+0	1,628E+2	1,642E+2	0,000E+0	3,408E-1	3,399E-1	0,000E+0	7	0001
20,042	32,100	32,500	6,460E+1	0,000E+0	1,628E+2	1,642E+2	0,000E+0	3,408E-1	3,399E-1	0,000E+0	7	0001
21,042	32,100	32,500	6,460E+1	0,000E+0	1,628E+2	1,642E+2	0,000E+0	3,408E-1	3,399E-1	0,000E+0	7	0001
22,043	32,100	32,500	6,460E+1	0,000E+0	1,628E+2	1,642E+2	0,000E+0	3,408E-1	3,399E-1	0,000E+0	7	0001
23,044	32,100	32,500	6,460E+1	0,000E+0	1,628E+2	1,642E+2	0,000E+0	3,408E-1	3,399E-1	0,000E+0	7	0001
24,044	32,100	32,500	6,460E+1	0,000E+0	1,628E+2	1,642E+2	0,000E+0	3,408E-1	3,399E-1	0,000E+0	7	0001
