0,000000	0,000000	0,000000	5,583364E+0
0,001909	0,000000	0,000000	5,583364E+0
0,001909	0,000000	0,000000	5,583364E+0
0,001909	0,000000	0,000000	5,583364E+0
0,001909	0,000000	0,000000	5,583364E+0
0,001909	0,000000	0,000000	5,583364E+0
0,001909	0,000000	0,000000	5,583364E+0
0,001909	0,000000	0,000000	5,583364E+0
0,001909	0,000000	0,000000	5,583364E+0
0,001909	0,000000	0,000000	0,000000E+0
0,001909	0,000000	0,000000	0,000000E+0
1,001369	0,000000	0,000000	0,000000E+0
1,001369	0,000000	0,000000	0,000000E+0
1,001369	0,000000	0,000000	0,000000E+0
1,001369	0,000000	0,000000	0,000000E+0
1,001369	0,000000	0,000000	0,000000E+0
1,001369	0,000000	0,000000	0,000000E+0
1,001369	0,000000	0,000000	0,000000E+0
1,001369	0,000000	0,000000	0,000000E+0
1,001369	0,000000	0,000000	0,000000E+0
1,001369	0,000000	0,000000	0,000000E+0
2,001803	0,000000	0,000000	0,000000E+0
2,001803	0,000000	0,000000	0,000000E+0
2,001803	0,000000	0,000000	0,000000E+0
2,001803	0,000000	0,000000	0,000000E+0
2,001803	0,000000	0,000000	0,000000E+0
2,001803	0,000000	0,000000	0,000000E+0
2,001803	0,000000	0,000000	0,000000E+0
2,001803	0,000000	0,000000	0,000000E+0
2,001803	0,000000	0,000000	0,000000E+0
2,001803	0,000000	0,000000	0,000000E+0
3,002238	0,000000	0,000000	0,000000E+0
3,002238	0,000000	0,000000	0,000000E+0
3,002238	0,000000	0,000000	0,000000E+0
3,002238	0,000000	0,000000	0,000000E+0
3,002238	0,000000	0,000000	0,000000E+0
3,002238	0,000000	0,000000	0,000000E+0
3,002238	0,000000	0,000000	0,000000E+0
3,002238	0,000000	0,000000	0,000000E+0
3,002238	0,000000	0,000000	0,000000E+0
3,002238	0,000000	0,000000	0,000000E+0
4,001642	0,000000	0,000000	0,000000E+0
4,001642	0,000000	0,000000	0,000000E+0
4,001642	0,000000	0,000000	0,000000E+0
4,001642	0,000000	0,000000	0,000000E+0
4,001642	0,000000	0,000000	0,000000E+0
4,001642	0,000000	0,000000	0,000000E+0
4,001642	0,000000	0,000000	0,000000E+0
4,001642	0,000000	0,000000	0,000000E+0
4,001642	0,000000	0,000000	0,000000E+0
4,001642	0,000000	0,000000	0,000000E+0
5,002071	0,000000	0,000000	0,000000E+0
5,002071	0,000000	0,000000	0,000000E+0
5,002071	0,000000	0,000000	0,000000E+0
5,002071	0,000000	0,000000	0,000000E+0
5,002071	0,000000	0,000000	0,000000E+0
5,002071	0,000000	0,000000	0,000000E+0
5,002071	0,000000	0,000000	0,000000E+0
5,002071	0,000000	0,000000	0,000000E+0
5,002071	0,000000	0,000000	0,000000E+0
5,002071	0,000000	0,000000	0,000000E+0
6,001492	0,000000	0,000000	0,000000E+0
6,001492	0,000000	0,000000	0,000000E+0
6,001492	0,000000	0,000000	0,000000E+0
6,001492	0,000000	0,000000	0,000000E+0
6,001492	0,000000	0,000000	0,000000E+0
6,001492	0,000000	0,000000	0,000000E+0
6,001492	0,000000	0,000000	0,000000E+0
6,001492	0,000000	0,000000	0,000000E+0
6,001492	0,000000	0,000000	0,000000E+0
6,001492	0,000000	0,000000	0,000000E+0
7,001924	0,000000	0,000000	0,000000E+0
7,001924	0,000000	0,000000	0,000000E+0
7,001924	0,000000	0,000000	0,000000E+0
7,001924	0,000000	0,000000	0,000000E+0
7,001924	0,000000	0,000000	0,000000E+0
7,001924	0,000000	0,000000	0,000000E+0
7,001924	0,000000	0,000000	0,000000E+0
7,001924	0,000000	0,000000	0,000000E+0
7,001924	0,000000	0,000000	0,000000E+0
7,001924	0,000000	0,000000	0,000000E+0
8,001340	0,000000	0,000000	0,000000E+0
8,001340	0,000000	0,000000	0,000000E+0
8,001340	0,000000	0,000000	0,000000E+0
8,001340	0,000000	0,000000	0,000000E+0
8,001340	0,000000	0,000000	0,000000E+0
8,001340	0,000000	0,000000	0,000000E+0
8,001340	0,000000	0,000000	0,000000E+0
8,001340	0,000000	0,000000	0,000000E+0
8,001340	0,000000	0,000000	0,000000E+0
8,001340	0,000000	0,000000	0,000000E+0
9,001764	0,000000	0,000000	0,000000E+0
9,001764	0,000000	0,000000	0,000000E+0
9,001764	0,000000	0,000000	0,000000E+0
9,001764	0,000000	0,000000	0,000000E+0
9,001764	0,000000	0,000000	0,000000E+0
9,001764	0,000000	0,000000	0,000000E+0
9,001764	0,000000	0,000000	0,000000E+0
9,001764	0,000000	0,000000	0,000000E+0
9,001764	0,000000	0,000000	0,000000E+0
9,001764	0,000000	0,000000	0,000000E+0
10,002204	0,000000	0,000000	0,000000E+0
10,002204	0,000000	0,000000	0,000000E+0
10,002204	0,000000	0,000000	0,000000E+0
10,002204	0,000000	0,000000	0,000000E+0
10,002204	0,000000	0,000000	0,000000E+0
10,002204	0,000000	0,000000	0,000000E+0
10,002204	0,000000	0,000000	0,000000E+0
10,002204	0,000000	0,000000	0,000000E+0
10,002204	0,000000	0,000000	0,000000E+0
10,002204	0,000000	0,000000	0,000000E+0
11,001627	0,000000	0,000000	0,000000E+0
11,001627	0,000000	0,000000	0,000000E+0
11,001627	0,000000	0,000000	0,000000E+0
11,001627	0,000000	0,000000	0,000000E+0
11,001627	0,000000	0,000000	0,000000E+0
11,001627	0,000000	0,000000	0,000000E+0
11,001627	0,000000	0,000000	0,000000E+0
11,001627	0,000000	0,000000	0,000000E+0
11,001627	0,000000	0,000000	0,000000E+0
11,001627	0,000000	0,000000	0,000000E+0
12,003056	0,000000	0,000000	0,000000E+0
12,003056	0,000000	0,000000	0,000000E+0
12,003056	0,000000	0,000000	0,000000E+0
12,003056	0,000000	0,000000	0,000000E+0
12,003056	0,000000	0,000000	0,000000E+0
12,003056	0,000000	0,000000	0,000000E+0
12,003056	0,000000	0,000000	0,000000E+0
12,003056	0,000000	0,000000	0,000000E+0
12,003056	0,000000	0,000000	0,000000E+0
12,003056	0,000000	0,000000	0,000000E+0
13,003495	0,000000	0,000000	0,000000E+0
13,003495	0,000000	0,000000	0,000000E+0
13,003495	0,000000	0,000000	0,000000E+0
13,003495	0,000000	0,000000	0,000000E+0
13,003495	0,000000	0,000000	0,000000E+0
13,003495	0,000000	0,000000	0,000000E+0
13,003495	0,000000	0,000000	0,000000E+0
13,003495	0,000000	0,000000	0,000000E+0
13,003495	0,000000	0,000000	0,000000E+0
13,003495	0,000000	0,000000	0,000000E+0
14,004912	0,000000	0,000000	0,000000E+0
14,004912	0,000000	0,000000	0,000000E+0
14,004912	0,000000	0,000000	0,000000E+0
14,004912	0,000000	0,000000	0,000000E+0
14,004912	0,000000	0,000000	0,000000E+0
14,004912	0,000000	0,000000	0,000000E+0
14,004912	0,000000	0,000000	0,000000E+0
14,004912	0,000000	0,000000	0,000000E+0
14,004912	0,000000	0,000000	0,000000E+0
14,004912	0,000000	0,000000	0,000000E+0
15,004307	0,000000	0,000000	0,000000E+0
15,004307	0,000000	0,000000	0,000000E+0
15,004307	0,000000	0,000000	0,000000E+0
15,004307	0,000000	0,000000	0,000000E+0
15,004307	0,000000	0,000000	0,000000E+0
15,004307	0,000000	0,000000	0,000000E+0
15,004307	0,000000	0,000000	0,000000E+0
15,004307	0,000000	0,000000	0,000000E+0
15,004307	0,000000	0,000000	0,000000E+0
15,004307	0,000000	0,000000	0,000000E+0
16,004736	0,000000	0,000000	0,000000E+0
16,004736	0,000000	0,000000	0,000000E+0
16,004736	0,000000	0,000000	0,000000E+0
16,004736	0,000000	0,000000	0,000000E+0
16,004736	0,000000	0,000000	0,000000E+0
16,004736	0,000000	0,000000	0,000000E+0
16,004736	0,000000	0,000000	0,000000E+0
16,004736	0,000000	0,000000	0,000000E+0
16,004736	0,000000	0,000000	0,000000E+0
16,004736	0,000000	0,000000	0,000000E+0
17,005165	0,000000	0,000000	0,000000E+0
17,005165	0,000000	0,000000	0,000000E+0
17,005165	0,000000	0,000000	0,000000E+0
17,005165	0,000000	0,000000	0,000000E+0
17,005165	0,000000	0,000000	0,000000E+0
17,005165	0,000000	0,000000	0,000000E+0
17,005165	0,000000	0,000000	0,000000E+0
17,005165	0,000000	0,000000	0,000000E+0
17,005165	0,000000	0,000000	0,000000E+0
17,005165	0,000000	0,000000	0,000000E+0
18,005645	0,000000	0,000000	0,000000E+0
18,005645	0,000000	0,000000	0,000000E+0
18,005645	0,000000	0,000000	0,000000E+0
18,005645	0,000000	0,000000	0,000000E+0
18,005645	0,000000	0,000000	0,000000E+0
18,005645	0,000000	0,000000	0,000000E+0
18,005645	0,000000	0,000000	0,000000E+0
18,005645	0,000000	0,000000	0,000000E+0
18,005645	0,000000	0,000000	0,000000E+0
18,005645	0,000000	0,000000	0,000000E+0
19,006007	0,000000	0,000000	0,000000E+0
19,006007	0,000000	0,000000	0,000000E+0
19,006007	0,000000	0,000000	0,000000E+0
19,006007	0,000000	0,000000	0,000000E+0
19,006007	0,000000	0,000000	0,000000E+0
19,006007	0,000000	0,000000	0,000000E+0
19,006007	0,000000	0,000000	0,000000E+0
19,006007	0,000000	0,000000	0,000000E+0
19,006007	0,000000	0,000000	0,000000E+0
19,006007	0,000000	0,000000	0,000000E+0
20,005429	0,000000	0,000000	0,000000E+0
20,005429	0,000000	0,000000	0,000000E+0
20,005429	0,000000	0,000000	0,000000E+0
20,005429	0,000000	0,000000	0,000000E+0
20,005429	0,000000	0,000000	0,000000E+0
20,005429	0,000000	0,000000	0,000000E+0
20,005429	0,000000	0,000000	0,000000E+0
20,005429	0,000000	0,000000	0,000000E+0
20,005429	0,000000	0,000000	0,000000E+0
20,005429	0,000000	0,000000	0,000000E+0
21,006851	0,000000	0,000000	0,000000E+0
21,006851	0,000000	0,000000	0,000000E+0
21,006851	0,000000	0,000000	0,000000E+0
21,006851	0,000000	0,000000	0,000000E+0
21,006851	0,000000	0,000000	0,000000E+0
21,006851	0,000000	0,000000	0,000000E+0
21,006851	0,000000	0,000000	0,000000E+0
21,006851	0,000000	0,000000	0,000000E+0
21,006851	0,000000	0,000000	0,000000E+0
21,006851	0,000000	0,000000	0,000000E+0
22,007286	0,000000	0,000000	0,000000E+0
22,007286	0,000000	0,000000	0,000000E+0
22,007286	0,000000	0,000000	0,000000E+0
22,007286	0,000000	0,000000	0,000000E+0
22,007286	0,000000	0,000000	0,000000E+0
22,007286	0,000000	0,000000	0,000000E+0
22,007286	0,000000	0,000000	0,000000E+0
22,007286	0,000000	0,000000	0,000000E+0
22,007286	0,000000	0,000000	0,000000E+0
22,007286	0,000000	0,000000	0,000000E+0
23,006708	0,000000	0,000000	0,000000E+0
23,006708	5,900000	0,000000	0,000000E+0
23,006708	5,900000	0,000000	0,000000E+0
23,006708	5,900000	0,000000	0,000000E+0
23,006708	5,900000	0,000000	0,000000E+0
23,006708	5,900000	0,000000	0,000000E+0
23,006708	5,900000	0,000000	0,000000E+0
23,006708	5,900000	0,000000	0,000000E+0
23,006708	5,900000	0,000000	0,000000E+0
23,006708	5,900000	0,000000	0,000000E+0
24,007151	93,500000	0,000000	0,000000E+0
24,007151	93,500000	0,000000	0,000000E+0
24,007151	93,500000	0,000000	0,000000E+0
24,007151	93,500000	0,000000	0,000000E+0
24,007151	93,500000	0,000000	0,000000E+0
24,007151	93,500000	0,000000	0,000000E+0
24,007151	93,500000	0,000000	0,000000E+0
24,007151	93,500000	0,000000	0,000000E+0
24,007151	93,500000	0,000000	0,000000E+0
24,007151	93,500000	0,000000	0,000000E+0
25,007575	93,500000	0,000000	0,000000E+0
25,007575	39,700001	0,000000	0,000000E+0
25,007575	39,700001	0,000000	0,000000E+0
25,007575	39,700001	0,000000	0,000000E+0
25,007575	39,700001	0,000000	0,000000E+0
25,007575	39,700001	0,000000	0,000000E+0
25,007575	39,700001	0,000000	0,000000E+0
25,007575	39,700001	0,000000	0,000000E+0
25,007575	39,700001	0,000000	0,000000E+0
25,007575	39,700001	0,000000	0,000000E+0
26,008999	0,000000	0,000000	0,000000E+0
26,008999	0,000000	0,000000	0,000000E+0
26,008999	0,000000	0,000000	0,000000E+0
26,008999	0,000000	0,000000	0,000000E+0
26,008999	0,000000	0,000000	0,000000E+0
26,008999	0,000000	0,000000	0,000000E+0
26,008999	0,000000	0,000000	0,000000E+0
26,008999	0,000000	0,000000	0,000000E+0
26,008999	0,000000	0,000000	0,000000E+0
26,008999	0,000000	0,000000	0,000000E+0
27,009426	0,000000	0,000000	0,000000E+0
27,009426	0,000000	0,000000	0,000000E+0
27,009426	0,000000	0,000000	0,000000E+0
27,009426	0,000000	0,000000	0,000000E+0
27,009426	0,000000	0,000000	0,000000E+0
27,009426	0,000000	0,000000	0,000000E+0
27,009426	0,000000	0,000000	0,000000E+0
27,009426	0,000000	0,000000	0,000000E+0
27,009426	0,000000	0,000000	0,000000E+0
27,009426	0,000000	0,000000	0,000000E+0
28,009824	0,000000	0,000000	0,000000E+0
28,009824	0,000000	0,000000	0,000000E+0
28,009824	0,000000	0,000000	0,000000E+0
28,009824	0,000000	0,000000	0,000000E+0
28,009824	0,000000	0,000000	0,000000E+0
28,009824	2,400000	0,000000	0,000000E+0
28,009824	2,400000	0,000000	0,000000E+0
28,009824	2,400000	0,000000	0,000000E+0
28,009824	2,400000	0,000000	0,000000E+0
28,009824	2,400000	0,000000	0,000000E+0
29,010269	2,400000	0,000000	0,000000E+0
29,010269	2,400000	0,000000	0,000000E+0
29,010269	2,400000	0,000000	0,000000E+0
29,010269	2,400000	0,000000	0,000000E+0
29,010269	2,400000	0,000000	0,000000E+0
29,010269	88,000000	0,000000	0,000000E+0
29,010269	88,000000	0,000000	0,000000E+0
29,010269	88,000000	0,000000	0,000000E+0
29,010269	88,000000	0,000000	0,000000E+0
29,010269	88,000000	0,000000	0,000000E+0
30,009763	88,000000	0,000000	0,000000E+0
30,009763	88,000000	0,000000	0,000000E+0
30,009763	88,000000	0,000000	0,000000E+0
30,009763	88,000000	0,000000	0,000000E+0
30,009763	23,799999	0,000000	0,000000E+0
30,009763	23,799999	0,000000	0,000000E+0
30,009763	23,799999	0,000000	0,000000E+0
30,009763	23,799999	0,000000	0,000000E+0
30,009763	23,799999	0,000000	0,000000E+0
30,009763	23,799999	0,000000	0,000000E+0
31,010752	23,799999	0,000000	0,000000E+0
31,010752	23,799999	0,000000	0,000000E+0
31,010752	23,799999	0,000000	0,000000E+0
31,010752	23,799999	0,000000	0,000000E+0
31,010752	23,799999	0,000000	0,000000E+0
31,010752	104,599998	0,000000	0,000000E+0
31,010752	104,599998	0,000000	0,000000E+0
31,010752	104,599998	0,000000	0,000000E+0
31,010752	104,599998	0,000000	0,000000E+0
31,010752	104,599998	0,000000	0,000000E+0
32,011151	104,599998	0,000000	0,000000E+0
32,011151	104,599998	0,000000	0,000000E+0
32,011151	104,599998	0,000000	0,000000E+0
32,011151	104,599998	0,000000	0,000000E+0
32,011151	104,599998	0,000000	0,000000E+0
32,011151	104,599998	0,000000	0,000000E+0
32,011151	104,599998	0,000000	0,000000E+0
32,011151	23,500000	0,000000	0,000000E+0
32,011151	23,500000	0,000000	0,000000E+0
32,011151	23,500000	0,000000	0,000000E+0
33,011588	23,500000	0,000000	0,000000E+0
33,011588	23,500000	0,000000	0,000000E+0
33,011588	23,500000	0,000000	0,000000E+0
33,011588	23,500000	0,000000	0,000000E+0
33,011588	23,500000	0,000000	0,000000E+0
33,011588	23,500000	0,000000	0,000000E+0
33,011588	23,500000	0,000000	0,000000E+0
33,011588	23,500000	0,000000	0,000000E+0
33,011588	23,500000	0,000000	0,000000E+0
33,011588	23,500000	0,000000	0,000000E+0
34,013010	23,500000	0,000000	0,000000E+0
34,013010	23,500000	0,000000	0,000000E+0
34,013010	23,500000	0,000000	0,000000E+0
34,013010	23,500000	0,000000	0,000000E+0
34,013010	23,500000	0,000000	0,000000E+0
34,013010	23,500000	0,000000	0,000000E+0
34,013010	23,500000	0,000000	0,000000E+0
34,013010	25,500000	0,000000	0,000000E+0
34,013010	25,500000	0,000000	0,000000E+0
34,013010	25,500000	0,000000	0,000000E+0
35,012443	25,500000	0,000000	0,000000E+0
35,012443	25,500000	0,000000	0,000000E+0
35,012443	25,500000	0,000000	0,000000E+0
35,012443	25,500000	0,000000	0,000000E+0
35,012443	25,500000	0,000000	0,000000E+0
35,012443	25,500000	0,000000	0,000000E+0
35,012443	37,200001	0,000000	0,000000E+0
35,012443	37,200001	0,000000	0,000000E+0
35,012443	37,200001	0,000000	0,000000E+0
35,012443	37,200001	0,000000	0,000000E+0
36,012917	37,200001	0,000000	0,000000E+0
36,012917	37,200001	0,000000	0,000000E+0
36,012917	37,200001	0,000000	0,000000E+0
36,012917	37,200001	0,000000	0,000000E+0
36,012917	37,200001	0,000000	0,000000E+0
36,012917	37,200001	0,000000	0,000000E+0
36,012917	28,900000	0,000000	0,000000E+0
36,012917	28,900000	0,000000	0,000000E+0
36,012917	28,900000	0,000000	0,000000E+0
36,012917	28,900000	0,000000	0,000000E+0
37,013342	28,900000	0,000000	0,000000E+0
37,013342	28,900000	0,000000	0,000000E+0
37,013342	28,900000	0,000000	0,000000E+0
37,013342	28,900000	0,000000	0,000000E+0
37,013342	28,900000	0,000000	0,000000E+0
37,013342	28,900000	0,000000	0,000000E+0
37,013342	27,600000	0,000000	0,000000E+0
37,013342	27,600000	0,000000	0,000000E+0
37,013342	27,600000	0,000000	0,000000E+0
37,013342	27,600000	0,000000	0,000000E+0
38,012766	27,600000	0,000000	0,000000E+0
38,012766	27,600000	0,000000	0,000000E+0
38,012766	27,600000	0,000000	0,000000E+0
38,012766	27,600000	0,000000	0,000000E+0
38,012766	27,600000	0,000000	0,000000E+0
38,012766	27,600000	0,000000	0,000000E+0
38,012766	27,600000	0,000000	0,000000E+0
38,012766	27,600000	0,000000	0,000000E+0
38,012766	27,600000	0,000000	0,000000E+0
38,012766	27,600000	0,000000	0,000000E+0
39,013266	29,799999	0,000000	0,000000E+0
39,013266	29,799999	0,000000	0,000000E+0
39,013266	29,799999	0,000000	0,000000E+0
39,013266	29,799999	0,000000	0,000000E+0
39,013266	29,799999	0,000000	0,000000E+0
39,013266	29,799999	0,000000	0,000000E+0
39,013266	29,799999	0,000000	0,000000E+0
39,013266	29,799999	0,000000	0,000000E+0
39,013266	29,799999	0,000000	0,000000E+0
39,013266	29,799999	0,000000	0,000000E+0
40,012594	29,799999	0,000000	0,000000E+0
40,012594	28,900000	0,000000	0,000000E+0
40,012594	28,900000	0,000000	0,000000E+0
40,012594	28,900000	0,000000	0,000000E+0
40,012594	28,900000	0,000000	0,000000E+0
40,012594	28,900000	0,000000	0,000000E+0
40,012594	28,900000	0,000000	0,000000E+0
40,012594	28,900000	0,000000	0,000000E+0
40,012594	28,900000	0,000000	0,000000E+0
40,012594	28,900000	0,000000	0,000000E+0
41,012977	28,900000	0,000000	0,000000E+0
41,012977	28,400000	0,000000	0,000000E+0
41,012977	28,400000	0,000000	0,000000E+0
41,012977	28,400000	0,000000	0,000000E+0
41,012977	28,400000	0,000000	0,000000E+0
41,012977	28,400000	0,000000	0,000000E+0
41,012977	28,400000	0,000000	0,000000E+0
41,012977	28,400000	0,000000	0,000000E+0
41,012977	28,400000	0,000000	0,000000E+0
41,012977	28,400000	0,000000	0,000000E+0
42,013436	28,400000	0,000000	0,000000E+0
42,013436	29,299999	0,000000	0,000000E+0
42,013436	29,299999	0,000000	0,000000E+0
42,013436	29,299999	0,000000	0,000000E+0
42,013436	29,299999	0,000000	0,000000E+0
42,013436	29,299999	0,000000	0,000000E+0
42,013436	29,299999	0,000000	0,000000E+0
42,013436	29,299999	0,000000	0,000000E+0
42,013436	29,299999	0,000000	0,000000E+0
42,013436	29,299999	0,000000	0,000000E+0
43,013824	29,299999	0,000000	0,000000E+0
43,013824	29,100000	0,000000	0,000000E+0
43,013824	29,100000	0,000000	0,000000E+0
43,013824	29,100000	0,000000	0,000000E+0
43,013824	29,100000	0,000000	0,000000E+0
43,013824	29,100000	0,000000	0,000000E+0
43,013824	29,100000	0,000000	0,000000E+0
43,013824	29,100000	0,000000	0,000000E+0
43,013824	29,100000	0,000000	0,000000E+0
43,013824	29,100000	0,000000	0,000000E+0
44,015325	29,100000	0,000000	0,000000E+0
44,015325	29,100000	0,000000	0,000000E+0
44,015325	28,900000	0,000000	0,000000E+0
44,015325	28,900000	0,000000	0,000000E+0
44,015325	28,900000	0,000000	0,000000E+0
44,015325	28,900000	0,000000	0,000000E+0
44,015325	28,900000	0,000000	0,000000E+0
44,015325	28,900000	0,000000	0,000000E+0
44,015325	28,900000	0,000000	0,000000E+0
44,015325	28,900000	0,000000	0,000000E+0
45,015663	28,900000	0,000000	0,000000E+0
45,015663	28,900000	0,000000	0,000000E+0
45,015663	28,900000	0,000000	0,000000E+0
45,015663	28,900000	0,000000	0,000000E+0
45,015663	28,900000	0,000000	0,000000E+0
45,015663	28,900000	0,000000	0,000000E+0
45,015663	28,900000	0,000000	0,000000E+0
45,015663	28,900000	0,000000	0,000000E+0
45,015663	28,900000	0,000000	0,000000E+0
45,015663	28,900000	0,000000	0,000000E+0
46,016122	28,900000	0,000000	0,000000E+0
46,016122	28,900000	0,000000	0,000000E+0
46,016122	28,900000	0,000000	0,000000E+0
46,016122	28,900000	0,000000	0,000000E+0
46,016122	28,900000	0,000000	0,000000E+0
46,016122	28,900000	0,000000	0,000000E+0
46,016122	28,900000	0,000000	0,000000E+0
46,016122	28,900000	0,000000	0,000000E+0
46,016122	28,900000	0,000000	0,000000E+0
46,016122	28,900000	0,000000	0,000000E+0
47,015560	28,900000	0,000000	0,000000E+0
47,015560	28,900000	0,000000	0,000000E+0
47,015560	28,900000	0,000000	0,000000E+0
47,015560	28,900000	0,000000	0,000000E+0
47,015560	28,900000	0,000000	0,000000E+0
47,015560	28,900000	0,000000	0,000000E+0
47,015560	28,900000	0,000000	0,000000E+0
47,015560	28,900000	0,000000	0,000000E+0
47,015560	28,900000	0,000000	0,000000E+0
47,015560	28,900000	0,000000	0,000000E+0
48,016931	28,900000	0,000000	0,000000E+0
48,016931	28,900000	0,000000	0,000000E+0
48,016931	28,900000	0,000000	0,000000E+0
48,016931	28,900000	0,000000	0,000000E+0
48,016931	28,900000	0,000000	0,000000E+0
48,016931	28,900000	0,000000	0,000000E+0
48,016931	28,900000	0,000000	0,000000E+0
48,016931	28,900000	0,000000	0,000000E+0
48,016931	28,900000	0,000000	0,000000E+0
48,016931	29,299999	0,000000	0,000000E+0
49,016373	29,299999	0,000000	0,000000E+0
49,016373	29,299999	0,000000	0,000000E+0
49,016373	29,299999	0,000000	0,000000E+0
49,016373	29,299999	0,000000	0,000000E+0
49,016373	29,299999	0,000000	0,000000E+0
49,016373	29,299999	0,000000	0,000000E+0
49,016373	29,299999	0,000000	0,000000E+0
49,016373	29,299999	0,000000	0,000000E+0
49,016373	27,500000	0,000000	0,000000E+0
49,016373	27,500000	0,000000	0,000000E+0
50,017880	27,500000	0,000000	0,000000E+0
50,017880	27,500000	0,000000	0,000000E+0
50,017880	27,500000	0,000000	0,000000E+0
50,017880	27,500000	0,000000	0,000000E+0
50,017880	27,500000	0,000000	0,000000E+0
50,017880	27,500000	0,000000	0,000000E+0
50,017880	27,500000	0,000000	0,000000E+0
50,017880	27,500000	0,000000	0,000000E+0
50,017880	27,500000	0,000000	0,000000E+0
50,017880	12,800000	0,000000	0,000000E+0
51,019282	12,800000	0,000000	0,000000E+0
51,019282	12,800000	0,000000	0,000000E+0
51,019282	12,800000	0,000000	0,000000E+0
51,019282	12,800000	0,000000	0,000000E+0
51,019282	12,800000	0,000000	0,000000E+0
51,019282	12,800000	0,000000	0,000000E+0
51,019282	12,800000	0,000000	0,000000E+0
51,019282	12,800000	0,000000	0,000000E+0
51,019282	12,800000	0,000000	0,000000E+0
51,019282	12,800000	0,000000	0,000000E+0
52,018662	12,800000	0,000000	0,000000E+0
52,018662	12,900000	0,000000	0,000000E+0
52,018662	12,900000	0,000000	0,000000E+0
52,018662	12,900000	0,000000	0,000000E+0
52,018662	12,900000	0,000000	0,000000E+0
52,018662	12,900000	0,000000	0,000000E+0
52,018662	12,900000	0,000000	0,000000E+0
52,018662	12,900000	0,000000	0,000000E+0
52,018662	12,900000	0,000000	0,000000E+0
52,018662	21,299999	0,000000	0,000000E+0
53,019100	21,299999	0,000000	0,000000E+0
53,019100	21,299999	0,000000	0,000000E+0
53,019100	21,299999	0,000000	0,000000E+0
53,019100	21,299999	0,000000	0,000000E+0
53,019100	21,299999	0,000000	0,000000E+0
53,019100	21,299999	0,000000	0,000000E+0
53,019100	21,299999	0,000000	0,000000E+0
53,019100	21,299999	0,000000	0,000000E+0
53,019100	21,299999	0,000000	0,000000E+0
53,019100	30,900002	0,000000	0,000000E+0
54,018514	30,900002	0,000000	0,000000E+0
54,018514	30,900002	0,000000	0,000000E+0
54,018514	30,900002	0,000000	0,000000E+0
54,018514	30,900002	0,000000	0,000000E+0
54,018514	30,900002	0,000000	0,000000E+0
54,018514	30,900002	0,000000	0,000000E+0
54,018514	30,900002	0,000000	0,000000E+0
54,018514	30,900002	0,000000	0,000000E+0
54,018514	30,900002	0,000000	0,000000E+0
54,018514	30,900002	0,000000	0,000000E+0
55,018990	30,900002	0,000000	0,000000E+0
55,018990	24,700001	0,000000	0,000000E+0
55,018990	24,700001	0,000000	0,000000E+0
55,018990	24,700001	0,000000	0,000000E+0
55,018990	24,700001	0,000000	0,000000E+0
55,018990	24,700001	0,000000	0,000000E+0
55,018990	24,700001	0,000000	0,000000E+0
55,018990	24,700001	0,000000	0,000000E+0
55,018990	24,700001	0,000000	0,000000E+0
55,018990	24,700001	0,000000	0,000000E+0
56,018343	24,700001	0,000000	0,000000E+0
56,018343	24,700001	0,000000	0,000000E+0
56,018343	24,700001	0,000000	0,000000E+0
56,018343	24,700001	0,000000	0,000000E+0
56,018343	24,700001	0,000000	0,000000E+0
56,018343	21,500000	0,000000	0,000000E+0
56,018343	21,500000	0,000000	0,000000E+0
56,018343	21,500000	0,000000	0,000000E+0
56,018343	21,500000	0,000000	0,000000E+0
56,018343	21,500000	0,000000	0,000000E+0
57,019767	21,500000	0,000000	0,000000E+0
57,019767	21,500000	0,000000	0,000000E+0
57,019767	21,500000	0,000000	0,000000E+0
57,019767	21,500000	0,000000	0,000000E+0
57,019767	23,000000	0,000000	0,000000E+0
57,019767	23,000000	0,000000	0,000000E+0
57,019767	23,000000	0,000000	0,000000E+0
57,019767	23,000000	0,000000	0,000000E+0
57,019767	23,000000	0,000000	0,000000E+0
57,019767	23,000000	0,000000	0,000000E+0
58,021232	23,000000	0,000000	0,000000E+0
58,021232	23,000000	0,000000	0,000000E+0
58,021232	23,000000	0,000000	0,000000E+0
58,021232	23,000000	0,000000	0,000000E+0
58,021232	23,900000	0,000000	0,000000E+0
58,021232	23,900000	0,000000	0,000000E+0
58,021232	23,900000	0,000000	0,000000E+0
58,021232	23,900000	0,000000	0,000000E+0
58,021232	23,900000	0,000000	0,000000E+0
58,021232	23,900000	0,000000	0,000000E+0
59,020466	23,900000	0,000000	0,000000E+0
59,020466	23,900000	0,000000	0,000000E+0
59,020466	23,900000	0,000000	0,000000E+0
59,020466	23,900000	0,000000	0,000000E+0
59,020466	23,900000	0,000000	0,000000E+0
59,020466	23,900000	0,000000	0,000000E+0
59,020466	22,900000	0,000000	0,000000E+0
59,020466	22,900000	0,000000	0,000000E+0
59,020466	22,900000	0,000000	0,000000E+0
59,020466	22,900000	0,000000	0,000000E+0
60,021866	22,900000	0,000000	0,000000E+0
60,021866	22,900000	0,000000	0,000000E+0
60,021866	22,900000	0,000000	0,000000E+0
60,021866	22,900000	0,000000	0,000000E+0
60,021866	22,900000	0,000000	0,000000E+0
60,021866	22,900000	0,000000	0,000000E+0
60,021866	22,900000	0,000000	0,000000E+0
60,021866	22,900000	0,000000	0,000000E+0
60,021866	22,900000	0,000000	0,000000E+0
60,021866	22,900000	0,000000	0,000000E+0
61,022332	22,700001	0,000000	0,000000E+0
61,022332	22,700001	0,000000	0,000000E+0
61,022332	22,700001	0,000000	0,000000E+0
61,022332	22,700001	0,000000	0,000000E+0
61,022332	22,700001	0,000000	0,000000E+0
61,022332	22,700001	0,000000	0,000000E+0
61,022332	22,700001	0,000000	0,000000E+0
61,022332	22,700001	0,000000	0,000000E+0
61,022332	22,700001	0,000000	0,000000E+0
61,022332	22,700001	0,000000	0,000000E+0
62,021826	23,500000	0,000000	0,000000E+0
62,021826	23,500000	0,000000	0,000000E+0
62,021826	23,500000	0,000000	0,000000E+0
62,021826	23,500000	0,000000	0,000000E+0
62,021826	23,500000	0,000000	0,000000E+0
62,021826	23,500000	0,000000	0,000000E+0
62,021826	23,500000	0,000000	0,000000E+0
62,021826	23,500000	0,000000	0,000000E+0
62,021826	23,500000	0,000000	0,000000E+0
62,021826	23,299999	0,000000	0,000000E+0
63,023112	23,299999	0,000000	0,000000E+0
63,023112	23,299999	0,000000	0,000000E+0
63,023112	23,299999	0,000000	0,000000E+0
63,023112	23,299999	0,000000	0,000000E+0
63,023112	23,299999	0,000000	0,000000E+0
63,023112	23,299999	0,000000	0,000000E+0
63,023112	23,299999	0,000000	0,000000E+0
63,023112	23,299999	0,000000	0,000000E+0
63,023112	23,299999	0,000000	0,000000E+0
63,023112	23,299999	0,000000	0,000000E+0
64,023531	22,900000	0,000000	0,000000E+0
64,023531	22,900000	0,000000	0,000000E+0
64,023531	22,900000	0,000000	0,000000E+0
64,023531	22,900000	0,000000	0,000000E+0
64,023531	22,900000	0,000000	0,000000E+0
64,023531	22,900000	0,000000	0,000000E+0
64,023531	22,900000	0,000000	0,000000E+0
64,023531	22,900000	0,000000	0,000000E+0
64,023531	22,900000	0,000000	0,000000E+0
64,023531	22,900000	0,000000	0,000000E+0
65,024021	22,900000	0,000000	0,000000E+0
65,024021	22,900000	0,000000	0,000000E+0
65,024021	22,900000	0,000000	0,000000E+0
65,024021	22,900000	0,000000	0,000000E+0
65,024021	22,900000	0,000000	0,000000E+0
65,024021	22,900000	0,000000	0,000000E+0
65,024021	22,900000	0,000000	0,000000E+0
65,024021	22,900000	0,000000	0,000000E+0
65,024021	22,900000	0,000000	0,000000E+0
65,024021	22,900000	0,000000	0,000000E+0
66,023444	22,900000	0,000000	0,000000E+0
66,023444	22,900000	0,000000	0,000000E+0
66,023444	23,000000	0,000000	0,000000E+0
66,023444	23,000000	0,000000	0,000000E+0
66,023444	23,000000	0,000000	0,000000E+0
66,023444	23,000000	0,000000	0,000000E+0
66,023444	23,000000	0,000000	0,000000E+0
66,023444	23,000000	0,000000	0,000000E+0
66,023444	23,000000	0,000000	0,000000E+0
66,023444	23,000000	0,000000	0,000000E+0
67,023799	23,000000	0,000000	0,000000E+0
67,023799	23,000000	0,000000	0,000000E+0
67,023799	23,000000	0,000000	0,000000E+0
67,023799	22,599998	0,000000	0,000000E+0
67,023799	22,599998	0,000000	0,000000E+0
67,023799	22,599998	0,000000	0,000000E+0
67,023799	22,599998	0,000000	0,000000E+0
67,023799	22,599998	0,000000	0,000000E+0
67,023799	22,599998	0,000000	0,000000E+0
67,023799	22,599998	0,000000	0,000000E+0
68,025234	22,599998	0,000000	0,000000E+0
68,025234	22,599998	0,000000	0,000000E+0
68,025234	22,599998	0,000000	0,000000E+0
68,025234	22,599998	0,000000	0,000000E+0
68,025234	23,200001	0,000000	0,000000E+0
68,025234	23,200001	0,000000	0,000000E+0
68,025234	23,200001	0,000000	0,000000E+0
68,025234	23,200001	0,000000	0,000000E+0
68,025234	23,200001	0,000000	0,000000E+0
68,025234	23,200001	0,000000	0,000000E+0
69,024669	23,200001	0,000000	0,000000E+0
69,024669	23,200001	0,000000	0,000000E+0
69,024669	23,200001	0,000000	0,000000E+0
69,024669	23,500000	0,000000	0,000000E+0
69,024669	23,500000	0,000000	0,000000E+0
69,024669	23,500000	0,000000	0,000000E+0
69,024669	23,500000	0,000000	0,000000E+0
69,024669	23,500000	0,000000	0,000000E+0
69,024669	23,500000	0,000000	0,000000E+0
69,024669	23,500000	0,000000	0,000000E+0
70,025072	23,500000	0,000000	0,000000E+0
70,025072	23,500000	0,000000	0,000000E+0
70,025072	23,500000	0,000000	0,000000E+0
70,025072	23,299999	0,000000	0,000000E+0
70,025072	23,299999	0,000000	0,000000E+0
70,025072	23,299999	0,000000	0,000000E+0
70,025072	23,299999	0,000000	0,000000E+0
70,025072	23,299999	0,000000	0,000000E+0
70,025072	23,299999	0,000000	0,000000E+0
70,025072	23,299999	0,000000	0,000000E+0
71,024543	23,299999	0,000000	0,000000E+0
71,024543	23,299999	0,000000	0,000000E+0
71,024543	23,299999	0,000000	0,000000E+0
71,024543	23,299999	0,000000	0,000000E+0
71,024543	23,299999	0,000000	0,000000E+0
71,024543	23,299999	0,000000	0,000000E+0
71,024543	23,299999	0,000000	0,000000E+0
71,024543	23,600000	0,000000	0,000000E+0
71,024543	23,600000	0,000000	0,000000E+0
71,024543	23,600000	0,000000	0,000000E+0
72,026100	23,600000	0,000000	0,000000E+0
72,026100	23,600000	0,000000	0,000000E+0
72,026100	23,600000	0,000000	0,000000E+0
72,026100	23,600000	0,000000	0,000000E+0
72,026100	23,600000	0,000000	0,000000E+0
72,026100	23,600000	0,000000	0,000000E+0
72,026100	23,600000	0,000000	0,000000E+0
72,026100	23,600000	0,000000	0,000000E+0
72,026100	23,600000	0,000000	0,000000E+0
72,026100	23,600000	0,000000	0,000000E+0
73,026387	23,600000	0,000000	0,000000E+0
73,026387	23,600000	0,000000	0,000000E+0
73,026387	23,600000	0,000000	0,000000E+0
73,026387	23,600000	0,000000	0,000000E+0
73,026387	23,000000	0,000000	0,000000E+0
73,026387	23,000000	0,000000	0,000000E+0
73,026387	23,000000	0,000000	0,000000E+0
73,026387	23,000000	0,000000	0,000000E+0
73,026387	23,000000	0,000000	0,000000E+0
73,026387	23,000000	0,000000	0,000000E+0
74,026792	23,000000	0,000000	0,000000E+0
74,026792	23,000000	0,000000	0,000000E+0
74,026792	23,400000	0,000000	0,000000E+0
74,026792	23,400000	0,000000	0,000000E+0
74,026792	23,400000	0,000000	0,000000E+0
74,026792	23,400000	0,000000	0,000000E+0
74,026792	23,400000	0,000000	0,000000E+0
74,026792	23,400000	0,000000	0,000000E+0
74,026792	23,400000	0,000000	0,000000E+0
74,026792	23,400000	0,000000	0,000000E+0
75,028378	23,400000	0,000000	0,000000E+0
75,028378	23,400000	0,000000	0,000000E+0
75,028378	23,299999	0,000000	0,000000E+0
75,028378	23,299999	0,000000	0,000000E+0
75,028378	23,299999	0,000000	0,000000E+0
75,028378	23,299999	0,000000	0,000000E+0
75,028378	23,299999	0,000000	0,000000E+0
75,028378	23,299999	0,000000	0,000000E+0
75,028378	23,299999	0,000000	0,000000E+0
75,028378	23,299999	0,000000	0,000000E+0
76,028676	23,299999	0,000000	0,000000E+0
76,028676	23,299999	0,000000	0,000000E+0
76,028676	22,900000	0,000000	0,000000E+0
76,028676	22,900000	0,000000	0,000000E+0
76,028676	22,900000	0,000000	0,000000E+0
76,028676	22,900000	0,000000	0,000000E+0
76,028676	22,900000	0,000000	0,000000E+0
76,028676	22,900000	0,000000	0,000000E+0
76,028676	22,900000	0,000000	0,000000E+0
76,028676	22,900000	0,000000	0,000000E+0
77,029056	22,900000	0,000000	0,000000E+0
77,029056	22,900000	0,000000	0,000000E+0
77,029056	22,900000	0,000000	0,000000E+0
77,029056	22,900000	0,000000	0,000000E+0
77,029056	22,900000	0,000000	0,000000E+0
77,029056	22,900000	0,000000	0,000000E+0
77,029056	22,900000	0,000000	0,000000E+0
77,029056	22,900000	0,000000	0,000000E+0
77,029056	22,799999	0,000000	0,000000E+0
77,029056	22,799999	0,000000	0,000000E+0
78,029540	22,799999	0,000000	0,000000E+0
78,029540	22,799999	0,000000	0,000000E+0
78,029540	22,799999	0,000000	0,000000E+0
78,029540	22,799999	0,000000	0,000000E+0
78,029540	22,799999	0,000000	0,000000E+0
78,029540	22,799999	0,000000	0,000000E+0
78,029540	22,799999	0,000000	0,000000E+0
78,029540	22,799999	0,000000	0,000000E+0
78,029540	22,799999	0,000000	0,000000E+0
78,029540	22,799999	0,000000	0,000000E+0
79,030962	23,299999	0,000000	0,000000E+0
79,030962	23,299999	0,000000	0,000000E+0
79,030962	23,299999	0,000000	0,000000E+0
79,030962	23,299999	0,000000	0,000000E+0
79,030962	23,299999	0,000000	0,000000E+0
79,030962	23,299999	0,000000	0,000000E+0
79,030962	23,299999	0,000000	0,000000E+0
79,030962	23,299999	0,000000	0,000000E+0
79,030962	23,299999	0,000000	0,000000E+0
79,030962	23,299999	0,000000	0,000000E+0
80,032309	23,299999	0,000000	0,000000E+0
80,032309	23,000000	80,000000	0,000000E+0
80,032309	23,000000	80,000000	0,000000E+0
80,032309	23,000000	80,000000	0,000000E+0
80,032309	23,000000	80,000000	0,000000E+0
80,032309	23,000000	80,000000	0,000000E+0
80,032309	23,000000	80,000000	0,000000E+0
80,032309	23,000000	80,000000	0,000000E+0
80,032309	23,000000	80,000000	0,000000E+0
80,032309	23,000000	80,000000	0,000000E+0
81,032770	23,000000	80,000000	0,000000E+0
81,032770	22,599998	80,000000	1,022025E-3
81,032770	22,599998	80,000000	1,943260E-3
81,032770	22,599998	80,000000	2,864494E-3
81,032770	22,599998	80,000000	2,864494E-3
81,032770	22,599998	80,000000	3,785729E-3
81,032770	22,599998	80,000000	3,785729E-3
81,032770	22,599998	80,000000	3,785729E-3
81,032770	22,599998	80,000000	4,706963E-3
81,032770	22,599998	80,000000	4,706963E-3
82,033193	22,599998	80,000000	4,706963E-3
82,033193	23,000000	80,000000	5,628198E-3
82,033193	23,000000	80,000000	6,442222E-3
82,033193	23,000000	80,000000	6,442222E-3
82,033193	23,000000	80,000000	7,357037E-3
82,033193	23,000000	80,000000	8,271852E-3
82,033193	23,000000	80,000000	9,186667E-3
82,033193	23,000000	80,000000	9,186667E-3
82,033193	23,000000	80,000000	1,010148E-2
82,033193	23,000000	80,000000	1,010148E-2
83,033617	23,400000	80,000000	1,101630E-2
83,033617	23,400000	80,000000	1,182390E-2
83,033617	23,400000	80,000000	1,182390E-2
83,033617	23,400000	80,000000	1,273230E-2
83,033617	23,400000	80,000000	1,273230E-2
83,033617	23,400000	80,000000	1,273230E-2
83,033617	23,400000	80,000000	1,364069E-2
83,033617	23,400000	80,000000	1,454909E-2
83,033617	23,400000	80,000000	1,454909E-2
83,033617	23,400000	80,000000	1,545748E-2
84,034059	23,400000	80,000000	1,636588E-2
84,034059	23,400000	80,000000	1,727427E-2
84,034059	23,400000	80,000000	1,727427E-2
84,034059	23,400000	80,000000	1,818267E-2
84,034059	23,500000	80,000000	1,909106E-2
84,034059	23,500000	80,000000	1,997265E-2
84,034059	23,500000	80,000000	1,997265E-2
84,034059	23,500000	80,000000	2,087944E-2
84,034059	23,500000	80,000000	2,087944E-2
84,034059	23,500000	80,000000	2,178623E-2
85,034435	23,500000	80,000000	2,178623E-2
85,034435	23,500000	80,000000	2,178623E-2
85,034435	23,500000	80,000000	2,269302E-2
85,034435	23,500000	80,000000	2,359982E-2
85,034435	23,900002	80,000000	2,439939E-2
85,034435	23,900002	80,000000	2,529977E-2
85,034435	23,900002	80,000000	2,529977E-2
85,034435	23,900002	80,000000	2,620014E-2
85,034435	23,900002	80,000000	2,710051E-2
85,034435	23,900002	80,000000	2,800088E-2
86,034859	23,900002	80,000000	2,800088E-2
86,034859	23,900002	80,000000	2,890125E-2
86,034859	23,900002	80,000000	2,980162E-2
86,034859	23,900002	80,000000	2,980162E-2
86,034859	23,900002	80,000000	2,980162E-2
86,034859	24,299999	80,000000	3,070199E-2
86,034859	24,299999	80,000000	3,070199E-2
86,034859	24,299999	80,000000	3,149515E-2
86,034859	24,299999	80,000000	3,238910E-2
86,034859	24,299999	80,000000	3,328305E-2
87,036314	24,299999	80,000000	3,417700E-2
87,036314	24,299999	80,000000	3,417700E-2
87,036314	24,299999	80,000000	3,507095E-2
87,036314	24,299999	80,000000	3,507095E-2
87,036314	24,299999	80,000000	3,596490E-2
87,036314	24,500000	80,000000	3,685885E-2
87,036314	24,500000	80,000000	3,769920E-2
87,036314	24,500000	80,000000	3,769920E-2
87,036314	24,500000	80,000000	3,769920E-2
87,036314	24,500000	80,000000	3,858994E-2
88,035784	24,500000	80,000000	3,858994E-2
88,035784	24,500000	80,000000	3,948068E-2
88,035784	24,500000	80,000000	4,037142E-2
88,035784	24,500000	80,000000	4,126216E-2
88,035784	24,500000	80,000000	4,215290E-2
88,035784	24,500000	80,000000	4,215290E-2
88,035784	24,500000	80,000000	4,304364E-2
88,035784	24,700001	80,000000	4,393438E-2
88,035784	24,700001	80,000000	4,477152E-2
88,035784	24,700001	80,000000	4,477152E-2
89,036129	24,700001	80,000000	4,565905E-2
89,036129	24,700001	80,000000	4,654658E-2
89,036129	24,700001	80,000000	4,654658E-2
89,036129	24,700001	80,000000	4,743411E-2
89,036129	24,700001	80,000000	4,743411E-2
89,036129	24,700001	80,000000	4,743411E-2
89,036129	24,700001	80,000000	4,832164E-2
89,036129	24,700001	80,000000	4,832164E-2
89,036129	24,700001	80,000000	4,920917E-2
89,036129	25,299999	80,000000	5,009670E-2
90,036581	25,299999	80,000000	5,009670E-2
90,036581	25,299999	80,000000	5,082342E-2
90,036581	25,299999	80,000000	5,170132E-2
90,036581	25,299999	80,000000	5,257922E-2
90,036581	25,299999	80,000000	5,257922E-2
90,036581	25,299999	80,000000	5,345712E-2
90,036581	25,299999	80,000000	5,433502E-2
90,036581	25,299999	80,000000	5,433502E-2
90,036581	25,299999	80,000000	5,521293E-2
90,036581	26,200001	80,000000	5,521293E-2
91,036636	26,200001	80,000000	5,521293E-2
91,036636	26,200001	80,000000	5,584960E-2
91,036636	26,200001	80,000000	5,671306E-2
91,036636	26,200001	80,000000	5,671306E-2
91,036636	26,200001	80,000000	5,757652E-2
91,036636	26,200001	80,000000	5,843998E-2
91,036636	26,200001	80,000000	5,843998E-2
91,036636	26,200001	80,000000	5,930343E-2
91,036636	26,799999	80,000000	6,016689E-2
91,036636	26,799999	80,000000	6,086953E-2
92,038086	26,799999	80,000000	6,172336E-2
92,038086	26,799999	80,000000	6,172336E-2
92,038086	26,799999	80,000000	6,257719E-2
92,038086	26,799999	80,000000	6,257719E-2
92,038086	26,799999	80,000000	6,257719E-2
92,038086	26,799999	80,000000	6,343101E-2
92,038086	26,799999	80,000000	6,343101E-2
92,038086	26,799999	80,000000	6,428484E-2
92,038086	27,200001	80,000000	6,503146E-2
92,038086	27,200001	80,000000	6,587886E-2
93,037538	27,200001	80,000000	6,587886E-2
93,037538	27,200001	80,000000	6,672627E-2
93,037538	27,200001	80,000000	6,757368E-2
93,037538	27,200001	80,000000	6,842109E-2
93,037538	27,200001	80,000000	6,842109E-2
93,037538	27,200001	80,000000	6,926849E-2
93,037538	27,200001	80,000000	7,011590E-2
93,037538	27,200001	80,000000	7,011590E-2
93,037538	27,200001	80,000000	7,096331E-2
93,037538	27,200001	80,000000	7,096331E-2
94,037929	27,200001	80,000000	7,096331E-2
94,037929	27,200001	80,000000	7,181072E-2
94,037929	27,200001	80,000000	7,265812E-2
94,037929	27,200001	80,000000	7,265812E-2
94,037929	27,799999	80,000000	7,350553E-2
94,037929	27,799999	80,000000	7,419212E-2
94,037929	27,799999	80,000000	7,419212E-2
94,037929	27,799999	80,000000	7,502990E-2
94,037929	27,799999	80,000000	7,586768E-2
94,037929	27,799999	80,000000	7,586768E-2
95,037383	27,799999	80,000000	7,670546E-2
95,037383	27,799999	80,000000	7,754323E-2
95,037383	27,799999	80,000000	7,838101E-2
95,037383	27,799999	80,000000	7,838101E-2
95,037383	27,799999	80,000000	7,838101E-2
95,037383	27,799999	80,000000	7,921879E-2
95,037383	29,200001	80,000000	7,921879E-2
95,037383	29,200001	80,000000	7,968133E-2
95,037383	29,200001	80,000000	8,049664E-2
95,037383	29,200001	80,000000	8,131195E-2
96,037755	29,200001	80,000000	8,212726E-2
96,037755	29,200001	80,000000	8,294257E-2
96,037755	29,200001	80,000000	8,294257E-2
96,037755	29,200001	80,000000	8,375788E-2
96,037755	29,200001	80,000000	8,375788E-2
96,037755	30,299999	80,000000	8,457318E-2
96,037755	30,299999	80,000000	8,509367E-2
96,037755	30,299999	80,000000	8,509367E-2
96,037755	30,299999	80,000000	8,589132E-2
96,037755	30,299999	80,000000	8,589132E-2
97,039299	30,299999	80,000000	8,589132E-2
97,039299	30,299999	80,000000	8,668898E-2
97,039299	30,299999	80,000000	8,748663E-2
97,039299	30,299999	80,000000	8,828428E-2
97,039299	30,299999	80,000000	8,828428E-2
97,039299	31,700001	80,000000	8,908194E-2
97,039299	31,700001	80,000000	8,908194E-2
97,039299	31,700001	80,000000	8,950436E-2
97,039299	31,700001	80,000000	9,027954E-2
97,039299	31,700001	80,000000	9,105473E-2
98,038634	31,700001	80,000000	9,105473E-2
98,038634	31,700001	80,000000	9,182991E-2
98,038634	31,700001	80,000000	9,260510E-2
98,038634	31,700001	80,000000	9,260510E-2
98,038634	31,700001	80,000000	9,338028E-2
98,038634	31,700001	80,000000	9,338028E-2
98,038634	32,700001	80,000000	9,388744E-2
98,038634	32,700001	80,000000	9,388744E-2
98,038634	32,700001	80,000000	9,464658E-2
98,038634	32,700001	80,000000	9,540572E-2
99,039102	32,700001	80,000000	9,616485E-2
99,039102	32,700001	80,000000	9,692399E-2
99,039102	32,700001	80,000000	9,692399E-2
99,039102	32,700001	80,000000	9,768312E-2
99,039102	32,700001	80,000000	9,844226E-2
99,039102	32,700001	80,000000	9,920139E-2
99,039102	32,700001	80,000000	9,920139E-2
99,039102	32,700001	80,000000	9,996053E-2
99,039102	32,700001	80,000000	9,996053E-2
99,039102	32,700001	80,000000	9,996053E-2
100,038464	34,400002	80,000000	1,002640E-1
100,038464	34,400002	80,000000	1,002640E-1
100,038464	34,400002	80,000000	1,009959E-1
100,038464	34,400002	80,000000	1,017277E-1
100,038464	34,400002	80,000000	1,017277E-1
100,038464	34,400002	80,000000	1,024596E-1
100,038464	34,400002	80,000000	1,031914E-1
100,038464	34,400002	80,000000	1,039233E-1
100,038464	34,400002	80,000000	1,046551E-1
100,038464	37,799999	80,000000	1,044757E-1
101,039927	37,799999	80,000000	1,051530E-1
101,039927	37,799999	80,000000	1,051530E-1
101,039927	37,799999	80,000000	1,058303E-1
101,039927	37,799999	80,000000	1,058303E-1
101,039927	37,799999	80,000000	1,065076E-1
101,039927	37,799999	80,000000	1,065076E-1
101,039927	37,799999	80,000000	1,071848E-1
101,039927	37,799999	80,000000	1,078621E-1
101,039927	37,799999	80,000000	1,078621E-1
101,039927	37,799999	80,000000	1,085394E-1
102,041304	40,400002	80,000000	1,092167E-1
102,041304	40,400002	80,000000	1,092167E-1
102,041304	40,400002	80,000000	1,091971E-1
102,041304	40,400002	80,000000	1,098327E-1
102,041304	40,400002	80,000000	1,098327E-1
102,041304	40,400002	80,000000	1,104682E-1
102,041304	40,400002	80,000000	1,111038E-1
102,041304	40,400002	80,000000	1,117393E-1
102,041304	40,400002	80,000000	1,117393E-1
102,041304	40,400002	80,000000	1,117393E-1
103,041834	43,099998	80,000000	1,123749E-1
103,041834	43,099998	80,000000	1,123749E-1
103,041834	43,099998	80,000000	1,122868E-1
103,041834	43,099998	80,000000	1,128790E-1
103,041834	43,099998	80,000000	1,134712E-1
103,041834	43,099998	80,000000	1,140634E-1
103,041834	43,099998	80,000000	1,140634E-1
103,041834	43,099998	80,000000	1,146557E-1
103,041834	43,099998	80,000000	1,152479E-1
103,041834	43,099998	80,000000	1,158401E-1
104,043226	45,799999	80,000000	1,158401E-1
104,043226	45,799999	80,000000	1,157087E-1
104,043226	45,799999	80,000000	1,162576E-1
104,043226	45,799999	80,000000	1,162576E-1
104,043226	45,799999	80,000000	1,162576E-1
104,043226	45,799999	80,000000	1,168064E-1
104,043226	45,799999	80,000000	1,168064E-1
104,043226	45,799999	80,000000	1,173553E-1
104,043226	45,799999	80,000000	1,179042E-1
104,043226	45,799999	80,000000	1,184531E-1
105,042627	45,799999	80,000000	1,184531E-1
105,042627	45,799999	80,000000	1,190020E-1
105,042627	45,799999	80,000000	1,195509E-1
105,042627	48,900002	80,000000	1,195509E-1
105,042627	48,900002	80,000000	1,192689E-1
105,042627	48,900002	80,000000	1,197680E-1
105,042627	48,900002	80,000000	1,197680E-1
105,042627	48,900002	80,000000	1,202672E-1
105,042627	48,900002	80,000000	1,202672E-1
105,042627	48,900002	80,000000	1,207663E-1
106,043100	48,900002	80,000000	1,207663E-1
106,043100	48,900002	80,000000	1,212654E-1
106,043100	48,900002	80,000000	1,217646E-1
106,043100	52,800003	80,000000	1,222637E-1
106,043100	52,800003	80,000000	1,222637E-1
106,043100	52,800003	80,000000	1,217176E-1
106,043100	52,800003	80,000000	1,221541E-1
106,043100	52,800003	80,000000	1,221541E-1
106,043100	52,800003	80,000000	1,225906E-1
106,043100	52,800003	80,000000	1,230272E-1
107,042422	52,800003	80,000000	1,234637E-1
107,042422	52,800003	80,000000	1,234637E-1
107,042422	52,800003	80,000000	1,239003E-1
107,042422	52,800003	80,000000	1,239003E-1
107,042422	55,500000	80,000000	1,243368E-1
107,042422	55,500000	80,000000	1,243368E-1
107,042422	55,500000	80,000000	1,240497E-1
107,042422	55,500000	80,000000	1,244429E-1
107,042422	55,500000	80,000000	1,244429E-1
107,042422	55,500000	80,000000	1,248361E-1
108,043006	55,500000	80,000000	1,252293E-1
108,043006	55,500000	80,000000	1,256225E-1
108,043006	55,500000	80,000000	1,256225E-1
108,043006	55,500000	80,000000	1,260157E-1
108,043006	57,800003	80,000000	1,264089E-1
108,043006	57,800003	80,000000	1,261857E-1
108,043006	57,800003	80,000000	1,265420E-1
108,043006	57,800003	80,000000	1,265420E-1
108,043006	57,800003	80,000000	1,265420E-1
108,043006	57,800003	80,000000	1,268983E-1
109,043396	57,800003	80,000000	1,268983E-1
109,043396	57,800003	80,000000	1,272546E-1
109,043396	57,800003	80,000000	1,272546E-1
109,043396	60,400002	80,000000	1,276109E-1
109,043396	60,400002	80,000000	1,272703E-1
109,043396	60,400002	80,000000	1,272703E-1
109,043396	60,400002	80,000000	1,275849E-1
109,043396	60,400002	80,000000	1,275849E-1
109,043396	60,400002	80,000000	1,278995E-1
109,043396	60,400002	80,000000	1,282140E-1
110,042708	60,400002	80,000000	1,285286E-1
110,042708	60,400002	80,000000	1,285286E-1
110,042708	60,400002	80,000000	1,288432E-1
110,042708	60,400002	80,000000	1,288432E-1
110,042708	60,400002	80,000000	1,291577E-1
110,042708	60,400002	80,000000	1,291577E-1
110,042708	60,400002	80,000000	1,294723E-1
110,042708	61,799999	80,000000	1,294723E-1
110,042708	61,799999	80,000000	1,294116E-1
110,042708	61,799999	80,000000	1,297037E-1
111,043130	61,799999	80,000000	1,299958E-1
111,043130	61,799999	80,000000	1,302879E-1
111,043130	61,799999	80,000000	1,305800E-1
111,043130	61,799999	80,000000	1,308721E-1
111,043130	61,799999	80,000000	1,308721E-1
111,043130	61,799999	80,000000	1,311642E-1
111,043130	61,799999	80,000000	1,311642E-1
111,043130	61,799999	80,000000	1,314563E-1
111,043130	61,799999	80,000000	1,314563E-1
111,043130	61,799999	80,000000	1,317484E-1
112,043529	61,799999	80,000000	1,317484E-1
112,043529	61,799999	80,000000	1,320405E-1
112,043529	61,799999	80,000000	1,323326E-1
112,043529	61,799999	80,000000	0,000000E+0
112,043529	61,799999	80,000000	0,000000E+0
112,043529	61,799999	80,000000	0,000000E+0
112,043529	13,900000	80,000000	0,000000E+0
112,043529	13,900000	80,000000	0,000000E+0
112,043529	13,900000	80,000000	0,000000E+0
112,043529	13,900000	80,000000	0,000000E+0
113,044946	13,900000	80,000000	0,000000E+0
113,044946	13,900000	80,000000	0,000000E+0
113,044946	13,900000	80,000000	0,000000E+0
113,044946	13,900000	80,000000	0,000000E+0
113,044946	13,900000	80,000000	0,000000E+0
113,044946	13,900000	80,000000	0,000000E+0
113,044946	13,900000	80,000000	0,000000E+0
113,044946	8,700000	80,000000	0,000000E+0
113,044946	8,700000	80,000000	0,000000E+0
113,044946	8,700000	80,000000	0,000000E+0
114,044385	8,700000	80,000000	0,000000E+0
114,044385	8,700000	80,000000	0,000000E+0
114,044385	8,700000	80,000000	0,000000E+0
114,044385	8,700000	80,000000	0,000000E+0
114,044385	8,700000	80,000000	0,000000E+0
114,044385	8,700000	80,000000	0,000000E+0
114,044385	4,100000	80,000000	0,000000E+0
114,044385	4,100000	80,000000	0,000000E+0
114,044385	4,100000	80,000000	0,000000E+0
114,044385	4,100000	80,000000	0,000000E+0
115,044820	4,100000	80,000000	0,000000E+0
115,044820	4,100000	80,000000	0,000000E+0
115,044820	4,100000	80,000000	0,000000E+0
115,044820	4,100000	80,000000	0,000000E+0
115,044820	4,100000	80,000000	0,000000E+0
115,044820	4,100000	80,000000	0,000000E+0
115,044820	0,000000	80,000000	0,000000E+0
115,044820	0,000000	80,000000	0,000000E+0
115,044820	0,000000	80,000000	0,000000E+0
115,044820	0,000000	80,000000	0,000000E+0
116,046219	0,000000	80,000000	0,000000E+0
116,046219	0,000000	80,000000	0,000000E+0
116,046219	0,000000	80,000000	0,000000E+0
116,046219	0,000000	80,000000	0,000000E+0
116,046219	0,000000	80,000000	0,000000E+0
116,046219	0,000000	80,000000	0,000000E+0
116,046219	0,000000	80,000000	0,000000E+0
116,046219	0,000000	80,000000	0,000000E+0
116,046219	0,000000	80,000000	0,000000E+0
116,046219	0,000000	80,000000	0,000000E+0
117,045653	0,000000	80,000000	0,000000E+0
117,045653	0,000000	80,000000	0,000000E+0
117,045653	0,000000	80,000000	0,000000E+0
117,045653	0,000000	80,000000	0,000000E+0
117,045653	0,000000	80,000000	0,000000E+0
117,045653	0,000000	80,000000	0,000000E+0
117,045653	0,000000	80,000000	0,000000E+0
117,045653	0,000000	80,000000	0,000000E+0
117,045653	0,000000	80,000000	0,000000E+0
117,045653	0,000000	80,000000	0,000000E+0
118,046110	0,000000	80,000000	0,000000E+0
118,046110	0,000000	80,000000	0,000000E+0
