1898,567048	19,599998	210,000000	3,100000E-1
0,002894	19,599998	210,000000	3,100000E-1
0,002894	19,599998	210,000000	3,100000E-1
0,002894	19,599998	210,000000	3,100000E-1
0,002894	19,599998	210,000000	3,100000E-1
0,002894	19,599998	210,000000	3,100000E-1
0,002894	19,599998	210,000000	3,100000E-1
0,002894	19,599998	210,000000	3,100000E-1
0,002894	19,599998	210,000000	3,100000E-1
0,002894	19,599998	210,000000	0,000000E+0
0,002894	19,599998	210,000000	0,000000E+0
1,002986	19,599998	210,000000	0,000000E+0
1,002986	19,599998	210,000000	0,000000E+0
1,002986	19,599998	210,000000	0,000000E+0
1,002986	19,599998	210,000000	0,000000E+0
1,002986	19,599998	210,000000	0,000000E+0
1,002986	19,599998	210,000000	0,000000E+0
1,002986	19,599998	210,000000	0,000000E+0
1,002986	19,599998	210,000000	0,000000E+0
1,002986	19,599998	210,000000	0,000000E+0
1,002986	19,599998	210,000000	0,000000E+0
2,003414	19,599998	210,000000	0,000000E+0
2,003414	19,599998	210,000000	0,000000E+0
2,003414	19,599998	210,000000	0,000000E+0
2,003414	19,599998	210,000000	0,000000E+0
2,003414	19,599998	210,000000	0,000000E+0
2,003414	19,599998	210,000000	0,000000E+0
2,003414	19,599998	210,000000	0,000000E+0
2,003414	19,599998	210,000000	0,000000E+0
2,003414	19,599998	210,000000	0,000000E+0
2,003414	19,599998	210,000000	0,000000E+0
3,003839	19,599998	210,000000	0,000000E+0
3,003839	19,599998	210,000000	0,000000E+0
3,003839	19,599998	210,000000	0,000000E+0
3,003839	19,599998	210,000000	0,000000E+0
3,003839	19,599998	210,000000	0,000000E+0
3,003839	19,599998	210,000000	0,000000E+0
3,003839	19,599998	210,000000	0,000000E+0
3,003839	19,599998	210,000000	0,000000E+0
3,003839	19,599998	210,000000	0,000000E+0
3,003839	19,599998	210,000000	0,000000E+0
4,003267	19,599998	210,000000	0,000000E+0
4,003267	19,599998	210,000000	0,000000E+0
4,003267	19,599998	210,000000	0,000000E+0
4,003267	19,599998	210,000000	0,000000E+0
4,003267	19,599998	210,000000	0,000000E+0
4,003267	19,599998	210,000000	0,000000E+0
4,003267	19,599998	210,000000	0,000000E+0
4,003267	19,599998	210,000000	0,000000E+0
4,003267	19,599998	210,000000	0,000000E+0
4,003267	19,599998	210,000000	0,000000E+0
5,003686	19,599998	210,000000	0,000000E+0
5,003686	19,599998	210,000000	0,000000E+0
5,003686	19,599998	210,000000	0,000000E+0
5,003686	19,599998	210,000000	0,000000E+0
5,003686	19,599998	210,000000	0,000000E+0
5,003686	19,599998	210,000000	0,000000E+0
5,003686	19,599998	210,000000	0,000000E+0
5,003686	19,599998	210,000000	0,000000E+0
5,003686	19,599998	210,000000	0,000000E+0
5,003686	19,599998	210,000000	0,000000E+0
6,003110	19,599998	210,000000	0,000000E+0
6,003110	19,599998	210,000000	0,000000E+0
6,003110	19,599998	210,000000	0,000000E+0
6,003110	19,599998	210,000000	0,000000E+0
6,003110	19,599998	210,000000	0,000000E+0
6,003110	19,599998	210,000000	0,000000E+0
6,003110	19,599998	210,000000	0,000000E+0
6,003110	19,599998	210,000000	0,000000E+0
6,003110	19,599998	210,000000	0,000000E+0
6,003110	19,599998	210,000000	0,000000E+0
6,003110	19,599998	210,000000	0,000000E+0
7,004549	19,599998	210,000000	0,000000E+0
7,004549	19,599998	210,000000	0,000000E+0
7,004549	19,599998	210,000000	0,000000E+0
7,004549	19,599998	210,000000	0,000000E+0
7,004549	19,599998	210,000000	0,000000E+0
7,004549	19,599998	210,000000	0,000000E+0
7,004549	19,599998	210,000000	0,000000E+0
7,004549	19,599998	210,000000	0,000000E+0
7,004549	19,599998	210,000000	0,000000E+0
7,004549	19,599998	210,000000	0,000000E+0
8,005973	19,599998	210,000000	0,000000E+0
8,005973	19,599998	210,000000	0,000000E+0
8,005973	19,599998	210,000000	0,000000E+0
8,005973	19,599998	210,000000	0,000000E+0
8,005973	19,599998	210,000000	0,000000E+0
8,005973	19,599998	210,000000	0,000000E+0
8,005973	19,599998	210,000000	0,000000E+0
8,005973	19,599998	210,000000	0,000000E+0
8,005973	19,599998	210,000000	0,000000E+0
8,005973	19,599998	210,000000	0,000000E+0
9,005390	19,599998	210,000000	0,000000E+0
9,005390	19,599998	210,000000	0,000000E+0
9,005390	19,599998	210,000000	0,000000E+0
9,005390	19,599998	210,000000	0,000000E+0
9,005390	19,599998	210,000000	0,000000E+0
9,005390	19,599998	210,000000	0,000000E+0
9,005390	19,599998	210,000000	0,000000E+0
9,005390	19,599998	210,000000	0,000000E+0
9,005390	19,599998	210,000000	0,000000E+0
9,005390	19,599998	210,000000	0,000000E+0
10,005808	19,599998	210,000000	0,000000E+0
10,005808	19,599998	210,000000	0,000000E+0
10,005808	19,599998	210,000000	0,000000E+0
10,005808	19,599998	210,000000	0,000000E+0
10,005808	19,599998	210,000000	0,000000E+0
10,005808	19,599998	210,000000	0,000000E+0
10,005808	19,599998	210,000000	0,000000E+0
10,005808	19,599998	210,000000	0,000000E+0
10,005808	19,599998	210,000000	0,000000E+0
10,005808	19,599998	210,000000	0,000000E+0
11,005256	19,599998	210,000000	0,000000E+0
11,005256	19,599998	210,000000	0,000000E+0
11,005256	19,599998	210,000000	0,000000E+0
11,005256	19,599998	210,000000	0,000000E+0
11,005256	19,599998	210,000000	0,000000E+0
11,005256	19,599998	210,000000	0,000000E+0
11,005256	19,599998	210,000000	0,000000E+0
11,005256	19,599998	210,000000	0,000000E+0
11,005256	19,599998	210,000000	0,000000E+0
11,005256	19,599998	210,000000	0,000000E+0
12,006653	19,599998	210,000000	0,000000E+0
12,006653	19,599998	210,000000	0,000000E+0
12,006653	19,599998	210,000000	0,000000E+0
12,006653	19,599998	210,000000	0,000000E+0
12,006653	19,599998	210,000000	0,000000E+0
12,006653	19,599998	210,000000	0,000000E+0
12,006653	19,599998	210,000000	0,000000E+0
12,006653	19,599998	210,000000	0,000000E+0
12,006653	19,599998	210,000000	0,000000E+0
12,006653	19,599998	210,000000	0,000000E+0
13,007081	19,599998	210,000000	0,000000E+0
13,007081	19,599998	210,000000	0,000000E+0
13,007081	19,599998	210,000000	0,000000E+0
13,007081	19,599998	210,000000	0,000000E+0
13,007081	19,599998	210,000000	0,000000E+0
13,007081	19,599998	210,000000	0,000000E+0
13,007081	19,599998	210,000000	0,000000E+0
13,007081	19,599998	210,000000	0,000000E+0
13,007081	19,599998	210,000000	0,000000E+0
13,007081	19,599998	210,000000	0,000000E+0
14,007515	19,599998	210,000000	0,000000E+0
14,007515	19,599998	210,000000	0,000000E+0
14,007515	19,599998	210,000000	0,000000E+0
14,007515	19,599998	210,000000	0,000000E+0
14,007515	19,599998	210,000000	0,000000E+0
14,007515	19,599998	210,000000	0,000000E+0
14,007515	19,599998	210,000000	0,000000E+0
14,007515	19,599998	210,000000	0,000000E+0
14,007515	19,599998	210,000000	0,000000E+0
14,007515	19,599998	210,000000	0,000000E+0
15,007927	19,599998	210,000000	0,000000E+0
15,007927	19,599998	210,000000	0,000000E+0
15,007927	19,599998	210,000000	0,000000E+0
15,007927	19,599998	210,000000	0,000000E+0
15,007927	19,599998	210,000000	0,000000E+0
15,007927	19,599998	210,000000	0,000000E+0
15,007927	19,599998	210,000000	0,000000E+0
15,007927	19,599998	210,000000	0,000000E+0
15,007927	19,599998	210,000000	0,000000E+0
15,007927	19,599998	210,000000	0,000000E+0
16,007351	19,599998	210,000000	0,000000E+0
16,007351	19,599998	210,000000	0,000000E+0
16,007351	19,599998	210,000000	0,000000E+0
16,007351	19,599998	210,000000	0,000000E+0
16,007351	19,599998	210,000000	0,000000E+0
16,007351	19,599998	210,000000	0,000000E+0
16,007351	19,599998	210,000000	0,000000E+0
16,007351	19,599998	210,000000	0,000000E+0
16,007351	19,599998	210,000000	0,000000E+0
16,007351	19,599998	210,000000	0,000000E+0
17,008775	19,599998	210,000000	0,000000E+0
17,008775	19,599998	210,000000	0,000000E+0
17,008775	19,599998	210,000000	0,000000E+0
17,008775	19,599998	210,000000	0,000000E+0
17,008775	19,599998	210,000000	0,000000E+0
17,008775	19,599998	210,000000	0,000000E+0
17,008775	19,599998	210,000000	0,000000E+0
17,008775	19,599998	210,000000	0,000000E+0
17,008775	19,599998	210,000000	0,000000E+0
17,008775	19,599998	210,000000	0,000000E+0
18,009200	19,599998	210,000000	0,000000E+0
18,009200	19,599998	210,000000	0,000000E+0
18,009200	19,599998	210,000000	0,000000E+0
18,009200	19,599998	210,000000	0,000000E+0
18,009200	19,599998	210,000000	0,000000E+0
18,009200	19,599998	210,000000	0,000000E+0
18,009200	19,599998	210,000000	0,000000E+0
18,009200	19,599998	210,000000	0,000000E+0
18,009200	19,599998	210,000000	0,000000E+0
18,009200	19,599998	210,000000	0,000000E+0
19,009650	19,599998	210,000000	0,000000E+0
19,009650	19,599998	210,000000	0,000000E+0
19,009650	19,599998	210,000000	0,000000E+0
19,009650	19,599998	210,000000	0,000000E+0
19,009650	19,599998	210,000000	0,000000E+0
19,009650	19,599998	210,000000	0,000000E+0
19,009650	19,599998	210,000000	0,000000E+0
19,009650	19,599998	210,000000	0,000000E+0
19,009650	19,599998	210,000000	0,000000E+0
19,009650	19,599998	210,000000	0,000000E+0
20,010053	19,599998	210,000000	0,000000E+0
20,010053	19,599998	210,000000	0,000000E+0
20,010053	19,599998	210,000000	0,000000E+0
20,010053	19,599998	210,000000	0,000000E+0
20,010053	19,599998	210,000000	0,000000E+0
20,010053	19,599998	210,000000	0,000000E+0
20,010053	19,599998	210,000000	0,000000E+0
20,010053	19,599998	210,000000	0,000000E+0
20,010053	19,599998	210,000000	0,000000E+0
20,010053	19,599998	210,000000	0,000000E+0
21,010476	19,599998	210,000000	0,000000E+0
21,010476	19,599998	210,000000	0,000000E+0
21,010476	19,599998	210,000000	0,000000E+0
21,010476	19,599998	210,000000	0,000000E+0
21,010476	19,599998	210,000000	0,000000E+0
21,010476	19,599998	210,000000	0,000000E+0
21,010476	19,599998	210,000000	0,000000E+0
21,010476	19,599998	210,000000	0,000000E+0
21,010476	19,599998	210,000000	0,000000E+0
21,010476	19,599998	210,000000	0,000000E+0
22,010900	19,599998	210,000000	0,000000E+0
22,010900	19,599998	210,000000	0,000000E+0
22,010900	19,599998	210,000000	0,000000E+0
22,010900	19,599998	210,000000	0,000000E+0
22,010900	19,599998	210,000000	0,000000E+0
22,010900	19,599998	210,000000	0,000000E+0
22,010900	19,599998	210,000000	0,000000E+0
22,010900	19,599998	210,000000	0,000000E+0
22,010900	19,599998	210,000000	0,000000E+0
