0,000000	0,000000	0,000000	5,583364E+0
0,035778	0,000000	0,000000	5,583364E+0
0,035778	0,000000	0,000000	5,583364E+0
0,035778	0,000000	0,000000	5,583364E+0
0,035778	0,000000	0,000000	5,583364E+0
0,035778	0,000000	0,000000	5,583364E+0
0,035778	0,000000	0,000000	5,583364E+0
0,035778	18,200001	0,000000	5,583364E+0
0,035778	18,200001	0,000000	5,583364E+0
0,035778	18,200001	0,000000	0,000000E+0
0,035778	18,200001	0,000000	0,000000E+0
1,036189	18,200001	0,000000	0,000000E+0
1,036189	18,200001	0,000000	0,000000E+0
1,036189	18,200001	0,000000	0,000000E+0
1,036189	18,200001	0,000000	0,000000E+0
1,036189	18,200001	0,000000	0,000000E+0
1,036189	18,200001	0,000000	0,000000E+0
1,036189	18,299999	0,000000	0,000000E+0
1,036189	18,299999	0,000000	0,000000E+0
1,036189	18,299999	0,000000	0,000000E+0
1,036189	18,299999	0,000000	0,000000E+0
2,035618	18,299999	0,000000	0,000000E+0
2,035618	18,299999	0,000000	0,000000E+0
2,035618	18,299999	0,000000	0,000000E+0
2,035618	18,299999	0,000000	0,000000E+0
2,035618	18,299999	0,000000	0,000000E+0
2,035618	18,299999	0,000000	0,000000E+0
2,035618	18,299999	0,000000	0,000000E+0
2,035618	18,299999	0,000000	0,000000E+0
2,035618	18,299999	0,000000	0,000000E+0
2,035618	18,299999	0,000000	0,000000E+0
3,037042	18,299999	0,000000	0,000000E+0
3,037042	18,299999	0,000000	0,000000E+0
3,037042	18,299999	0,000000	0,000000E+0
3,037042	18,299999	0,000000	0,000000E+0
3,037042	18,299999	0,000000	0,000000E+0
3,037042	18,299999	0,000000	0,000000E+0
3,037042	18,400002	0,000000	0,000000E+0
3,037042	18,400002	0,000000	0,000000E+0
3,037042	18,400002	0,000000	0,000000E+0
3,037042	18,400002	0,000000	0,000000E+0
4,036464	18,400002	0,000000	0,000000E+0
4,036464	18,400002	0,000000	0,000000E+0
4,036464	18,400002	0,000000	0,000000E+0
4,036464	18,400002	0,000000	0,000000E+0
4,036464	18,400002	0,000000	0,000000E+0
4,036464	18,400002	0,000000	0,000000E+0
4,036464	18,299999	0,000000	0,000000E+0
4,036464	18,299999	0,000000	0,000000E+0
4,036464	18,299999	0,000000	0,000000E+0
4,036464	18,299999	0,000000	0,000000E+0
5,036906	18,299999	0,000000	0,000000E+0
5,036906	18,299999	0,000000	0,000000E+0
5,036906	18,299999	0,000000	0,000000E+0
5,036906	18,299999	0,000000	0,000000E+0
5,036906	18,299999	0,000000	0,000000E+0
5,036906	18,299999	0,000000	0,000000E+0
5,036906	18,299999	0,000000	0,000000E+0
5,036906	18,299999	0,000000	0,000000E+0
5,036906	18,299999	0,000000	0,000000E+0
5,036906	18,200001	0,000000	0,000000E+0
6,037318	18,200001	0,000000	0,000000E+0
6,037318	18,200001	0,000000	0,000000E+0
6,037318	18,200001	0,000000	0,000000E+0
6,037318	18,200001	0,000000	0,000000E+0
6,037318	18,200001	0,000000	0,000000E+0
6,037318	18,200001	0,000000	0,000000E+0
6,037318	18,200001	0,000000	0,000000E+0
6,037318	18,200001	0,000000	0,000000E+0
6,037318	18,200001	0,000000	0,000000E+0
6,037318	18,200001	0,000000	0,000000E+0
7,036742	18,200001	0,000000	0,000000E+0
7,036742	18,299999	0,000000	0,000000E+0
7,036742	18,299999	0,000000	0,000000E+0
7,036742	18,299999	0,000000	0,000000E+0
7,036742	18,299999	0,000000	0,000000E+0
7,036742	18,299999	0,000000	0,000000E+0
7,036742	18,299999	0,000000	0,000000E+0
7,036742	18,299999	0,000000	0,000000E+0
7,036742	18,299999	0,000000	0,000000E+0
7,036742	18,299999	0,000000	0,000000E+0
8,037168	18,299999	0,000000	0,000000E+0
8,037168	18,299999	0,000000	0,000000E+0
8,037168	18,299999	0,000000	0,000000E+0
8,037168	18,299999	0,000000	0,000000E+0
8,037168	18,299999	0,000000	0,000000E+0
8,037168	18,299999	0,000000	0,000000E+0
8,037168	18,299999	0,000000	0,000000E+0
8,037168	18,299999	0,000000	0,000000E+0
8,037168	18,299999	0,000000	0,000000E+0
8,037168	18,299999	0,000000	0,000000E+0
9,036590	18,299999	0,000000	0,000000E+0
9,036590	18,299999	0,000000	0,000000E+0
9,036590	18,299999	0,000000	0,000000E+0
9,036590	18,299999	0,000000	0,000000E+0
9,036590	18,299999	0,000000	0,000000E+0
9,036590	18,299999	0,000000	0,000000E+0
9,036590	18,299999	0,000000	0,000000E+0
9,036590	18,299999	0,000000	0,000000E+0
9,036590	18,299999	0,000000	0,000000E+0
9,036590	18,299999	0,000000	0,000000E+0
10,037018	18,299999	0,000000	0,000000E+0
10,037018	18,299999	0,000000	0,000000E+0
10,037018	18,200001	0,000000	0,000000E+0
10,037018	18,200001	0,000000	0,000000E+0
10,037018	18,200001	0,000000	0,000000E+0
10,037018	18,200001	0,000000	0,000000E+0
10,037018	18,200001	0,000000	0,000000E+0
10,037018	18,200001	0,000000	0,000000E+0
10,037018	18,200001	0,000000	0,000000E+0
10,037018	18,200001	0,000000	0,000000E+0
11,036446	18,200001	0,000000	0,000000E+0
11,036446	18,200001	0,000000	0,000000E+0
11,036446	18,299999	0,000000	0,000000E+0
11,036446	18,299999	0,000000	0,000000E+0
11,036446	18,299999	0,000000	0,000000E+0
11,036446	18,299999	0,000000	0,000000E+0
11,036446	18,299999	0,000000	0,000000E+0
11,036446	18,299999	0,000000	0,000000E+0
11,036446	18,299999	0,000000	0,000000E+0
11,036446	18,299999	0,000000	0,000000E+0
12,036856	18,299999	0,000000	0,000000E+0
12,036856	18,299999	0,000000	0,000000E+0
12,036856	18,299999	0,000000	0,000000E+0
12,036856	18,299999	0,000000	0,000000E+0
12,036856	18,299999	0,000000	0,000000E+0
12,036856	18,299999	0,000000	0,000000E+0
12,036856	18,299999	0,000000	0,000000E+0
12,036856	18,299999	0,000000	0,000000E+0
12,036856	18,299999	0,000000	0,000000E+0
12,036856	18,299999	0,000000	0,000000E+0
13,038289	18,299999	0,000000	0,000000E+0
13,038289	18,299999	0,000000	0,000000E+0
13,038289	18,299999	0,000000	0,000000E+0
13,038289	18,299999	0,000000	0,000000E+0
13,038289	18,299999	0,000000	0,000000E+0
13,038289	18,299999	0,000000	0,000000E+0
13,038289	18,299999	0,000000	0,000000E+0
13,038289	18,299999	0,000000	0,000000E+0
13,038289	18,299999	0,000000	0,000000E+0
13,038289	18,200001	0,000000	0,000000E+0
14,038709	18,200001	0,000000	0,000000E+0
14,038709	18,200001	0,000000	0,000000E+0
14,038709	18,200001	0,000000	0,000000E+0
14,038709	18,200001	0,000000	0,000000E+0
14,038709	18,200001	0,000000	0,000000E+0
14,038709	18,200001	0,000000	0,000000E+0
14,038709	18,200001	0,000000	0,000000E+0
14,038709	18,200001	0,000000	0,000000E+0
14,038709	18,200001	0,000000	0,000000E+0
14,038709	18,299999	0,000000	0,000000E+0
15,040137	18,299999	0,000000	0,000000E+0
15,040137	18,299999	0,000000	0,000000E+0
15,040137	18,299999	0,000000	0,000000E+0
15,040137	18,299999	0,000000	0,000000E+0
15,040137	18,299999	0,000000	0,000000E+0
15,040137	18,299999	0,000000	0,000000E+0
15,040137	18,299999	0,000000	0,000000E+0
15,040137	18,299999	0,000000	0,000000E+0
15,040137	18,299999	0,000000	0,000000E+0
15,040137	18,299999	0,000000	0,000000E+0
16,040568	18,299999	0,000000	0,000000E+0
16,040568	18,400000	0,000000	0,000000E+0
16,040568	18,400000	0,000000	0,000000E+0
16,040568	18,400000	0,000000	0,000000E+0
16,040568	18,400000	0,000000	0,000000E+0
16,040568	18,400000	0,000000	0,000000E+0
16,040568	18,400000	0,000000	0,000000E+0
16,040568	18,400000	0,000000	0,000000E+0
16,040568	18,400000	0,000000	0,000000E+0
16,040568	18,400000	0,000000	0,000000E+0
17,040999	18,200001	0,000000	0,000000E+0
17,040999	18,200001	0,000000	0,000000E+0
17,040999	18,200001	0,000000	0,000000E+0
17,040999	18,200001	0,000000	0,000000E+0
17,040999	18,200001	0,000000	0,000000E+0
17,040999	18,200001	0,000000	0,000000E+0
17,040999	18,200001	0,000000	0,000000E+0
17,040999	18,200001	0,000000	0,000000E+0
17,040999	18,200001	0,000000	0,000000E+0
17,040999	18,200001	0,000000	0,000000E+0
18,040408	18,200001	0,000000	0,000000E+0
18,040408	18,200001	0,000000	0,000000E+0
18,040408	18,200001	0,000000	0,000000E+0
18,040408	18,200001	0,000000	0,000000E+0
18,040408	18,299999	0,000000	0,000000E+0
18,040408	18,299999	0,000000	0,000000E+0
18,040408	18,299999	0,000000	0,000000E+0
18,040408	18,299999	0,000000	0,000000E+0
18,040408	18,299999	0,000000	0,000000E+0
18,040408	18,299999	0,000000	0,000000E+0
19,040824	18,299999	0,000000	0,000000E+0
19,040824	18,299999	0,000000	0,000000E+0
19,040824	18,299999	0,000000	0,000000E+0
19,040824	18,299999	0,000000	0,000000E+0
19,040824	18,299999	0,000000	0,000000E+0
19,040824	18,299999	0,000000	0,000000E+0
19,040824	18,299999	0,000000	0,000000E+0
19,040824	18,299999	0,000000	0,000000E+0
19,040824	18,299999	0,000000	0,000000E+0
19,040824	18,299999	0,000000	0,000000E+0
20,041268	18,299999	0,000000	0,000000E+0
20,041268	18,299999	0,000000	0,000000E+0
20,041268	18,299999	0,000000	0,000000E+0
20,041268	18,299999	0,000000	0,000000E+0
20,041268	18,400000	0,000000	0,000000E+0
20,041268	18,400000	0,000000	0,000000E+0
20,041268	18,400000	0,000000	0,000000E+0
20,041268	18,400000	0,000000	0,000000E+0
20,041268	18,400000	0,000000	0,000000E+0
20,041268	18,400000	0,000000	0,000000E+0
21,040698	18,400000	0,000000	0,000000E+0
21,040698	18,400000	0,000000	0,000000E+0
21,040698	18,400000	0,000000	0,000000E+0
21,040698	18,400000	0,000000	0,000000E+0
21,040698	18,299999	0,000000	0,000000E+0
21,040698	18,299999	0,000000	0,000000E+0
21,040698	18,299999	0,000000	0,000000E+0
21,040698	18,299999	0,000000	0,000000E+0
21,040698	18,299999	0,000000	0,000000E+0
21,040698	18,299999	0,000000	0,000000E+0
22,041099	18,299999	0,000000	0,000000E+0
22,041099	18,299999	0,000000	0,000000E+0
22,041099	18,299999	0,000000	0,000000E+0
22,041099	18,299999	0,000000	0,000000E+0
22,041099	18,299999	0,000000	0,000000E+0
22,041099	18,299999	0,000000	0,000000E+0
22,041099	18,200001	0,000000	0,000000E+0
22,041099	18,200001	0,000000	0,000000E+0
22,041099	18,200001	0,000000	0,000000E+0
22,041099	18,200001	0,000000	0,000000E+0
23,040540	18,200001	0,000000	0,000000E+0
23,040540	18,200001	0,000000	0,000000E+0
23,040540	18,200001	0,000000	0,000000E+0
23,040540	18,200001	0,000000	0,000000E+0
23,040540	18,200001	0,000000	0,000000E+0
23,040540	18,200001	0,000000	0,000000E+0
23,040540	18,200001	0,000000	0,000000E+0
23,040540	18,200001	0,000000	0,000000E+0
23,040540	18,200001	0,000000	0,000000E+0
23,040540	18,200001	0,000000	0,000000E+0
24,040967	18,200001	0,000000	0,000000E+0
24,040967	18,299999	0,000000	0,000000E+0
24,040967	18,299999	0,000000	0,000000E+0
24,040967	18,299999	0,000000	0,000000E+0
24,040967	18,299999	0,000000	0,000000E+0
24,040967	18,299999	0,000000	0,000000E+0
24,040967	18,299999	0,000000	0,000000E+0
24,040967	18,299999	0,000000	0,000000E+0
24,040967	18,299999	0,000000	0,000000E+0
24,040967	18,299999	0,000000	0,000000E+0
25,040389	18,299999	0,000000	0,000000E+0
25,040389	18,299999	0,000000	0,000000E+0
25,040389	18,400000	0,000000	0,000000E+0
25,040389	18,400000	0,000000	0,000000E+0
25,040389	18,400000	0,000000	0,000000E+0
25,040389	18,400000	0,000000	0,000000E+0
25,040389	18,400000	0,000000	0,000000E+0
25,040389	18,400000	0,000000	0,000000E+0
25,040389	18,400000	0,000000	0,000000E+0
25,040389	18,400000	0,000000	0,000000E+0
26,040850	18,400000	0,000000	0,000000E+0
26,040850	18,299999	0,000000	0,000000E+0
26,040850	18,299999	0,000000	0,000000E+0
26,040850	18,299999	0,000000	0,000000E+0
26,040850	18,299999	0,000000	0,000000E+0
26,040850	18,299999	0,000000	0,000000E+0
26,040850	18,299999	0,000000	0,000000E+0
26,040850	18,299999	0,000000	0,000000E+0
26,040850	18,299999	0,000000	0,000000E+0
26,040850	18,299999	0,000000	0,000000E+0
27,041221	18,299999	0,000000	0,000000E+0
27,041221	18,100000	0,000000	0,000000E+0
27,041221	18,100000	0,000000	0,000000E+0
27,041221	18,100000	0,000000	0,000000E+0
27,041221	18,100000	0,000000	0,000000E+0
27,041221	18,100000	0,000000	0,000000E+0
27,041221	18,100000	0,000000	0,000000E+0
27,041221	18,100000	0,000000	0,000000E+0
27,041221	18,100000	0,000000	0,000000E+0
27,041221	18,100000	0,000000	0,000000E+0
28,040673	18,100000	0,000000	0,000000E+0
28,040673	18,100000	0,000000	0,000000E+0
28,040673	18,400000	0,000000	0,000000E+0
28,040673	18,400000	0,000000	0,000000E+0
28,040673	18,400000	0,000000	0,000000E+0
28,040673	18,400000	0,000000	0,000000E+0
28,040673	18,400000	0,000000	0,000000E+0
28,040673	18,400000	0,000000	0,000000E+0
28,040673	18,400000	0,000000	0,000000E+0
28,040673	18,400000	0,000000	0,000000E+0
29,041076	18,400000	0,000000	0,000000E+0
29,041076	18,400000	0,000000	0,000000E+0
29,041076	18,400000	0,000000	0,000000E+0
29,041076	18,400000	0,000000	0,000000E+0
29,041076	18,400000	0,000000	0,000000E+0
29,041076	18,400000	0,000000	0,000000E+0
29,041076	18,400000	0,000000	0,000000E+0
29,041076	18,400000	0,000000	0,000000E+0
29,041076	18,400000	0,000000	0,000000E+0
29,041076	18,400000	0,000000	0,000000E+0
30,040505	18,400000	0,000000	0,000000E+0
30,040505	18,400000	0,000000	0,000000E+0
30,040505	18,400000	0,000000	0,000000E+0
30,040505	18,200001	0,000000	0,000000E+0
30,040505	18,200001	0,000000	0,000000E+0
30,040505	18,200001	0,000000	0,000000E+0
30,040505	18,200001	0,000000	0,000000E+0
30,040505	18,200001	0,000000	0,000000E+0
30,040505	18,200001	0,000000	0,000000E+0
30,040505	18,200001	0,000000	0,000000E+0
31,040965	18,200001	0,000000	0,000000E+0
31,040965	18,200001	0,000000	0,000000E+0
31,040965	18,200001	0,000000	0,000000E+0
31,040965	18,299999	0,000000	0,000000E+0
31,040965	18,299999	0,000000	0,000000E+0
31,040965	18,299999	0,000000	0,000000E+0
31,040965	18,299999	0,000000	0,000000E+0
31,040965	18,299999	0,000000	0,000000E+0
31,040965	18,299999	0,000000	0,000000E+0
31,040965	18,299999	0,000000	0,000000E+0
32,041370	18,299999	0,000000	0,000000E+0
32,041370	18,299999	0,000000	0,000000E+0
32,041370	18,299999	0,000000	0,000000E+0
32,041370	18,299999	0,000000	0,000000E+0
32,041370	18,400000	0,000000	0,000000E+0
32,041370	18,400000	0,000000	0,000000E+0
32,041370	18,400000	0,000000	0,000000E+0
32,041370	18,400000	0,000000	0,000000E+0
32,041370	18,400000	0,000000	0,000000E+0
32,041370	18,400000	0,000000	0,000000E+0
33,041777	18,400000	0,000000	0,000000E+0
33,041777	18,400000	0,000000	0,000000E+0
33,041777	18,400000	0,000000	0,000000E+0
33,041777	18,400000	0,000000	0,000000E+0
33,041777	18,400000	0,000000	0,000000E+0
33,041777	18,400000	0,000000	0,000000E+0
33,041777	18,400000	0,000000	0,000000E+0
33,041777	18,400000	0,000000	0,000000E+0
33,041777	18,400000	0,000000	0,000000E+0
33,041777	18,400000	0,000000	0,000000E+0
34,043200	18,400000	0,000000	0,000000E+0
34,043200	18,400000	0,000000	0,000000E+0
34,043200	18,400000	0,000000	0,000000E+0
34,043200	18,400000	0,000000	0,000000E+0
34,043200	18,200001	0,000000	0,000000E+0
34,043200	18,200001	0,000000	0,000000E+0
34,043200	18,200001	0,000000	0,000000E+0
34,043200	18,200001	0,000000	0,000000E+0
34,043200	18,200001	0,000000	0,000000E+0
34,043200	18,200001	0,000000	0,000000E+0
35,042688	18,200001	0,000000	0,000000E+0
35,042688	18,200001	0,000000	0,000000E+0
35,042688	18,200001	0,000000	0,000000E+0
35,042688	18,200001	0,000000	0,000000E+0
35,042688	18,200001	0,000000	0,000000E+0
35,042688	18,200001	0,000000	0,000000E+0
35,042688	18,200001	0,000000	0,000000E+0
35,042688	18,200001	0,000000	0,000000E+0
35,042688	18,200001	0,000000	0,000000E+0
35,042688	18,200001	0,000000	0,000000E+0
36,043072	18,200001	0,000000	0,000000E+0
36,043072	18,200001	0,000000	0,000000E+0
36,043072	18,200001	0,000000	0,000000E+0
36,043072	18,200001	0,000000	0,000000E+0
36,043072	18,200001	0,000000	0,000000E+0
36,043072	18,200001	0,000000	0,000000E+0
36,043072	18,200001	0,000000	0,000000E+0
36,043072	18,200001	0,000000	0,000000E+0
36,043072	18,200001	0,000000	0,000000E+0
36,043072	18,200001	0,000000	0,000000E+0
37,042476	18,200001	0,000000	0,000000E+0
37,042476	18,400000	0,000000	0,000000E+0
37,042476	18,400000	0,000000	0,000000E+0
37,042476	18,400000	0,000000	0,000000E+0
37,042476	18,400000	0,000000	0,000000E+0
37,042476	18,400000	0,000000	0,000000E+0
37,042476	18,400000	0,000000	0,000000E+0
37,042476	18,400000	0,000000	0,000000E+0
37,042476	18,400000	0,000000	0,000000E+0
37,042476	18,400000	0,000000	0,000000E+0
38,042907	18,400000	0,000000	0,000000E+0
38,042907	18,400000	0,000000	0,000000E+0
38,042907	18,400000	0,000000	0,000000E+0
38,042907	18,400000	0,000000	0,000000E+0
38,042907	18,400000	0,000000	0,000000E+0
38,042907	18,400000	0,000000	0,000000E+0
38,042907	18,400000	0,000000	0,000000E+0
38,042907	18,400000	0,000000	0,000000E+0
38,042907	18,400000	0,000000	0,000000E+0
38,042907	18,400000	0,000000	0,000000E+0
39,042326	18,400000	0,000000	0,000000E+0
39,042326	18,200001	0,000000	0,000000E+0
39,042326	18,200001	0,000000	0,000000E+0
39,042326	18,200001	0,000000	0,000000E+0
39,042326	18,200001	0,000000	0,000000E+0
39,042326	18,200001	0,000000	0,000000E+0
39,042326	18,200001	0,000000	0,000000E+0
39,042326	18,200001	0,000000	0,000000E+0
39,042326	18,200001	0,000000	0,000000E+0
39,042326	18,200001	0,000000	0,000000E+0
40,043756	18,200001	0,000000	0,000000E+0
40,043756	18,200001	0,000000	0,000000E+0
40,043756	18,200001	0,000000	0,000000E+0
40,043756	18,200001	0,000000	0,000000E+0
40,043756	18,299999	0,000000	0,000000E+0
40,043756	18,299999	0,000000	0,000000E+0
40,043756	18,299999	0,000000	0,000000E+0
40,043756	18,299999	0,000000	0,000000E+0
40,043756	18,299999	0,000000	0,000000E+0
40,043756	18,299999	0,000000	0,000000E+0
41,044169	18,299999	0,000000	0,000000E+0
41,044169	18,299999	0,000000	0,000000E+0
41,044169	18,299999	0,000000	0,000000E+0
41,044169	18,299999	0,000000	0,000000E+0
41,044169	18,299999	0,000000	0,000000E+0
41,044169	18,299999	0,000000	0,000000E+0
41,044169	18,299999	0,000000	0,000000E+0
41,044169	18,299999	0,000000	0,000000E+0
41,044169	18,299999	0,000000	0,000000E+0
41,044169	18,299999	0,000000	0,000000E+0
42,044593	18,299999	0,000000	0,000000E+0
42,044593	18,299999	0,000000	0,000000E+0
42,044593	18,299999	0,000000	0,000000E+0
42,044593	18,299999	0,000000	0,000000E+0
42,044593	18,299999	0,000000	0,000000E+0
42,044593	18,299999	0,000000	0,000000E+0
42,044593	18,299999	0,000000	0,000000E+0
42,044593	18,299999	0,000000	0,000000E+0
42,044593	18,299999	0,000000	0,000000E+0
42,044593	18,299999	0,000000	0,000000E+0
43,045019	18,299999	0,000000	0,000000E+0
43,045019	18,299999	0,000000	0,000000E+0
43,045019	18,299999	0,000000	0,000000E+0
43,045019	18,299999	0,000000	0,000000E+0
43,045019	18,299999	0,000000	0,000000E+0
43,045019	18,400002	0,000000	0,000000E+0
43,045019	18,400002	0,000000	0,000000E+0
43,045019	18,400002	0,000000	0,000000E+0
43,045019	18,400002	0,000000	0,000000E+0
43,045019	18,400002	0,000000	0,000000E+0
44,044453	18,400002	0,000000	0,000000E+0
44,044453	18,400002	0,000000	0,000000E+0
44,044453	18,400002	0,000000	0,000000E+0
44,044453	18,400002	0,000000	0,000000E+0
44,044453	18,400002	0,000000	0,000000E+0
44,044453	18,299999	0,000000	0,000000E+0
44,044453	18,299999	0,000000	0,000000E+0
44,044453	18,299999	0,000000	0,000000E+0
44,044453	18,299999	0,000000	0,000000E+0
44,044453	18,299999	0,000000	0,000000E+0
45,045914	18,299999	0,000000	0,000000E+0
45,045914	18,299999	0,000000	0,000000E+0
45,045914	18,299999	0,000000	0,000000E+0
45,045914	18,299999	0,000000	0,000000E+0
45,045914	18,299999	0,000000	0,000000E+0
45,045914	18,299999	0,000000	0,000000E+0
45,045914	18,400000	0,000000	0,000000E+0
45,045914	18,400000	0,000000	0,000000E+0
45,045914	18,400000	0,000000	0,000000E+0
45,045914	18,400000	0,000000	0,000000E+0
46,046286	18,400000	0,000000	0,000000E+0
46,046286	18,400000	0,000000	0,000000E+0
46,046286	18,400000	0,000000	0,000000E+0
46,046286	18,400000	0,000000	0,000000E+0
46,046286	18,400000	0,000000	0,000000E+0
46,046286	18,400000	0,000000	0,000000E+0
46,046286	18,400000	0,000000	0,000000E+0
46,046286	18,400000	0,000000	0,000000E+0
46,046286	18,400000	0,000000	0,000000E+0
46,046286	18,400000	0,000000	0,000000E+0
47,045720	18,400000	0,000000	0,000000E+0
47,045720	18,400002	0,000000	0,000000E+0
47,045720	18,400002	0,000000	0,000000E+0
47,045720	18,400002	0,000000	0,000000E+0
47,045720	18,400002	0,000000	0,000000E+0
47,045720	18,400002	0,000000	0,000000E+0
47,045720	18,400002	0,000000	0,000000E+0
47,045720	18,400002	0,000000	0,000000E+0
47,045720	18,400002	0,000000	0,000000E+0
47,045720	18,400002	0,000000	0,000000E+0
48,047142	18,400000	0,000000	0,000000E+0
48,047142	18,400000	0,000000	0,000000E+0
48,047142	18,400000	0,000000	0,000000E+0
48,047142	18,400000	0,000000	0,000000E+0
48,047142	18,400000	0,000000	0,000000E+0
48,047142	18,400000	0,000000	0,000000E+0
48,047142	18,400000	0,000000	0,000000E+0
48,047142	18,400000	0,000000	0,000000E+0
48,047142	18,400000	0,000000	0,000000E+0
48,047142	18,400000	0,000000	0,000000E+0
49,046597	18,400000	0,000000	0,000000E+0
49,046597	18,299999	0,000000	0,000000E+0
49,046597	18,299999	0,000000	0,000000E+0
49,046597	18,299999	0,000000	0,000000E+0
49,046597	18,299999	0,000000	0,000000E+0
49,046597	18,299999	0,000000	0,000000E+0
49,046597	18,299999	0,000000	0,000000E+0
49,046597	18,299999	0,000000	0,000000E+0
49,046597	18,299999	0,000000	0,000000E+0
49,046597	18,299999	0,000000	0,000000E+0
50,046989	18,299999	0,000000	0,000000E+0
50,046989	18,299999	0,000000	0,000000E+0
50,046989	18,299999	0,000000	0,000000E+0
50,046989	18,299999	0,000000	0,000000E+0
50,046989	18,299999	0,000000	0,000000E+0
50,046989	18,299999	0,000000	0,000000E+0
50,046989	18,299999	0,000000	0,000000E+0
50,046989	18,299999	0,000000	0,000000E+0
50,046989	18,299999	0,000000	0,000000E+0
50,046989	18,299999	0,000000	0,000000E+0
51,046425	18,299999	0,000000	0,000000E+0
51,046425	18,299999	0,000000	0,000000E+0
51,046425	18,299999	0,000000	0,000000E+0
51,046425	18,500000	0,000000	0,000000E+0
51,046425	18,500000	0,000000	0,000000E+0
51,046425	18,500000	0,000000	0,000000E+0
51,046425	18,500000	0,000000	0,000000E+0
51,046425	18,500000	0,000000	0,000000E+0
51,046425	18,500000	0,000000	0,000000E+0
51,046425	18,500000	0,000000	0,000000E+0
52,047839	18,500000	0,000000	0,000000E+0
52,047839	18,500000	0,000000	0,000000E+0
52,047839	18,500000	0,000000	0,000000E+0
52,047839	18,500000	0,000000	0,000000E+0
52,047839	18,299999	0,000000	0,000000E+0
52,047839	18,299999	0,000000	0,000000E+0
52,047839	18,299999	0,000000	0,000000E+0
52,047839	18,299999	0,000000	0,000000E+0
52,047839	18,299999	0,000000	0,000000E+0
52,047839	18,299999	0,000000	0,000000E+0
53,048273	18,299999	0,000000	0,000000E+0
53,048273	18,299999	0,000000	0,000000E+0
53,048273	18,299999	0,000000	0,000000E+0
53,048273	18,299999	0,000000	0,000000E+0
53,048273	18,299999	0,000000	0,000000E+0
53,048273	18,299999	0,000000	0,000000E+0
53,048273	18,100000	0,000000	0,000000E+0
53,048273	18,100000	0,000000	0,000000E+0
53,048273	18,100000	0,000000	0,000000E+0
53,048273	18,100000	0,000000	0,000000E+0
54,047697	18,100000	0,000000	0,000000E+0
54,047697	18,100000	0,000000	0,000000E+0
54,047697	18,100000	0,000000	0,000000E+0
54,047697	18,100000	0,000000	0,000000E+0
54,047697	18,200001	0,000000	0,000000E+0
54,047697	18,200001	0,000000	0,000000E+0
54,047697	18,200001	0,000000	0,000000E+0
54,047697	18,200001	0,000000	0,000000E+0
54,047697	18,200001	0,000000	0,000000E+0
54,047697	18,200001	0,000000	0,000000E+0
55,049100	18,200001	0,000000	0,000000E+0
55,049100	18,200001	0,000000	0,000000E+0
55,049100	18,200001	0,000000	0,000000E+0
55,049100	18,200001	0,000000	0,000000E+0
55,049100	18,400002	0,000000	0,000000E+0
55,049100	18,400002	0,000000	0,000000E+0
55,049100	18,400002	0,000000	0,000000E+0
55,049100	18,400002	0,000000	0,000000E+0
55,049100	18,400002	0,000000	0,000000E+0
55,049100	18,400002	0,000000	0,000000E+0
56,048546	18,400002	0,000000	0,000000E+0
56,048546	18,400002	0,000000	0,000000E+0
56,048546	18,400002	0,000000	0,000000E+0
56,048546	18,400002	0,000000	0,000000E+0
56,048546	18,400002	0,000000	0,000000E+0
56,048546	18,400002	0,000000	0,000000E+0
56,048546	18,500000	0,000000	0,000000E+0
56,048546	18,500000	0,000000	0,000000E+0
56,048546	18,500000	0,000000	0,000000E+0
56,048546	18,500000	0,000000	0,000000E+0
57,048967	18,500000	0,000000	0,000000E+0
57,048967	18,500000	0,000000	0,000000E+0
57,048967	18,500000	0,000000	0,000000E+0
57,048967	18,500000	0,000000	0,000000E+0
57,048967	18,500000	0,000000	0,000000E+0
57,048967	18,500000	0,000000	0,000000E+0
57,048967	18,500000	0,000000	0,000000E+0
57,048967	18,500000	0,000000	0,000000E+0
57,048967	18,500000	0,000000	0,000000E+0
57,048967	18,500000	0,000000	0,000000E+0
58,048395	18,200001	0,000000	0,000000E+0
58,048395	18,200001	0,000000	0,000000E+0
58,048395	18,200001	0,000000	0,000000E+0
58,048395	18,200001	0,000000	0,000000E+0
58,048395	18,200001	0,000000	0,000000E+0
58,048395	18,200001	0,000000	0,000000E+0
58,048395	18,200001	0,000000	0,000000E+0
58,048395	18,200001	0,000000	0,000000E+0
58,048395	18,200001	0,000000	0,000000E+0
58,048395	18,200001	0,000000	0,000000E+0
59,048819	18,400000	0,000000	0,000000E+0
59,048819	18,400000	0,000000	0,000000E+0
59,048819	18,400000	0,000000	0,000000E+0
59,048819	18,400000	0,000000	0,000000E+0
59,048819	18,400000	0,000000	0,000000E+0
59,048819	18,400000	0,000000	0,000000E+0
59,048819	18,400000	0,000000	0,000000E+0
59,048819	18,400000	0,000000	0,000000E+0
59,048819	18,400000	0,000000	0,000000E+0
59,048819	18,400000	0,000000	0,000000E+0
60,049221	18,400000	0,000000	0,000000E+0
60,049221	18,400000	0,000000	0,000000E+0
60,049221	18,400000	0,000000	0,000000E+0
60,049221	18,400000	0,000000	0,000000E+0
60,049221	18,400000	0,000000	0,000000E+0
60,049221	18,400000	0,000000	0,000000E+0
60,049221	18,400000	0,000000	0,000000E+0
60,049221	18,400000	0,000000	0,000000E+0
60,049221	18,400000	0,000000	0,000000E+0
60,049221	18,400000	0,000000	0,000000E+0
61,048674	18,400000	0,000000	0,000000E+0
61,048674	18,299999	0,000000	0,000000E+0
61,048674	18,299999	0,000000	0,000000E+0
61,048674	18,299999	0,000000	0,000000E+0
61,048674	18,299999	0,000000	0,000000E+0
61,048674	18,299999	0,000000	0,000000E+0
61,048674	18,299999	0,000000	0,000000E+0
61,048674	18,299999	0,000000	0,000000E+0
61,048674	18,299999	0,000000	0,000000E+0
61,048674	18,299999	0,000000	0,000000E+0
62,049141	18,299999	0,000000	0,000000E+0
62,049141	18,299999	0,000000	0,000000E+0
62,049141	18,299999	0,000000	0,000000E+0
62,049141	18,299999	0,000000	0,000000E+0
62,049141	18,200001	0,000000	0,000000E+0
62,049141	18,200001	0,000000	0,000000E+0
62,049141	18,200001	0,000000	0,000000E+0
62,049141	18,200001	0,000000	0,000000E+0
62,049141	18,200001	0,000000	0,000000E+0
62,049141	18,200001	0,000000	0,000000E+0
63,048520	18,200001	0,000000	0,000000E+0
63,048520	18,200001	0,000000	0,000000E+0
63,048520	18,200001	0,000000	0,000000E+0
63,048520	18,200001	0,000000	0,000000E+0
63,048520	18,400000	0,000000	0,000000E+0
63,048520	18,400000	0,000000	0,000000E+0
63,048520	18,400000	0,000000	0,000000E+0
63,048520	18,400000	0,000000	0,000000E+0
63,048520	18,400000	0,000000	0,000000E+0
63,048520	18,400000	0,000000	0,000000E+0
64,048940	18,400000	0,000000	0,000000E+0
64,048940	18,400000	0,000000	0,000000E+0
64,048940	18,400000	0,000000	0,000000E+0
64,048940	18,400000	0,000000	0,000000E+0
64,048940	18,299999	0,000000	0,000000E+0
64,048940	18,299999	0,000000	0,000000E+0
64,048940	18,299999	0,000000	0,000000E+0
64,048940	18,299999	0,000000	0,000000E+0
64,048940	18,299999	0,000000	0,000000E+0
64,048940	18,299999	0,000000	0,000000E+0
65,048351	18,299999	0,000000	0,000000E+0
65,048351	18,299999	0,000000	0,000000E+0
65,048351	18,299999	0,000000	0,000000E+0
65,048351	18,299999	0,000000	0,000000E+0
65,048351	18,299999	0,000000	0,000000E+0
65,048351	18,299999	0,000000	0,000000E+0
65,048351	18,299999	0,000000	0,000000E+0
65,048351	18,299999	0,000000	0,000000E+0
65,048351	18,299999	0,000000	0,000000E+0
65,048351	18,299999	0,000000	0,000000E+0
66,048834	18,299999	0,000000	0,000000E+0
66,048834	18,299999	0,000000	0,000000E+0
66,048834	18,299999	0,000000	0,000000E+0
66,048834	18,299999	0,000000	0,000000E+0
66,048834	18,299999	0,000000	0,000000E+0
66,048834	18,299999	0,000000	0,000000E+0
66,048834	18,299999	0,000000	0,000000E+0
66,048834	18,299999	0,000000	0,000000E+0
66,048834	18,299999	0,000000	0,000000E+0
66,048834	18,299999	0,000000	0,000000E+0
67,049219	18,299999	0,000000	0,000000E+0
67,049219	18,299999	0,000000	0,000000E+0
67,049219	18,299999	0,000000	0,000000E+0
67,049219	18,299999	0,000000	0,000000E+0
67,049219	18,299999	0,000000	0,000000E+0
67,049219	18,100000	0,000000	0,000000E+0
67,049219	18,100000	0,000000	0,000000E+0
67,049219	18,100000	0,000000	0,000000E+0
67,049219	18,100000	0,000000	0,000000E+0
67,049219	18,100000	0,000000	0,000000E+0
68,048633	18,100000	0,000000	0,000000E+0
68,048633	18,100000	0,000000	0,000000E+0
68,048633	18,100000	0,000000	0,000000E+0
68,048633	18,100000	0,000000	0,000000E+0
68,048633	18,100000	0,000000	0,000000E+0
68,048633	18,100000	0,000000	0,000000E+0
68,048633	18,100000	0,000000	0,000000E+0
68,048633	18,100000	0,000000	0,000000E+0
68,048633	18,100000	0,000000	0,000000E+0
68,048633	18,100000	0,000000	0,000000E+0
69,049066	18,100000	0,000000	0,000000E+0
69,049066	18,100000	0,000000	0,000000E+0
69,049066	18,100000	0,000000	0,000000E+0
69,049066	18,100000	0,000000	0,000000E+0
69,049066	18,100000	0,000000	0,000000E+0
69,049066	18,100000	0,000000	0,000000E+0
69,049066	18,100000	0,000000	0,000000E+0
69,049066	18,400000	0,000000	0,000000E+0
69,049066	18,400000	0,000000	0,000000E+0
69,049066	18,400000	0,000000	0,000000E+0
70,048481	18,400000	0,000000	0,000000E+0
70,048481	18,400000	0,000000	0,000000E+0
70,048481	18,400000	0,000000	0,000000E+0
70,048481	18,400000	0,000000	0,000000E+0
70,048481	18,400000	0,000000	0,000000E+0
70,048481	18,400000	0,000000	0,000000E+0
70,048481	18,400000	0,000000	0,000000E+0
70,048481	18,200001	0,000000	0,000000E+0
70,048481	18,200001	0,000000	0,000000E+0
70,048481	18,200001	0,000000	0,000000E+0
71,049892	18,200001	0,000000	0,000000E+0
71,049892	18,200001	0,000000	0,000000E+0
71,049892	18,200001	0,000000	0,000000E+0
71,049892	18,200001	0,000000	0,000000E+0
71,049892	18,200001	0,000000	0,000000E+0
71,049892	18,200001	0,000000	0,000000E+0
71,049892	18,200001	0,000000	0,000000E+0
71,049892	18,200001	0,000000	0,000000E+0
71,049892	18,200001	0,000000	0,000000E+0
71,049892	18,200001	0,000000	0,000000E+0
72,049373	18,200001	0,000000	0,000000E+0
72,049373	18,200001	0,000000	0,000000E+0
72,049373	18,200001	0,000000	0,000000E+0
72,049373	18,200001	0,000000	0,000000E+0
72,049373	18,200001	0,000000	0,000000E+0
72,049373	18,200001	0,000000	0,000000E+0
72,049373	18,200001	0,000000	0,000000E+0
72,049373	18,400002	0,000000	0,000000E+0
72,049373	18,400002	0,000000	0,000000E+0
72,049373	18,400002	0,000000	0,000000E+0
73,049760	18,400002	0,000000	0,000000E+0
73,049760	18,400002	0,000000	0,000000E+0
73,049760	18,400002	0,000000	0,000000E+0
73,049760	18,400002	0,000000	0,000000E+0
73,049760	18,400002	0,000000	0,000000E+0
73,049760	18,400002	0,000000	0,000000E+0
73,049760	18,400002	0,000000	0,000000E+0
73,049760	18,400002	0,000000	0,000000E+0
73,049760	18,400000	0,000000	0,000000E+0
73,049760	18,400000	0,000000	0,000000E+0
74,050214	18,400000	0,000000	0,000000E+0
74,050214	18,400000	0,000000	0,000000E+0
74,050214	18,400000	0,000000	0,000000E+0
74,050214	18,400000	0,000000	0,000000E+0
74,050214	18,400000	0,000000	0,000000E+0
74,050214	18,400000	0,000000	0,000000E+0
74,050214	18,400000	0,000000	0,000000E+0
74,050214	18,400000	0,000000	0,000000E+0
74,050214	18,400000	0,000000	0,000000E+0
74,050214	18,400000	0,000000	0,000000E+0
75,049611	18,400000	0,000000	0,000000E+0
75,049611	18,400000	0,000000	0,000000E+0
75,049611	18,400000	0,000000	0,000000E+0
75,049611	18,400000	0,000000	0,000000E+0
75,049611	18,400000	0,000000	0,000000E+0
75,049611	18,400000	0,000000	0,000000E+0
75,049611	18,400000	0,000000	0,000000E+0
75,049611	18,400000	0,000000	0,000000E+0
75,049611	18,400000	0,000000	0,000000E+0
75,049611	18,400000	0,000000	0,000000E+0
76,050025	18,400000	0,000000	0,000000E+0
76,050025	18,400000	0,000000	0,000000E+0
76,050025	18,299999	0,000000	0,000000E+0
76,050025	18,299999	0,000000	0,000000E+0
76,050025	18,299999	0,000000	0,000000E+0
76,050025	18,299999	0,000000	0,000000E+0
76,050025	18,299999	0,000000	0,000000E+0
76,050025	18,299999	0,000000	0,000000E+0
76,050025	18,299999	0,000000	0,000000E+0
76,050025	18,299999	0,000000	0,000000E+0
77,049446	18,299999	0,000000	0,000000E+0
77,049446	18,299999	0,000000	0,000000E+0
77,049446	18,299999	0,000000	0,000000E+0
77,049446	18,299999	0,000000	0,000000E+0
77,049446	18,299999	0,000000	0,000000E+0
77,049446	18,299999	0,000000	0,000000E+0
77,049446	18,299999	0,000000	0,000000E+0
77,049446	18,299999	0,000000	0,000000E+0
77,049446	18,299999	0,000000	0,000000E+0
77,049446	18,299999	0,000000	0,000000E+0
78,049883	18,299999	0,000000	0,000000E+0
78,049883	18,400002	0,000000	0,000000E+0
78,049883	18,400002	0,000000	0,000000E+0
78,049883	18,400002	0,000000	0,000000E+0
78,049883	18,400002	0,000000	0,000000E+0
78,049883	18,400002	0,000000	0,000000E+0
78,049883	18,400002	0,000000	0,000000E+0
78,049883	18,400002	0,000000	0,000000E+0
78,049883	18,400002	0,000000	0,000000E+0
78,049883	18,400002	0,000000	0,000000E+0
79,050296	18,400002	0,000000	0,000000E+0
79,050296	18,400002	0,000000	0,000000E+0
79,050296	18,299999	0,000000	0,000000E+0
79,050296	18,299999	0,000000	0,000000E+0
79,050296	18,299999	0,000000	0,000000E+0
79,050296	18,299999	0,000000	0,000000E+0
79,050296	18,299999	0,000000	0,000000E+0
79,050296	18,299999	0,000000	0,000000E+0
79,050296	18,299999	0,000000	0,000000E+0
79,050296	18,299999	0,000000	0,000000E+0
80,049717	18,299999	0,000000	0,000000E+0
80,049717	18,299999	0,000000	0,000000E+0
80,049717	18,299999	0,000000	0,000000E+0
80,049717	18,299999	0,000000	0,000000E+0
80,049717	18,299999	0,000000	0,000000E+0
80,049717	18,299999	0,000000	0,000000E+0
80,049717	18,299999	0,000000	0,000000E+0
80,049717	18,299999	0,000000	0,000000E+0
80,049717	18,299999	0,000000	0,000000E+0
80,049717	18,299999	0,000000	0,000000E+0
81,050153	18,299999	0,000000	0,000000E+0
81,050153	18,299999	0,000000	0,000000E+0
81,050153	18,299999	0,000000	0,000000E+0
81,050153	18,299999	0,000000	0,000000E+0
81,050153	18,299999	0,000000	0,000000E+0
81,050153	18,299999	0,000000	0,000000E+0
81,050153	18,299999	0,000000	0,000000E+0
81,050153	18,299999	0,000000	0,000000E+0
81,050153	18,299999	0,000000	0,000000E+0
81,050153	18,299999	0,000000	0,000000E+0
82,049564	18,299999	0,000000	0,000000E+0
82,049564	18,299999	0,000000	0,000000E+0
82,049564	18,299999	0,000000	0,000000E+0
82,049564	18,299999	0,000000	0,000000E+0
82,049564	18,299999	0,000000	0,000000E+0
82,049564	18,299999	0,000000	0,000000E+0
82,049564	18,299999	0,000000	0,000000E+0
82,049564	18,299999	0,000000	0,000000E+0
82,049564	18,299999	0,000000	0,000000E+0
82,049564	18,299999	0,000000	0,000000E+0
83,049988	18,299999	0,000000	0,000000E+0
83,049988	18,299999	0,000000	0,000000E+0
83,049988	18,299999	0,000000	0,000000E+0
83,049988	18,299999	0,000000	0,000000E+0
83,049988	18,299999	0,000000	0,000000E+0
83,049988	18,299999	0,000000	0,000000E+0
83,049988	18,299999	0,000000	0,000000E+0
83,049988	18,299999	0,000000	0,000000E+0
83,049988	18,299999	0,000000	0,000000E+0
83,049988	18,299999	0,000000	0,000000E+0
84,049430	18,299999	0,000000	0,000000E+0
84,049430	18,299999	0,000000	0,000000E+0
84,049430	18,299999	0,000000	0,000000E+0
84,049430	18,299999	0,000000	0,000000E+0
84,049430	18,299999	0,000000	0,000000E+0
84,049430	18,299999	0,000000	0,000000E+0
84,049430	18,299999	0,000000	0,000000E+0
84,049430	18,299999	0,000000	0,000000E+0
84,049430	18,299999	0,000000	0,000000E+0
84,049430	18,299999	0,000000	0,000000E+0
85,049852	18,299999	0,000000	0,000000E+0
85,049852	18,299999	0,000000	0,000000E+0
85,049852	18,299999	0,000000	0,000000E+0
85,049852	18,299999	0,000000	0,000000E+0
85,049852	18,299999	0,000000	0,000000E+0
85,049852	18,299999	0,000000	0,000000E+0
85,049852	18,299999	0,000000	0,000000E+0
85,049852	18,299999	0,000000	0,000000E+0
85,049852	18,299999	0,000000	0,000000E+0
85,049852	18,299999	0,000000	0,000000E+0
86,050268	18,299999	0,000000	0,000000E+0
86,050268	18,299999	0,000000	0,000000E+0
86,050268	18,400000	0,000000	0,000000E+0
86,050268	18,400000	0,000000	0,000000E+0
86,050268	18,400000	0,000000	0,000000E+0
86,050268	18,400000	0,000000	0,000000E+0
86,050268	18,400000	0,000000	0,000000E+0
86,050268	18,400000	0,000000	0,000000E+0
86,050268	18,400000	0,000000	0,000000E+0
86,050268	18,400000	0,000000	0,000000E+0
87,049705	18,400000	0,000000	0,000000E+0
87,049705	18,400000	0,000000	0,000000E+0
87,049705	18,400000	0,000000	0,000000E+0
87,049705	18,400000	0,000000	0,000000E+0
87,049705	18,400000	0,000000	0,000000E+0
87,049705	18,400000	0,000000	0,000000E+0
87,049705	18,400000	0,000000	0,000000E+0
87,049705	18,400000	0,000000	0,000000E+0
87,049705	18,400000	0,000000	0,000000E+0
87,049705	18,400000	0,000000	0,000000E+0
88,051136	18,400000	0,000000	0,000000E+0
88,051136	18,400000	0,000000	0,000000E+0
88,051136	18,299999	0,000000	0,000000E+0
88,051136	18,299999	0,000000	0,000000E+0
88,051136	18,299999	0,000000	0,000000E+0
88,051136	18,299999	0,000000	0,000000E+0
88,051136	18,299999	0,000000	0,000000E+0
88,051136	18,299999	0,000000	0,000000E+0
88,051136	18,299999	0,000000	0,000000E+0
88,051136	18,299999	0,000000	0,000000E+0
89,050535	18,299999	0,000000	0,000000E+0
89,050535	18,200001	0,000000	0,000000E+0
89,050535	18,200001	0,000000	0,000000E+0
89,050535	18,200001	0,000000	0,000000E+0
89,050535	18,200001	0,000000	0,000000E+0
89,050535	18,200001	0,000000	0,000000E+0
89,050535	18,200001	0,000000	0,000000E+0
89,050535	18,200001	0,000000	0,000000E+0
89,050535	18,200001	0,000000	0,000000E+0
89,050535	18,200001	0,000000	0,000000E+0
90,050976	18,200001	0,000000	0,000000E+0
90,050976	18,200001	0,000000	0,000000E+0
90,050976	18,400002	0,000000	0,000000E+0
90,050976	18,400002	0,000000	0,000000E+0
90,050976	18,400002	0,000000	0,000000E+0
90,050976	18,400002	0,000000	0,000000E+0
90,050976	18,400002	0,000000	0,000000E+0
90,050976	18,400002	0,000000	0,000000E+0
90,050976	18,400002	0,000000	0,000000E+0
90,050976	18,400002	0,000000	0,000000E+0
91,050395	18,400002	0,000000	0,000000E+0
91,050395	18,400002	0,000000	0,000000E+0
91,050395	18,400002	0,000000	0,000000E+0
91,050395	18,400002	0,000000	0,000000E+0
91,050395	18,400002	0,000000	0,000000E+0
91,050395	18,400002	0,000000	0,000000E+0
91,050395	18,400000	0,000000	0,000000E+0
91,050395	18,400000	0,000000	0,000000E+0
91,050395	18,400000	0,000000	0,000000E+0
91,050395	18,400000	0,000000	0,000000E+0
92,050813	18,400000	0,000000	0,000000E+0
92,050813	18,400000	0,000000	0,000000E+0
92,050813	18,400000	0,000000	0,000000E+0
92,050813	18,400000	0,000000	0,000000E+0
92,050813	18,400000	0,000000	0,000000E+0
92,050813	18,400000	0,000000	0,000000E+0
92,050813	18,400000	0,000000	0,000000E+0
92,050813	18,299999	0,000000	0,000000E+0
92,050813	18,299999	0,000000	0,000000E+0
92,050813	18,299999	0,000000	0,000000E+0
93,051235	18,299999	0,000000	0,000000E+0
93,051235	18,299999	0,000000	0,000000E+0
93,051235	18,299999	0,000000	0,000000E+0
93,051235	18,299999	0,000000	0,000000E+0
93,051235	18,299999	0,000000	0,000000E+0
93,051235	18,299999	0,000000	0,000000E+0
93,051235	18,299999	0,000000	0,000000E+0
93,051235	18,299999	0,000000	0,000000E+0
93,051235	18,299999	0,000000	0,000000E+0
93,051235	18,299999	0,000000	0,000000E+0
94,050670	18,299999	0,000000	0,000000E+0
94,050670	18,299999	0,000000	0,000000E+0
94,050670	18,299999	0,000000	0,000000E+0
94,050670	18,299999	0,000000	0,000000E+0
94,050670	18,299999	0,000000	0,000000E+0
94,050670	18,299999	0,000000	0,000000E+0
94,050670	18,400002	0,000000	0,000000E+0
94,050670	18,400002	0,000000	0,000000E+0
94,050670	18,400002	0,000000	0,000000E+0
94,050670	18,400002	0,000000	0,000000E+0
95,051097	18,400002	0,000000	0,000000E+0
95,051097	18,400002	0,000000	0,000000E+0
95,051097	18,400002	0,000000	0,000000E+0
95,051097	18,400002	0,000000	0,000000E+0
95,051097	18,400002	0,000000	0,000000E+0
95,051097	18,400002	0,000000	0,000000E+0
95,051097	18,400002	0,000000	0,000000E+0
95,051097	18,400002	0,000000	0,000000E+0
95,051097	18,400002	0,000000	0,000000E+0
95,051097	18,299999	0,000000	0,000000E+0
96,050543	18,299999	0,000000	0,000000E+0
96,050543	18,299999	0,000000	0,000000E+0
96,050543	18,299999	0,000000	0,000000E+0
96,050543	18,299999	0,000000	0,000000E+0
96,050543	18,299999	0,000000	0,000000E+0
96,050543	18,299999	0,000000	0,000000E+0
96,050543	18,299999	0,000000	0,000000E+0
96,050543	18,299999	0,000000	0,000000E+0
96,050543	18,299999	0,000000	0,000000E+0
96,050543	18,299999	0,000000	0,000000E+0
97,050951	18,299999	0,000000	0,000000E+0
97,050951	18,299999	0,000000	0,000000E+0
97,050951	18,200001	0,000000	0,000000E+0
97,050951	18,200001	0,000000	0,000000E+0
97,050951	18,200001	0,000000	0,000000E+0
97,050951	18,200001	0,000000	0,000000E+0
97,050951	18,200001	0,000000	0,000000E+0
97,050951	18,200001	0,000000	0,000000E+0
97,050951	18,200001	0,000000	0,000000E+0
97,050951	18,200001	0,000000	0,000000E+0
98,051379	18,200001	0,000000	0,000000E+0
98,051379	25,500000	0,000000	0,000000E+0
98,051379	25,500000	0,000000	0,000000E+0
98,051379	25,500000	0,000000	0,000000E+0
98,051379	25,500000	0,000000	0,000000E+0
98,051379	25,500000	0,000000	0,000000E+0
98,051379	25,500000	0,000000	0,000000E+0
98,051379	25,500000	0,000000	0,000000E+0
98,051379	25,500000	0,000000	0,000000E+0
98,051379	25,500000	0,000000	0,000000E+0
99,051794	25,500000	0,000000	0,000000E+0
99,051794	37,900002	0,000000	0,000000E+0
99,051794	37,900002	0,000000	0,000000E+0
99,051794	37,900002	0,000000	0,000000E+0
99,051794	37,900002	0,000000	0,000000E+0
99,051794	37,900002	0,000000	0,000000E+0
99,051794	37,900002	0,000000	0,000000E+0
99,051794	37,900002	0,000000	0,000000E+0
99,051794	37,900002	0,000000	0,000000E+0
99,051794	37,900002	0,000000	0,000000E+0
100,052225	24,599998	0,000000	0,000000E+0
100,052225	24,599998	0,000000	0,000000E+0
100,052225	24,599998	0,000000	0,000000E+0
100,052225	24,599998	0,000000	0,000000E+0
100,052225	24,599998	0,000000	0,000000E+0
100,052225	24,599998	0,000000	0,000000E+0
100,052225	24,599998	0,000000	0,000000E+0
100,052225	24,599998	0,000000	0,000000E+0
100,052225	24,599998	0,000000	0,000000E+0
100,052225	24,599998	0,000000	0,000000E+0
101,052641	24,599998	0,000000	0,000000E+0
101,052641	20,900000	0,000000	0,000000E+0
101,052641	20,900000	0,000000	0,000000E+0
101,052641	20,900000	0,000000	0,000000E+0
101,052641	20,900000	0,000000	0,000000E+0
101,052641	20,900000	0,000000	0,000000E+0
101,052641	20,900000	0,000000	0,000000E+0
101,052641	20,900000	0,000000	0,000000E+0
101,052641	20,900000	0,000000	0,000000E+0
101,052641	20,900000	0,000000	0,000000E+0
102,053054	20,900000	0,000000	0,000000E+0
102,053054	20,900000	0,000000	0,000000E+0
102,053054	20,900000	0,000000	0,000000E+0
102,053054	20,900000	0,000000	0,000000E+0
102,053054	20,900000	0,000000	0,000000E+0
102,053054	20,900000	0,000000	0,000000E+0
102,053054	20,900000	0,000000	0,000000E+0
102,053054	20,900000	0,000000	0,000000E+0
102,053054	20,900000	0,000000	0,000000E+0
102,053054	20,900000	0,000000	0,000000E+0
103,052481	20,900000	0,000000	0,000000E+0
103,052481	20,900000	0,000000	0,000000E+0
103,052481	20,900000	0,000000	0,000000E+0
103,052481	20,900000	0,000000	0,000000E+0
103,052481	20,900000	0,000000	0,000000E+0
103,052481	20,900000	0,000000	0,000000E+0
103,052481	20,900000	0,000000	0,000000E+0
103,052481	20,900000	0,000000	0,000000E+0
103,052481	20,900000	0,000000	0,000000E+0
103,052481	20,900000	0,000000	0,000000E+0
104,052919	20,900000	0,000000	0,000000E+0
104,052919	20,900000	0,000000	0,000000E+0
104,052919	20,900000	0,000000	0,000000E+0
104,052919	20,900000	0,000000	0,000000E+0
104,052919	20,900000	0,000000	0,000000E+0
104,052919	20,900000	0,000000	0,000000E+0
104,052919	20,900000	0,000000	0,000000E+0
104,052919	20,900000	0,000000	0,000000E+0
104,052919	20,900000	0,000000	0,000000E+0
104,052919	20,900000	0,000000	0,000000E+0
105,052342	20,900000	0,000000	0,000000E+0
105,052342	20,900000	0,000000	0,000000E+0
105,052342	20,900000	0,000000	0,000000E+0
105,052342	20,900000	0,000000	0,000000E+0
105,052342	20,900000	0,000000	0,000000E+0
105,052342	20,900000	0,000000	0,000000E+0
105,052342	20,900000	0,000000	0,000000E+0
105,052342	20,900000	0,000000	0,000000E+0
105,052342	20,900000	0,000000	0,000000E+0
105,052342	0,400000	0,000000	0,000000E+0
106,052771	0,400000	0,000000	0,000000E+0
106,052771	0,400000	0,000000	0,000000E+0
106,052771	0,400000	0,000000	0,000000E+0
106,052771	0,400000	0,000000	0,000000E+0
106,052771	0,400000	0,000000	0,000000E+0
106,052771	0,400000	0,000000	0,000000E+0
106,052771	0,400000	0,000000	0,000000E+0
106,052771	0,400000	0,000000	0,000000E+0
106,052771	0,400000	0,000000	0,000000E+0
106,052771	0,400000	0,000000	0,000000E+0
107,053196	0,400000	0,000000	0,000000E+0
107,053196	0,400000	0,000000	0,000000E+0
107,053196	0,400000	0,000000	0,000000E+0
107,053196	0,400000	0,000000	0,000000E+0
107,053196	0,400000	0,000000	0,000000E+0
107,053196	0,400000	0,000000	0,000000E+0
107,053196	0,400000	0,000000	0,000000E+0
107,053196	0,400000	0,000000	0,000000E+0
107,053196	0,400000	0,000000	0,000000E+0
107,053196	0,200000	0,000000	0,000000E+0
108,052602	0,200000	0,000000	0,000000E+0
108,052602	0,200000	0,000000	0,000000E+0
108,052602	0,200000	0,000000	0,000000E+0
108,052602	0,200000	0,000000	0,000000E+0
108,052602	0,200000	0,000000	0,000000E+0
108,052602	0,200000	0,000000	0,000000E+0
108,052602	0,200000	0,000000	0,000000E+0
108,052602	0,200000	0,000000	0,000000E+0
108,052602	0,200000	0,000000	0,000000E+0
108,052602	0,200000	0,000000	0,000000E+0
109,053029	0,000000	0,000000	0,000000E+0
109,053029	0,000000	0,000000	0,000000E+0
109,053029	0,000000	0,000000	0,000000E+0
109,053029	0,000000	0,000000	0,000000E+0
109,053029	0,000000	0,000000	0,000000E+0
109,053029	0,000000	0,000000	0,000000E+0
109,053029	0,000000	0,000000	0,000000E+0
109,053029	0,000000	0,000000	0,000000E+0
109,053029	0,000000	0,000000	0,000000E+0
109,053029	0,000000	0,000000	0,000000E+0
110,052464	0,000000	0,000000	0,000000E+0
110,052464	0,000000	0,000000	0,000000E+0
110,052464	0,000000	0,000000	0,000000E+0
110,052464	0,000000	0,000000	0,000000E+0
110,052464	0,000000	0,000000	0,000000E+0
110,052464	0,000000	0,000000	0,000000E+0
110,052464	0,000000	0,000000	0,000000E+0
110,052464	0,000000	0,000000	0,000000E+0
110,052464	0,000000	0,000000	0,000000E+0
110,052464	0,000000	0,000000	0,000000E+0
111,052878	0,000000	0,000000	0,000000E+0
111,052878	0,000000	0,000000	0,000000E+0
111,052878	0,000000	0,000000	0,000000E+0
111,052878	0,000000	0,000000	0,000000E+0
111,052878	0,000000	0,000000	0,000000E+0
111,052878	0,000000	0,000000	0,000000E+0
111,052878	0,000000	0,000000	0,000000E+0
111,052878	0,000000	0,000000	0,000000E+0
111,052878	0,000000	0,000000	0,000000E+0
111,052878	0,000000	0,000000	0,000000E+0
112,054379	0,000000	0,000000	0,000000E+0
112,054379	0,000000	0,000000	0,000000E+0
112,054379	0,000000	0,000000	0,000000E+0
112,054379	0,000000	0,000000	0,000000E+0
112,054379	0,000000	0,000000	0,000000E+0
112,054379	0,000000	0,000000	0,000000E+0
112,054379	0,000000	0,000000	0,000000E+0
112,054379	0,000000	0,000000	0,000000E+0
112,054379	0,000000	0,000000	0,000000E+0
112,054379	0,000000	0,000000	0,000000E+0
113,053808	0,000000	0,000000	0,000000E+0
113,053808	0,000000	0,000000	0,000000E+0
113,053808	0,000000	0,000000	0,000000E+0
113,053808	0,000000	0,000000	0,000000E+0
113,053808	0,000000	0,000000	0,000000E+0
113,053808	0,000000	0,000000	0,000000E+0
113,053808	0,000000	0,000000	0,000000E+0
113,053808	0,000000	0,000000	0,000000E+0
113,053808	0,000000	0,000000	0,000000E+0
113,053808	0,000000	0,000000	0,000000E+0
114,054171	0,000000	0,000000	0,000000E+0
114,054171	0,000000	0,000000	0,000000E+0
114,054171	0,000000	0,000000	0,000000E+0
114,054171	0,000000	0,000000	0,000000E+0
114,054171	0,000000	0,000000	0,000000E+0
114,054171	0,000000	0,000000	0,000000E+0
114,054171	0,000000	0,000000	0,000000E+0
114,054171	0,000000	0,000000	0,000000E+0
114,054171	0,000000	0,000000	0,000000E+0
114,054171	0,000000	0,000000	0,000000E+0
115,054755	0,000000	0,000000	0,000000E+0
115,054755	0,000000	0,000000	0,000000E+0
115,054755	0,000000	0,000000	0,000000E+0
115,054755	0,000000	0,000000	0,000000E+0
115,054755	0,000000	0,000000	0,000000E+0
115,054755	0,000000	0,000000	0,000000E+0
115,054755	0,000000	0,000000	0,000000E+0
115,054755	0,000000	0,000000	0,000000E+0
115,054755	0,000000	0,000000	0,000000E+0
115,054755	0,000000	0,000000	0,000000E+0
116,055004	0,000000	0,000000	0,000000E+0
116,055004	0,000000	0,000000	0,000000E+0
116,055004	0,000000	0,000000	0,000000E+0
