t	IF	IR	VF	VR	VelSP	VelRE
595,164	0,000	0,100	3,000E-1	2,400E+1	0,000E+0	0,000E+0
0,015	0,000	0,100	3,000E-1	2,400E+1	0,000E+0	0,000E+0
1,014	0,000	0,100	3,000E-1	2,400E+1	0,000E+0	0,000E+0
2,015	0,000	0,100	3,000E-1	2,400E+1	0,000E+0	0,000E+0
3,014	0,000	0,100	3,000E-1	2,400E+1	0,000E+0	0,000E+0
4,015	0,000	0,100	3,000E-1	2,400E+1	0,000E+0	0,000E+0
5,015	0,000	0,100	3,000E-1	2,400E+1	0,000E+0	0,000E+0
6,015	0,000	0,100	3,000E-1	2,400E+1	0,000E+0	0,000E+0
7,016	0,000	0,100	3,000E-1	2,400E+1	0,000E+0	0,000E+0
8,015	0,000	0,100	3,000E-1	2,400E+1	0,000E+0	0,000E+0
9,016	0,000	0,100	3,000E-1	2,400E+1	0,000E+0	0,000E+0
10,016	0,000	0,100	3,000E-1	2,400E+1	0,000E+0	0,000E+0
11,017	0,000	0,100	3,000E-1	2,400E+1	0,000E+0	0,000E+0
12,017	0,000	0,100	3,000E-1	2,400E+1	0,000E+0	0,000E+0
13,017	0,000	0,100	3,000E-1	2,400E+1	0,000E+0	0,000E+0
14,018	0,000	0,100	3,000E-1	2,400E+1	0,000E+0	0,000E+0
15,017	0,000	0,100	3,000E-1	2,400E+1	0,000E+0	0,000E+0
16,018	0,000	0,100	3,000E-1	2,400E+1	0,000E+0	0,000E+0
17,017	0,000	0,100	3,000E-1	2,400E+1	0,000E+0	0,000E+0
18,017	0,000	0,100	3,000E-1	2,400E+1	0,000E+0	0,000E+0
19,018	0,000	0,100	3,000E-1	2,400E+1	0,000E+0	0,000E+0
20,018	0,000	0,100	3,000E-1	2,400E+1	0,000E+0	0,000E+0
21,019	0,000	0,100	3,000E-1	2,400E+1	0,000E+0	0,000E+0
22,018	0,000	0,100	3,000E-1	2,400E+1	0,000E+0	0,000E+0
23,020	0,000	0,100	3,000E-1	2,400E+1	0,000E+0	0,000E+0
24,019	0,000	0,100	3,000E-1	2,400E+1	3,500E+3	0,000E+0
25,019	0,000	0,100	3,000E-1	2,400E+1	3,500E+3	0,000E+0
26,020	0,000	0,100	3,000E-1	2,400E+1	3,500E+3	0,000E+0
27,020	0,000	0,100	3,000E-1	2,400E+1	3,500E+3	0,000E+0
28,021	0,000	0,100	3,000E-1	2,400E+1	3,500E+3	0,000E+0
29,020	0,000	0,100	3,000E-1	2,400E+1	3,500E+3	0,000E+0
30,021	0,000	0,100	3,000E-1	2,400E+1	3,500E+3	0,000E+0
31,020	0,000	0,100	3,000E-1	2,400E+1	3,500E+3	0,000E+0
32,020	0,000	0,100	3,000E-1	2,400E+1	3,500E+3	0,000E+0
33,021	0,000	0,100	3,000E-1	2,400E+1	3,500E+3	1,914E+3
34,020	0,000	0,100	3,000E-1	2,400E+1	3,500E+3	3,875E+3
35,022	0,000	0,100	3,000E-1	2,400E+1	3,500E+3	3,663E+3
36,021	0,000	0,100	3,000E-1	2,400E+1	3,500E+3	3,380E+3
37,022	0,000	0,100	3,000E-1	2,400E+1	3,500E+3	3,280E+3
38,021	0,000	0,100	3,000E-1	2,400E+1	3,500E+3	3,481E+3
39,021	0,000	0,100	3,000E-1	2,400E+1	3,500E+3	3,539E+3
40,023	0,000	0,100	3,000E-1	2,400E+1	3,500E+3	3,505E+3
41,022	0,000	0,100	3,000E-1	2,400E+1	3,500E+3	3,469E+3
42,024	0,000	0,100	3,000E-1	2,400E+1	3,500E+3	3,516E+3
43,023	0,000	0,100	3,000E-1	2,400E+1	3,500E+3	3,514E+3
44,024	0,000	0,100	3,000E-1	2,400E+1	3,500E+3	3,488E+3
45,023	0,000	0,100	3,000E-1	2,400E+1	3,500E+3	3,503E+3
46,024	0,000	0,100	3,000E-1	2,400E+1	3,500E+3	3,500E+3
47,025	0,000	0,100	3,000E-1	2,400E+1	3,500E+3	3,491E+3
48,024	0,000	0,100	3,000E-1	2,400E+1	3,500E+3	3,494E+3
49,025	0,000	0,100	1,403E+1	2,400E+1	3,500E+3	3,492E+3
50,024	0,100	0,100	5,340E+0	2,400E+1	3,500E+3	3,518E+3
51,025	0,100	0,100	5,340E+0	2,400E+1	3,500E+3	3,510E+3
52,024	0,093	0,100	4,990E+0	2,400E+1	3,500E+3	3,516E+3
53,024	0,093	0,100	5,040E+0	2,400E+1	3,500E+3	3,493E+3
54,026	0,092	0,100	5,040E+0	2,400E+1	3,500E+3	3,507E+3
55,025	0,092	0,100	4,970E+0	2,400E+1	3,500E+3	3,510E+3
56,026	0,091	0,100	4,930E+0	2,400E+1	3,500E+3	3,487E+3
57,026	0,091	0,100	4,930E+0	2,400E+1	3,500E+3	3,502E+3
58,027	0,090	0,100	4,870E+0	2,400E+1	3,500E+3	3,514E+3
59,026	0,089	0,100	5,040E+0	2,400E+1	3,500E+3	3,499E+3
60,026	0,089	0,100	5,040E+0	2,400E+1	3,500E+3	3,503E+3
61,027	0,104	0,100	5,650E+0	2,400E+1	3,500E+3	3,497E+3
62,026	0,108	0,100	5,800E+0	2,400E+1	3,500E+3	3,498E+3
63,028	0,108	0,100	5,800E+0	2,400E+1	3,500E+3	3,512E+3
64,027	0,111	0,100	5,960E+0	2,400E+1	3,500E+3	3,504E+3
65,028	0,114	0,100	6,100E+0	2,400E+1	3,500E+3	3,498E+3
66,028	0,114	0,100	6,100E+0	2,400E+1	3,500E+3	3,506E+3
67,027	0,116	0,100	6,220E+0	2,400E+1	3,500E+3	3,485E+3
68,028	0,118	0,100	6,320E+0	2,400E+1	3,500E+3	3,494E+3
69,027	0,118	0,100	6,320E+0	2,400E+1	3,500E+3	3,525E+3
70,029	0,120	0,100	6,390E+0	2,400E+1	3,500E+3	3,496E+3
71,029	0,121	0,100	6,460E+0	2,400E+1	3,500E+3	3,507E+3
72,031	0,122	0,100	6,460E+0	2,400E+1	3,500E+3	3,506E+3
73,032	0,122	0,100	6,520E+0	2,400E+1	3,500E+3	3,503E+3
74,031	0,123	0,100	6,600E+0	2,400E+1	3,500E+3	3,452E+3
75,032	0,123	0,100	6,600E+0	2,400E+1	3,500E+3	3,494E+3
76,031	0,124	0,100	6,620E+0	2,400E+1	3,500E+3	3,501E+3
77,033	0,125	0,100	6,660E+0	2,400E+1	3,500E+3	3,478E+3
78,032	0,125	0,100	6,660E+0	2,400E+1	3,500E+3	3,502E+3
79,033	0,126	0,100	6,700E+0	2,400E+1	3,500E+3	3,499E+3
80,035	0,126	0,100	6,730E+0	2,400E+1	3,500E+3	3,503E+3
81,034	0,126	0,100	6,730E+0	2,400E+1	3,500E+3	3,511E+3
82,035	0,126	0,100	6,740E+0	2,400E+1	3,500E+3	3,516E+3
83,034	0,127	0,100	6,760E+0	2,400E+1	3,500E+3	3,488E+3
84,036	0,127	0,100	6,760E+0	2,400E+1	3,500E+3	3,497E+3
85,035	0,127	0,100	6,780E+0	2,400E+1	3,500E+3	3,446E+3
86,035	0,128	0,100	6,800E+0	2,400E+1	3,500E+3	3,522E+3
87,036	0,128	0,100	6,800E+0	2,400E+1	3,500E+3	3,506E+3
88,035	0,128	0,100	6,810E+0	2,400E+1	3,500E+3	3,500E+3
89,037	0,128	0,100	6,820E+0	2,400E+1	3,500E+3	3,494E+3
90,037	0,128	0,100	6,820E+0	2,400E+1	3,500E+3	3,494E+3
91,039	0,128	0,100	6,840E+0	2,400E+1	3,500E+3	3,441E+3
92,038	0,153	0,100	8,270E+0	2,400E+1	3,500E+3	3,474E+3
93,039	0,148	0,100	8,270E+0	2,400E+1	3,500E+3	3,500E+3
94,040	0,148	0,100	7,870E+0	2,400E+1	3,500E+3	3,486E+3
95,039	0,153	0,100	8,140E+0	2,400E+1	3,500E+3	3,501E+3
96,041	0,155	0,100	8,140E+0	2,400E+1	3,500E+3	3,503E+3
97,040	0,155	0,100	8,230E+0	2,400E+1	3,500E+3	3,494E+3
98,041	0,156	0,100	8,270E+0	2,400E+1	3,500E+3	3,486E+3
99,041	0,158	0,100	8,270E+0	2,400E+1	3,500E+3	3,499E+3
100,040	0,158	0,100	8,360E+0	2,400E+1	3,500E+3	3,501E+3
101,041	0,159	0,100	8,430E+0	2,400E+1	3,500E+3	3,507E+3
102,040	0,160	0,100	8,430E+0	2,400E+1	3,500E+3	3,497E+3
103,041	0,160	0,100	8,490E+0	2,400E+1	3,500E+3	3,494E+3
104,041	0,160	0,100	8,480E+0	2,400E+1	3,500E+3	3,499E+3
105,042	0,160	0,100	8,480E+0	2,400E+1	3,500E+3	3,499E+3
106,042	0,161	0,100	8,540E+0	2,400E+1	3,500E+3	3,501E+3
107,042	0,162	0,100	8,560E+0	2,400E+1	3,500E+3	3,509E+3
108,043	0,162	0,100	8,560E+0	2,400E+1	3,500E+3	3,495E+3
109,044	0,162	0,100	8,570E+0	2,400E+1	3,500E+3	3,515E+3
110,043	0,162	0,100	8,590E+0	2,400E+1	3,500E+3	3,500E+3
111,045	0,162	0,100	8,590E+0	2,400E+1	3,500E+3	3,498E+3
112,044	0,163	0,100	8,610E+0	2,400E+1	3,500E+3	3,506E+3
113,045	0,163	0,100	8,640E+0	2,400E+1	3,500E+3	3,497E+3
114,044	0,163	0,100	8,640E+0	2,400E+1	3,500E+3	3,501E+3
115,046	0,163	0,100	8,640E+0	2,400E+1	3,500E+3	3,507E+3
116,046	0,164	0,100	8,650E+0	2,400E+1	3,500E+3	3,502E+3
117,047	0,164	0,100	8,650E+0	2,400E+1	3,500E+3	3,503E+3
118,046	0,164	0,100	8,660E+0	2,400E+1	3,500E+3	3,475E+3
119,047	0,186	0,100	9,200E+0	2,400E+1	3,500E+3	3,526E+3
120,046	0,173	0,100	9,200E+0	2,400E+1	3,500E+3	3,511E+3
121,046	0,173	0,100	9,110E+0	2,400E+1	3,500E+3	3,511E+3
122,048	0,178	0,100	9,370E+0	2,400E+1	3,500E+3	3,498E+3
123,047	0,178	0,100	9,370E+0	2,400E+1	3,500E+3	3,513E+3
124,049	0,178	0,100	9,380E+0	2,400E+1	3,500E+3	3,506E+3
125,048	0,179	0,100	9,430E+0	2,400E+1	3,500E+3	3,498E+3
126,049	0,179	0,100	9,430E+0	2,400E+1	3,500E+3	3,518E+3
127,049	0,180	0,100	9,480E+0	2,400E+1	3,500E+3	3,501E+3
128,050	0,180	0,100	9,500E+0	2,400E+1	3,500E+3	3,497E+3
129,050	0,181	0,100	9,500E+0	2,400E+1	3,500E+3	3,495E+3
130,050	0,181	0,100	9,520E+0	2,400E+1	3,500E+3	3,494E+3
131,052	0,181	0,100	9,540E+0	2,400E+1	3,500E+3	3,513E+3
132,051	0,181	0,100	9,540E+0	2,400E+1	3,500E+3	3,504E+3
133,052	0,181	0,100	9,550E+0	2,400E+1	3,500E+3	3,495E+3
134,051	0,181	0,100	9,570E+0	2,400E+1	3,500E+3	3,498E+3
135,051	0,181	0,100	9,570E+0	2,400E+1	3,500E+3	3,507E+3
136,053	0,181	0,100	9,570E+0	2,400E+1	3,500E+3	3,500E+3
137,053	0,182	0,100	9,580E+0	2,400E+1	3,500E+3	3,496E+3
138,054	0,182	0,100	9,580E+0	2,400E+1	3,500E+3	3,505E+3
139,054	0,182	0,100	9,570E+0	2,400E+1	3,500E+3	3,507E+3
140,055	0,182	0,100	9,600E+0	2,400E+1	3,500E+3	3,501E+3
141,055	0,182	0,100	9,600E+0	2,400E+1	3,500E+3	3,501E+3
142,055	0,182	0,100	9,610E+0	2,400E+1	3,500E+3	3,498E+3
143,056	0,182	0,100	9,620E+0	2,400E+1	3,500E+3	3,506E+3
144,055	0,182	0,100	9,620E+0	2,400E+1	3,500E+3	3,494E+3
145,056	0,182	0,100	9,620E+0	2,400E+1	3,500E+3	3,496E+3
146,055	0,182	0,100	9,620E+0	2,400E+1	3,500E+3	3,496E+3
147,056	0,182	0,100	9,620E+0	2,400E+1	3,500E+3	3,493E+3
148,055	0,182	0,100	9,620E+0	2,400E+1	3,500E+3	3,507E+3
149,055	0,182	0,100	9,640E+0	2,400E+1	3,500E+3	3,494E+3
150,056	0,182	0,100	9,640E+0	2,400E+1	3,500E+3	3,500E+3
151,055	0,182	0,100	9,630E+0	2,400E+1	3,500E+3	3,513E+3
152,056	0,182	0,100	9,630E+0	2,400E+1	3,500E+3	3,493E+3
153,055	0,182	0,100	9,630E+0	2,400E+1	3,500E+3	3,496E+3
154,056	0,182	0,100	9,630E+0	2,400E+1	3,500E+3	3,519E+3
155,055	0,182	0,100	9,630E+0	2,400E+1	3,500E+3	3,505E+3
156,055	0,182	0,100	9,640E+0	2,400E+1	3,500E+3	3,507E+3
157,056	0,182	0,100	9,640E+0	2,400E+1	3,500E+3	3,504E+3
158,055	0,182	0,100	9,640E+0	2,400E+1	3,500E+3	3,494E+3
159,056	0,182	0,100	9,640E+0	2,400E+1	3,500E+3	3,507E+3
160,055	0,183	0,100	9,650E+0	2,400E+1	3,500E+3	3,507E+3
161,056	0,183	0,100	9,650E+0	2,400E+1	3,500E+3	3,510E+3
162,057	0,183	0,100	9,650E+0	2,400E+1	3,500E+3	3,497E+3
163,056	0,183	0,100	9,660E+0	2,400E+1	3,500E+3	3,507E+3
164,057	0,183	0,100	9,670E+0	2,400E+1	3,500E+3	3,503E+3
165,056	0,183	0,100	9,670E+0	2,400E+1	3,500E+3	3,481E+3
166,057	0,183	0,100	9,670E+0	2,400E+1	3,500E+3	3,485E+3
167,058	0,183	0,100	9,670E+0	2,400E+1	3,500E+3	3,504E+3
168,057	0,183	0,100	9,670E+0	2,400E+1	3,500E+3	3,501E+3
169,057	0,183	0,100	9,670E+0	2,400E+1	3,500E+3	3,492E+3
170,058	0,183	0,100	9,670E+0	2,400E+1	3,500E+3	3,503E+3
171,057	0,183	0,100	9,670E+0	2,400E+1	3,500E+3	3,495E+3
172,059	0,183	0,100	9,670E+0	2,400E+1	3,500E+3	3,507E+3
173,059	0,183	0,100	9,670E+0	2,400E+1	3,500E+3	3,491E+3
174,061	0,183	0,100	9,680E+0	2,400E+1	3,500E+3	3,489E+3
175,061	0,183	0,100	9,680E+0	2,400E+1	3,500E+3	3,507E+3
176,062	0,183	0,100	9,680E+0	2,400E+1	3,500E+3	3,504E+3
177,062	0,183	0,100	9,680E+0	2,400E+1	3,500E+3	3,504E+3
178,061	0,183	0,100	9,680E+0	2,400E+1	3,500E+3	3,505E+3
179,062	0,183	0,100	9,680E+0	2,400E+1	3,500E+3	3,497E+3
180,062	0,183	0,100	9,680E+0	2,400E+1	3,500E+3	3,487E+3
181,063	0,183	0,100	9,680E+0	2,400E+1	3,500E+3	3,512E+3
182,062	0,183	0,100	9,680E+0	2,400E+1	3,500E+3	3,503E+3
183,062	0,183	0,100	9,680E+0	2,400E+1	3,500E+3	3,516E+3
184,063	0,183	0,100	9,690E+0	2,400E+1	3,500E+3	3,503E+3
185,063	0,183	0,100	9,690E+0	2,400E+1	3,500E+3	3,499E+3
186,064	0,183	0,100	9,680E+0	2,400E+1	3,500E+3	3,506E+3
187,064	0,183	0,100	9,690E+0	2,400E+1	3,500E+3	3,511E+3
188,065	0,183	0,100	9,690E+0	2,400E+1	3,500E+3	3,502E+3
189,065	0,183	0,100	9,690E+0	2,400E+1	3,500E+3	3,497E+3
190,066	0,183	0,100	9,700E+0	2,400E+1	3,500E+3	3,498E+3
191,066	0,183	0,100	9,700E+0	2,400E+1	3,500E+3	3,512E+3
192,066	0,183	0,100	9,690E+0	2,400E+1	3,500E+3	3,500E+3
193,067	0,183	0,100	9,700E+0	2,400E+1	3,500E+3	3,507E+3
194,066	0,183	0,100	9,700E+0	2,400E+1	3,500E+3	3,513E+3
195,067	0,183	0,100	9,700E+0	2,400E+1	3,500E+3	3,494E+3
196,067	0,183	0,100	9,700E+0	2,400E+1	3,500E+3	3,496E+3
197,068	0,183	0,100	9,700E+0	2,400E+1	3,500E+3	3,498E+3
198,067	0,183	0,100	9,700E+0	2,400E+1	3,500E+3	3,513E+3
199,067	0,183	0,100	9,700E+0	2,400E+1	3,500E+3	3,484E+3
200,068	0,183	0,100	9,700E+0	2,400E+1	3,500E+3	3,506E+3
201,067	0,183	0,100	9,700E+0	2,400E+1	3,500E+3	3,496E+3
202,068	0,183	0,100	9,700E+0	2,400E+1	3,500E+3	3,503E+3
203,067	0,183	0,100	9,700E+0	2,400E+1	3,500E+3	3,507E+3
204,069	0,183	0,100	9,710E+0	2,400E+1	3,500E+3	3,503E+3
205,070	0,183	0,100	9,710E+0	2,400E+1	3,500E+3	3,518E+3
206,069	0,183	0,100	9,710E+0	2,400E+1	3,500E+3	3,489E+3
207,071	0,183	0,100	9,710E+0	2,400E+1	3,500E+3	3,493E+3
208,071	0,183	0,100	9,710E+0	2,400E+1	3,500E+3	3,505E+3
209,072	0,183	0,100	9,720E+0	2,400E+1	3,500E+3	3,495E+3
210,072	0,183	0,100	9,720E+0	2,400E+1	3,500E+3	3,506E+3
211,072	0,183	0,100	9,720E+0	2,400E+1	3,500E+3	3,504E+3
212,074	0,183	0,100	9,710E+0	2,400E+1	3,500E+3	3,507E+3
213,073	0,183	0,100	9,710E+0	2,400E+1	3,500E+3	3,503E+3
214,075	0,183	0,100	9,710E+0	2,400E+1	3,500E+3	3,496E+3
215,074	0,183	0,100	9,710E+0	2,400E+1	3,500E+3	3,503E+3
216,075	0,183	0,100	9,710E+0	2,400E+1	3,500E+3	3,498E+3
217,075	0,183	0,100	9,710E+0	2,400E+1	3,500E+3	3,517E+3
218,076	0,183	0,100	9,730E+0	2,400E+1	3,500E+3	3,504E+3
219,076	0,183	0,100	9,730E+0	2,400E+1	3,500E+3	3,512E+3
220,075	0,183	0,100	9,730E+0	2,400E+1	3,500E+3	3,502E+3
221,076	0,183	0,100	9,730E+0	2,400E+1	3,500E+3	3,472E+3
222,075	0,183	0,100	9,730E+0	2,400E+1	3,500E+3	3,499E+3
223,076	0,183	0,100	9,730E+0	2,400E+1	3,500E+3	3,505E+3
224,075	0,183	0,100	9,720E+0	2,400E+1	3,500E+3	3,490E+3
225,075	0,183	0,100	9,730E+0	2,400E+1	3,500E+3	3,502E+3
226,075	0,183	0,100	9,730E+0	2,400E+1	3,500E+3	3,493E+3
227,076	0,183	0,100	9,730E+0	2,400E+1	3,500E+3	3,502E+3
228,075	0,183	0,100	9,730E+0	2,400E+1	3,500E+3	3,495E+3
229,077	0,183	0,100	9,740E+0	2,400E+1	3,500E+3	3,486E+3
230,076	0,183	0,100	9,740E+0	2,400E+1	3,500E+3	3,503E+3
231,077	0,183	0,100	9,740E+0	2,400E+1	3,500E+3	3,499E+3
232,076	0,183	0,100	9,740E+0	2,400E+1	3,500E+3	3,502E+3
233,077	0,183	0,100	9,740E+0	2,400E+1	3,500E+3	3,502E+3
234,078	0,183	0,100	9,750E+0	2,400E+1	3,500E+3	3,499E+3
235,078	0,183	0,100	9,750E+0	2,400E+1	3,500E+3	3,490E+3
236,079	0,183	0,100	9,750E+0	2,400E+1	3,500E+3	3,495E+3
237,078	0,183	0,100	9,750E+0	2,400E+1	3,500E+3	3,503E+3
238,079	0,183	0,100	9,750E+0	2,400E+1	3,500E+3	3,503E+3
239,078	0,183	0,100	9,750E+0	2,400E+1	3,500E+3	3,503E+3
240,078	0,183	0,100	9,760E+0	2,400E+1	3,500E+3	3,496E+3
241,079	0,183	0,100	9,760E+0	2,400E+1	3,500E+3	3,511E+3
242,078	0,183	0,100	9,750E+0	2,400E+1	3,500E+3	3,505E+3
243,079	0,183	0,100	9,750E+0	2,400E+1	3,500E+3	3,503E+3
244,078	0,183	0,100	9,760E+0	2,400E+1	3,500E+3	3,494E+3
245,080	0,183	0,100	9,760E+0	2,400E+1	3,500E+3	3,507E+3
246,079	0,183	0,100	9,760E+0	2,400E+1	3,500E+3	3,500E+3
247,080	0,183	0,100	9,770E+0	2,400E+1	3,500E+3	3,498E+3
248,079	0,183	0,100	9,770E+0	2,400E+1	3,500E+3	3,499E+3
249,080	0,183	0,100	9,760E+0	2,400E+1	3,500E+3	3,501E+3
250,079	0,183	0,100	9,760E+0	2,400E+1	3,500E+3	3,498E+3
251,080	0,183	0,100	9,760E+0	2,400E+1	3,500E+3	3,498E+3
252,080	0,183	0,100	9,780E+0	2,400E+1	3,500E+3	3,501E+3
253,080	0,183	0,100	9,780E+0	2,400E+1	3,500E+3	3,484E+3
254,081	0,183	0,100	9,770E+0	2,400E+1	3,500E+3	3,517E+3
255,080	0,183	0,100	9,770E+0	2,400E+1	3,500E+3	3,488E+3
256,081	0,183	0,100	9,770E+0	2,400E+1	3,500E+3	3,497E+3
257,080	0,183	0,100	9,770E+0	2,400E+1	3,500E+3	3,500E+3
258,081	0,183	0,100	9,770E+0	2,400E+1	3,500E+3	3,483E+3
259,081	0,183	0,100	9,780E+0	2,400E+1	3,500E+3	3,503E+3
260,081	0,183	0,100	9,780E+0	2,400E+1	3,500E+3	3,496E+3
261,082	0,183	0,100	9,780E+0	2,400E+1	3,500E+3	3,505E+3
262,081	0,183	0,100	9,780E+0	2,400E+1	3,500E+3	3,485E+3
263,082	0,183	0,100	9,780E+0	2,400E+1	3,500E+3	3,489E+3
264,083	0,183	0,100	9,790E+0	2,400E+1	3,500E+3	3,491E+3
265,082	0,183	0,100	9,790E+0	2,400E+1	3,500E+3	3,494E+3
266,083	0,183	0,100	9,790E+0	2,400E+1	3,500E+3	3,497E+3
267,083	0,183	0,100	9,790E+0	2,400E+1	3,500E+3	3,494E+3
268,082	0,183	0,100	9,790E+0	2,400E+1	3,500E+3	3,486E+3
269,084	0,183	0,100	9,800E+0	2,400E+1	3,500E+3	3,496E+3
270,084	0,183	0,100	9,800E+0	2,400E+1	3,500E+3	3,495E+3
271,085	0,183	0,100	9,790E+0	2,400E+1	3,500E+3	3,502E+3
272,084	0,183	0,100	9,790E+0	2,400E+1	3,500E+3	3,493E+3
273,086	0,183	0,100	9,790E+0	2,400E+1	3,500E+3	3,495E+3
274,086	0,183	0,100	9,790E+0	2,400E+1	3,500E+3	3,491E+3
275,085	0,183	0,100	9,800E+0	2,400E+1	3,500E+3	3,501E+3
276,086	0,183	0,100	9,800E+0	2,400E+1	3,500E+3	3,512E+3
277,085	0,183	0,100	9,800E+0	2,400E+1	3,500E+3	3,492E+3
278,087	0,183	0,100	9,800E+0	2,400E+1	3,500E+3	3,498E+3
279,086	0,183	0,100	9,800E+0	2,400E+1	3,500E+3	3,489E+3
280,087	0,183	0,100	9,800E+0	2,400E+1	3,500E+3	3,513E+3
281,087	0,183	0,100	9,800E+0	2,400E+1	3,500E+3	3,513E+3
282,087	0,183	0,100	9,800E+0	2,400E+1	3,500E+3	3,497E+3
283,088	0,183	0,100	9,810E+0	2,400E+1	3,500E+3	3,493E+3
284,087	0,183	0,100	9,810E+0	2,400E+1	3,500E+3	3,504E+3
285,088	0,183	0,100	9,810E+0	2,400E+1	3,500E+3	3,514E+3
286,087	0,183	0,100	9,810E+0	2,400E+1	3,500E+3	3,497E+3
287,088	0,183	0,100	9,810E+0	2,400E+1	3,500E+3	3,495E+3
288,089	0,183	0,100	9,810E+0	2,400E+1	3,500E+3	3,485E+3
289,088	0,183	0,100	9,830E+0	2,400E+1	3,500E+3	3,485E+3
290,090	0,183	0,100	9,830E+0	2,400E+1	3,500E+3	3,489E+3
291,089	0,183	0,100	9,830E+0	2,400E+1	3,500E+3	3,503E+3
292,090	0,183	0,100	9,830E+0	2,400E+1	3,500E+3	3,481E+3
293,089	0,183	0,100	9,830E+0	2,400E+1	3,500E+3	3,499E+3
294,090	0,183	0,100	9,830E+0	2,400E+1	3,500E+3	3,497E+3
295,092	0,183	0,100	9,830E+0	2,400E+1	3,500E+3	3,495E+3
296,092	0,183	0,100	9,830E+0	2,400E+1	3,500E+3	3,512E+3
297,093	0,183	0,100	9,830E+0	2,400E+1	3,500E+3	3,522E+3
298,092	0,183	0,100	9,830E+0	2,400E+1	3,500E+3	3,492E+3
299,093	0,183	0,100	9,830E+0	2,400E+1	3,500E+3	3,496E+3
300,094	0,183	0,100	9,830E+0	2,400E+1	3,500E+3	3,516E+3
301,093	0,183	0,100	9,830E+0	2,400E+1	3,500E+3	3,505E+3
302,095	0,183	0,100	9,830E+0	2,400E+1	3,500E+3	3,495E+3
303,094	0,183	0,100	9,830E+0	2,400E+1	3,500E+3	3,503E+3
304,095	0,183	0,100	9,840E+0	2,400E+1	3,500E+3	3,510E+3
305,094	0,183	0,100	9,840E+0	2,400E+1	3,500E+3	3,508E+3
306,096	0,183	0,100	9,850E+0	2,400E+1	3,500E+3	3,504E+3
307,097	0,183	0,100	9,850E+0	2,400E+1	3,500E+3	3,503E+3
308,096	0,183	0,100	9,840E+0	2,400E+1	3,500E+3	3,505E+3
309,097	0,183	0,100	9,850E+0	2,400E+1	3,500E+3	3,497E+3
310,096	0,183	0,100	9,850E+0	2,400E+1	3,500E+3	3,491E+3
311,097	0,183	0,100	9,850E+0	2,400E+1	3,500E+3	3,500E+3
312,096	0,183	0,100	9,850E+0	2,400E+1	3,500E+3	3,507E+3
313,097	0,183	0,100	9,850E+0	2,400E+1	3,500E+3	3,489E+3
314,096	0,183	0,100	9,870E+0	2,400E+1	3,500E+3	3,497E+3
315,097	0,183	0,100	9,850E+0	2,400E+1	3,500E+3	3,497E+3
316,096	0,183	0,100	9,850E+0	2,400E+1	3,500E+3	3,503E+3
317,096	0,183	0,100	9,870E+0	2,400E+1	3,500E+3	3,512E+3
318,097	0,183	0,100	9,850E+0	2,400E+1	3,500E+3	3,503E+3
319,096	0,183	0,100	9,850E+0	2,400E+1	3,500E+3	3,497E+3
320,097	0,183	0,100	9,870E+0	2,400E+1	3,500E+3	3,495E+3
321,097	0,183	0,100	9,870E+0	2,400E+1	3,500E+3	3,500E+3
322,098	0,183	0,100	9,870E+0	2,400E+1	3,500E+3	3,495E+3
323,097	0,183	0,100	9,860E+0	2,400E+1	3,500E+3	3,497E+3
324,097	0,183	0,100	9,870E+0	2,400E+1	3,500E+3	3,499E+3
325,098	0,183	0,100	9,870E+0	2,400E+1	3,500E+3	3,496E+3
326,097	0,183	0,100	9,870E+0	2,400E+1	3,500E+3	3,538E+3
327,098	0,183	0,100	9,880E+0	2,400E+1	3,500E+3	3,499E+3
328,097	0,183	0,100	9,880E+0	2,400E+1	3,500E+3	3,510E+3
329,098	0,183	0,100	9,870E+0	2,400E+1	3,500E+3	3,503E+3
330,097	0,183	0,100	9,880E+0	2,400E+1	3,500E+3	3,496E+3
331,098	0,183	0,100	9,880E+0	2,400E+1	3,500E+3	3,488E+3
332,099	0,183	0,100	9,880E+0	2,400E+1	3,500E+3	3,494E+3
333,098	0,183	0,100	9,880E+0	2,400E+1	3,500E+3	3,502E+3
334,100	0,183	0,100	9,880E+0	2,400E+1	3,500E+3	3,496E+3
335,099	0,183	0,100	9,880E+0	2,400E+1	3,500E+3	3,469E+3
336,100	0,183	0,100	9,880E+0	2,400E+1	3,500E+3	3,503E+3
337,100	0,183	0,100	9,880E+0	2,400E+1	3,500E+3	3,494E+3
338,100	0,183	0,100	9,880E+0	2,400E+1	3,500E+3	3,518E+3
339,101	0,183	0,100	9,880E+0	2,400E+1	3,500E+3	3,487E+3
340,102	0,183	0,100	9,890E+0	2,400E+1	3,500E+3	3,494E+3
341,102	0,183	0,100	9,890E+0	2,400E+1	3,500E+3	3,502E+3
342,103	0,183	0,100	9,890E+0	2,400E+1	3,500E+3	3,500E+3
343,102	0,183	0,100	9,900E+0	2,400E+1	3,500E+3	3,499E+3
344,103	0,183	0,100	9,900E+0	2,400E+1	3,500E+3	3,507E+3
345,103	0,183	0,100	9,910E+0	2,400E+1	3,500E+3	3,494E+3
346,105	0,183	0,100	9,910E+0	2,400E+1	3,500E+3	3,507E+3
347,105	0,183	0,100	9,900E+0	2,400E+1	3,500E+3	3,500E+3
348,105	0,183	0,100	9,900E+0	2,400E+1	3,500E+3	3,506E+3
349,107	0,183	0,100	9,910E+0	2,400E+1	3,500E+3	3,483E+3
350,107	0,183	0,100	9,910E+0	2,400E+1	3,500E+3	3,510E+3
351,108	0,183	0,100	9,900E+0	2,400E+1	3,500E+3	3,503E+3
352,107	0,183	0,100	9,910E+0	2,400E+1	3,500E+3	3,495E+3
353,107	0,183	0,100	9,910E+0	2,400E+1	3,500E+3	3,501E+3
354,108	0,183	0,100	9,920E+0	2,400E+1	3,500E+3	3,494E+3
355,108	0,183	0,100	9,920E+0	2,400E+1	3,500E+3	3,502E+3
356,109	0,183	0,100	9,920E+0	2,400E+1	3,500E+3	3,502E+3
357,108	0,183	0,100	9,930E+0	2,400E+1	3,500E+3	3,504E+3
358,110	0,183	0,100	9,930E+0	2,400E+1	3,500E+3	3,498E+3
359,109	0,183	0,100	9,920E+0	2,400E+1	3,500E+3	3,503E+3
360,109	0,183	0,100	9,920E+0	2,400E+1	3,500E+3	3,501E+3
361,110	0,183	0,100	9,920E+0	2,400E+1	3,500E+3	3,503E+3
362,109	0,183	0,100	9,920E+0	2,400E+1	3,500E+3	3,500E+3
363,110	0,183	0,100	9,920E+0	2,400E+1	3,500E+3	3,507E+3
364,110	0,183	0,100	9,920E+0	2,400E+1	3,500E+3	3,500E+3
365,109	0,183	0,100	9,920E+0	2,400E+1	3,500E+3	3,499E+3
366,110	0,183	0,100	9,920E+0	2,400E+1	3,500E+3	3,506E+3
367,110	0,183	0,100	9,920E+0	2,400E+1	3,500E+3	3,498E+3
368,109	0,183	0,100	9,930E+0	2,400E+1	3,500E+3	3,499E+3
369,110	0,183	0,100	9,930E+0	2,400E+1	3,500E+3	3,500E+3
370,110	0,183	0,100	9,940E+0	2,400E+1	3,500E+3	3,496E+3
371,111	0,183	0,100	9,940E+0	2,400E+1	3,500E+3	3,519E+3
372,111	0,183	0,100	9,930E+0	2,400E+1	3,500E+3	3,509E+3
373,112	0,183	0,100	9,940E+0	2,400E+1	3,500E+3	3,504E+3
374,113	0,183	0,100	9,940E+0	2,400E+1	3,500E+3	3,501E+3
375,112	0,183	0,100	9,940E+0	2,400E+1	3,500E+3	3,506E+3
376,113	0,183	0,100	9,950E+0	2,400E+1	3,500E+3	3,503E+3
377,112	0,183	0,100	9,950E+0	2,400E+1	3,500E+3	3,503E+3
378,114	0,183	0,100	9,950E+0	2,400E+1	3,500E+3	3,512E+3
379,113	0,183	0,100	9,950E+0	2,400E+1	3,500E+3	3,500E+3
380,113	0,183	0,100	9,950E+0	2,400E+1	3,500E+3	3,508E+3
381,114	0,183	0,100	9,950E+0	2,400E+1	3,500E+3	3,503E+3
382,113	0,183	0,100	9,950E+0	2,400E+1	3,500E+3	3,498E+3
383,115	0,183	0,100	9,950E+0	2,400E+1	3,500E+3	3,495E+3
384,115	0,183	0,100	9,960E+0	2,400E+1	3,500E+3	3,489E+3
385,116	0,183	0,100	9,960E+0	2,400E+1	3,500E+3	3,497E+3
386,115	0,183	0,100	9,960E+0	2,400E+1	3,500E+3	3,498E+3
387,115	0,183	0,100	9,960E+0	2,400E+1	3,500E+3	3,501E+3
388,117	0,183	0,100	9,960E+0	2,400E+1	3,500E+3	3,498E+3
389,116	0,183	0,100	9,960E+0	2,400E+1	3,500E+3	3,502E+3
390,118	0,183	0,100	9,960E+0	2,400E+1	3,500E+3	3,498E+3
391,117	0,183	0,100	9,970E+0	2,400E+1	3,500E+3	3,499E+3
392,119	0,183	0,100	9,960E+0	2,400E+1	3,500E+3	3,492E+3
393,118	0,183	0,100	9,960E+0	2,400E+1	3,500E+3	3,493E+3
394,119	0,183	0,100	9,960E+0	2,400E+1	3,500E+3	3,507E+3
395,120	0,183	0,100	9,970E+0	2,400E+1	3,500E+3	3,501E+3
396,119	0,183	0,100	9,970E+0	2,400E+1	3,500E+3	3,497E+3
397,120	0,183	0,100	9,980E+0	2,400E+1	3,500E+3	3,508E+3
398,119	0,183	0,100	9,980E+0	2,400E+1	3,500E+3	3,514E+3
399,120	0,183	0,100	9,980E+0	2,400E+1	3,500E+3	3,505E+3
400,119	0,183	0,100	9,980E+0	2,400E+1	3,500E+3	3,517E+3
401,119	0,183	0,100	9,980E+0	2,400E+1	3,500E+3	3,497E+3
402,119	0,183	0,100	9,980E+0	2,400E+1	3,500E+3	3,497E+3
403,119	0,183	0,100	9,980E+0	2,400E+1	3,500E+3	3,500E+3
404,120	0,183	0,100	9,980E+0	2,400E+1	3,500E+3	3,503E+3
405,120	0,183	0,100	9,980E+0	2,400E+1	3,500E+3	3,498E+3
406,122	0,183	0,100	9,990E+0	2,400E+1	3,500E+3	3,490E+3
407,121	0,183	0,100	9,990E+0	2,400E+1	3,500E+3	3,497E+3
408,122	0,183	0,100	9,990E+0	2,400E+1	3,500E+3	3,496E+3
409,123	0,183	0,100	9,990E+0	2,400E+1	3,500E+3	3,508E+3
410,123	0,183	0,100	9,990E+0	2,400E+1	3,500E+3	3,500E+3
411,124	0,183	0,100	9,990E+0	2,400E+1	3,500E+3	3,490E+3
412,123	0,183	0,100	9,990E+0	2,400E+1	3,500E+3	3,498E+3
413,125	0,183	0,100	9,990E+0	2,400E+1	3,500E+3	3,507E+3
414,125	0,183	0,100	9,990E+0	2,400E+1	3,500E+3	3,511E+3
415,126	0,183	0,100	9,990E+0	2,400E+1	3,500E+3	3,493E+3
416,127	0,183	0,100	9,990E+0	2,400E+1	3,500E+3	3,489E+3
417,127	0,183	0,100	9,990E+0	2,400E+1	3,500E+3	3,507E+3
418,126	0,183	0,100	1,000E+1	2,400E+1	3,500E+3	3,508E+3
419,127	0,183	0,100	1,000E+1	2,400E+1	3,500E+3	3,502E+3
420,126	0,183	0,100	1,001E+1	2,400E+1	3,500E+3	3,495E+3
421,127	0,183	0,100	1,001E+1	2,400E+1	3,500E+3	3,485E+3
422,128	0,183	0,100	1,000E+1	2,400E+1	3,500E+3	3,498E+3
423,127	0,183	0,100	1,000E+1	2,400E+1	3,500E+3	3,504E+3
424,128	0,183	0,100	1,000E+1	2,400E+1	3,500E+3	3,500E+3
425,127	0,183	0,100	1,001E+1	2,400E+1	3,500E+3	3,476E+3
426,128	0,183	0,100	1,001E+1	2,400E+1	3,500E+3	3,510E+3
427,127	0,183	0,100	1,001E+1	2,400E+1	3,500E+3	3,498E+3
428,127	0,183	0,100	1,001E+1	2,400E+1	3,500E+3	3,503E+3
429,128	0,183	0,100	1,002E+1	2,400E+1	3,500E+3	3,503E+3
430,127	0,183	0,100	1,001E+1	2,400E+1	3,500E+3	3,510E+3
431,128	0,183	0,100	1,001E+1	2,400E+1	3,500E+3	3,509E+3
432,127	0,183	0,100	1,002E+1	2,400E+1	3,500E+3	3,501E+3
433,129	0,183	0,100	1,002E+1	2,400E+1	3,500E+3	3,494E+3
434,128	0,183	0,100	1,002E+1	2,400E+1	3,500E+3	3,491E+3
435,128	0,183	0,100	1,002E+1	2,400E+1	3,500E+3	3,503E+3
436,129	0,183	0,100	1,002E+1	2,400E+1	3,500E+3	3,500E+3
437,128	0,183	0,100	1,002E+1	2,400E+1	3,500E+3	3,497E+3
438,129	0,183	0,100	1,002E+1	2,400E+1	3,500E+3	3,495E+3
439,128	0,183	0,100	1,003E+1	2,400E+1	3,500E+3	3,505E+3
440,129	0,183	0,100	1,003E+1	2,400E+1	3,500E+3	3,491E+3
441,128	0,183	0,100	1,003E+1	2,400E+1	3,500E+3	3,498E+3
442,128	0,183	0,100	1,003E+1	2,400E+1	3,500E+3	3,498E+3
443,129	0,183	0,100	1,003E+1	2,400E+1	3,500E+3	3,513E+3
444,128	0,183	0,100	1,003E+1	2,400E+1	3,500E+3	3,489E+3
445,130	0,182	0,100	1,003E+1	2,400E+1	3,500E+3	3,505E+3
446,129	0,182	0,100	1,003E+1	2,400E+1	3,500E+3	3,507E+3
447,130	0,183	0,100	1,005E+1	2,400E+1	3,500E+3	3,492E+3
448,129	0,183	0,100	1,005E+1	2,400E+1	3,500E+3	3,494E+3
449,129	0,183	0,100	1,005E+1	2,400E+1	3,500E+3	3,501E+3
450,131	0,183	0,100	1,004E+1	2,400E+1	3,500E+3	3,503E+3
451,130	0,183	0,100	1,004E+1	2,400E+1	3,500E+3	3,498E+3
452,131	0,183	0,100	1,004E+1	2,400E+1	3,500E+3	3,504E+3
453,130	0,183	0,100	1,005E+1	2,400E+1	3,500E+3	3,506E+3
454,131	0,183	0,100	1,005E+1	2,400E+1	3,500E+3	3,503E+3
455,130	0,183	0,100	1,005E+1	2,400E+1	3,500E+3	3,509E+3
456,131	0,183	0,100	1,005E+1	2,400E+1	3,500E+3	3,505E+3
457,132	0,183	0,100	1,005E+1	2,400E+1	3,500E+3	3,501E+3
458,132	0,183	0,100	1,005E+1	2,400E+1	3,500E+3	3,485E+3
459,133	0,183	0,100	1,005E+1	2,400E+1	3,500E+3	3,498E+3
460,132	0,183	0,100	1,006E+1	2,400E+1	3,500E+3	3,501E+3
461,133	0,183	0,100	1,006E+1	2,400E+1	3,500E+3	3,486E+3
462,134	0,183	0,100	1,006E+1	2,400E+1	3,500E+3	3,498E+3
463,133	0,183	0,100	1,005E+1	2,400E+1	3,500E+3	3,485E+3
464,135	0,183	0,100	1,005E+1	2,400E+1	3,500E+3	3,489E+3
465,134	0,183	0,100	1,007E+1	2,400E+1	3,500E+3	3,501E+3
466,136	0,183	0,100	1,007E+1	2,400E+1	3,500E+3	3,504E+3
467,136	0,183	0,100	1,007E+1	2,400E+1	3,500E+3	3,498E+3
468,138	0,183	0,100	1,006E+1	2,400E+1	3,500E+3	3,499E+3
469,138	0,183	0,100	1,006E+1	2,400E+1	3,500E+3	3,497E+3
470,138	0,183	0,100	1,006E+1	2,400E+1	3,500E+3	3,508E+3
471,139	0,183	0,100	1,006E+1	2,400E+1	3,500E+3	3,510E+3
472,138	0,183	0,100	1,007E+1	2,400E+1	3,500E+3	3,497E+3
473,139	0,183	0,100	1,007E+1	2,400E+1	3,500E+3	3,499E+3
474,139	0,183	0,100	1,007E+1	2,400E+1	3,500E+3	3,500E+3
475,140	0,183	0,100	1,007E+1	2,400E+1	3,500E+3	3,502E+3
476,140	0,183	0,100	1,007E+1	2,400E+1	3,500E+3	3,500E+3
477,139	0,183	0,100	1,008E+1	2,400E+1	3,500E+3	3,495E+3
478,140	0,183	0,100	1,008E+1	2,400E+1	3,500E+3	3,512E+3
479,140	0,183	0,100	1,008E+1	2,400E+1	3,500E+3	3,503E+3
480,142	0,183	0,100	1,008E+1	2,400E+1	3,500E+3	3,500E+3
481,141	0,183	0,100	1,008E+1	2,400E+1	3,500E+3	3,512E+3
482,142	0,183	0,100	1,008E+1	2,400E+1	3,500E+3	3,498E+3
483,144	0,182	0,100	1,008E+1	2,400E+1	3,500E+3	3,515E+3
484,143	0,182	0,100	1,008E+1	2,400E+1	3,500E+3	3,485E+3
485,145	0,182	0,100	1,008E+1	2,400E+1	3,500E+3	3,490E+3
486,145	0,183	0,100	1,008E+1	2,400E+1	3,500E+3	3,507E+3
487,146	0,183	0,100	1,008E+1	2,400E+1	3,500E+3	3,517E+3
488,145	0,183	0,100	1,008E+1	2,400E+1	3,500E+3	3,496E+3
489,146	0,183	0,100	1,010E+1	2,400E+1	3,500E+3	3,497E+3
490,145	0,183	0,100	1,010E+1	2,400E+1	3,500E+3	3,507E+3
491,146	0,183	0,100	1,010E+1	2,400E+1	3,500E+3	3,491E+3
492,146	0,183	0,100	1,010E+1	2,400E+1	3,500E+3	3,491E+3
493,145	0,183	0,100	1,010E+1	2,400E+1	3,500E+3	3,502E+3
494,146	0,183	0,100	1,010E+1	2,400E+1	3,500E+3	3,494E+3
495,146	0,183	0,100	1,010E+1	2,400E+1	3,500E+3	3,485E+3
496,147	0,183	0,100	1,011E+1	2,400E+1	3,500E+3	3,502E+3
497,147	0,183	0,100	1,010E+1	2,400E+1	3,500E+3	3,509E+3
498,148	0,183	0,100	1,010E+1	2,400E+1	3,500E+3	3,492E+3
499,148	0,182	0,100	1,010E+1	2,400E+1	3,500E+3	3,497E+3
500,147	0,182	0,100	1,010E+1	2,400E+1	3,500E+3	3,503E+3
501,148	0,182	0,100	1,011E+1	2,400E+1	3,500E+3	3,504E+3
502,147	0,182	0,100	1,011E+1	2,400E+1	3,500E+3	3,524E+3
503,148	0,182	0,100	1,011E+1	2,400E+1	3,500E+3	3,487E+3
504,147	0,182	0,100	1,011E+1	2,400E+1	3,500E+3	3,503E+3
505,148	0,182	0,100	1,011E+1	2,400E+1	3,500E+3	3,507E+3
506,148	0,182	0,100	1,011E+1	2,400E+1	3,500E+3	3,502E+3
507,147	0,182	0,100	1,011E+1	2,400E+1	3,500E+3	3,496E+3
508,148	0,182	0,100	1,011E+1	2,400E+1	3,500E+3	3,480E+3
509,147	0,183	0,100	1,011E+1	2,400E+1	3,500E+3	3,496E+3
510,148	0,183	0,100	1,013E+1	2,400E+1	3,500E+3	3,502E+3
511,148	0,182	0,100	1,011E+1	2,400E+1	3,500E+3	3,505E+3
512,148	0,182	0,100	1,011E+1	2,400E+1	3,500E+3	3,491E+3
513,149	0,182	0,100	1,011E+1	2,400E+1	3,500E+3	3,510E+3
514,149	0,182	0,100	1,012E+1	2,400E+1	3,500E+3	3,489E+3
515,150	0,182	0,100	1,012E+1	2,400E+1	3,500E+3	3,502E+3
516,149	0,182	0,100	1,012E+1	2,400E+1	3,500E+3	3,490E+3
517,150	0,182	0,100	1,013E+1	2,400E+1	3,500E+3	3,505E+3
518,149	0,182	0,100	1,013E+1	2,400E+1	3,500E+3	3,499E+3
519,149	0,182	0,100	1,013E+1	2,400E+1	3,500E+3	3,503E+3
520,150	0,182	0,100	1,013E+1	2,400E+1	3,500E+3	3,502E+3
521,149	0,182	0,100	1,013E+1	2,400E+1	3,500E+3	3,494E+3
522,151	0,182	0,100	1,013E+1	2,400E+1	3,500E+3	3,498E+3
523,150	0,182	0,100	1,013E+1	2,400E+1	3,500E+3	3,487E+3
524,151	0,182	0,100	1,013E+1	2,400E+1	3,500E+3	3,506E+3
525,150	0,182	0,100	1,013E+1	2,400E+1	3,500E+3	3,504E+3
526,150	0,182	0,100	1,014E+1	2,400E+1	3,500E+3	3,507E+3
527,151	0,182	0,100	1,014E+1	2,400E+1	3,500E+3	3,500E+3
528,150	0,182	0,100	1,014E+1	2,400E+1	3,500E+3	3,494E+3
529,150	0,182	0,100	1,014E+1	2,400E+1	3,500E+3	3,490E+3
530,151	0,182	0,100	1,014E+1	2,400E+1	3,500E+3	3,515E+3
531,150	0,182	0,100	1,015E+1	2,400E+1	3,500E+3	3,499E+3
532,151	0,182	0,100	1,015E+1	2,400E+1	3,500E+3	3,509E+3
533,151	0,182	0,100	1,015E+1	2,400E+1	3,500E+3	3,502E+3
534,153	0,182	0,100	1,015E+1	2,400E+1	3,500E+3	3,505E+3
535,153	0,182	0,100	1,015E+1	2,400E+1	3,500E+3	3,503E+3
536,152	0,182	0,100	1,015E+1	2,400E+1	3,500E+3	3,506E+3
537,153	0,182	0,100	1,015E+1	2,400E+1	3,500E+3	3,503E+3
538,153	0,182	0,100	1,015E+1	2,400E+1	3,500E+3	3,495E+3
539,154	0,182	0,100	1,016E+1	2,400E+1	3,500E+3	3,495E+3
540,155	0,182	0,100	1,016E+1	2,400E+1	3,500E+3	3,497E+3
541,154	0,182	0,100	1,016E+1	2,400E+1	3,500E+3	3,501E+3
542,154	0,182	0,100	1,016E+1	2,400E+1	3,500E+3	3,499E+3
543,155	0,182	0,100	1,016E+1	2,400E+1	3,500E+3	3,497E+3
544,154	0,182	0,100	1,016E+1	2,400E+1	3,500E+3	3,491E+3
545,155	0,182	0,100	1,016E+1	2,400E+1	3,500E+3	3,482E+3
546,154	0,182	0,100	1,016E+1	2,400E+1	3,500E+3	3,507E+3
547,154	0,182	0,100	1,017E+1	2,400E+1	3,500E+3	3,503E+3
548,155	0,182	0,100	1,017E+1	2,400E+1	3,500E+3	3,495E+3
549,155	0,182	0,100	1,016E+1	2,400E+1	3,500E+3	3,503E+3
550,157	0,182	0,100	1,016E+1	2,400E+1	3,500E+3	3,498E+3
551,156	0,182	0,100	1,016E+1	2,400E+1	3,500E+3	3,516E+3
552,157	0,182	0,100	1,017E+1	2,400E+1	3,500E+3	3,503E+3
553,156	0,182	0,100	1,018E+1	2,400E+1	3,500E+3	3,510E+3
554,157	0,182	0,100	1,017E+1	2,400E+1	3,500E+3	3,494E+3
555,158	0,182	0,100	1,017E+1	2,400E+1	3,500E+3	3,494E+3
556,157	0,182	0,100	1,018E+1	2,400E+1	3,500E+3	3,503E+3
557,158	0,182	0,100	1,017E+1	2,400E+1	3,500E+3	3,499E+3
558,157	0,182	0,100	1,017E+1	2,400E+1	3,500E+3	3,502E+3
559,158	0,182	0,100	1,018E+1	2,400E+1	3,500E+3	3,503E+3
560,158	0,182	0,100	1,018E+1	2,400E+1	3,500E+3	3,512E+3
561,158	0,182	0,100	1,018E+1	2,400E+1	3,500E+3	3,500E+3
562,159	0,182	0,100	1,018E+1	2,400E+1	3,500E+3	3,496E+3
563,158	0,182	0,100	1,018E+1	2,400E+1	3,500E+3	3,499E+3
564,159	0,182	0,100	1,019E+1	2,400E+1	3,500E+3	3,493E+3
565,158	0,182	0,100	1,019E+1	2,400E+1	3,500E+3	3,501E+3
566,159	0,182	0,100	1,019E+1	2,400E+1	3,500E+3	3,492E+3
567,159	0,182	0,100	1,019E+1	2,400E+1	3,500E+3	3,489E+3
568,158	0,182	0,100	1,018E+1	2,400E+1	3,500E+3	3,501E+3
569,159	0,182	0,100	1,019E+1	2,400E+1	3,500E+3	3,503E+3
570,158	0,182	0,100	1,019E+1	2,400E+1	3,500E+3	3,503E+3
571,159	0,182	0,100	1,019E+1	2,400E+1	3,500E+3	3,502E+3
572,159	0,182	0,100	1,019E+1	2,400E+1	3,500E+3	3,488E+3
573,159	0,182	0,100	1,019E+1	2,400E+1	3,500E+3	3,502E+3
574,160	0,182	0,100	1,019E+1	2,400E+1	3,500E+3	3,500E+3
575,159	0,182	0,100	1,019E+1	2,400E+1	3,500E+3	3,503E+3
576,160	0,182	0,100	1,019E+1	2,400E+1	3,500E+3	3,504E+3
577,159	0,182	0,100	1,020E+1	2,400E+1	3,500E+3	3,499E+3
578,160	0,182	0,100	1,020E+1	2,400E+1	3,500E+3	3,512E+3
579,161	0,182	0,100	1,020E+1	2,400E+1	3,500E+3	3,501E+3
580,160	0,182	0,100	1,020E+1	2,400E+1	3,500E+3	3,490E+3
581,161	0,182	0,100	1,020E+1	2,400E+1	3,500E+3	3,507E+3
582,160	0,182	0,100	1,020E+1	2,400E+1	3,500E+3	3,499E+3
583,161	0,182	0,100	1,020E+1	2,400E+1	3,500E+3	3,485E+3
584,160	0,182	0,100	1,020E+1	2,400E+1	3,500E+3	3,503E+3
585,160	0,182	0,100	1,021E+1	2,400E+1	3,500E+3	3,501E+3
586,161	0,182	0,100	1,021E+1	2,400E+1	3,500E+3	3,484E+3
587,161	0,182	0,100	1,021E+1	2,400E+1	3,500E+3	3,498E+3
588,162	0,182	0,100	1,022E+1	2,400E+1	3,500E+3	3,495E+3
589,162	0,182	0,100	1,022E+1	2,400E+1	3,500E+3	3,508E+3
590,163	0,182	0,100	1,022E+1	2,400E+1	3,500E+3	3,488E+3
591,164	0,182	0,100	1,022E+1	2,400E+1	3,500E+3	3,498E+3
592,163	0,182	0,100	1,021E+1	2,400E+1	3,500E+3	3,516E+3
593,164	0,182	0,100	1,022E+1	2,400E+1	3,500E+3	3,498E+3
594,163	0,182	0,100	1,022E+1	2,400E+1	3,500E+3	3,501E+3
595,164	0,182	0,100	1,022E+1	2,400E+1	3,500E+3	3,496E+3
596,163	0,182	0,100	1,022E+1	2,400E+1	3,500E+3	3,510E+3
597,165	0,182	0,100	1,022E+1	2,400E+1	3,500E+3	3,507E+3
598,165	0,182	0,100	1,022E+1	2,400E+1	3,500E+3	3,504E+3
599,164	0,182	0,100	1,022E+1	2,400E+1	3,500E+3	3,493E+3
600,165	0,182	0,100	1,022E+1	2,400E+1	3,500E+3	3,504E+3
601,164	0,182	0,100	1,022E+1	2,400E+1	3,500E+3	3,484E+3
602,165	0,182	0,100	1,022E+1	2,400E+1	3,500E+3	3,500E+3
603,165	0,182	0,100	1,022E+1	2,400E+1	3,500E+3	3,503E+3
604,165	0,182	0,100	1,023E+1	2,400E+1	3,500E+3	3,512E+3
605,166	0,182	0,100	1,023E+1	2,400E+1	3,500E+3	3,503E+3
606,166	0,182	0,100	1,023E+1	2,400E+1	3,500E+3	3,495E+3
607,165	0,182	0,100	1,023E+1	2,400E+1	3,500E+3	3,490E+3
608,167	0,182	0,100	1,023E+1	2,400E+1	3,500E+3	3,498E+3
609,167	0,182	0,100	1,023E+1	2,400E+1	3,500E+3	3,494E+3
610,168	0,182	0,100	1,023E+1	2,400E+1	3,500E+3	3,504E+3
611,167	0,182	0,100	1,023E+1	2,400E+1	3,500E+3	3,498E+3
612,167	0,182	0,100	1,024E+1	2,400E+1	3,500E+3	3,494E+3
613,169	0,182	0,100	1,024E+1	2,400E+1	3,500E+3	3,505E+3
614,168	0,182	0,100	1,024E+1	2,400E+1	3,500E+3	3,508E+3
615,170	0,182	0,100	1,023E+1	2,400E+1	3,500E+3	3,503E+3
616,169	0,182	0,100	1,023E+1	2,400E+1	3,500E+3	3,491E+3
617,171	0,182	0,100	1,023E+1	2,400E+1	3,500E+3	3,484E+3
618,170	0,182	0,100	1,024E+1	2,400E+1	3,500E+3	3,504E+3
619,170	0,182	0,100	1,024E+1	2,400E+1	3,500E+3	3,508E+3
620,171	0,182	0,100	1,024E+1	2,400E+1	3,500E+3	3,501E+3
621,171	0,182	0,100	1,025E+1	2,400E+1	3,500E+3	3,503E+3
622,172	0,182	0,100	1,025E+1	2,400E+1	3,500E+3	3,492E+3
623,173	0,182	0,100	1,025E+1	2,400E+1	3,500E+3	3,499E+3
624,172	0,182	0,100	1,025E+1	2,400E+1	3,500E+3	3,499E+3
625,173	0,182	0,100	1,025E+1	2,400E+1	3,500E+3	3,508E+3
626,172	0,182	0,100	1,025E+1	2,400E+1	3,500E+3	3,492E+3
627,173	0,182	0,100	1,025E+1	2,400E+1	3,500E+3	3,507E+3
628,173	0,182	0,100	1,025E+1	2,400E+1	3,500E+3	3,506E+3
629,175	0,182	0,100	1,025E+1	2,400E+1	3,500E+3	3,498E+3
630,176	0,182	0,100	1,025E+1	2,400E+1	3,500E+3	3,501E+3
631,176	0,182	0,100	1,025E+1	2,400E+1	3,500E+3	3,490E+3
632,177	0,182	0,100	1,026E+1	2,400E+1	3,500E+3	3,500E+3
633,176	0,182	0,100	1,026E+1	2,400E+1	3,500E+3	3,513E+3
634,177	0,182	0,100	1,026E+1	2,400E+1	3,500E+3	3,500E+3
635,176	0,182	0,100	1,026E+1	2,400E+1	3,500E+3	3,520E+3
636,176	0,182	0,100	1,026E+1	2,400E+1	3,500E+3	3,490E+3
637,177	0,182	0,100	1,026E+1	2,400E+1	3,500E+3	3,497E+3
638,177	0,182	0,100	1,026E+1	2,400E+1	3,500E+3	3,488E+3
639,179	0,182	0,100	1,026E+1	2,400E+1	3,500E+3	3,491E+3
640,178	0,182	0,100	1,026E+1	2,400E+1	3,500E+3	3,515E+3
641,179	0,182	0,100	1,026E+1	2,400E+1	3,500E+3	3,517E+3
642,178	0,182	0,100	1,027E+1	2,400E+1	3,500E+3	3,497E+3
643,179	0,182	0,100	1,027E+1	2,400E+1	3,500E+3	3,504E+3
644,180	0,182	0,100	1,027E+1	2,400E+1	3,500E+3	3,496E+3
645,179	0,182	0,100	1,027E+1	2,400E+1	3,500E+3	3,482E+3
646,180	0,182	0,100	1,027E+1	2,400E+1	3,500E+3	3,500E+3
647,179	0,182	0,100	1,027E+1	2,400E+1	3,500E+3	3,489E+3
648,181	0,182	0,100	1,028E+1	2,400E+1	3,500E+3	3,491E+3
649,180	0,182	0,100	1,028E+1	2,400E+1	3,500E+3	3,497E+3
650,180	0,182	0,100	1,028E+1	2,400E+1	3,500E+3	3,502E+3
651,182	0,182	0,100	1,028E+1	2,400E+1	3,500E+3	3,506E+3
652,183	0,182	0,100	1,028E+1	2,400E+1	3,500E+3	3,509E+3
653,182	0,182	0,100	1,028E+1	2,400E+1	3,500E+3	3,510E+3
654,182	0,182	0,100	1,028E+1	2,400E+1	3,500E+3	3,499E+3
655,184	0,182	0,100	1,028E+1	2,400E+1	3,500E+3	3,494E+3
656,183	0,182	0,100	1,028E+1	2,400E+1	3,500E+3	3,497E+3
657,184	0,182	0,100	1,028E+1	2,400E+1	3,500E+3	3,493E+3
658,184	0,182	0,100	1,029E+1	2,400E+1	3,500E+3	3,505E+3
659,186	0,182	0,100	1,029E+1	2,400E+1	3,500E+3	3,512E+3
660,186	0,182	0,100	1,029E+1	2,400E+1	3,500E+3	3,506E+3
661,185	0,182	0,100	1,029E+1	2,400E+1	3,500E+3	3,489E+3
662,186	0,182	0,100	1,029E+1	2,400E+1	3,500E+3	3,501E+3
663,185	0,182	0,100	1,029E+1	2,400E+1	3,500E+3	3,509E+3
664,186	0,182	0,100	1,029E+1	2,400E+1	3,500E+3	3,492E+3
665,186	0,182	0,100	1,030E+1	2,400E+1	3,500E+3	3,485E+3
666,185	0,182	0,100	1,030E+1	2,400E+1	3,500E+3	3,500E+3
667,187	0,182	0,100	1,030E+1	2,400E+1	3,500E+3	3,493E+3
668,187	0,182	0,100	1,030E+1	2,400E+1	3,500E+3	3,500E+3
669,189	0,182	0,100	1,030E+1	2,400E+1	3,500E+3	3,485E+3
670,188	0,182	0,100	1,030E+1	2,400E+1	3,500E+3	3,495E+3
671,190	0,182	0,100	1,030E+1	2,400E+1	3,500E+3	3,494E+3
672,190	0,182	0,100	1,030E+1	2,400E+1	3,500E+3	3,494E+3
673,189	0,182	0,100	1,031E+1	2,400E+1	3,500E+3	3,496E+3
674,190	0,182	0,100	1,030E+1	2,400E+1	3,500E+3	3,502E+3
675,190	0,182	0,100	1,030E+1	2,400E+1	3,500E+3	3,492E+3
676,192	0,182	0,100	1,031E+1	2,400E+1	3,500E+3	3,487E+3
677,192	0,182	0,100	1,030E+1	2,400E+1	3,500E+3	3,499E+3
678,192	0,182	0,100	1,030E+1	2,400E+1	3,500E+3	3,511E+3
679,194	0,182	0,100	1,032E+1	2,400E+1	3,500E+3	3,502E+3
680,193	0,182	0,100	1,030E+1	2,400E+1	3,500E+3	3,515E+3
681,195	0,182	0,100	1,030E+1	2,400E+1	3,500E+3	3,492E+3
682,194	0,182	0,100	1,031E+1	2,400E+1	3,500E+3	3,512E+3
683,195	0,182	0,100	1,031E+1	2,400E+1	3,500E+3	3,487E+3
684,194	0,182	0,100	1,031E+1	2,400E+1	3,500E+3	3,497E+3
685,194	0,182	0,100	1,031E+1	2,400E+1	3,500E+3	3,498E+3
686,195	0,182	0,100	1,031E+1	2,400E+1	3,500E+3	3,498E+3
687,195	0,182	0,100	1,031E+1	2,400E+1	3,500E+3	3,504E+3
688,194	0,182	0,100	1,031E+1	2,400E+1	3,500E+3	3,500E+3
689,195	0,182	0,100	1,032E+1	2,400E+1	3,500E+3	3,496E+3
690,194	0,182	0,100	1,032E+1	2,400E+1	3,500E+3	3,502E+3
691,195	0,182	0,100	1,032E+1	2,400E+1	3,500E+3	3,496E+3
692,195	0,182	0,100	1,032E+1	2,400E+1	3,500E+3	3,499E+3
693,194	0,182	0,100	1,032E+1	2,400E+1	3,500E+3	3,507E+3
694,195	0,182	0,100	1,032E+1	2,400E+1	3,500E+3	3,487E+3
695,195	0,182	0,100	1,032E+1	2,400E+1	3,500E+3	3,500E+3
696,196	0,182	0,100	1,032E+1	2,400E+1	3,500E+3	3,498E+3
697,195	0,182	0,100	1,032E+1	2,400E+1	3,500E+3	3,498E+3
698,196	0,182	0,100	1,033E+1	2,400E+1	3,500E+3	3,506E+3
699,197	0,182	0,100	1,032E+1	2,400E+1	3,500E+3	3,494E+3
700,196	0,182	0,100	1,033E+1	2,400E+1	3,500E+3	3,501E+3
701,197	0,182	0,100	1,033E+1	2,400E+1	3,500E+3	3,494E+3
702,196	0,182	0,100	1,033E+1	2,400E+1	3,500E+3	3,505E+3
703,197	0,182	0,100	1,034E+1	2,400E+1	3,500E+3	3,503E+3
704,196	0,182	0,100	1,034E+1	2,400E+1	3,500E+3	3,502E+3
705,197	0,182	0,100	1,034E+1	2,400E+1	3,500E+3	3,508E+3
706,198	0,182	0,100	1,034E+1	2,400E+1	3,500E+3	3,503E+3
707,197	0,182	0,100	1,034E+1	2,400E+1	3,500E+3	3,503E+3
708,198	0,182	0,100	1,034E+1	2,400E+1	3,500E+3	3,503E+3
709,197	0,182	0,100	1,034E+1	2,400E+1	3,500E+3	3,496E+3
710,198	0,182	0,100	1,033E+1	2,400E+1	3,500E+3	3,489E+3
711,197	0,182	0,100	1,034E+1	2,400E+1	3,500E+3	3,499E+3
712,199	0,182	0,100	1,034E+1	2,400E+1	3,500E+3	3,503E+3
713,200	0,182	0,100	1,035E+1	2,400E+1	3,500E+3	3,505E+3
714,199	0,182	0,100	1,035E+1	2,400E+1	3,500E+3	3,511E+3
715,199	0,182	0,100	1,035E+1	2,400E+1	3,500E+3	3,487E+3
716,200	0,182	0,100	1,035E+1	2,400E+1	3,500E+3	3,498E+3
717,200	0,182	0,100	1,034E+1	2,400E+1	3,500E+3	3,500E+3
718,200	0,182	0,100	1,035E+1	2,400E+1	3,500E+3	3,514E+3
719,202	0,182	0,100	1,034E+1	2,400E+1	3,500E+3	3,502E+3
720,201	0,182	0,100	1,035E+1	2,400E+1	3,500E+3	3,498E+3
721,202	0,182	0,100	1,035E+1	2,400E+1	3,500E+3	3,503E+3
722,202	0,182	0,100	1,035E+1	2,400E+1	3,500E+3	3,489E+3
723,204	0,182	0,100	1,035E+1	2,400E+1	3,500E+3	3,512E+3
724,204	0,182	0,100	1,035E+1	2,400E+1	3,500E+3	3,512E+3
725,203	0,182	0,100	1,035E+1	2,400E+1	3,500E+3	3,498E+3
726,204	0,182	0,100	1,035E+1	2,400E+1	3,500E+3	3,494E+3
727,203	0,182	0,100	1,035E+1	2,400E+1	3,500E+3	3,499E+3
728,204	0,182	0,100	1,036E+1	2,400E+1	3,500E+3	3,503E+3
729,203	0,182	0,100	1,036E+1	2,400E+1	3,500E+3	3,498E+3
730,204	0,182	0,100	1,036E+1	2,400E+1	3,500E+3	3,491E+3
731,204	0,182	0,100	1,036E+1	2,400E+1	3,500E+3	3,507E+3
732,204	0,182	0,100	1,036E+1	2,400E+1	3,500E+3	3,492E+3
733,203	0,182	0,100	1,036E+1	2,400E+1	3,500E+3	3,511E+3
734,204	0,182	0,100	1,036E+1	2,400E+1	3,500E+3	3,507E+3
735,203	0,182	0,100	1,036E+1	2,400E+1	3,500E+3	3,514E+3
736,204	0,182	0,100	1,036E+1	2,400E+1	3,500E+3	3,514E+3
737,204	0,182	0,100	1,037E+1	2,400E+1	3,500E+3	3,503E+3
738,203	0,182	0,100	1,037E+1	2,400E+1	3,500E+3	3,504E+3
739,204	0,182	0,100	1,037E+1	2,400E+1	3,500E+3	3,499E+3
740,203	0,182	0,100	1,036E+1	2,400E+1	3,500E+3	3,494E+3
741,205	0,182	0,100	1,036E+1	2,400E+1	3,500E+3	3,500E+3
742,205	0,182	0,100	1,037E+1	2,400E+1	3,500E+3	3,513E+3
743,206	0,182	0,100	1,037E+1	2,400E+1	3,500E+3	3,497E+3
744,207	0,182	0,100	1,037E+1	2,400E+1	3,500E+3	3,502E+3
745,207	0,182	0,100	1,037E+1	2,400E+1	3,500E+3	3,517E+3
746,208	0,182	0,100	1,037E+1	2,400E+1	3,500E+3	3,499E+3
747,207	0,182	0,100	1,037E+1	2,400E+1	3,500E+3	3,499E+3
748,209	0,182	0,100	1,038E+1	2,400E+1	3,500E+3	3,489E+3
749,209	0,182	0,100	1,038E+1	2,400E+1	3,500E+3	3,498E+3
750,210	0,182	0,100	1,038E+1	2,400E+1	3,500E+3	3,508E+3
751,210	0,182	0,100	1,037E+1	2,400E+1	3,500E+3	3,495E+3
752,209	0,182	0,100	1,037E+1	2,400E+1	3,500E+3	3,498E+3
753,210	0,182	0,100	1,037E+1	2,400E+1	3,500E+3	3,490E+3
754,209	0,182	0,100	1,037E+1	2,400E+1	3,500E+3	3,498E+3
755,211	0,182	0,100	1,038E+1	2,400E+1	3,500E+3	3,498E+3
756,210	0,182	0,100	1,038E+1	2,400E+1	3,500E+3	3,492E+3
757,210	0,182	0,100	1,038E+1	2,400E+1	3,500E+3	3,505E+3
758,211	0,182	0,100	1,038E+1	2,400E+1	3,500E+3	3,500E+3
759,210	0,182	0,100	1,038E+1	2,400E+1	3,500E+3	3,505E+3
760,211	0,182	0,100	1,039E+1	2,400E+1	3,500E+3	3,491E+3
761,210	0,182	0,100	1,038E+1	2,400E+1	3,500E+3	3,508E+3
762,212	0,182	0,100	1,038E+1	2,400E+1	3,500E+3	3,492E+3
763,211	0,182	0,100	1,039E+1	2,400E+1	3,500E+3	3,495E+3
764,211	0,182	0,100	1,039E+1	2,400E+1	3,500E+3	3,515E+3
765,212	0,182	0,100	1,039E+1	2,400E+1	3,500E+3	3,495E+3
766,211	0,182	0,100	1,039E+1	2,400E+1	3,500E+3	3,496E+3
767,212	0,182	0,100	1,039E+1	2,400E+1	3,500E+3	3,485E+3
768,212	0,182	0,100	1,039E+1	2,400E+1	3,500E+3	3,509E+3
769,214	0,182	0,100	1,039E+1	2,400E+1	3,500E+3	3,500E+3
770,213	0,182	0,100	1,040E+1	2,400E+1	3,500E+3	3,505E+3
771,213	0,182	0,100	1,039E+1	2,400E+1	3,500E+3	3,490E+3
772,214	0,182	0,100	1,039E+1	2,400E+1	3,500E+3	3,495E+3
773,213	0,182	0,100	1,039E+1	2,400E+1	3,500E+3	3,496E+3
774,214	0,182	0,100	1,039E+1	2,400E+1	3,500E+3	3,486E+3
775,215	0,182	0,100	1,040E+1	2,400E+1	3,500E+3	3,503E+3
776,215	0,182	0,100	1,040E+1	2,400E+1	3,500E+3	3,512E+3
777,216	0,182	0,100	1,041E+1	2,400E+1	3,500E+3	3,521E+3
778,215	0,182	0,100	1,040E+1	2,400E+1	3,500E+3	3,504E+3
779,216	0,182	0,100	1,040E+1	2,400E+1	3,500E+3	3,502E+3
780,215	0,182	0,100	1,040E+1	2,400E+1	3,500E+3	3,496E+3
781,215	0,182	0,100	1,039E+1	2,400E+1	3,500E+3	3,518E+3
782,217	0,182	0,100	1,039E+1	2,400E+1	3,500E+3	3,498E+3
783,216	0,182	0,100	1,041E+1	2,400E+1	3,500E+3	3,499E+3
784,217	0,182	0,100	1,041E+1	2,400E+1	3,500E+3	3,492E+3
785,216	0,182	0,100	1,041E+1	2,400E+1	3,500E+3	3,509E+3
786,217	0,182	0,100	1,041E+1	2,400E+1	3,500E+3	3,495E+3
787,216	0,182	0,100	1,040E+1	2,400E+1	3,500E+3	3,497E+3
788,218	0,182	0,100	1,040E+1	2,400E+1	3,500E+3	3,505E+3
789,217	0,182	0,100	1,041E+1	2,400E+1	3,500E+3	3,452E+3
790,218	0,182	0,100	1,041E+1	2,400E+1	3,500E+3	3,497E+3
791,218	0,182	0,100	1,041E+1	2,400E+1	3,500E+3	3,503E+3
792,217	0,182	0,100	1,041E+1	2,400E+1	3,500E+3	3,490E+3
793,218	0,182	0,100	1,041E+1	2,400E+1	3,500E+3	3,503E+3
794,217	0,182	0,100	1,041E+1	2,400E+1	3,500E+3	3,500E+3
795,218	0,182	0,100	1,042E+1	2,400E+1	3,500E+3	3,511E+3
796,217	0,182	0,100	1,041E+1	2,400E+1	3,500E+3	3,496E+3
797,217	0,182	0,100	1,041E+1	2,400E+1	3,500E+3	3,507E+3
798,218	0,182	0,100	1,042E+1	2,400E+1	3,500E+3	3,506E+3
799,218	0,182	0,100	1,042E+1	2,400E+1	3,500E+3	3,488E+3
800,220	0,182	0,100	1,042E+1	2,400E+1	3,500E+3	3,513E+3
801,220	0,182	0,100	1,042E+1	2,400E+1	3,500E+3	3,497E+3
802,221	0,182	0,100	1,042E+1	2,400E+1	3,500E+3	3,506E+3
803,220	0,182	0,100	1,042E+1	2,400E+1	3,500E+3	3,488E+3
804,220	0,182	0,100	1,042E+1	2,400E+1	3,500E+3	3,506E+3
805,221	0,182	0,100	1,042E+1	2,400E+1	3,500E+3	3,514E+3
806,220	0,182	0,100	1,042E+1	2,400E+1	3,500E+3	3,501E+3
807,221	0,182	0,100	1,043E+1	2,400E+1	3,500E+3	3,498E+3
808,220	0,182	0,100	1,043E+1	2,400E+1	3,500E+3	3,499E+3
809,222	0,182	0,100	1,044E+1	2,400E+1	3,500E+3	3,503E+3
810,222	0,182	0,100	1,043E+1	2,400E+1	3,500E+3	3,503E+3
811,221	0,182	0,100	1,043E+1	2,400E+1	3,500E+3	3,503E+3
812,222	0,182	0,100	1,044E+1	2,400E+1	3,500E+3	3,497E+3
813,221	0,182	0,100	1,044E+1	2,400E+1	3,500E+3	3,495E+3
814,222	0,182	0,100	1,043E+1	2,400E+1	3,500E+3	3,493E+3
815,222	0,182	0,100	1,043E+1	2,400E+1	3,500E+3	3,495E+3
816,223	0,182	0,100	1,044E+1	2,400E+1	3,500E+3	3,503E+3
817,224	0,182	0,100	1,044E+1	2,400E+1	3,500E+3	3,490E+3
818,223	0,182	0,100	1,045E+1	2,400E+1	3,500E+3	3,502E+3
819,224	0,182	0,100	1,044E+1	2,400E+1	3,500E+3	3,500E+3
820,223	0,182	0,100	1,044E+1	2,400E+1	3,500E+3	3,504E+3
821,224	0,182	0,100	1,044E+1	2,400E+1	3,500E+3	3,485E+3
822,223	0,182	0,100	1,044E+1	2,400E+1	3,500E+3	3,501E+3
823,223	0,181	0,100	1,044E+1	2,400E+1	3,500E+3	3,494E+3
824,224	0,181	0,100	1,044E+1	2,400E+1	3,500E+3	3,498E+3
825,223	0,181	0,100	1,044E+1	2,400E+1	3,500E+3	3,484E+3
826,225	0,181	0,100	1,044E+1	2,400E+1	3,500E+3	3,489E+3
827,224	0,182	0,100	1,045E+1	2,400E+1	3,500E+3	3,504E+3
828,225	0,182	0,100	1,045E+1	2,400E+1	3,500E+3	3,496E+3
829,225	0,182	0,100	1,045E+1	2,400E+1	3,500E+3	3,508E+3
830,226	0,182	0,100	1,045E+1	2,400E+1	3,500E+3	3,512E+3
831,226	0,182	0,100	1,045E+1	2,400E+1	3,500E+3	3,498E+3
832,225	0,181	0,100	1,045E+1	2,400E+1	3,500E+3	3,516E+3
833,226	0,182	0,100	1,045E+1	2,400E+1	3,500E+3	3,500E+3
834,226	0,182	0,100	1,045E+1	2,400E+1	3,500E+3	3,499E+3
835,226	0,182	0,100	1,045E+1	2,400E+1	3,500E+3	3,507E+3
836,228	0,182	0,100	1,045E+1	2,400E+1	3,500E+3	3,499E+3
837,228	0,182	0,100	1,046E+1	2,400E+1	3,500E+3	3,499E+3
838,229	0,182	0,100	1,046E+1	2,400E+1	3,500E+3	3,511E+3
839,228	0,182	0,100	1,045E+1	2,400E+1	3,500E+3	3,495E+3
840,228	0,182	0,100	1,046E+1	2,400E+1	3,500E+3	3,496E+3
841,229	0,182	0,100	1,046E+1	2,400E+1	3,500E+3	3,496E+3
842,228	0,182	0,100	1,046E+1	2,400E+1	3,500E+3	3,503E+3
843,230	0,182	0,100	1,046E+1	2,400E+1	3,500E+3	3,504E+3
844,230	0,182	0,100	1,046E+1	2,400E+1	3,500E+3	3,496E+3
845,230	0,182	0,100	1,047E+1	2,400E+1	3,500E+3	3,500E+3
846,231	0,182	0,100	1,045E+1	2,400E+1	3,500E+3	3,489E+3
847,231	0,182	0,100	1,045E+1	2,400E+1	3,500E+3	3,503E+3
848,232	0,182	0,100	1,046E+1	2,400E+1	3,500E+3	3,494E+3
849,232	0,181	0,100	1,047E+1	2,400E+1	3,500E+3	3,500E+3
850,234	0,181	0,100	1,047E+1	2,400E+1	3,500E+3	3,502E+3
851,233	0,182	0,100	1,046E+1	2,400E+1	3,500E+3	3,501E+3
852,233	0,181	0,100	1,046E+1	2,400E+1	3,500E+3	3,490E+3
853,235	0,181	0,100	1,046E+1	2,400E+1	3,500E+3	3,517E+3
854,234	0,182	0,100	1,047E+1	2,400E+1	3,500E+3	3,506E+3
855,236	0,182	0,100	1,047E+1	2,400E+1	3,500E+3	3,506E+3
856,235	0,182	0,100	1,047E+1	2,400E+1	3,500E+3	3,490E+3
857,236	0,182	0,100	1,047E+1	2,400E+1	3,500E+3	3,496E+3
858,237	0,182	0,100	1,047E+1	2,400E+1	3,500E+3	3,512E+3
859,236	0,182	0,100	1,047E+1	2,400E+1	3,500E+3	3,510E+3
860,237	0,181	0,100	1,047E+1	2,400E+1	3,500E+3	3,502E+3
861,236	0,181	0,100	1,047E+1	2,400E+1	3,500E+3	3,506E+3
862,237	0,181	0,100	1,047E+1	2,400E+1	3,500E+3	3,507E+3
863,236	0,181	0,100	1,048E+1	2,400E+1	3,500E+3	3,502E+3
864,236	0,181	0,100	1,048E+1	2,400E+1	3,500E+3	3,495E+3
865,238	0,182	0,100	1,048E+1	2,400E+1	3,500E+3	3,507E+3
866,237	0,182	0,100	1,048E+1	2,400E+1	3,500E+3	3,505E+3
867,239	0,182	0,100	1,049E+1	2,400E+1	3,500E+3	3,503E+3
868,238	0,182	0,100	1,049E+1	2,400E+1	3,500E+3	3,494E+3
869,239	0,182	0,100	1,048E+1	2,400E+1	3,500E+3	3,501E+3
870,239	0,181	0,100	1,047E+1	2,400E+1	3,500E+3	3,497E+3
871,239	0,181	0,100	1,047E+1	2,400E+1	3,500E+3	3,497E+3
872,241	0,181	0,100	1,048E+1	2,400E+1	3,500E+3	3,502E+3
873,241	0,182	0,100	1,048E+1	2,400E+1	3,500E+3	3,488E+3
874,242	0,182	0,100	1,048E+1	2,400E+1	3,500E+3	3,525E+3
875,242	0,181	0,100	1,048E+1	2,400E+1	3,500E+3	3,507E+3
876,243	0,181	0,100	1,048E+1	2,400E+1	3,500E+3	3,513E+3
877,242	0,181	0,100	1,048E+1	2,400E+1	3,500E+3	3,502E+3
878,243	0,181	0,100	1,048E+1	2,400E+1	3,500E+3	3,506E+3
879,244	0,181	0,100	1,048E+1	2,400E+1	3,500E+3	3,491E+3
880,243	0,181	0,100	1,048E+1	2,400E+1	3,500E+3	3,494E+3
881,245	0,181	0,100	1,048E+1	2,400E+1	3,500E+3	3,498E+3
882,245	0,182	0,100	1,049E+1	2,400E+1	3,500E+3	3,514E+3
883,244	0,182	0,100	1,049E+1	2,400E+1	3,500E+3	3,514E+3
884,245	0,182	0,100	1,049E+1	2,400E+1	3,500E+3	3,490E+3
885,245	0,182	0,100	1,050E+1	2,400E+1	3,500E+3	3,494E+3
886,247	0,182	0,100	1,050E+1	2,400E+1	3,500E+3	3,501E+3
887,246	0,182	0,100	1,050E+1	2,400E+1	3,500E+3	3,503E+3
888,247	0,182	0,100	1,050E+1	2,400E+1	3,500E+3	3,505E+3
889,246	0,181	0,100	1,050E+1	2,400E+1	3,500E+3	3,494E+3
890,246	0,181	0,100	1,050E+1	2,400E+1	3,500E+3	3,496E+3
891,247	0,182	0,100	1,050E+1	2,400E+1	3,500E+3	3,492E+3
892,247	0,181	0,100	1,050E+1	2,400E+1	3,500E+3	3,503E+3
893,249	0,181	0,100	1,050E+1	2,400E+1	3,500E+3	3,486E+3
894,248	0,181	0,100	1,050E+1	2,400E+1	3,500E+3	3,511E+3
895,248	0,181	0,100	1,050E+1	2,400E+1	3,500E+3	3,503E+3
896,249	0,181	0,100	1,050E+1	2,400E+1	3,500E+3	3,488E+3
897,248	0,181	0,100	1,050E+1	2,400E+1	3,500E+3	3,507E+3
898,248	0,181	0,100	1,050E+1	2,400E+1	3,500E+3	3,498E+3
899,249	0,181	0,100	1,050E+1	2,400E+1	3,500E+3	3,509E+3
900,248	0,181	0,100	1,050E+1	2,400E+1	3,500E+3	3,505E+3
901,249	0,181	0,100	1,050E+1	2,400E+1	3,500E+3	3,489E+3
902,248	0,181	0,100	1,051E+1	2,400E+1	3,500E+3	3,497E+3
903,249	0,181	0,100	1,051E+1	2,400E+1	3,500E+3	3,500E+3
904,249	0,182	0,100	1,051E+1	2,400E+1	3,500E+3	3,496E+3
905,248	0,182	0,100	1,051E+1	2,400E+1	3,500E+3	3,499E+3
906,249	0,181	0,100	1,051E+1	2,400E+1	3,500E+3	3,507E+3
907,250	0,181	0,100	1,051E+1	2,400E+1	3,500E+3	3,505E+3
908,250	0,181	0,100	1,051E+1	2,400E+1	3,500E+3	3,506E+3
909,249	0,181	0,100	1,051E+1	2,400E+1	3,500E+3	3,500E+3
910,250	0,181	0,100	1,051E+1	2,400E+1	3,500E+3	3,507E+3
911,249	0,181	0,100	1,051E+1	2,400E+1	3,500E+3	3,516E+3
912,250	0,181	0,100	1,052E+1	2,400E+1	3,500E+3	3,484E+3
913,249	0,181	0,100	1,052E+1	2,400E+1	3,500E+3	3,497E+3
914,249	0,181	0,100	1,052E+1	2,400E+1	3,500E+3	3,504E+3
915,250	0,181	0,100	1,052E+1	2,400E+1	3,500E+3	3,492E+3
916,249	0,181	0,100	1,052E+1	2,400E+1	3,500E+3	3,476E+3
917,251	0,181	0,100	1,052E+1	2,400E+1	3,500E+3	3,494E+3
918,250	0,181	0,100	1,052E+1	2,400E+1	3,500E+3	3,496E+3
919,252	0,181	0,100	1,052E+1	2,400E+1	3,500E+3	3,503E+3
920,252	0,181	0,100	1,052E+1	2,400E+1	3,500E+3	3,494E+3
921,253	0,181	0,100	1,053E+1	2,400E+1	3,500E+3	3,504E+3
922,253	0,181	0,100	1,053E+1	2,400E+1	3,500E+3	3,494E+3
923,252	0,181	0,100	1,053E+1	2,400E+1	3,500E+3	3,484E+3
924,253	0,181	0,100	1,053E+1	2,400E+1	3,500E+3	3,496E+3
925,252	0,181	0,100	1,053E+1	2,400E+1	3,500E+3	3,509E+3
926,253	0,181	0,100	1,052E+1	2,400E+1	3,500E+3	3,485E+3
927,252	0,181	0,100	1,052E+1	2,400E+1	3,500E+3	3,498E+3
928,252	0,181	0,100	1,052E+1	2,400E+1	3,500E+3	3,484E+3
929,253	0,181	0,100	1,053E+1	2,400E+1	3,500E+3	3,492E+3
930,252	0,181	0,100	1,053E+1	2,400E+1	3,500E+3	3,500E+3
931,253	0,181	0,100	1,053E+1	2,400E+1	3,500E+3	3,502E+3
932,253	0,181	0,100	1,053E+1	2,400E+1	3,500E+3	3,494E+3
933,254	0,181	0,100	1,053E+1	2,400E+1	3,500E+3	3,499E+3
934,253	0,181	0,100	1,053E+1	2,400E+1	3,500E+3	3,495E+3
935,254	0,181	0,100	1,053E+1	2,400E+1	3,500E+3	3,504E+3
936,254	0,181	0,100	1,053E+1	2,400E+1	3,500E+3	3,490E+3
937,253	0,181	0,100	1,053E+1	2,400E+1	3,500E+3	3,499E+3
938,254	0,181	0,100	1,053E+1	2,400E+1	3,500E+3	3,507E+3
939,253	0,181	0,100	1,053E+1	2,400E+1	3,500E+3	3,503E+3
940,254	0,181	0,100	1,053E+1	2,400E+1	3,500E+3	3,508E+3
941,254	0,181	0,100	1,054E+1	2,400E+1	3,500E+3	3,502E+3
942,256	0,181	0,100	1,054E+1	2,400E+1	3,500E+3	3,489E+3
943,255	0,181	0,100	1,053E+1	2,400E+1	3,500E+3	3,512E+3
944,256	0,181	0,100	1,053E+1	2,400E+1	3,500E+3	3,500E+3
945,255	0,181	0,100	1,053E+1	2,400E+1	3,500E+3	3,492E+3
946,255	0,181	0,100	1,054E+1	2,400E+1	3,500E+3	3,502E+3
947,256	0,181	0,100	1,054E+1	2,400E+1	3,500E+3	3,508E+3
948,255	0,181	0,100	1,054E+1	2,400E+1	3,500E+3	3,491E+3
949,256	0,181	0,100	1,054E+1	2,400E+1	3,500E+3	3,501E+3
950,255	0,181	0,100	1,054E+1	2,400E+1	3,500E+3	3,506E+3
951,256	0,181	0,100	1,055E+1	2,400E+1	3,500E+3	3,525E+3
952,255	0,181	0,100	1,054E+1	2,400E+1	3,500E+3	3,512E+3
953,255	0,181	0,100	1,054E+1	2,400E+1	3,500E+3	3,506E+3
954,256	0,181	0,100	1,055E+1	2,400E+1	3,500E+3	3,526E+3
955,255	0,181	0,100	1,055E+1	2,400E+1	3,500E+3	3,514E+3
956,256	0,181	0,100	1,054E+1	2,400E+1	3,500E+3	3,496E+3
957,257	0,181	0,100	1,054E+1	2,400E+1	3,500E+3	3,503E+3
958,256	0,181	0,100	1,055E+1	2,400E+1	3,500E+3	3,494E+3
959,258	0,181	0,100	1,055E+1	2,400E+1	3,500E+3	3,514E+3
960,258	0,181	0,100	1,055E+1	2,400E+1	3,500E+3	3,512E+3
961,259	0,181	0,100	1,055E+1	2,400E+1	3,500E+3	3,507E+3
962,259	0,181	0,100	1,055E+1	2,400E+1	3,500E+3	3,497E+3
963,260	0,181	0,100	1,055E+1	2,400E+1	3,500E+3	3,506E+3
964,262	0,181	0,100	1,055E+1	2,400E+1	3,500E+3	3,514E+3
965,261	0,181	0,100	1,055E+1	2,400E+1	3,500E+3	3,508E+3
966,263	0,181	0,100	1,055E+1	2,400E+1	3,500E+3	3,488E+3
967,262	0,181	0,100	1,056E+1	2,400E+1	3,500E+3	3,500E+3
968,263	0,181	0,100	1,056E+1	2,400E+1	3,500E+3	3,498E+3
969,263	0,181	0,100	1,056E+1	2,400E+1	3,500E+3	3,492E+3
970,263	0,181	0,100	1,057E+1	2,400E+1	3,500E+3	3,501E+3
971,265	0,181	0,100	1,056E+1	2,400E+1	3,500E+3	3,502E+3
972,264	0,181	0,100	1,056E+1	2,400E+1	3,500E+3	3,499E+3
973,266	0,181	0,100	1,055E+1	2,400E+1	3,500E+3	3,494E+3
974,265	0,181	0,100	1,056E+1	2,400E+1	3,500E+3	3,511E+3
975,267	0,181	0,100	1,056E+1	2,400E+1	3,500E+3	3,502E+3
976,267	0,181	0,100	1,056E+1	2,400E+1	3,500E+3	3,499E+3
977,267	0,181	0,100	1,056E+1	2,400E+1	3,500E+3	3,512E+3
978,269	0,181	0,100	1,057E+1	2,400E+1	3,500E+3	3,503E+3
979,269	0,181	0,100	1,057E+1	2,400E+1	3,500E+3	3,498E+3
980,268	0,181	0,100	1,057E+1	2,400E+1	3,500E+3	3,498E+3
981,269	0,181	0,100	1,056E+1	2,400E+1	3,500E+3	3,510E+3
982,268	0,181	0,100	1,056E+1	2,400E+1	3,500E+3	3,498E+3
983,269	0,181	0,100	1,057E+1	2,400E+1	3,500E+3	3,514E+3
984,268	0,181	0,100	1,057E+1	2,400E+1	3,500E+3	3,488E+3
985,269	0,181	0,100	1,057E+1	2,400E+1	3,500E+3	3,512E+3
986,271	0,181	0,100	1,057E+1	2,400E+1	3,500E+3	3,506E+3
987,270	0,181	0,100	1,057E+1	2,400E+1	3,500E+3	3,494E+3
988,271	0,181	0,100	1,057E+1	2,400E+1	3,500E+3	3,499E+3
989,271	0,181	0,100	1,057E+1	2,400E+1	3,500E+3	3,493E+3
990,272	0,181	0,100	1,057E+1	2,400E+1	3,500E+3	3,505E+3
991,272	0,181	0,100	1,057E+1	2,400E+1	3,500E+3	3,489E+3
992,273	0,181	0,100	1,057E+1	2,400E+1	3,500E+3	3,504E+3
993,275	0,181	0,100	1,057E+1	2,400E+1	3,500E+3	3,506E+3
994,274	0,181	0,100	1,057E+1	2,400E+1	3,500E+3	3,498E+3
995,276	0,181	0,100	1,057E+1	2,400E+1	3,500E+3	3,503E+3
996,275	0,181	0,100	1,057E+1	2,400E+1	3,500E+3	3,495E+3
997,276	0,181	0,100	1,058E+1	2,400E+1	3,500E+3	3,506E+3
998,275	0,181	0,100	1,058E+1	2,400E+1	3,500E+3	3,487E+3
999,276	0,181	0,100	1,057E+1	2,400E+1	3,500E+3	3,509E+3
1000,276	0,181	0,100	1,057E+1	2,400E+1	3,500E+3	3,493E+3
1001,277	0,181	0,100	1,058E+1	2,400E+1	3,500E+3	3,502E+3
1002,277	0,181	0,100	1,058E+1	2,400E+1	3,500E+3	3,513E+3
1003,277	0,181	0,100	1,058E+1	2,400E+1	3,500E+3	3,502E+3
1004,278	0,181	0,100	1,058E+1	2,400E+1	3,500E+3	3,494E+3
1005,277	0,181	0,100	1,058E+1	2,400E+1	3,500E+3	3,497E+3
1006,279	0,181	0,100	1,059E+1	2,400E+1	3,500E+3	3,506E+3
1007,278	0,181	0,100	1,059E+1	2,400E+1	3,500E+3	3,498E+3
1008,278	0,181	0,100	1,058E+1	2,400E+1	3,500E+3	3,506E+3
1009,279	0,181	0,100	1,059E+1	2,400E+1	3,500E+3	3,496E+3
1010,279	0,181	0,100	1,059E+1	2,400E+1	3,500E+3	3,507E+3
1011,280	0,181	0,100	1,058E+1	2,400E+1	3,500E+3	3,503E+3
1012,280	0,181	0,100	1,059E+1	2,400E+1	3,500E+3	3,492E+3
1013,282	0,181	0,100	1,059E+1	2,400E+1	3,500E+3	3,498E+3
1014,283	0,181	0,100	1,059E+1	2,400E+1	3,500E+3	3,507E+3
1015,282	0,181	0,100	1,059E+1	2,400E+1	3,500E+3	3,507E+3
1016,284	0,181	0,100	1,059E+1	2,400E+1	3,500E+3	3,498E+3
1017,284	0,181	0,100	1,059E+1	2,400E+1	3,500E+3	3,494E+3
1018,285	0,181	0,100	1,059E+1	2,400E+1	3,500E+3	3,496E+3
1019,285	0,181	0,100	1,059E+1	2,400E+1	3,500E+3	3,493E+3
1020,286	0,181	0,100	1,060E+1	2,400E+1	3,500E+3	3,508E+3
1021,287	0,181	0,100	1,059E+1	2,400E+1	3,500E+3	3,506E+3
1022,286	0,181	0,100	1,059E+1	2,400E+1	3,500E+3	3,482E+3
1023,287	0,181	0,100	1,059E+1	2,400E+1	3,500E+3	3,503E+3
1024,286	0,181	0,100	1,059E+1	2,400E+1	3,500E+3	3,506E+3
1025,287	0,181	0,100	1,059E+1	2,400E+1	3,500E+3	3,495E+3
1026,286	0,181	0,100	1,059E+1	2,400E+1	3,500E+3	3,503E+3
1027,286	0,181	0,100	1,059E+1	2,400E+1	3,500E+3	3,515E+3
1028,287	0,181	0,100	1,060E+1	2,400E+1	3,500E+3	3,489E+3
1029,286	0,181	0,100	1,060E+1	2,400E+1	3,500E+3	3,506E+3
1030,287	0,181	0,100	1,060E+1	2,400E+1	3,500E+3	3,500E+3
1031,287	0,181	0,100	1,060E+1	2,400E+1	3,500E+3	3,503E+3
1032,289	0,181	0,100	1,060E+1	2,400E+1	3,500E+3	3,495E+3
1033,290	0,181	0,100	1,060E+1	2,400E+1	3,500E+3	3,489E+3
1034,289	0,181	0,100	1,060E+1	2,400E+1	3,500E+3	3,502E+3
1035,290	0,181	0,100	1,060E+1	2,400E+1	3,500E+3	3,503E+3
1036,289	0,181	0,100	1,061E+1	2,400E+1	3,500E+3	3,483E+3
1037,290	0,181	0,100	1,061E+1	2,400E+1	3,500E+3	3,502E+3
1038,289	0,181	0,100	1,060E+1	2,400E+1	3,500E+3	3,503E+3
1039,291	0,181	0,100	1,060E+1	2,400E+1	3,500E+3	3,503E+3
1040,291	0,181	0,100	1,061E+1	2,400E+1	3,500E+3	3,500E+3
1041,291	0,181	0,100	1,061E+1	2,400E+1	3,500E+3	3,511E+3
1042,292	0,181	0,100	1,061E+1	2,400E+1	3,500E+3	3,503E+3
1043,291	0,181	0,100	1,061E+1	2,400E+1	3,500E+3	3,509E+3
1044,292	0,181	0,100	1,061E+1	2,400E+1	3,500E+3	3,500E+3
1045,291	0,181	0,100	1,061E+1	2,400E+1	3,500E+3	3,506E+3
1046,291	0,181	0,100	1,061E+1	2,400E+1	3,500E+3	3,512E+3
1047,292	0,181	0,100	1,060E+1	2,400E+1	3,500E+3	3,493E+3
1048,291	0,181	0,100	1,060E+1	2,400E+1	3,500E+3	3,507E+3
1049,292	0,181	0,100	1,061E+1	2,400E+1	3,500E+3	3,498E+3
1050,291	0,181	0,100	1,062E+1	2,400E+1	3,500E+3	3,510E+3
1051,291	0,181	0,100	1,062E+1	2,400E+1	3,500E+3	3,521E+3
1052,292	0,181	0,100	1,061E+1	2,400E+1	3,500E+3	3,507E+3
1053,291	0,181	0,100	1,061E+1	2,400E+1	3,500E+3	3,503E+3
1054,292	0,181	0,100	1,062E+1	2,400E+1	3,500E+3	3,508E+3
1055,292	0,181	0,100	1,061E+1	2,400E+1	3,500E+3	3,519E+3
1056,293	0,181	0,100	1,061E+1	2,400E+1	3,500E+3	3,488E+3
1057,292	0,181	0,100	1,062E+1	2,400E+1	3,500E+3	3,510E+3
1058,293	0,181	0,100	1,061E+1	2,400E+1	3,500E+3	3,492E+3
1059,295	0,181	0,100	1,061E+1	2,400E+1	3,500E+3	3,502E+3
1060,294	0,181	0,100	1,061E+1	2,400E+1	3,500E+3	3,510E+3
1061,294	0,181	0,100	1,061E+1	2,400E+1	3,500E+3	3,512E+3
1062,295	0,181	0,100	1,062E+1	2,400E+1	3,500E+3	3,486E+3
1063,294	0,181	0,100	1,062E+1	2,400E+1	3,500E+3	3,494E+3
1064,295	0,181	0,100	1,062E+1	2,400E+1	3,500E+3	3,507E+3
1065,294	0,181	0,100	1,062E+1	2,400E+1	3,500E+3	3,504E+3
1066,294	0,181	0,100	1,062E+1	2,400E+1	3,500E+3	3,499E+3
1067,296	0,181	0,100	1,063E+1	2,400E+1	3,500E+3	3,511E+3
1068,296	0,181	0,100	1,063E+1	2,400E+1	3,500E+3	3,508E+3
1069,297	0,181	0,100	1,063E+1	2,400E+1	3,500E+3	3,501E+3
1070,296	0,181	0,100	1,063E+1	2,400E+1	3,500E+3	3,500E+3
1071,298	0,181	0,100	1,062E+1	2,400E+1	3,500E+3	3,507E+3
1072,297	0,181	0,100	1,062E+1	2,400E+1	3,500E+3	3,498E+3
1073,298	0,181	0,100	1,063E+1	2,400E+1	3,500E+3	3,491E+3
1074,298	0,181	0,100	1,063E+1	2,400E+1	3,500E+3	3,490E+3
1075,297	0,181	0,100	1,063E+1	2,400E+1	3,500E+3	3,497E+3
1076,298	0,181	0,100	1,064E+1	2,400E+1	3,500E+3	3,481E+3
1077,297	0,181	0,100	1,062E+1	2,400E+1	3,500E+3	3,498E+3
1078,298	0,181	0,100	1,062E+1	2,400E+1	3,500E+3	3,506E+3
1079,297	0,181	0,100	1,062E+1	2,400E+1	3,500E+3	3,503E+3
1080,298	0,181	0,100	1,062E+1	2,400E+1	3,500E+3	3,503E+3
1081,298	0,181	0,100	1,064E+1	2,400E+1	3,500E+3	3,494E+3
1082,297	0,181	0,100	1,063E+1	2,400E+1	3,500E+3	3,492E+3
1083,298	0,181	0,100	1,063E+1	2,400E+1	3,500E+3	3,488E+3
1084,297	0,181	0,100	1,063E+1	2,400E+1	3,500E+3	3,516E+3
1085,298	0,181	0,100	1,063E+1	2,400E+1	3,500E+3	3,511E+3
1086,297	0,181	0,100	1,063E+1	2,400E+1	3,500E+3	3,503E+3
1087,297	0,181	0,100	1,063E+1	2,400E+1	3,500E+3	3,507E+3
1088,298	0,181	0,100	1,063E+1	2,400E+1	3,500E+3	3,507E+3
1089,297	0,181	0,100	1,064E+1	2,400E+1	3,500E+3	3,503E+3
1090,298	0,181	0,100	1,064E+1	2,400E+1	3,500E+3	3,499E+3
1091,297	0,181	0,100	1,063E+1	2,400E+1	3,500E+3	3,493E+3
1092,298	0,181	0,100	1,063E+1	2,400E+1	3,500E+3	3,490E+3
1093,298	0,181	0,100	1,064E+1	2,400E+1	3,500E+3	3,499E+3
1094,298	0,181	0,100	1,064E+1	2,400E+1	3,500E+3	3,502E+3
1095,299	0,181	0,100	1,064E+1	2,400E+1	3,500E+3	3,501E+3
1096,298	0,181	0,100	1,064E+1	2,400E+1	3,500E+3	3,506E+3
1097,300	0,181	0,100	1,065E+1	2,400E+1	3,500E+3	3,494E+3
1098,300	0,181	0,100	1,065E+1	2,400E+1	3,500E+3	3,498E+3
1099,301	0,181	0,100	1,064E+1	2,400E+1	3,500E+3	3,494E+3
1100,301	0,181	0,100	1,064E+1	2,400E+1	3,500E+3	3,504E+3
1101,300	0,181	0,100	1,064E+1	2,400E+1	3,500E+3	3,508E+3
1102,301	0,181	0,100	1,064E+1	2,400E+1	3,500E+3	3,504E+3
1103,301	0,181	0,100	1,064E+1	2,400E+1	3,500E+3	3,503E+3
1104,300	0,181	0,100	1,065E+1	2,400E+1	3,500E+3	3,483E+3
1105,302	0,181	0,100	1,065E+1	2,400E+1	3,500E+3	3,507E+3
1106,301	0,181	0,100	1,065E+1	2,400E+1	3,500E+3	3,508E+3
1107,302	0,181	0,100	1,065E+1	2,400E+1	3,500E+3	3,489E+3
1108,301	0,181	0,100	1,065E+1	2,400E+1	3,500E+3	3,503E+3
1109,301	0,181	0,100	1,065E+1	2,400E+1	3,500E+3	3,502E+3
1110,303	0,181	0,100	1,065E+1	2,400E+1	3,500E+3	3,496E+3
1111,302	0,181	0,100	1,065E+1	2,400E+1	3,500E+3	3,504E+3
1112,303	0,181	0,100	1,065E+1	2,400E+1	3,500E+3	3,508E+3
1113,302	0,181	0,100	1,065E+1	2,400E+1	3,500E+3	3,509E+3
1114,303	0,181	0,100	1,065E+1	2,400E+1	3,500E+3	3,508E+3
1115,303	0,181	0,100	1,065E+1	2,400E+1	3,500E+3	3,500E+3
1116,303	0,181	0,100	1,065E+1	2,400E+1	3,500E+3	3,499E+3
1117,304	0,181	0,100	1,065E+1	2,400E+1	3,500E+3	3,498E+3
1118,303	0,181	0,100	1,065E+1	2,400E+1	3,500E+3	3,498E+3
1119,304	0,181	0,100	1,065E+1	2,400E+1	3,500E+3	3,502E+3
1120,304	0,181	0,100	1,065E+1	2,400E+1	3,500E+3	3,495E+3
1121,305	0,181	0,100	1,065E+1	2,400E+1	3,500E+3	3,502E+3
1122,304	0,181	0,100	1,065E+1	2,400E+1	3,500E+3	3,503E+3
1123,304	0,181	0,100	1,066E+1	2,400E+1	3,500E+3	3,503E+3
1124,306	0,181	0,100	1,066E+1	2,400E+1	3,500E+3	3,508E+3
1125,305	0,181	0,100	1,066E+1	2,400E+1	3,500E+3	3,498E+3
1126,307	0,181	0,100	1,066E+1	2,400E+1	3,500E+3	3,505E+3
1127,306	0,181	0,100	1,066E+1	2,400E+1	3,500E+3	3,500E+3
1128,307	0,181	0,100	1,065E+1	2,400E+1	3,500E+3	3,516E+3
1129,306	0,181	0,100	1,065E+1	2,400E+1	3,500E+3	3,480E+3
1130,306	0,181	0,100	1,065E+1	2,400E+1	3,500E+3	3,482E+3
1131,307	0,181	0,100	1,065E+1	2,400E+1	3,500E+3	3,506E+3
1132,306	0,181	0,100	1,066E+1	2,400E+1	3,500E+3	3,506E+3
1133,307	0,181	0,100	1,066E+1	2,400E+1	3,500E+3	3,490E+3
1134,306	0,181	0,100	1,066E+1	2,400E+1	3,500E+3	3,497E+3
1135,306	0,181	0,100	1,067E+1	2,400E+1	3,500E+3	3,507E+3
1136,307	0,181	0,100	1,066E+1	2,400E+1	3,500E+3	3,500E+3
1137,306	0,181	0,100	1,066E+1	2,400E+1	3,500E+3	3,513E+3
1138,307	0,181	0,100	1,067E+1	2,400E+1	3,500E+3	3,484E+3
1139,306	0,181	0,100	1,067E+1	2,400E+1	3,500E+3	3,497E+3
1140,307	0,181	0,100	1,067E+1	2,400E+1	3,500E+3	3,492E+3
1141,308	0,181	0,100	1,067E+1	2,400E+1	3,500E+3	3,494E+3
1142,308	0,181	0,100	1,067E+1	2,400E+1	3,500E+3	3,503E+3
1143,309	0,181	0,100	1,067E+1	2,400E+1	3,500E+3	3,507E+3
1144,310	0,181	0,100	1,067E+1	2,400E+1	3,500E+3	3,498E+3
1145,309	0,181	0,100	1,067E+1	2,400E+1	3,500E+3	3,487E+3
1146,310	0,181	0,100	1,066E+1	2,400E+1	3,500E+3	3,512E+3
1147,309	0,181	0,100	1,066E+1	2,400E+1	3,500E+3	3,495E+3
1148,310	0,181	0,100	1,067E+1	2,400E+1	3,500E+3	3,502E+3
1149,309	0,181	0,100	1,066E+1	2,400E+1	3,500E+3	3,485E+3
1150,309	0,181	0,100	1,066E+1	2,400E+1	3,500E+3	3,498E+3
1151,310	0,181	0,100	1,066E+1	2,400E+1	3,500E+3	3,498E+3
1152,309	0,181	0,100	1,066E+1	2,400E+1	3,500E+3	3,502E+3
1153,310	0,181	0,100	1,067E+1	2,400E+1	3,500E+3	3,494E+3
1154,309	0,181	0,100	1,067E+1	2,400E+1	3,500E+3	3,493E+3
1155,311	0,181	0,100	1,068E+1	2,400E+1	3,500E+3	3,517E+3
1156,310	0,181	0,100	1,067E+1	2,400E+1	3,500E+3	3,509E+3
1157,310	0,181	0,100	1,067E+1	2,400E+1	3,500E+3	3,494E+3
1158,312	0,181	0,100	1,067E+1	2,400E+1	3,500E+3	3,494E+3
1159,311	0,181	0,100	1,068E+1	2,400E+1	3,500E+3	3,460E+3
1160,312	0,181	0,100	1,068E+1	2,400E+1	3,500E+3	3,498E+3
1161,311	0,181	0,100	1,068E+1	2,400E+1	3,500E+3	3,494E+3
1162,312	0,181	0,100	1,068E+1	2,400E+1	3,500E+3	3,487E+3
1163,312	0,181	0,100	1,068E+1	2,400E+1	3,500E+3	3,506E+3
1164,311	0,181	0,100	1,068E+1	2,400E+1	3,500E+3	3,491E+3
1165,312	0,181	0,100	1,068E+1	2,400E+1	3,500E+3	3,503E+3
1166,311	0,181	0,100	1,068E+1	2,400E+1	3,500E+3	3,505E+3
1167,313	0,181	0,100	1,068E+1	2,400E+1	3,500E+3	3,509E+3
1168,313	0,181	0,100	1,068E+1	2,400E+1	3,500E+3	3,494E+3
1169,315	0,181	0,100	1,068E+1	2,400E+1	3,500E+3	3,510E+3
1170,315	0,181	0,100	1,068E+1	2,400E+1	3,500E+3	3,510E+3
1171,314	0,181	0,100	1,069E+1	2,400E+1	3,500E+3	3,498E+3
1172,315	0,181	0,100	1,069E+1	2,400E+1	3,500E+3	3,515E+3
1173,314	0,181	0,100	1,069E+1	2,400E+1	3,500E+3	3,497E+3
1174,315	0,181	0,100	1,068E+1	2,400E+1	3,500E+3	3,501E+3
1175,314	0,181	0,100	1,068E+1	2,400E+1	3,500E+3	3,504E+3
1176,316	0,181	0,100	1,069E+1	2,400E+1	3,500E+3	3,512E+3
1177,315	0,181	0,100	1,069E+1	2,400E+1	3,500E+3	3,502E+3
1178,315	0,181	0,100	1,069E+1	2,400E+1	3,500E+3	3,507E+3
1179,317	0,181	0,100	1,070E+1	2,400E+1	3,500E+3	3,506E+3
1180,317	0,181	0,100	1,069E+1	2,400E+1	3,500E+3	3,512E+3
1181,319	0,181	0,100	1,069E+1	2,400E+1	3,500E+3	3,502E+3
1182,318	0,181	0,100	1,069E+1	2,400E+1	3,500E+3	3,511E+3
1183,319	0,181	0,100	1,069E+1	2,400E+1	3,500E+3	3,504E+3
1184,319	0,181	0,100	1,070E+1	2,400E+1	3,500E+3	3,496E+3
1185,319	0,181	0,100	1,070E+1	2,400E+1	3,500E+3	3,502E+3
1186,320	0,181	0,100	1,070E+1	2,400E+1	3,500E+3	3,494E+3
1187,319	0,181	0,100	1,070E+1	2,400E+1	3,500E+3	3,486E+3
1188,319	0,181	0,100	1,070E+1	2,400E+1	3,500E+3	3,502E+3
1189,320	0,181	0,100	1,069E+1	2,400E+1	3,500E+3	3,510E+3
1190,321	0,181	0,100	1,069E+1	2,400E+1	3,500E+3	3,520E+3
1191,321	0,181	0,100	1,069E+1	2,400E+1	3,500E+3	3,495E+3
1192,322	0,181	0,100	1,069E+1	2,400E+1	3,500E+3	3,477E+3
1193,321	0,181	0,100	1,071E+1	2,400E+1	3,500E+3	3,497E+3
1194,322	0,181	0,100	1,070E+1	2,400E+1	3,500E+3	3,494E+3
1195,321	0,181	0,100	1,070E+1	2,400E+1	3,500E+3	3,511E+3
1196,321	0,181	0,100	1,069E+1	2,400E+1	3,500E+3	3,489E+3
1197,322	0,181	0,100	1,070E+1	2,400E+1	3,500E+3	3,503E+3
1198,321	0,181	0,100	1,070E+1	2,400E+1	3,500E+3	3,511E+3
1199,322	0,181	0,100	1,069E+1	2,400E+1	3,500E+3	3,503E+3
1200,321	0,181	0,100	1,069E+1	2,400E+1	3,500E+3	3,527E+3
1201,322	0,181	0,100	1,069E+1	2,400E+1	3,500E+3	3,508E+3
1202,321	0,181	0,100	1,070E+1	2,400E+1	3,500E+3	3,494E+3
1203,322	0,181	0,100	1,070E+1	2,400E+1	3,500E+3	3,510E+3
1204,323	0,181	0,100	1,070E+1	2,400E+1	3,500E+3	3,501E+3
1205,322	0,181	0,100	1,069E+1	2,400E+1	3,500E+3	3,489E+3
1206,324	0,181	0,100	1,071E+1	2,400E+1	3,500E+3	3,492E+3
1207,324	0,181	0,100	1,071E+1	2,400E+1	3,500E+3	3,489E+3
1208,325	0,181	0,100	1,070E+1	2,400E+1	3,500E+3	3,529E+3
1209,325	0,181	0,100	1,071E+1	2,400E+1	3,500E+3	3,502E+3
1210,324	0,181	0,100	1,071E+1	2,400E+1	3,500E+3	3,494E+3
1211,325	0,181	0,100	1,070E+1	2,400E+1	3,500E+3	3,508E+3
1212,325	0,181	0,100	1,070E+1	2,400E+1	3,500E+3	3,500E+3
1213,327	0,181	0,100	1,070E+1	2,400E+1	3,500E+3	3,507E+3
1214,326	0,181	0,100	1,070E+1	2,400E+1	3,500E+3	3,508E+3
1215,327	0,181	0,100	1,071E+1	2,400E+1	3,500E+3	3,503E+3
1216,327	0,181	0,100	1,071E+1	2,400E+1	3,500E+3	3,503E+3
1217,326	0,181	0,100	1,071E+1	2,400E+1	3,500E+3	3,503E+3
1218,327	0,181	0,100	1,071E+1	2,400E+1	3,500E+3	3,512E+3
1219,326	0,181	0,100	1,071E+1	2,400E+1	3,500E+3	3,489E+3
1220,327	0,181	0,100	1,071E+1	2,400E+1	3,500E+3	3,501E+3
1221,326	0,181	0,100	1,071E+1	2,400E+1	3,500E+3	3,503E+3
1222,326	0,181	0,100	1,071E+1	2,400E+1	3,500E+3	3,492E+3
1223,327	0,181	0,100	1,071E+1	2,400E+1	3,500E+3	3,464E+3
1224,326	0,181	0,100	1,070E+1	2,400E+1	3,500E+3	3,489E+3
1225,328	0,181	0,100	1,070E+1	2,400E+1	3,500E+3	3,502E+3
1226,327	0,181	0,100	1,071E+1	2,400E+1	3,500E+3	3,484E+3
1227,329	0,181	0,100	1,072E+1	2,400E+1	3,500E+3	3,494E+3
1228,328	0,181	0,100	1,072E+1	2,400E+1	3,500E+3	3,498E+3
1229,329	0,181	0,100	1,070E+1	2,400E+1	3,500E+3	3,492E+3
1230,331	0,181	0,100	1,072E+1	2,400E+1	3,500E+3	3,514E+3
1231,330	0,181	0,100	1,072E+1	2,400E+1	3,500E+3	3,502E+3
1232,330	0,181	0,100	1,071E+1	2,400E+1	3,500E+3	3,494E+3
1233,332	0,181	0,100	1,072E+1	2,400E+1	3,500E+3	3,497E+3
1234,331	0,181	0,100	1,072E+1	2,400E+1	3,500E+3	3,506E+3
1235,333	0,181	0,100	1,072E+1	2,400E+1	3,500E+3	3,496E+3
1236,332	0,181	0,100	1,072E+1	2,400E+1	3,500E+3	3,496E+3
1237,334	0,181	0,100	1,072E+1	2,400E+1	3,500E+3	3,496E+3
1238,334	0,181	0,100	1,073E+1	2,400E+1	3,500E+3	3,498E+3
1239,333	0,181	0,100	1,073E+1	2,400E+1	3,500E+3	3,498E+3
1240,334	0,181	0,100	1,073E+1	2,400E+1	3,500E+3	3,536E+3
1241,333	0,181	0,100	1,072E+1	2,400E+1	3,500E+3	3,498E+3
1242,334	0,181	0,100	1,072E+1	2,400E+1	3,500E+3	3,500E+3
1243,333	0,181	0,100	1,072E+1	2,400E+1	3,500E+3	3,515E+3
1244,334	0,181	0,100	1,073E+1	2,400E+1	3,500E+3	3,521E+3
1245,334	0,181	0,100	1,073E+1	2,400E+1	3,500E+3	3,509E+3
1246,333	0,181	0,100	1,072E+1	2,400E+1	3,500E+3	3,503E+3
1247,334	0,181	0,100	1,072E+1	2,400E+1	3,500E+3	3,511E+3
1248,333	0,181	0,100	1,071E+1	2,400E+1	3,500E+3	3,510E+3
1249,334	0,181	0,100	1,072E+1	2,400E+1	3,500E+3	3,502E+3
1250,333	0,181	0,100	1,073E+1	2,400E+1	3,500E+3	3,512E+3
1251,333	0,181	0,100	1,072E+1	2,400E+1	3,500E+3	3,503E+3
1252,334	0,181	0,100	1,072E+1	2,400E+1	3,500E+3	3,502E+3
1253,333	0,181	0,100	1,073E+1	2,400E+1	3,500E+3	3,512E+3
1254,334	0,181	0,100	1,073E+1	2,400E+1	3,500E+3	3,505E+3
1255,333	0,181	0,100	1,073E+1	2,400E+1	3,500E+3	3,505E+3
1256,334	0,181	0,100	1,073E+1	2,400E+1	3,500E+3	3,507E+3
1257,333	0,181	0,100	1,073E+1	2,400E+1	3,500E+3	3,503E+3
1258,333	0,181	0,100	1,073E+1	2,400E+1	3,500E+3	3,501E+3
1259,334	0,181	0,100	1,073E+1	2,400E+1	3,500E+3	3,501E+3
1260,333	0,181	0,100	1,073E+1	2,400E+1	3,500E+3	3,505E+3
1261,334	0,181	0,100	1,073E+1	2,400E+1	3,500E+3	3,500E+3
1262,335	0,181	0,100	1,072E+1	2,400E+1	3,500E+3	3,499E+3
1263,335	0,181	0,100	1,072E+1	2,400E+1	3,500E+3	3,509E+3
1264,334	0,181	0,100	1,073E+1	2,400E+1	3,500E+3	3,513E+3
1265,335	0,181	0,100	1,073E+1	2,400E+1	3,500E+3	3,503E+3
1266,334	0,181	0,100	1,073E+1	2,400E+1	3,500E+3	3,503E+3
1267,335	0,181	0,100	1,074E+1	2,400E+1	3,500E+3	3,503E+3
1268,334	0,181	0,100	1,074E+1	2,400E+1	3,500E+3	3,495E+3
1269,336	0,181	0,100	1,074E+1	2,400E+1	3,500E+3	3,503E+3
1270,336	0,181	0,100	1,074E+1	2,400E+1	3,500E+3	3,507E+3
1271,335	0,181	0,100	1,074E+1	2,400E+1	3,500E+3	3,526E+3
1272,337	0,181	0,100	1,073E+1	2,400E+1	3,500E+3	3,505E+3
1273,336	0,181	0,100	1,073E+1	2,400E+1	3,500E+3	3,488E+3
1274,337	0,181	0,100	1,075E+1	2,400E+1	3,500E+3	3,494E+3
1275,336	0,181	0,100	1,074E+1	2,400E+1	3,500E+3	3,503E+3
1276,336	0,181	0,100	1,074E+1	2,400E+1	3,500E+3	3,511E+3
1277,337	0,181	0,100	1,073E+1	2,400E+1	3,500E+3	3,511E+3
1278,336	0,181	0,100	1,074E+1	2,400E+1	3,500E+3	3,513E+3
1279,337	0,181	0,100	1,074E+1	2,400E+1	3,500E+3	3,480E+3
1280,336	0,181	0,100	1,075E+1	2,400E+1	3,500E+3	3,491E+3
1281,337	0,181	0,100	1,074E+1	2,400E+1	3,500E+3	3,515E+3
1282,336	0,181	0,100	1,074E+1	2,400E+1	3,500E+3	3,494E+3
1283,336	0,181	0,100	1,074E+1	2,400E+1	3,500E+3	3,515E+3
1284,337	0,181	0,100	1,074E+1	2,400E+1	3,500E+3	3,487E+3
1285,337	0,181	0,100	1,074E+1	2,400E+1	3,500E+3	3,493E+3
1286,338	0,181	0,100	1,074E+1	2,400E+1	3,500E+3	3,516E+3
1287,338	0,181	0,100	1,074E+1	2,400E+1	3,500E+3	3,499E+3
1288,339	0,181	0,100	1,074E+1	2,400E+1	3,500E+3	3,486E+3
1289,339	0,181	0,100	1,075E+1	2,400E+1	3,500E+3	3,485E+3
1290,341	0,181	0,100	1,075E+1	2,400E+1	3,500E+3	3,516E+3
1291,340	0,181	0,100	1,075E+1	2,400E+1	3,500E+3	3,505E+3
1292,341	0,181	0,100	1,076E+1	2,400E+1	3,500E+3	3,501E+3
1293,342	0,181	0,100	1,076E+1	2,400E+1	3,500E+3	3,503E+3
1294,341	0,181	0,100	1,076E+1	2,400E+1	3,500E+3	3,510E+3
1295,342	0,181	0,100	1,075E+1	2,400E+1	3,500E+3	3,506E+3
1296,341	0,181	0,100	1,075E+1	2,400E+1	3,500E+3	3,498E+3
1297,342	0,181	0,100	1,076E+1	2,400E+1	3,500E+3	3,499E+3
1298,342	0,181	0,100	1,075E+1	2,400E+1	3,500E+3	3,516E+3
1299,342	0,181	0,100	1,075E+1	2,400E+1	3,500E+3	3,525E+3
1300,343	0,181	0,100	1,075E+1	2,400E+1	3,500E+3	3,494E+3
1301,343	0,181	0,100	1,075E+1	2,400E+1	3,500E+3	3,510E+3
1302,345	0,181	0,100	1,075E+1	2,400E+1	3,500E+3	3,506E+3
1303,344	0,181	0,100	1,075E+1	2,400E+1	3,500E+3	3,499E+3
1304,345	0,181	0,100	1,075E+1	2,400E+1	3,500E+3	3,506E+3
1305,344	0,181	0,100	1,076E+1	2,400E+1	3,500E+3	3,504E+3
1306,344	0,181	0,100	1,076E+1	2,400E+1	3,500E+3	3,497E+3
1307,346	0,181	0,100	1,075E+1	2,400E+1	3,500E+3	3,500E+3
1308,345	0,181	0,100	1,076E+1	2,400E+1	3,500E+3	3,505E+3
1309,346	0,181	0,100	1,076E+1	2,400E+1	3,500E+3	3,487E+3
1310,346	0,181	0,100	1,075E+1	2,400E+1	3,500E+3	3,500E+3
1311,347	0,181	0,100	1,075E+1	2,400E+1	3,500E+3	3,501E+3
1312,348	0,181	0,100	1,075E+1	2,400E+1	3,500E+3	3,516E+3
1313,347	0,181	0,100	1,076E+1	2,400E+1	3,500E+3	3,495E+3
1314,348	0,181	0,100	1,076E+1	2,400E+1	3,500E+3	3,503E+3
1315,347	0,181	0,100	1,076E+1	2,400E+1	3,500E+3	3,493E+3
1316,348	0,181	0,100	1,076E+1	2,400E+1	3,500E+3	3,498E+3
1317,348	0,181	0,100	1,076E+1	2,400E+1	3,500E+3	3,492E+3
1318,349	0,181	0,100	1,076E+1	2,400E+1	3,500E+3	3,498E+3
1319,348	0,181	0,100	1,076E+1	2,400E+1	3,500E+3	3,500E+3
1320,349	0,181	0,100	1,076E+1	2,400E+1	3,500E+3	3,503E+3
1321,348	0,181	0,100	1,076E+1	2,400E+1	3,500E+3	3,492E+3
1322,349	0,181	0,100	1,077E+1	2,400E+1	3,500E+3	3,516E+3
1323,348	0,181	0,100	1,077E+1	2,400E+1	3,500E+3	3,497E+3
1324,348	0,181	0,100	1,076E+1	2,400E+1	3,500E+3	3,494E+3
1325,350	0,181	0,100	1,076E+1	2,400E+1	3,500E+3	3,511E+3
1326,349	0,181	0,100	1,076E+1	2,400E+1	3,500E+3	3,494E+3
1327,351	0,181	0,100	1,077E+1	2,400E+1	3,500E+3	3,503E+3
1328,350	0,181	0,100	1,076E+1	2,400E+1	3,500E+3	3,498E+3
1329,351	0,181	0,100	1,076E+1	2,400E+1	3,500E+3	3,497E+3
1330,351	0,181	0,100	1,076E+1	2,400E+1	3,500E+3	3,503E+3
1331,351	0,181	0,100	1,077E+1	2,400E+1	3,500E+3	3,494E+3
1332,352	0,181	0,100	1,077E+1	2,400E+1	3,500E+3	3,492E+3
1333,351	0,181	0,100	1,077E+1	2,400E+1	3,500E+3	3,498E+3
1334,352	0,181	0,100	1,077E+1	2,400E+1	3,500E+3	3,500E+3
1335,351	0,181	0,100	1,076E+1	2,400E+1	3,500E+3	3,496E+3
1336,352	0,181	0,100	1,076E+1	2,400E+1	3,500E+3	3,504E+3
1337,351	0,181	0,100	1,076E+1	2,400E+1	3,500E+3	3,498E+3
1338,352	0,181	0,100	1,076E+1	2,400E+1	3,500E+3	3,504E+3
1339,353	0,181	0,100	1,077E+1	2,400E+1	3,500E+3	3,508E+3
1340,352	0,181	0,100	1,077E+1	2,400E+1	3,500E+3	3,493E+3
1341,353	0,181	0,100	1,077E+1	2,400E+1	3,500E+3	3,504E+3
1342,352	0,181	0,100	1,077E+1	2,400E+1	3,500E+3	3,505E+3
1343,353	0,181	0,100	1,077E+1	2,400E+1	3,500E+3	3,503E+3
1344,352	0,181	0,100	1,076E+1	2,400E+1	3,500E+3	3,504E+3
1345,353	0,181	0,100	1,077E+1	2,400E+1	3,500E+3	3,499E+3
1346,354	0,181	0,100	1,077E+1	2,400E+1	3,500E+3	3,503E+3
1347,353	0,181	0,100	1,077E+1	2,400E+1	3,500E+3	3,495E+3
1348,355	0,181	0,100	1,078E+1	2,400E+1	3,500E+3	3,496E+3
1349,354	0,181	0,100	1,078E+1	2,400E+1	3,500E+3	3,532E+3
1350,355	0,181	0,100	1,078E+1	2,400E+1	3,500E+3	3,497E+3
1351,354	0,181	0,100	1,078E+1	2,400E+1	3,500E+3	3,507E+3
1352,355	0,181	0,100	1,078E+1	2,400E+1	3,500E+3	3,494E+3
1353,355	0,181	0,100	1,078E+1	2,400E+1	3,500E+3	3,498E+3
1354,354	0,181	0,100	1,077E+1	2,400E+1	3,500E+3	3,507E+3
1355,356	0,181	0,100	1,077E+1	2,400E+1	3,500E+3	3,496E+3
1356,355	0,181	0,100	1,077E+1	2,400E+1	3,500E+3	3,499E+3
1357,356	0,181	0,100	1,077E+1	2,400E+1	3,500E+3	3,503E+3
1358,355	0,181	0,100	1,078E+1	2,400E+1	3,500E+3	3,492E+3
1359,355	0,181	0,100	1,078E+1	2,400E+1	3,500E+3	3,512E+3
1360,357	0,181	0,100	1,078E+1	2,400E+1	3,500E+3	3,503E+3
1361,356	0,181	0,100	1,078E+1	2,400E+1	3,500E+3	3,511E+3
1362,358	0,181	0,100	1,078E+1	2,400E+1	3,500E+3	3,518E+3
1363,357	0,181	0,100	1,078E+1	2,400E+1	3,500E+3	3,512E+3
1364,357	0,181	0,100	1,078E+1	2,400E+1	3,500E+3	3,498E+3
1365,358	0,181	0,100	1,078E+1	2,400E+1	3,500E+3	3,505E+3
1366,358	0,181	0,100	1,078E+1	2,400E+1	3,500E+3	3,513E+3
1367,359	0,181	0,100	1,078E+1	2,400E+1	3,500E+3	3,516E+3
1368,358	0,181	0,100	1,078E+1	2,400E+1	3,500E+3	3,515E+3
1369,359	0,181	0,100	1,078E+1	2,400E+1	3,500E+3	3,496E+3
1370,359	0,181	0,100	1,079E+1	2,400E+1	3,500E+3	3,498E+3
1371,359	0,181	0,100	1,079E+1	2,400E+1	3,500E+3	3,503E+3
1372,360	0,181	0,100	1,079E+1	2,400E+1	3,500E+3	3,492E+3
1373,359	0,181	0,100	1,079E+1	2,400E+1	3,500E+3	3,494E+3
1374,360	0,181	0,100	1,079E+1	2,400E+1	3,500E+3	3,503E+3
1375,360	0,181	0,100	1,078E+1	2,400E+1	3,500E+3	3,510E+3
1376,359	0,181	0,100	1,078E+1	2,400E+1	3,500E+3	3,498E+3
1377,360	0,181	0,100	1,078E+1	2,400E+1	3,500E+3	3,498E+3
1378,359	0,181	0,100	1,078E+1	2,400E+1	3,500E+3	3,497E+3
1379,360	0,181	0,100	1,078E+1	2,400E+1	3,500E+3	3,496E+3
1380,359	0,181	0,100	1,078E+1	2,400E+1	3,500E+3	3,483E+3
1381,360	0,181	0,100	1,078E+1	2,400E+1	3,500E+3	3,492E+3
1382,360	0,181	0,100	1,078E+1	2,400E+1	3,500E+3	3,494E+3
1383,359	0,181	0,100	1,078E+1	2,400E+1	3,500E+3	3,501E+3
1384,360	0,181	0,100	1,079E+1	2,400E+1	3,500E+3	3,496E+3
1385,360	0,181	0,100	1,079E+1	2,400E+1	3,500E+3	3,505E+3
1386,361	0,181	0,100	1,079E+1	2,400E+1	3,500E+3	3,498E+3
1387,360	0,181	0,100	1,079E+1	2,400E+1	3,500E+3	3,517E+3
1388,361	0,181	0,100	1,079E+1	2,400E+1	3,500E+3	3,493E+3
1389,360	0,181	0,100	1,079E+1	2,400E+1	3,500E+3	3,493E+3
1390,360	0,181	0,100	1,079E+1	2,400E+1	3,500E+3	3,509E+3
1391,362	0,181	0,100	1,079E+1	2,400E+1	3,500E+3	3,504E+3
1392,361	0,181	0,100	1,079E+1	2,400E+1	3,500E+3	3,512E+3
1393,362	0,181	0,100	1,079E+1	2,400E+1	3,500E+3	3,496E+3
1394,361	0,181	0,100	1,079E+1	2,400E+1	3,500E+3	3,515E+3
1395,362	0,181	0,100	1,080E+1	2,400E+1	3,500E+3	3,485E+3
1396,361	0,181	0,100	1,079E+1	2,400E+1	3,500E+3	3,505E+3
1397,361	0,181	0,100	1,079E+1	2,400E+1	3,500E+3	3,495E+3
1398,363	0,181	0,100	1,079E+1	2,400E+1	3,500E+3	3,489E+3
1399,363	0,181	0,100	1,080E+1	2,400E+1	3,500E+3	3,506E+3
1400,364	0,181	0,100	1,080E+1	2,400E+1	3,500E+3	3,498E+3
1401,364	0,181	0,100	1,079E+1	2,400E+1	3,500E+3	3,499E+3
1402,365	0,181	0,100	1,080E+1	2,400E+1	3,500E+3	3,501E+3
1403,364	0,181	0,100	1,080E+1	2,400E+1	3,500E+3	3,492E+3
1404,364	0,181	0,100	1,079E+1	2,400E+1	3,500E+3	3,481E+3
1405,366	0,181	0,100	1,080E+1	2,400E+1	3,500E+3	3,508E+3
1406,365	0,181	0,100	1,080E+1	2,400E+1	3,500E+3	3,506E+3
1407,366	0,180	0,100	1,079E+1	2,400E+1	3,500E+3	3,499E+3
1408,365	0,181	0,100	1,080E+1	2,400E+1	3,500E+3	3,511E+3
1409,367	0,181	0,100	1,080E+1	2,400E+1	3,500E+3	3,503E+3
1410,366	0,181	0,100	1,080E+1	2,400E+1	3,500E+3	3,498E+3
1411,366	0,181	0,100	1,081E+1	2,400E+1	3,500E+3	3,501E+3
1412,367	0,181	0,100	1,081E+1	2,400E+1	3,500E+3	3,502E+3
1413,366	0,181	0,100	1,080E+1	2,400E+1	3,500E+3	3,510E+3
1414,366	0,181	0,100	1,080E+1	2,400E+1	3,500E+3	3,497E+3
1415,367	0,181	0,100	1,080E+1	2,400E+1	3,500E+3	3,510E+3
1416,366	0,180	0,100	1,081E+1	2,400E+1	3,500E+3	3,463E+3
1417,367	0,181	0,100	1,081E+1	2,400E+1	3,500E+3	3,508E+3
1418,366	0,181	0,100	1,081E+1	2,400E+1	3,500E+3	3,510E+3
1419,367	0,180	0,100	1,080E+1	2,400E+1	3,500E+3	3,509E+3
1420,366	0,181	0,100	1,081E+1	2,400E+1	3,500E+3	3,492E+3
1421,366	0,181	0,100	1,081E+1	2,400E+1	3,500E+3	3,499E+3
1422,367	0,181	0,100	1,081E+1	2,400E+1	3,500E+3	3,513E+3
1423,366	0,181	0,100	1,081E+1	2,400E+1	3,500E+3	3,507E+3
1424,367	0,181	0,100	1,081E+1	2,400E+1	3,500E+3	3,502E+3
1425,366	0,180	0,100	1,080E+1	2,400E+1	3,500E+3	3,494E+3
1426,367	0,181	0,100	1,080E+1	2,400E+1	3,500E+3	3,511E+3
1427,367	0,181	0,100	1,080E+1	2,400E+1	3,500E+3	3,512E+3
1428,366	0,181	0,100	1,081E+1	2,400E+1	3,500E+3	3,510E+3
1429,367	0,180	0,100	1,081E+1	2,400E+1	3,500E+3	3,513E+3
1430,366	0,180	0,100	1,080E+1	2,400E+1	3,500E+3	3,506E+3
1431,367	0,181	0,100	1,081E+1	2,400E+1	3,500E+3	3,514E+3
1432,367	0,181	0,100	1,080E+1	2,400E+1	3,500E+3	3,498E+3
1433,369	0,181	0,100	1,080E+1	2,400E+1	3,500E+3	3,506E+3
1434,369	0,181	0,100	1,081E+1	2,400E+1	3,500E+3	3,503E+3
1435,368	0,181	0,100	1,081E+1	2,400E+1	3,500E+3	3,492E+3
1436,370	0,181	0,100	1,082E+1	2,400E+1	3,500E+3	3,509E+3
1437,369	0,181	0,100	1,081E+1	2,400E+1	3,500E+3	3,502E+3
1438,370	0,181	0,100	1,081E+1	2,400E+1	3,500E+3	3,498E+3
1439,369	0,181	0,100	1,081E+1	2,400E+1	3,500E+3	3,492E+3
1440,370	0,181	0,100	1,081E+1	2,400E+1	3,500E+3	3,506E+3
1441,371	0,181	0,100	1,081E+1	2,400E+1	3,500E+3	3,503E+3
1442,371	0,181	0,100	1,082E+1	2,400E+1	3,500E+3	3,499E+3
1443,373	0,181	0,100	1,081E+1	2,400E+1	3,500E+3	3,510E+3
1444,373	0,181	0,100	1,081E+1	2,400E+1	3,500E+3	3,516E+3
1445,375	0,181	0,100	1,082E+1	2,400E+1	3,500E+3	3,499E+3
1446,374	0,181	0,100	1,081E+1	2,400E+1	3,500E+3	3,514E+3
1447,374	0,181	0,100	1,082E+1	2,400E+1	3,500E+3	3,494E+3
1448,376	0,181	0,100	1,082E+1	2,400E+1	3,500E+3	3,507E+3
1449,375	0,181	0,100	1,082E+1	2,400E+1	3,500E+3	3,499E+3
1450,376	0,181	0,100	1,082E+1	2,400E+1	3,500E+3	3,504E+3
1451,375	0,181	0,100	1,082E+1	2,400E+1	3,500E+3	3,497E+3
1452,376	0,181	0,100	1,082E+1	2,400E+1	3,500E+3	3,500E+3
1453,375	0,181	0,100	1,082E+1	2,400E+1	3,500E+3	3,505E+3
1454,375	0,181	0,100	1,082E+1	2,400E+1	3,500E+3	3,509E+3
1455,376	0,181	0,100	1,082E+1	2,400E+1	3,500E+3	3,495E+3
1456,376	0,181	0,100	1,083E+1	2,400E+1	3,500E+3	3,498E+3
1457,377	0,181	0,100	1,083E+1	2,400E+1	3,500E+3	3,503E+3
1458,376	0,181	0,100	1,082E+1	2,400E+1	3,500E+3	3,503E+3
1459,377	0,181	0,100	1,082E+1	2,400E+1	3,500E+3	3,506E+3
1460,376	0,181	0,100	1,082E+1	2,400E+1	3,500E+3	3,505E+3
1461,376	0,181	0,100	1,082E+1	2,400E+1	3,500E+3	3,507E+3
1462,377	0,181	0,100	1,082E+1	2,400E+1	3,500E+3	3,503E+3
1463,376	0,180	0,100	1,082E+1	2,400E+1	3,500E+3	3,506E+3
1464,378	0,181	0,100	1,082E+1	2,400E+1	3,500E+3	3,494E+3
1465,377	0,181	0,100	1,082E+1	2,400E+1	3,500E+3	3,507E+3
1466,378	0,180	0,100	1,083E+1	2,400E+1	3,500E+3	3,498E+3
1467,379	0,181	0,100	1,083E+1	2,400E+1	3,500E+3	3,507E+3
1468,378	0,181	0,100	1,083E+1	2,400E+1	3,500E+3	3,494E+3
1469,379	0,181	0,100	1,082E+1	2,400E+1	3,500E+3	3,508E+3
1470,379	0,180	0,100	1,083E+1	2,400E+1	3,500E+3	3,498E+3
1471,380	0,180	0,100	1,083E+1	2,400E+1	3,500E+3	3,502E+3
1472,379	0,181	0,100	1,083E+1	2,400E+1	3,500E+3	3,503E+3
1473,380	0,180	0,100	1,082E+1	2,400E+1	3,500E+3	3,469E+3
1474,380	0,180	0,100	1,082E+1	2,400E+1	3,500E+3	3,491E+3
1475,379	0,180	0,100	1,083E+1	2,400E+1	3,500E+3	3,532E+3
1476,380	0,180	0,100	1,083E+1	2,400E+1	3,500E+3	3,489E+3
1477,380	0,180	0,100	1,083E+1	2,400E+1	3,500E+3	3,495E+3
1478,381	0,181	0,100	1,083E+1	2,400E+1	3,500E+3	3,503E+3
1479,380	0,180	0,100	1,082E+1	2,400E+1	3,500E+3	3,496E+3
1480,380	0,180	0,100	1,082E+1	2,400E+1	3,500E+3	3,498E+3
1481,381	0,181	0,100	1,082E+1	2,400E+1	3,500E+3	3,500E+3
1482,381	0,180	0,100	1,082E+1	2,400E+1	3,500E+3	3,500E+3
1483,382	0,180	0,100	1,082E+1	2,400E+1	3,500E+3	3,494E+3
1484,381	0,181	0,100	1,084E+1	2,400E+1	3,500E+3	3,502E+3
1485,382	0,181	0,100	1,083E+1	2,400E+1	3,500E+3	3,497E+3
1486,381	0,181	0,100	1,083E+1	2,400E+1	3,500E+3	3,497E+3
1487,382	0,180	0,100	1,083E+1	2,400E+1	3,500E+3	3,524E+3
1488,384	0,180	0,100	1,082E+1	2,400E+1	3,500E+3	3,491E+3
1489,383	0,180	0,100	1,082E+1	2,400E+1	3,500E+3	3,498E+3
1490,384	0,180	0,100	1,084E+1	2,400E+1	3,500E+3	3,506E+3
1491,383	0,181	0,100	1,084E+1	2,400E+1	3,500E+3	3,485E+3
1492,385	0,181	0,100	1,084E+1	2,400E+1	3,500E+3	3,509E+3
1493,385	0,180	0,100	1,082E+1	2,400E+1	3,500E+3	3,504E+3
1494,387	0,180	0,100	1,083E+1	2,400E+1	3,500E+3	3,500E+3
1495,388	0,180	0,100	1,083E+1	2,400E+1	3,500E+3	3,497E+3
1496,387	0,180	0,100	1,083E+1	2,400E+1	3,500E+3	3,502E+3
1497,389	0,180	0,100	1,084E+1	2,400E+1	3,500E+3	3,505E+3
1498,389	0,180	0,100	1,084E+1	2,400E+1	3,500E+3	3,491E+3
1499,390	0,181	0,100	1,084E+1	2,400E+1	3,500E+3	3,492E+3
1500,389	0,181	0,100	1,084E+1	2,400E+1	3,500E+3	3,491E+3
1501,390	0,181	0,100	1,084E+1	2,400E+1	3,500E+3	3,509E+3
1502,390	0,180	0,100	1,083E+1	2,400E+1	3,500E+3	3,507E+3
1503,389	0,180	0,100	1,083E+1	2,400E+1	3,500E+3	3,495E+3
1504,390	0,180	0,100	1,083E+1	2,400E+1	3,500E+3	3,500E+3
1505,389	0,180	0,100	1,083E+1	2,400E+1	3,500E+3	3,495E+3
1506,390	0,180	0,100	1,083E+1	2,400E+1	3,500E+3	3,498E+3
1507,389	0,180	0,100	1,083E+1	2,400E+1	3,500E+3	3,507E+3
1508,389	0,180	0,100	1,084E+1	2,400E+1	3,500E+3	3,511E+3
1509,390	0,180	0,100	1,084E+1	2,400E+1	3,500E+3	3,489E+3
1510,389	0,180	0,100	1,084E+1	2,400E+1	3,500E+3	3,505E+3
1511,390	0,180	0,100	1,084E+1	2,400E+1	3,500E+3	3,477E+3
1512,389	0,180	0,100	1,084E+1	2,400E+1	3,500E+3	3,508E+3
1513,390	0,180	0,100	1,084E+1	2,400E+1	3,500E+3	3,505E+3
1514,391	0,180	0,100	1,084E+1	2,400E+1	3,500E+3	3,499E+3
1515,390	0,180	0,100	1,084E+1	2,400E+1	3,500E+3	3,503E+3
1516,392	0,180	0,100	1,084E+1	2,400E+1	3,500E+3	3,507E+3
1517,391	0,180	0,100	1,084E+1	2,400E+1	3,500E+3	3,507E+3
1518,391	0,180	0,100	1,084E+1	2,400E+1	3,500E+3	3,511E+3
1519,392	0,180	0,100	1,084E+1	2,400E+1	3,500E+3	3,493E+3
1520,391	0,180	0,100	1,084E+1	2,400E+1	3,500E+3	3,493E+3
1521,392	0,180	0,100	1,083E+1	2,400E+1	3,500E+3	3,492E+3
1522,392	0,180	0,100	1,083E+1	2,400E+1	3,500E+3	3,498E+3
1523,393	0,180	0,100	1,084E+1	2,400E+1	3,500E+3	3,500E+3
1524,393	0,180	0,100	1,084E+1	2,400E+1	3,500E+3	3,507E+3
1525,394	0,180	0,100	1,084E+1	2,400E+1	3,500E+3	3,502E+3
1526,395	0,180	0,100	1,085E+1	2,400E+1	3,500E+3	3,528E+3
1527,394	0,180	0,100	1,085E+1	2,400E+1	3,500E+3	3,500E+3
1528,395	0,180	0,100	1,085E+1	2,400E+1	3,500E+3	3,505E+3
1529,394	0,180	0,100	1,085E+1	2,400E+1	3,500E+3	3,487E+3
1530,395	0,180	0,100	1,085E+1	2,400E+1	3,500E+3	3,510E+3
1531,394	0,180	0,100	1,085E+1	2,400E+1	3,500E+3	3,498E+3
1532,395	0,180	0,100	1,085E+1	2,400E+1	3,500E+3	3,504E+3
1533,395	0,180	0,100	1,085E+1	2,400E+1	3,500E+3	3,503E+3
1534,394	0,180	0,100	1,085E+1	2,400E+1	3,500E+3	3,508E+3
1535,396	0,180	0,100	1,085E+1	2,400E+1	3,500E+3	3,494E+3
1536,396	0,180	0,100	1,084E+1	2,400E+1	3,500E+3	3,500E+3
1537,397	0,180	0,100	1,084E+1	2,400E+1	3,500E+3	3,501E+3
1538,396	0,180	0,100	1,084E+1	2,400E+1	3,500E+3	3,511E+3
1539,396	0,180	0,100	1,085E+1	2,400E+1	3,500E+3	3,509E+3
1540,397	0,180	0,100	1,085E+1	2,400E+1	3,500E+3	3,494E+3
1541,397	0,180	0,100	1,084E+1	2,400E+1	3,500E+3	3,495E+3
1542,397	0,180	0,100	1,084E+1	2,400E+1	3,500E+3	3,507E+3
1543,398	0,180	0,100	1,084E+1	2,400E+1	3,500E+3	3,507E+3
1544,399	0,180	0,100	1,085E+1	2,400E+1	3,500E+3	3,506E+3
1545,398	0,180	0,100	1,085E+1	2,400E+1	3,500E+3	3,507E+3
1546,399	0,180	0,100	1,085E+1	2,400E+1	3,500E+3	3,489E+3
1547,398	0,180	0,100	1,085E+1	2,400E+1	3,500E+3	3,514E+3
1548,398	0,180	0,100	1,085E+1	2,400E+1	3,500E+3	3,497E+3
1549,400	0,180	0,100	1,085E+1	2,400E+1	3,500E+3	3,494E+3
1550,399	0,180	0,100	1,085E+1	2,400E+1	3,500E+3	3,461E+3
1551,400	0,180	0,100	1,085E+1	2,400E+1	3,500E+3	3,494E+3
1552,399	0,180	0,100	1,085E+1	2,400E+1	3,500E+3	3,507E+3
1553,400	0,180	0,100	1,085E+1	2,400E+1	3,500E+3	3,532E+3
1554,399	0,180	0,100	1,085E+1	2,400E+1	3,500E+3	3,522E+3
1555,399	0,180	0,100	1,085E+1	2,400E+1	3,500E+3	3,506E+3
1556,400	0,180	0,100	1,085E+1	2,400E+1	3,500E+3	3,514E+3
1557,399	0,180	0,100	1,085E+1	2,400E+1	3,500E+3	3,508E+3
1558,400	0,180	0,100	1,085E+1	2,400E+1	3,500E+3	3,503E+3
1559,399	0,180	0,100	1,085E+1	2,400E+1	3,500E+3	3,488E+3
1560,400	0,180	0,100	1,086E+1	2,400E+1	3,500E+3	3,512E+3
1561,400	0,180	0,100	1,086E+1	2,400E+1	3,500E+3	3,512E+3
1562,400	0,180	0,100	1,086E+1	2,400E+1	3,500E+3	3,491E+3
1563,400	0,180	0,100	1,086E+1	2,400E+1	3,500E+3	3,509E+3
1564,402	0,180	0,100	1,086E+1	2,400E+1	3,500E+3	3,493E+3
1565,401	0,180	0,100	1,086E+1	2,400E+1	3,500E+3	3,510E+3
1566,402	0,180	0,100	1,086E+1	2,400E+1	3,500E+3	3,498E+3
1567,402	0,180	0,100	1,086E+1	2,400E+1	3,500E+3	3,507E+3
1568,402	0,180	0,100	1,086E+1	2,400E+1	3,500E+3	3,498E+3
1569,403	0,180	0,100	1,086E+1	2,400E+1	3,500E+3	3,498E+3
1570,402	0,180	0,100	1,085E+1	2,400E+1	3,500E+3	3,494E+3
1571,404	0,180	0,100	1,085E+1	2,400E+1	3,500E+3	3,509E+3
1572,403	0,180	0,100	1,087E+1	2,400E+1	3,500E+3	3,498E+3
1573,404	0,180	0,100	1,087E+1	2,400E+1	3,500E+3	3,503E+3
1574,403	0,180	0,100	1,087E+1	2,400E+1	3,500E+3	3,498E+3
1575,403	0,180	0,100	1,087E+1	2,400E+1	3,500E+3	3,514E+3
1576,405	0,180	0,100	1,086E+1	2,400E+1	3,500E+3	3,502E+3
1577,404	0,180	0,100	1,086E+1	2,400E+1	3,500E+3	3,508E+3
1578,405	0,180	0,100	1,086E+1	2,400E+1	3,500E+3	3,506E+3
1579,404	0,180	0,100	1,086E+1	2,400E+1	3,500E+3	3,491E+3
1580,405	0,180	0,100	1,086E+1	2,400E+1	3,500E+3	3,501E+3
1581,404	0,180	0,100	1,086E+1	2,400E+1	3,500E+3	3,512E+3
1582,404	0,180	0,100	1,086E+1	2,400E+1	3,500E+3	3,495E+3
1583,405	0,180	0,100	1,086E+1	2,400E+1	3,500E+3	3,516E+3
1584,404	0,180	0,100	1,086E+1	2,400E+1	3,500E+3	3,503E+3
1585,405	0,180	0,100	1,086E+1	2,400E+1	3,500E+3	3,501E+3
1586,404	0,180	0,100	1,087E+1	2,400E+1	3,500E+3	3,498E+3
1587,405	0,180	0,100	1,086E+1	2,400E+1	3,500E+3	3,500E+3
1588,405	0,180	0,100	1,086E+1	2,400E+1	3,500E+3	3,493E+3
1589,406	0,180	0,100	1,087E+1	2,400E+1	3,500E+3	3,491E+3
1590,405	0,180	0,100	1,087E+1	2,400E+1	3,500E+3	3,512E+3
1591,405	0,180	0,100	1,087E+1	2,400E+1	3,500E+3	3,516E+3
1592,406	0,180	0,100	1,087E+1	2,400E+1	3,500E+3	3,499E+3
1593,405	0,180	0,100	1,086E+1	2,400E+1	3,500E+3	3,504E+3
1594,406	0,180	0,100	1,086E+1	2,400E+1	3,500E+3	3,497E+3
1595,405	0,180	0,100	1,087E+1	2,400E+1	3,500E+3	3,475E+3
1596,406	0,180	0,100	1,087E+1	2,400E+1	3,500E+3	3,496E+3
1597,405	0,180	0,100	1,086E+1	2,400E+1	3,500E+3	3,497E+3
1598,405	0,180	0,100	1,086E+1	2,400E+1	3,500E+3	3,517E+3
1599,407	0,180	0,100	1,088E+1	2,400E+1	3,500E+3	3,498E+3
1600,406	0,180	0,100	1,087E+1	2,400E+1	3,500E+3	3,505E+3
1601,407	0,180	0,100	1,087E+1	2,400E+1	3,500E+3	3,506E+3
1602,406	0,180	0,100	1,086E+1	2,400E+1	3,500E+3	3,497E+3
1603,407	0,180	0,100	1,086E+1	2,400E+1	3,500E+3	3,498E+3
1604,406	0,181	0,100	1,088E+1	2,400E+1	3,500E+3	3,511E+3
1605,406	0,180	0,100	1,087E+1	2,400E+1	3,500E+3	3,495E+3
1606,407	0,180	0,100	1,087E+1	2,400E+1	3,500E+3	3,504E+3
1607,406	0,180	0,100	1,087E+1	2,400E+1	3,500E+3	3,507E+3
1608,407	0,180	0,100	1,088E+1	2,400E+1	3,500E+3	3,493E+3
1609,406	0,180	0,100	1,088E+1	2,400E+1	3,500E+3	3,494E+3
1610,407	0,180	0,100	1,088E+1	2,400E+1	3,500E+3	3,498E+3
1611,408	0,180	0,100	1,088E+1	2,400E+1	3,500E+3	3,489E+3
1612,407	0,180	0,100	1,087E+1	2,400E+1	3,500E+3	3,490E+3
1613,408	0,180	0,100	1,087E+1	2,400E+1	3,500E+3	3,461E+3
1614,407	0,180	0,100	1,088E+1	2,400E+1	3,500E+3	3,507E+3
1615,408	0,180	0,100	1,088E+1	2,400E+1	3,500E+3	3,494E+3
1616,407	0,180	0,100	1,088E+1	2,400E+1	3,500E+3	3,500E+3
1617,408	0,180	0,100	1,088E+1	2,400E+1	3,500E+3	3,487E+3
1618,408	0,180	0,100	1,088E+1	2,400E+1	3,500E+3	3,501E+3
1619,408	0,180	0,100	1,088E+1	2,400E+1	3,500E+3	3,491E+3
1620,409	0,180	0,100	1,088E+1	2,400E+1	3,500E+3	3,513E+3
1621,408	0,180	0,100	1,088E+1	2,400E+1	3,500E+3	3,498E+3
1622,410	0,180	0,100	1,088E+1	2,400E+1	3,500E+3	3,499E+3
1623,409	0,180	0,100	1,088E+1	2,400E+1	3,500E+3	3,503E+3
1624,409	0,180	0,100	1,088E+1	2,400E+1	3,500E+3	3,501E+3
1625,410	0,166	0,100	9,940E+0	2,400E+1	3,500E+3	3,553E+3
1626,410	0,166	0,100	9,940E+0	2,400E+1	3,500E+3	3,507E+3
1627,411	0,170	0,100	1,024E+1	2,400E+1	3,500E+3	3,521E+3
1628,410	0,166	0,100	1,024E+1	2,400E+1	3,500E+3	3,516E+3
1629,411	0,166	0,100	9,980E+0	2,400E+1	3,500E+3	3,512E+3
1630,410	0,164	0,100	9,910E+0	2,400E+1	3,500E+3	3,570E+3
1631,410	0,146	0,100	9,910E+0	2,400E+1	3,500E+3	3,494E+3
1632,412	0,146	0,100	8,800E+0	2,400E+1	3,500E+3	3,477E+3
1633,411	0,149	0,100	9,040E+0	2,400E+1	3,500E+3	3,493E+3
1634,412	0,144	0,100	8,700E+0	2,400E+1	3,500E+3	3,512E+3
1635,411	0,144	0,100	8,700E+0	2,400E+1	3,500E+3	3,498E+3
1636,413	0,143	0,100	8,680E+0	2,400E+1	3,500E+3	3,504E+3
1637,412	0,141	0,100	8,550E+0	2,400E+1	3,500E+3	3,505E+3
1638,412	0,141	0,100	8,550E+0	2,400E+1	3,500E+3	3,498E+3
1639,413	0,134	0,100	8,140E+0	2,400E+1	3,500E+3	3,503E+3
1640,412	0,131	0,100	7,940E+0	2,400E+1	3,500E+3	3,517E+3
1641,413	0,131	0,100	7,940E+0	2,400E+1	3,500E+3	3,502E+3
1642,412	0,133	0,100	8,110E+0	2,400E+1	3,500E+3	3,505E+3
1643,413	0,130	0,100	7,930E+0	2,400E+1	3,500E+3	3,501E+3
1644,412	0,130	0,100	7,930E+0	2,400E+1	3,500E+3	3,501E+3
1645,413	0,129	0,100	7,960E+0	2,400E+1	3,500E+3	3,498E+3
1646,412	0,115	0,100	6,970E+0	2,400E+1	3,500E+3	3,505E+3
1647,412	0,115	0,100	6,970E+0	2,400E+1	3,500E+3	3,512E+3
1648,413	0,114	0,100	7,020E+0	2,400E+1	3,500E+3	3,508E+3
1649,413	0,111	0,100	6,860E+0	2,400E+1	3,500E+3	3,495E+3
1650,414	0,111	0,100	6,860E+0	2,400E+1	3,500E+3	3,491E+3
1651,413	0,109	0,100	6,670E+0	2,400E+1	3,500E+3	3,502E+3
1652,415	0,107	0,100	6,670E+0	2,400E+1	3,500E+3	3,509E+3
1653,414	0,107	0,100	6,560E+0	2,400E+1	3,500E+3	3,511E+3
1654,415	0,100	0,100	6,170E+0	2,400E+1	3,500E+3	3,508E+3
1655,417	0,100	0,100	6,160E+0	2,400E+1	3,500E+3	3,496E+3
1656,417	0,100	0,100	6,160E+0	2,400E+1	3,500E+3	3,504E+3
1657,419	0,100	0,100	6,170E+0	2,400E+1	3,500E+3	3,497E+3
1658,418	0,100	0,100	6,170E+0	2,400E+1	3,500E+3	3,494E+3
1659,420	0,100	0,100	6,170E+0	2,400E+1	3,500E+3	3,457E+3
1660,419	0,100	0,100	6,170E+0	2,400E+1	3,500E+3	3,495E+3
1661,420	0,100	0,100	6,170E+0	2,400E+1	3,500E+3	3,500E+3
1662,422	0,100	0,100	6,170E+0	2,400E+1	3,500E+3	3,497E+3
1663,421	0,100	0,100	6,170E+0	2,400E+1	3,500E+3	3,496E+3
1664,422	0,100	0,100	6,160E+0	2,400E+1	3,500E+3	3,487E+3
1665,421	0,100	0,100	6,160E+0	2,400E+1	3,500E+3	3,511E+3
1666,422	0,100	0,100	6,160E+0	2,400E+1	3,500E+3	3,492E+3
1667,421	0,100	0,100	6,160E+0	2,400E+1	3,500E+3	3,493E+3
1668,421	0,100	0,100	6,160E+0	2,400E+1	3,500E+3	3,464E+3
1669,423	0,100	0,100	6,160E+0	2,400E+1	3,500E+3	3,507E+3
1670,422	0,100	0,100	6,170E+0	2,400E+1	3,500E+3	3,496E+3
1671,423	0,100	0,100	6,170E+0	2,400E+1	3,500E+3	3,492E+3
1672,423	0,007	0,100	3,000E-1	2,400E+1	3,500E+3	3,601E+3
1673,425	0,000	0,100	3,000E-1	2,400E+1	3,500E+3	3,536E+3
1674,426	0,000	0,100	3,000E-1	2,400E+1	3,500E+3	3,477E+3
1675,425	0,000	0,100	3,000E-1	2,400E+1	3,500E+3	3,460E+3
1676,426	0,000	0,100	3,000E-1	2,400E+1	3,500E+3	3,486E+3
1677,425	0,000	0,100	3,000E-1	2,400E+1	3,500E+3	3,518E+3
1678,427	0,000	0,100	3,000E-1	2,400E+1	3,500E+3	3,528E+3
1679,426	0,000	0,100	3,000E-1	2,400E+1	3,500E+3	3,484E+3
1680,426	0,000	0,100	3,000E-1	2,400E+1	3,500E+3	3,493E+3
1681,428	0,000	0,100	3,000E-1	2,400E+1	3,500E+3	3,509E+3
1682,427	0,000	0,100	3,000E-1	2,400E+1	0,000E+0	3,239E+3
1683,429	0,000	0,100	3,000E-1	2,400E+1	0,000E+0	2,743E+3
1684,428	0,000	0,100	3,000E-1	2,400E+1	0,000E+0	2,284E+3
1685,429	0,000	0,100	3,000E-1	2,400E+1	0,000E+0	1,874E+3
1686,428	0,000	0,100	3,000E-1	2,400E+1	0,000E+0	1,517E+3
1687,428	0,000	0,100	3,000E-1	2,400E+1	0,000E+0	0,000E+0
1688,429	0,000	0,100	3,000E-1	2,400E+1	0,000E+0	0,000E+0
1689,428	0,000	0,100	3,000E-1	2,400E+1	0,000E+0	0,000E+0
1690,430	0,000	0,100	3,000E-1	2,400E+1	0,000E+0	0,000E+0
1691,430	0,000	0,100	3,000E-1	2,400E+1	0,000E+0	0,000E+0
1692,431	0,000	0,100	3,000E-1	2,400E+1	0,000E+0	0,000E+0
