t	IF	IR	VF	VR	VelSP	VelRE
1411,349	0,000	0,100	3,000E-1	2,400E+1	0,000E+0	0,000E+0
0,007	0,000	0,100	3,000E-1	2,400E+1	0,000E+0	0,000E+0
1,007	0,000	0,100	3,000E-1	2,400E+1	0,000E+0	0,000E+0
2,009	0,000	0,100	3,000E-1	2,400E+1	0,000E+0	0,000E+0
3,008	0,000	0,100	3,000E-1	2,400E+1	0,000E+0	0,000E+0
4,008	0,000	0,100	3,000E-1	2,400E+1	0,000E+0	0,000E+0
5,008	0,000	0,100	3,000E-1	2,400E+1	0,000E+0	0,000E+0
6,009	0,000	0,100	3,000E-1	2,400E+1	0,000E+0	0,000E+0
7,011	0,000	0,100	3,000E-1	2,400E+1	0,000E+0	0,000E+0
8,010	0,000	0,100	3,000E-1	2,400E+1	0,000E+0	0,000E+0
9,012	0,000	0,100	3,000E-1	2,400E+1	0,000E+0	0,000E+0
10,012	0,000	0,100	3,000E-1	2,400E+1	0,000E+0	0,000E+0
11,013	0,000	0,100	3,000E-1	2,400E+1	0,000E+0	0,000E+0
12,014	0,000	0,100	3,000E-1	2,400E+1	0,000E+0	0,000E+0
13,013	0,000	0,100	3,000E-1	2,400E+1	0,000E+0	0,000E+0
14,014	0,000	0,100	3,000E-1	2,400E+1	0,000E+0	0,000E+0
15,013	0,000	0,100	3,000E-1	2,400E+1	0,000E+0	0,000E+0
16,015	0,000	0,100	3,000E-1	2,400E+1	0,000E+0	0,000E+0
17,015	0,000	0,100	3,000E-1	2,400E+1	0,000E+0	0,000E+0
18,015	0,000	0,100	3,000E-1	2,400E+1	0,000E+0	0,000E+0
19,016	0,000	0,100	3,000E-1	2,400E+1	3,500E+3	0,000E+0
20,015	0,000	0,100	3,000E-1	2,400E+1	3,500E+3	0,000E+0
21,016	0,000	0,100	3,000E-1	2,400E+1	3,500E+3	0,000E+0
22,016	0,000	0,100	3,000E-1	2,400E+1	3,500E+3	1,078E+3
23,017	0,000	0,100	3,000E-1	2,400E+1	3,500E+3	3,907E+3
24,016	0,000	0,100	3,000E-1	2,400E+1	3,500E+3	3,753E+3
25,016	0,000	0,100	3,000E-1	2,400E+1	3,500E+3	3,472E+3
26,017	0,000	0,100	3,000E-1	2,400E+1	3,500E+3	3,288E+3
27,016	0,000	0,100	3,000E-1	2,400E+1	3,500E+3	3,426E+3
28,017	0,000	0,100	3,000E-1	2,400E+1	3,500E+3	3,541E+3
29,016	0,000	0,100	3,000E-1	2,400E+1	3,500E+3	3,503E+3
30,016	0,000	0,100	3,000E-1	2,400E+1	3,500E+3	3,481E+3
31,016	0,000	0,100	3,000E-1	2,400E+1	3,500E+3	3,500E+3
32,016	0,000	0,100	3,000E-1	2,400E+1	3,500E+3	3,439E+3
33,017	0,102	0,100	3,000E-1	2,400E+1	3,500E+3	3,491E+3
34,017	0,102	0,100	5,630E+0	2,400E+1	3,500E+3	3,533E+3
35,018	0,102	0,100	5,570E+0	2,400E+1	3,500E+3	3,515E+3
36,018	0,102	0,100	5,570E+0	2,400E+1	3,500E+3	3,488E+3
37,019	0,108	0,100	5,810E+0	2,400E+1	3,500E+3	3,489E+3
38,019	0,111	0,100	6,050E+0	2,400E+1	3,500E+3	3,500E+3
39,019	0,113	0,100	6,050E+0	2,400E+1	3,500E+3	3,504E+3
40,020	0,113	0,100	6,170E+0	2,400E+1	3,500E+3	3,493E+3
41,019	0,116	0,100	6,250E+0	2,400E+1	3,500E+3	3,510E+3
42,021	0,117	0,100	6,250E+0	2,400E+1	3,500E+3	3,494E+3
43,021	0,117	0,100	6,390E+0	2,400E+1	3,500E+3	3,507E+3
44,021	0,120	0,100	6,490E+0	2,400E+1	3,500E+3	3,503E+3
45,021	0,121	0,100	6,490E+0	2,400E+1	3,000E+3	3,381E+3
46,021	0,121	0,100	6,550E+0	2,400E+1	3,000E+3	2,986E+3
47,022	0,130	0,100	7,090E+0	2,400E+1	3,000E+3	2,995E+3
48,021	0,130	0,100	7,090E+0	2,400E+1	3,000E+3	3,004E+3
49,022	0,129	0,100	6,940E+0	2,400E+1	3,000E+3	3,006E+3
50,021	0,130	0,100	7,020E+0	2,400E+1	3,000E+3	3,004E+3
51,022	0,131	0,100	7,020E+0	2,400E+1	3,000E+3	3,004E+3
52,023	0,131	0,100	7,090E+0	2,400E+1	3,000E+3	3,000E+3
53,022	0,133	0,100	7,160E+0	2,400E+1	3,000E+3	2,997E+3
54,023	0,133	0,100	7,160E+0	2,400E+1	3,000E+3	2,991E+3
55,023	0,134	0,100	7,200E+0	2,400E+1	3,000E+3	3,001E+3
56,024	0,135	0,100	7,230E+0	2,400E+1	3,000E+3	2,999E+3
57,023	0,135	0,100	7,230E+0	2,400E+1	3,000E+3	2,997E+3
58,023	0,135	0,100	7,270E+0	2,400E+1	3,000E+3	2,989E+3
59,025	0,136	0,100	7,310E+0	2,400E+1	3,000E+3	2,997E+3
60,024	0,137	0,100	7,310E+0	2,400E+1	3,000E+3	2,991E+3
61,025	0,137	0,100	7,340E+0	2,400E+1	3,000E+3	2,996E+3
62,024	0,137	0,100	7,360E+0	2,400E+1	3,000E+3	2,994E+3
63,025	0,138	0,100	7,360E+0	2,400E+1	3,000E+3	2,989E+3
64,024	0,138	0,100	7,390E+0	2,400E+1	3,000E+3	3,000E+3
65,024	0,138	0,100	7,400E+0	2,400E+1	3,000E+3	3,003E+3
66,025	0,138	0,100	7,400E+0	2,400E+1	3,000E+3	3,000E+3
67,024	0,138	0,100	7,420E+0	2,400E+1	3,000E+3	3,001E+3
68,025	0,138	0,100	7,430E+0	2,400E+1	3,000E+3	3,001E+3
69,024	0,139	0,100	7,430E+0	2,400E+1	3,000E+3	3,001E+3
70,025	0,139	0,100	7,450E+0	2,400E+1	3,000E+3	3,003E+3
71,025	0,139	0,100	7,460E+0	2,400E+1	3,000E+3	2,988E+3
72,025	0,139	0,100	7,460E+0	2,400E+1	3,000E+3	3,001E+3
73,026	0,139	0,100	7,470E+0	2,400E+1	3,000E+3	3,005E+3
74,025	0,139	0,100	7,480E+0	2,400E+1	3,000E+3	3,000E+3
75,026	0,139	0,100	7,480E+0	2,400E+1	3,000E+3	3,001E+3
76,025	0,139	0,100	7,480E+0	2,400E+1	3,000E+3	2,998E+3
77,025	0,140	0,100	7,500E+0	2,400E+1	3,000E+3	2,992E+3
78,027	0,140	0,100	7,500E+0	2,400E+1	3,000E+3	3,003E+3
79,026	0,140	0,100	7,500E+0	2,400E+1	3,000E+3	2,990E+3
80,027	0,140	0,100	7,500E+0	2,400E+1	3,000E+3	2,999E+3
81,026	0,140	0,100	7,500E+0	2,400E+1	3,000E+3	3,002E+3
82,027	0,140	0,100	7,510E+0	2,400E+1	3,000E+3	2,998E+3
83,026	0,140	0,100	7,510E+0	2,400E+1	3,000E+3	3,005E+3
84,026	0,140	0,100	7,510E+0	2,400E+1	3,000E+3	3,007E+3
85,028	0,140	0,100	7,510E+0	2,400E+1	3,000E+3	3,008E+3
86,027	0,140	0,100	7,510E+0	2,400E+1	3,000E+3	3,012E+3
87,029	0,140	0,100	7,510E+0	2,400E+1	3,000E+3	2,994E+3
88,029	0,140	0,100	7,520E+0	2,400E+1	3,000E+3	3,004E+3
89,030	0,140	0,100	7,520E+0	2,400E+1	3,000E+3	3,000E+3
90,030	0,140	0,100	7,520E+0	2,400E+1	3,000E+3	3,011E+3
91,030	0,140	0,100	7,530E+0	2,400E+1	3,000E+3	2,999E+3
92,031	0,140	0,100	7,540E+0	2,400E+1	3,000E+3	3,004E+3
93,030	0,140	0,100	7,540E+0	2,400E+1	3,000E+3	3,009E+3
94,031	0,140	0,100	7,530E+0	2,400E+1	3,000E+3	2,996E+3
95,030	0,140	0,100	7,540E+0	2,400E+1	3,000E+3	2,996E+3
96,031	0,140	0,100	7,540E+0	2,400E+1	3,000E+3	3,005E+3
97,030	0,141	0,100	7,550E+0	2,400E+1	3,000E+3	3,001E+3
98,030	0,141	0,100	7,550E+0	2,400E+1	3,000E+3	3,009E+3
99,032	0,141	0,100	7,550E+0	2,400E+1	3,000E+3	3,002E+3
100,032	0,141	0,100	7,550E+0	2,400E+1	3,000E+3	3,007E+3
101,031	0,141	0,100	7,550E+0	2,400E+1	3,000E+3	2,997E+3
102,031	0,141	0,100	7,550E+0	2,400E+1	3,000E+3	2,991E+3
103,032	0,141	0,100	7,550E+0	2,400E+1	3,000E+3	3,006E+3
104,031	0,141	0,100	7,550E+0	2,400E+1	3,000E+3	2,997E+3
105,033	0,141	0,100	7,560E+0	2,400E+1	3,000E+3	3,016E+3
106,032	0,141	0,100	7,550E+0	2,400E+1	3,000E+3	3,008E+3
107,033	0,141	0,100	7,550E+0	2,400E+1	3,000E+3	3,001E+3
108,033	0,141	0,100	7,560E+0	2,400E+1	3,000E+3	2,997E+3
109,033	0,141	0,100	7,560E+0	2,400E+1	3,000E+3	3,010E+3
110,034	0,141	0,100	7,560E+0	2,400E+1	3,000E+3	3,000E+3
111,033	0,141	0,100	7,560E+0	2,400E+1	3,000E+3	3,001E+3
112,034	0,141	0,100	7,560E+0	2,400E+1	3,000E+3	3,008E+3
113,034	0,141	0,100	7,560E+0	2,400E+1	3,000E+3	3,004E+3
114,034	0,141	0,100	7,560E+0	2,400E+1	3,000E+3	2,990E+3
115,034	0,141	0,100	7,560E+0	2,400E+1	3,000E+3	3,008E+3
116,034	0,141	0,100	7,560E+0	2,400E+1	3,000E+3	3,003E+3
117,035	0,141	0,100	7,560E+0	2,400E+1	3,000E+3	3,007E+3
118,034	0,141	0,100	7,570E+0	2,400E+1	3,000E+3	3,003E+3
119,035	0,141	0,100	7,580E+0	2,400E+1	3,000E+3	2,995E+3
120,034	0,141	0,100	7,580E+0	2,400E+1	3,000E+3	2,998E+3
121,036	0,141	0,100	7,580E+0	2,400E+1	3,000E+3	3,003E+3
122,035	0,141	0,100	7,580E+0	2,400E+1	3,000E+3	2,994E+3
123,036	0,141	0,100	7,580E+0	2,400E+1	3,000E+3	3,000E+3
124,037	0,141	0,100	7,580E+0	2,400E+1	3,000E+3	3,007E+3
125,036	0,141	0,100	7,580E+0	2,400E+1	3,000E+3	2,991E+3
126,038	0,141	0,100	7,570E+0	2,400E+1	3,000E+3	2,996E+3
127,037	0,141	0,100	7,580E+0	2,400E+1	3,000E+3	2,997E+3
128,038	0,141	0,100	7,580E+0	2,400E+1	3,000E+3	3,003E+3
129,038	0,141	0,100	7,580E+0	2,400E+1	3,000E+3	3,005E+3
130,037	0,141	0,100	7,580E+0	2,400E+1	3,000E+3	2,989E+3
131,038	0,141	0,100	7,580E+0	2,400E+1	3,000E+3	2,997E+3
132,037	0,141	0,100	7,580E+0	2,400E+1	3,000E+3	2,998E+3
133,038	0,141	0,100	7,580E+0	2,400E+1	3,000E+3	3,001E+3
134,037	0,141	0,100	7,590E+0	2,400E+1	3,000E+3	3,007E+3
135,037	0,141	0,100	7,590E+0	2,400E+1	3,000E+3	3,003E+3
136,038	0,141	0,100	7,590E+0	2,400E+1	3,000E+3	3,004E+3
137,037	0,141	0,100	7,600E+0	2,400E+1	3,000E+3	2,992E+3
138,038	0,141	0,100	7,600E+0	2,400E+1	3,000E+3	2,995E+3
139,037	0,141	0,100	7,600E+0	2,400E+1	3,000E+3	3,003E+3
140,037	0,141	0,100	7,600E+0	2,400E+1	3,000E+3	3,000E+3
141,039	0,141	0,100	7,600E+0	2,400E+1	3,000E+3	2,995E+3
142,038	0,141	0,100	7,600E+0	2,400E+1	3,000E+3	2,990E+3
143,039	0,141	0,100	7,600E+0	2,400E+1	3,000E+3	2,998E+3
144,038	0,141	0,100	7,600E+0	2,400E+1	3,000E+3	3,001E+3
145,040	0,141	0,100	7,600E+0	2,400E+1	3,000E+3	2,999E+3
146,040	0,141	0,100	7,600E+0	2,400E+1	3,000E+3	3,001E+3
147,040	0,141	0,100	7,600E+0	2,400E+1	3,000E+3	3,000E+3
148,041	0,141	0,100	7,600E+0	2,400E+1	3,000E+3	3,000E+3
149,040	0,141	0,100	7,600E+0	2,400E+1	3,000E+3	3,003E+3
150,041	0,141	0,100	7,600E+0	2,400E+1	3,000E+3	2,999E+3
151,040	0,141	0,100	7,610E+0	2,400E+1	3,000E+3	2,997E+3
152,041	0,141	0,100	7,600E+0	2,400E+1	3,000E+3	2,998E+3
153,040	0,141	0,100	7,600E+0	2,400E+1	3,000E+3	3,003E+3
154,040	0,141	0,100	7,610E+0	2,400E+1	3,000E+3	2,995E+3
155,041	0,141	0,100	7,610E+0	2,400E+1	3,000E+3	2,992E+3
156,040	0,141	0,100	7,610E+0	2,400E+1	3,000E+3	3,006E+3
157,041	0,141	0,100	7,610E+0	2,400E+1	3,000E+3	2,993E+3
158,040	0,142	0,100	7,610E+0	2,400E+1	3,000E+3	2,991E+3
159,041	0,142	0,100	7,610E+0	2,400E+1	3,000E+3	2,995E+3
160,041	0,142	0,100	7,620E+0	2,400E+1	3,000E+3	2,994E+3
161,041	0,142	0,100	7,620E+0	2,400E+1	3,000E+3	3,010E+3
162,042	0,142	0,100	7,620E+0	2,400E+1	3,000E+3	3,002E+3
163,042	0,142	0,100	7,620E+0	2,400E+1	3,000E+3	3,000E+3
164,043	0,142	0,100	7,620E+0	2,400E+1	3,000E+3	2,991E+3
165,043	0,141	0,100	7,610E+0	2,400E+1	3,000E+3	3,005E+3
166,043	0,141	0,100	7,610E+0	2,400E+1	3,000E+3	2,991E+3
167,044	0,141	0,100	7,620E+0	2,400E+1	3,000E+3	2,995E+3
168,043	0,141	0,100	7,620E+0	2,400E+1	3,000E+3	2,989E+3
169,044	0,142	0,100	7,620E+0	2,400E+1	3,000E+3	2,996E+3
170,044	0,141	0,100	7,620E+0	2,400E+1	3,000E+3	3,001E+3
171,045	0,141	0,100	7,610E+0	2,400E+1	3,000E+3	3,004E+3
172,045	0,141	0,100	7,620E+0	2,400E+1	3,000E+3	2,997E+3
173,046	0,141	0,100	7,620E+0	2,400E+1	3,000E+3	3,004E+3
174,047	0,141	0,100	7,620E+0	2,400E+1	3,000E+3	3,004E+3
175,046	0,141	0,100	7,620E+0	2,400E+1	3,000E+3	2,998E+3
176,047	0,141	0,100	7,620E+0	2,400E+1	3,000E+3	2,995E+3
177,046	0,141	0,100	7,620E+0	2,400E+1	3,000E+3	3,014E+3
178,046	0,141	0,100	7,620E+0	2,400E+1	3,000E+3	3,003E+3
179,046	0,141	0,100	7,620E+0	2,400E+1	3,000E+3	3,009E+3
180,046	0,141	0,100	7,620E+0	2,400E+1	3,000E+3	3,000E+3
181,047	0,141	0,100	7,620E+0	2,400E+1	3,000E+3	3,004E+3
182,046	0,141	0,100	7,620E+0	2,400E+1	3,000E+3	3,004E+3
183,046	0,141	0,100	7,620E+0	2,400E+1	3,000E+3	3,006E+3
184,047	0,142	0,100	7,620E+0	2,400E+1	3,000E+3	3,008E+3
185,048	0,142	0,100	7,620E+0	2,400E+1	3,000E+3	3,004E+3
186,047	0,142	0,100	7,630E+0	2,400E+1	3,000E+3	3,006E+3
187,049	0,142	0,100	7,630E+0	2,400E+1	3,000E+3	2,998E+3
188,049	0,142	0,100	7,630E+0	2,400E+1	3,000E+3	3,002E+3
189,049	0,142	0,100	7,630E+0	2,400E+1	3,000E+3	3,006E+3
190,051	0,142	0,100	7,630E+0	2,400E+1	3,000E+3	3,002E+3
191,050	0,142	0,100	7,630E+0	2,400E+1	3,000E+3	2,986E+3
192,051	0,142	0,100	7,640E+0	2,400E+1	3,000E+3	3,008E+3
193,050	0,142	0,100	7,640E+0	2,400E+1	3,000E+3	3,018E+3
194,052	0,142	0,100	7,640E+0	2,400E+1	3,000E+3	3,003E+3
195,051	0,142	0,100	7,640E+0	2,400E+1	3,000E+3	3,009E+3
196,051	0,142	0,100	7,640E+0	2,400E+1	3,000E+3	3,009E+3
197,052	0,142	0,100	7,640E+0	2,400E+1	3,000E+3	2,994E+3
198,051	0,142	0,100	7,640E+0	2,400E+1	3,000E+3	3,002E+3
199,052	0,142	0,100	7,640E+0	2,400E+1	3,000E+3	2,999E+3
200,052	0,142	0,100	7,640E+0	2,400E+1	3,000E+3	3,006E+3
201,052	0,142	0,100	7,640E+0	2,400E+1	3,000E+3	2,996E+3
202,053	0,142	0,100	7,640E+0	2,400E+1	3,000E+3	3,004E+3
203,053	0,142	0,100	7,640E+0	2,400E+1	3,000E+3	3,004E+3
204,054	0,142	0,100	7,640E+0	2,400E+1	3,000E+3	2,992E+3
205,053	0,142	0,100	7,640E+0	2,400E+1	3,000E+3	2,997E+3
206,054	0,142	0,100	7,640E+0	2,400E+1	3,000E+3	3,004E+3
207,054	0,142	0,100	7,640E+0	2,400E+1	3,000E+3	3,004E+3
208,054	0,142	0,100	7,640E+0	2,400E+1	3,000E+3	3,003E+3
209,055	0,142	0,100	7,640E+0	2,400E+1	3,000E+3	3,021E+3
210,055	0,142	0,100	7,650E+0	2,400E+1	3,000E+3	3,009E+3
211,056	0,142	0,100	7,650E+0	2,400E+1	3,000E+3	2,989E+3
212,055	0,142	0,100	7,650E+0	2,400E+1	3,000E+3	3,011E+3
213,057	0,142	0,100	7,650E+0	2,400E+1	3,000E+3	2,982E+3
214,057	0,142	0,100	7,650E+0	2,400E+1	3,000E+3	3,010E+3
215,056	0,142	0,100	7,650E+0	2,400E+1	3,000E+3	3,003E+3
216,058	0,142	0,100	7,650E+0	2,400E+1	3,000E+3	2,991E+3
217,057	0,142	0,100	7,650E+0	2,400E+1	3,000E+3	2,995E+3
218,058	0,142	0,100	7,650E+0	2,400E+1	3,000E+3	2,995E+3
219,057	0,142	0,100	7,650E+0	2,400E+1	3,000E+3	3,005E+3
220,058	0,142	0,100	7,650E+0	2,400E+1	3,000E+3	3,003E+3
221,058	0,142	0,100	7,650E+0	2,400E+1	3,000E+3	3,000E+3
222,057	0,142	0,100	7,650E+0	2,400E+1	3,000E+3	3,005E+3
223,058	0,142	0,100	7,650E+0	2,400E+1	3,000E+3	3,009E+3
224,057	0,142	0,100	7,650E+0	2,400E+1	3,000E+3	2,992E+3
225,058	0,142	0,100	7,650E+0	2,400E+1	3,000E+3	3,009E+3
226,058	0,142	0,100	7,650E+0	2,400E+1	3,000E+3	3,000E+3
227,059	0,142	0,100	7,660E+0	2,400E+1	3,000E+3	3,008E+3
228,059	0,142	0,100	7,660E+0	2,400E+1	3,000E+3	3,004E+3
229,058	0,142	0,100	7,660E+0	2,400E+1	3,000E+3	3,006E+3
230,059	0,142	0,100	7,660E+0	2,400E+1	3,000E+3	2,998E+3
231,058	0,142	0,100	7,660E+0	2,400E+1	3,000E+3	2,999E+3
232,059	0,142	0,100	7,660E+0	2,400E+1	3,000E+3	3,002E+3
233,058	0,142	0,100	7,660E+0	2,400E+1	3,000E+3	2,997E+3
234,059	0,142	0,100	7,660E+0	2,400E+1	3,000E+3	3,002E+3
235,060	0,142	0,100	7,670E+0	2,400E+1	3,000E+3	3,000E+3
236,059	0,142	0,100	7,670E+0	2,400E+1	3,000E+3	2,993E+3
237,060	0,142	0,100	7,670E+0	2,400E+1	3,000E+3	3,000E+3
238,059	0,142	0,100	7,670E+0	2,400E+1	3,000E+3	2,997E+3
239,060	0,142	0,100	7,670E+0	2,400E+1	3,000E+3	3,001E+3
240,060	0,142	0,100	7,660E+0	2,400E+1	3,000E+3	2,997E+3
241,061	0,142	0,100	7,660E+0	2,400E+1	3,000E+3	2,999E+3
242,062	0,142	0,100	7,660E+0	2,400E+1	3,000E+3	3,007E+3
243,062	0,142	0,100	7,660E+0	2,400E+1	3,000E+3	3,009E+3
244,063	0,142	0,100	7,660E+0	2,400E+1	3,000E+3	3,004E+3
245,062	0,142	0,100	7,670E+0	2,400E+1	3,000E+3	3,011E+3
246,063	0,142	0,100	7,670E+0	2,400E+1	3,000E+3	2,994E+3
247,063	0,142	0,100	7,670E+0	2,400E+1	3,000E+3	3,001E+3
248,063	0,142	0,100	7,670E+0	2,400E+1	3,000E+3	2,985E+3
249,065	0,142	0,100	7,680E+0	2,400E+1	3,000E+3	3,006E+3
250,064	0,142	0,100	7,670E+0	2,400E+1	3,000E+3	2,995E+3
251,065	0,142	0,100	7,670E+0	2,400E+1	3,000E+3	3,000E+3
252,064	0,142	0,100	7,670E+0	2,400E+1	3,000E+3	3,004E+3
253,065	0,142	0,100	7,670E+0	2,400E+1	3,000E+3	3,001E+3
254,067	0,142	0,100	7,670E+0	2,400E+1	3,000E+3	3,006E+3
255,066	0,142	0,100	7,670E+0	2,400E+1	3,000E+3	2,999E+3
256,068	0,142	0,100	7,670E+0	2,400E+1	3,000E+3	3,004E+3
257,067	0,142	0,100	7,670E+0	2,400E+1	3,000E+3	2,999E+3
258,068	0,142	0,100	7,660E+0	2,400E+1	3,000E+3	3,002E+3
259,067	0,142	0,100	7,670E+0	2,400E+1	3,000E+3	3,001E+3
260,067	0,142	0,100	7,670E+0	2,400E+1	3,000E+3	2,998E+3
261,068	0,142	0,100	7,670E+0	2,400E+1	3,000E+3	3,000E+3
262,067	0,142	0,100	7,670E+0	2,400E+1	3,000E+3	2,988E+3
263,068	0,142	0,100	7,670E+0	2,400E+1	3,000E+3	3,002E+3
264,067	0,142	0,100	7,670E+0	2,400E+1	3,000E+3	3,011E+3
265,068	0,142	0,100	7,680E+0	2,400E+1	3,000E+3	3,004E+3
266,067	0,142	0,100	7,680E+0	2,400E+1	3,000E+3	3,001E+3
267,067	0,142	0,100	7,680E+0	2,400E+1	3,000E+3	3,010E+3
268,068	0,142	0,100	7,680E+0	2,400E+1	3,000E+3	2,998E+3
269,067	0,142	0,100	7,680E+0	2,400E+1	3,000E+3	2,998E+3
270,069	0,142	0,100	7,670E+0	2,400E+1	3,000E+3	3,006E+3
271,069	0,142	0,100	7,680E+0	2,400E+1	3,000E+3	2,995E+3
272,070	0,142	0,100	7,680E+0	2,400E+1	3,000E+3	3,003E+3
273,069	0,142	0,100	7,680E+0	2,400E+1	3,000E+3	2,999E+3
274,069	0,142	0,100	7,680E+0	2,400E+1	3,000E+3	3,018E+3
275,070	0,142	0,100	7,680E+0	2,400E+1	3,000E+3	3,009E+3
276,069	0,142	0,100	7,680E+0	2,400E+1	3,000E+3	3,002E+3
277,070	0,142	0,100	7,680E+0	2,400E+1	3,000E+3	2,996E+3
278,069	0,142	0,100	7,680E+0	2,400E+1	3,000E+3	3,008E+3
279,070	0,142	0,100	7,680E+0	2,400E+1	3,000E+3	3,000E+3
280,069	0,142	0,100	7,680E+0	2,400E+1	3,000E+3	2,995E+3
281,069	0,142	0,100	7,680E+0	2,400E+1	3,000E+3	3,003E+3
282,070	0,142	0,100	7,680E+0	2,400E+1	3,000E+3	2,999E+3
283,069	0,142	0,100	7,690E+0	2,400E+1	3,000E+3	3,006E+3
284,070	0,142	0,100	7,680E+0	2,400E+1	3,000E+3	2,997E+3
285,069	0,142	0,100	7,680E+0	2,400E+1	3,000E+3	3,002E+3
286,071	0,142	0,100	7,680E+0	2,400E+1	3,000E+3	3,003E+3
287,071	0,142	0,100	7,690E+0	2,400E+1	3,000E+3	3,015E+3
288,072	0,142	0,100	7,680E+0	2,400E+1	3,000E+3	3,002E+3
289,073	0,142	0,100	7,680E+0	2,400E+1	3,000E+3	3,000E+3
290,072	0,142	0,100	7,690E+0	2,400E+1	3,000E+3	2,988E+3
291,072	0,142	0,100	7,690E+0	2,400E+1	3,000E+3	2,998E+3
292,073	0,142	0,100	7,690E+0	2,400E+1	3,000E+3	2,995E+3
293,072	0,142	0,100	7,690E+0	2,400E+1	3,000E+3	3,004E+3
294,073	0,142	0,100	7,680E+0	2,400E+1	3,000E+3	3,002E+3
295,072	0,142	0,100	7,680E+0	2,400E+1	3,000E+3	2,994E+3
296,073	0,142	0,100	7,680E+0	2,400E+1	3,000E+3	3,006E+3
297,072	0,142	0,100	7,680E+0	2,400E+1	3,000E+3	3,003E+3
298,073	0,142	0,100	7,680E+0	2,400E+1	3,000E+3	2,999E+3
299,075	0,142	0,100	7,690E+0	2,400E+1	3,000E+3	2,994E+3
300,075	0,142	0,100	7,690E+0	2,400E+1	3,000E+3	3,002E+3
301,076	0,142	0,100	7,690E+0	2,400E+1	3,000E+3	3,004E+3
302,075	0,142	0,100	7,690E+0	2,400E+1	3,000E+3	3,011E+3
303,075	0,142	0,100	7,690E+0	2,400E+1	3,000E+3	2,996E+3
304,076	0,142	0,100	7,690E+0	2,400E+1	3,000E+3	3,000E+3
305,075	0,142	0,100	7,700E+0	2,400E+1	3,000E+3	2,994E+3
306,077	0,142	0,100	7,700E+0	2,400E+1	3,000E+3	3,004E+3
307,076	0,142	0,100	7,700E+0	2,400E+1	3,000E+3	3,009E+3
308,077	0,142	0,100	7,700E+0	2,400E+1	3,000E+3	2,998E+3
309,076	0,142	0,100	7,700E+0	2,400E+1	3,000E+3	2,986E+3
310,077	0,142	0,100	7,700E+0	2,400E+1	3,000E+3	3,000E+3
311,078	0,142	0,100	7,700E+0	2,400E+1	3,000E+3	3,003E+3
312,077	0,142	0,100	7,690E+0	2,400E+1	3,000E+3	2,993E+3
313,079	0,142	0,100	7,690E+0	2,400E+1	3,000E+3	2,995E+3
314,078	0,142	0,100	7,700E+0	2,400E+1	3,000E+3	3,001E+3
315,079	0,142	0,100	7,700E+0	2,400E+1	3,000E+3	3,001E+3
316,078	0,142	0,100	7,700E+0	2,400E+1	3,000E+3	3,002E+3
317,078	0,142	0,100	7,700E+0	2,400E+1	3,000E+3	3,004E+3
318,079	0,142	0,100	7,700E+0	2,400E+1	3,000E+3	2,988E+3
319,078	0,142	0,100	7,700E+0	2,400E+1	3,000E+3	3,001E+3
320,079	0,142	0,100	7,700E+0	2,400E+1	3,000E+3	3,011E+3
321,078	0,142	0,100	7,700E+0	2,400E+1	3,000E+3	2,998E+3
322,079	0,142	0,100	7,700E+0	2,400E+1	3,000E+3	2,995E+3
323,079	0,142	0,100	7,700E+0	2,400E+1	3,000E+3	3,001E+3
324,079	0,142	0,100	7,700E+0	2,400E+1	3,000E+3	2,994E+3
325,080	0,142	0,100	7,700E+0	2,400E+1	3,000E+3	3,001E+3
326,079	0,142	0,100	7,700E+0	2,400E+1	3,000E+3	2,993E+3
327,080	0,142	0,100	7,700E+0	2,400E+1	3,000E+3	3,003E+3
328,079	0,142	0,100	7,700E+0	2,400E+1	3,000E+3	3,004E+3
329,079	0,142	0,100	7,710E+0	2,400E+1	3,000E+3	2,988E+3
330,080	0,142	0,100	7,700E+0	2,400E+1	3,000E+3	2,997E+3
331,079	0,142	0,100	7,700E+0	2,400E+1	3,000E+3	3,007E+3
332,080	0,142	0,100	7,700E+0	2,400E+1	3,000E+3	2,998E+3
333,079	0,142	0,100	7,710E+0	2,400E+1	3,000E+3	3,009E+3
334,080	0,142	0,100	7,710E+0	2,400E+1	3,000E+3	2,998E+3
335,079	0,142	0,100	7,700E+0	2,400E+1	3,000E+3	3,012E+3
336,079	0,142	0,100	7,700E+0	2,400E+1	3,000E+3	3,000E+3
337,080	0,142	0,100	7,710E+0	2,400E+1	3,000E+3	3,001E+3
338,079	0,142	0,100	7,710E+0	2,400E+1	3,000E+3	3,006E+3
339,080	0,142	0,100	7,710E+0	2,400E+1	3,000E+3	3,006E+3
340,079	0,142	0,100	7,710E+0	2,400E+1	3,000E+3	2,996E+3
341,080	0,142	0,100	7,710E+0	2,400E+1	3,000E+3	2,995E+3
342,079	0,142	0,100	7,710E+0	2,400E+1	3,000E+3	3,005E+3
343,080	0,142	0,100	7,710E+0	2,400E+1	3,000E+3	2,997E+3
344,079	0,142	0,100	7,720E+0	2,400E+1	3,000E+3	3,009E+3
345,080	0,142	0,100	7,720E+0	2,400E+1	3,000E+3	3,003E+3
346,080	0,142	0,100	7,720E+0	2,400E+1	3,000E+3	3,030E+3
347,080	0,142	0,100	7,720E+0	2,400E+1	3,000E+3	3,004E+3
348,082	0,142	0,100	7,720E+0	2,400E+1	3,000E+3	3,009E+3
349,081	0,142	0,100	7,720E+0	2,400E+1	3,000E+3	3,000E+3
350,083	0,142	0,100	7,720E+0	2,400E+1	3,000E+3	2,997E+3
351,083	0,142	0,100	7,720E+0	2,400E+1	3,000E+3	3,003E+3
352,084	0,142	0,100	7,720E+0	2,400E+1	3,000E+3	3,007E+3
353,083	0,142	0,100	7,720E+0	2,400E+1	3,000E+3	3,004E+3
354,083	0,142	0,100	7,720E+0	2,400E+1	3,000E+3	2,992E+3
355,085	0,142	0,100	7,720E+0	2,400E+1	3,000E+3	2,988E+3
356,084	0,142	0,100	7,720E+0	2,400E+1	3,000E+3	3,009E+3
357,085	0,142	0,100	7,720E+0	2,400E+1	3,000E+3	3,000E+3
358,084	0,142	0,100	7,720E+0	2,400E+1	3,000E+3	2,987E+3
359,085	0,142	0,100	7,710E+0	2,400E+1	3,000E+3	3,006E+3
360,085	0,142	0,100	7,710E+0	2,400E+1	3,000E+3	3,010E+3
361,086	0,142	0,100	7,710E+0	2,400E+1	3,000E+3	3,001E+3
362,087	0,142	0,100	7,710E+0	2,400E+1	3,000E+3	3,006E+3
363,086	0,142	0,100	7,710E+0	2,400E+1	3,000E+3	3,003E+3
364,088	0,142	0,100	7,720E+0	2,400E+1	3,000E+3	2,994E+3
365,088	0,142	0,100	7,720E+0	2,400E+1	3,000E+3	2,997E+3
366,089	0,142	0,100	7,720E+0	2,400E+1	3,000E+3	3,000E+3
367,089	0,142	0,100	7,720E+0	2,400E+1	3,000E+3	3,001E+3
368,090	0,142	0,100	7,720E+0	2,400E+1	3,000E+3	2,992E+3
369,091	0,142	0,100	7,720E+0	2,400E+1	3,000E+3	3,001E+3
370,090	0,142	0,100	7,710E+0	2,400E+1	3,000E+3	2,997E+3
371,092	0,142	0,100	7,720E+0	2,400E+1	3,000E+3	3,001E+3
372,091	0,142	0,100	7,720E+0	2,400E+1	3,000E+3	3,009E+3
373,092	0,142	0,100	7,720E+0	2,400E+1	3,000E+3	3,002E+3
374,091	0,142	0,100	7,720E+0	2,400E+1	3,000E+3	2,996E+3
375,091	0,142	0,100	7,730E+0	2,400E+1	3,000E+3	3,012E+3
376,093	0,142	0,100	7,720E+0	2,400E+1	3,000E+3	3,018E+3
377,092	0,142	0,100	7,720E+0	2,400E+1	3,000E+3	2,995E+3
378,093	0,142	0,100	7,720E+0	2,400E+1	3,000E+3	3,003E+3
379,092	0,142	0,100	7,720E+0	2,400E+1	3,000E+3	3,002E+3
380,093	0,142	0,100	7,720E+0	2,400E+1	3,000E+3	2,994E+3
381,092	0,142	0,100	7,730E+0	2,400E+1	3,000E+3	3,007E+3
382,092	0,142	0,100	7,730E+0	2,400E+1	3,000E+3	2,990E+3
383,093	0,142	0,100	7,730E+0	2,400E+1	3,000E+3	3,005E+3
384,092	0,142	0,100	7,730E+0	2,400E+1	3,000E+3	3,001E+3
385,094	0,142	0,100	7,730E+0	2,400E+1	3,000E+3	3,000E+3
386,093	0,142	0,100	7,730E+0	2,400E+1	3,000E+3	3,003E+3
387,094	0,142	0,100	7,730E+0	2,400E+1	3,000E+3	2,998E+3
388,093	0,142	0,100	7,730E+0	2,400E+1	3,000E+3	2,998E+3
389,093	0,142	0,100	7,730E+0	2,400E+1	3,000E+3	2,994E+3
390,094	0,142	0,100	7,730E+0	2,400E+1	3,000E+3	3,004E+3
391,094	0,142	0,100	7,730E+0	2,400E+1	3,000E+3	2,998E+3
392,096	0,142	0,100	7,730E+0	2,400E+1	3,000E+3	2,989E+3
393,095	0,142	0,100	7,740E+0	2,400E+1	3,000E+3	3,012E+3
394,096	0,142	0,100	7,740E+0	2,400E+1	3,000E+3	3,003E+3
395,095	0,142	0,100	7,740E+0	2,400E+1	3,000E+3	2,991E+3
396,096	0,142	0,100	7,730E+0	2,400E+1	3,000E+3	3,009E+3
397,098	0,142	0,100	7,730E+0	2,400E+1	3,000E+3	2,999E+3
398,097	0,142	0,100	7,730E+0	2,400E+1	3,000E+3	3,007E+3
399,098	0,142	0,100	7,730E+0	2,400E+1	3,000E+3	3,000E+3
400,098	0,142	0,100	7,730E+0	2,400E+1	3,000E+3	2,990E+3
401,098	0,142	0,100	7,730E+0	2,400E+1	3,000E+3	3,006E+3
402,099	0,142	0,100	7,730E+0	2,400E+1	3,000E+3	3,004E+3
403,100	0,142	0,100	7,730E+0	2,400E+1	3,000E+3	3,010E+3
404,099	0,142	0,100	7,740E+0	2,400E+1	3,000E+3	3,004E+3
405,100	0,142	0,100	7,740E+0	2,400E+1	3,000E+3	2,992E+3
406,099	0,142	0,100	7,740E+0	2,400E+1	3,000E+3	3,005E+3
407,099	0,142	0,100	7,740E+0	2,400E+1	3,000E+3	3,000E+3
408,100	0,142	0,100	7,750E+0	2,400E+1	3,000E+3	2,994E+3
409,099	0,142	0,100	7,750E+0	2,400E+1	3,000E+3	3,001E+3
410,100	0,142	0,100	7,750E+0	2,400E+1	3,000E+3	3,007E+3
411,099	0,142	0,100	7,740E+0	2,400E+1	3,000E+3	2,996E+3
412,099	0,142	0,100	7,740E+0	2,400E+1	3,000E+3	2,998E+3
413,099	0,142	0,100	7,740E+0	2,400E+1	3,000E+3	3,005E+3
414,099	0,142	0,100	7,740E+0	2,400E+1	3,000E+3	3,004E+3
415,100	0,142	0,100	7,740E+0	2,400E+1	3,000E+3	3,001E+3
416,100	0,142	0,100	7,740E+0	2,400E+1	3,000E+3	3,000E+3
417,102	0,142	0,100	7,750E+0	2,400E+1	3,000E+3	2,997E+3
418,102	0,142	0,100	7,750E+0	2,400E+1	3,000E+3	2,983E+3
419,102	0,142	0,100	7,740E+0	2,400E+1	3,000E+3	2,998E+3
420,102	0,142	0,100	7,740E+0	2,400E+1	3,000E+3	3,002E+3
421,102	0,142	0,100	7,740E+0	2,400E+1	3,000E+3	2,992E+3
422,103	0,142	0,100	7,750E+0	2,400E+1	3,000E+3	2,995E+3
423,103	0,142	0,100	7,740E+0	2,400E+1	3,000E+3	2,998E+3
424,105	0,142	0,100	7,740E+0	2,400E+1	3,000E+3	3,003E+3
425,104	0,142	0,100	7,750E+0	2,400E+1	3,000E+3	2,995E+3
426,104	0,142	0,100	7,750E+0	2,400E+1	3,000E+3	3,001E+3
427,105	0,142	0,100	7,750E+0	2,400E+1	3,000E+3	3,003E+3
428,104	0,142	0,100	7,750E+0	2,400E+1	3,000E+3	3,000E+3
429,105	0,142	0,100	7,750E+0	2,400E+1	3,000E+3	2,992E+3
430,104	0,142	0,100	7,750E+0	2,400E+1	3,000E+3	2,996E+3
431,105	0,142	0,100	7,750E+0	2,400E+1	3,000E+3	3,000E+3
432,105	0,142	0,100	7,750E+0	2,400E+1	3,000E+3	3,006E+3
433,106	0,142	0,100	7,750E+0	2,400E+1	3,000E+3	2,998E+3
434,108	0,142	0,100	7,750E+0	2,400E+1	3,000E+3	3,000E+3
435,108	0,142	0,100	7,750E+0	2,400E+1	3,000E+3	3,009E+3
436,109	0,142	0,100	7,750E+0	2,400E+1	3,000E+3	2,997E+3
437,108	0,142	0,100	7,750E+0	2,400E+1	3,000E+3	2,996E+3
438,109	0,142	0,100	7,760E+0	2,400E+1	3,000E+3	2,991E+3
439,108	0,142	0,100	7,760E+0	2,400E+1	3,000E+3	2,997E+3
440,108	0,142	0,100	7,760E+0	2,400E+1	3,000E+3	3,004E+3
441,109	0,142	0,100	7,750E+0	2,400E+1	3,000E+3	3,004E+3
442,108	0,142	0,100	7,750E+0	2,400E+1	3,000E+3	3,015E+3
443,108	0,142	0,100	7,750E+0	2,400E+1	3,000E+3	3,003E+3
444,109	0,142	0,100	7,750E+0	2,400E+1	3,000E+3	2,997E+3
445,108	0,142	0,100	7,760E+0	2,400E+1	3,000E+3	3,002E+3
446,109	0,142	0,100	7,760E+0	2,400E+1	3,000E+3	2,995E+3
447,108	0,142	0,100	7,760E+0	2,400E+1	3,000E+3	3,000E+3
448,110	0,142	0,100	7,760E+0	2,400E+1	3,000E+3	3,004E+3
449,109	0,142	0,100	7,760E+0	2,400E+1	3,000E+3	3,000E+3
450,110	0,142	0,100	7,760E+0	2,400E+1	3,000E+3	3,007E+3
451,109	0,142	0,100	7,760E+0	2,400E+1	3,000E+3	2,994E+3
452,110	0,142	0,100	7,760E+0	2,400E+1	3,000E+3	3,003E+3
453,109	0,142	0,100	7,760E+0	2,400E+1	3,000E+3	2,997E+3
454,109	0,142	0,100	7,760E+0	2,400E+1	3,000E+3	2,995E+3
455,111	0,142	0,100	7,760E+0	2,400E+1	3,000E+3	2,994E+3
456,111	0,142	0,100	7,760E+0	2,400E+1	3,000E+3	3,000E+3
457,112	0,142	0,100	7,760E+0	2,400E+1	3,000E+3	3,010E+3
458,112	0,142	0,100	7,760E+0	2,400E+1	3,000E+3	2,999E+3
459,113	0,142	0,100	7,760E+0	2,400E+1	3,000E+3	3,001E+3
460,114	0,142	0,100	7,760E+0	2,400E+1	3,000E+3	2,993E+3
461,113	0,142	0,100	7,760E+0	2,400E+1	3,000E+3	2,998E+3
462,115	0,142	0,100	7,760E+0	2,400E+1	3,000E+3	3,006E+3
463,115	0,142	0,100	7,760E+0	2,400E+1	3,000E+3	3,009E+3
464,117	0,142	0,100	7,760E+0	2,400E+1	3,000E+3	3,003E+3
465,116	0,142	0,100	7,760E+0	2,400E+1	3,000E+3	3,003E+3
466,116	0,142	0,100	7,770E+0	2,400E+1	3,000E+3	3,010E+3
467,117	0,142	0,100	7,770E+0	2,400E+1	3,000E+3	3,009E+3
468,117	0,142	0,100	7,760E+0	2,400E+1	3,000E+3	3,007E+3
469,117	0,142	0,100	7,760E+0	2,400E+1	3,000E+3	3,007E+3
470,118	0,142	0,100	7,760E+0	2,400E+1	3,000E+3	3,003E+3
471,117	0,142	0,100	7,770E+0	2,400E+1	3,000E+3	3,005E+3
472,118	0,142	0,100	7,770E+0	2,400E+1	3,000E+3	2,994E+3
473,118	0,142	0,100	7,760E+0	2,400E+1	3,000E+3	3,012E+3
474,119	0,142	0,100	7,770E+0	2,400E+1	3,000E+3	3,003E+3
475,118	0,142	0,100	7,770E+0	2,400E+1	3,000E+3	2,994E+3
476,119	0,142	0,100	7,780E+0	2,400E+1	3,000E+3	3,004E+3
477,118	0,142	0,100	7,770E+0	2,400E+1	3,000E+3	3,001E+3
478,118	0,142	0,100	7,770E+0	2,400E+1	3,000E+3	2,991E+3
479,119	0,142	0,100	7,770E+0	2,400E+1	3,000E+3	2,997E+3
480,120	0,142	0,100	7,770E+0	2,400E+1	3,000E+3	3,009E+3
481,119	0,142	0,100	7,770E+0	2,400E+1	3,000E+3	3,003E+3
482,119	0,142	0,100	7,770E+0	2,400E+1	3,000E+3	2,995E+3
483,121	0,142	0,100	7,770E+0	2,400E+1	3,000E+3	3,000E+3
484,121	0,142	0,100	7,770E+0	2,400E+1	3,000E+3	3,009E+3
485,122	0,142	0,100	7,770E+0	2,400E+1	3,000E+3	3,007E+3
486,122	0,142	0,100	7,770E+0	2,400E+1	3,000E+3	3,001E+3
487,123	0,142	0,100	7,770E+0	2,400E+1	3,000E+3	3,007E+3
488,123	0,142	0,100	7,780E+0	2,400E+1	3,000E+3	3,001E+3
489,122	0,142	0,100	7,780E+0	2,400E+1	3,000E+3	3,003E+3
490,123	0,142	0,100	7,770E+0	2,400E+1	3,000E+3	2,998E+3
491,122	0,142	0,100	7,770E+0	2,400E+1	3,000E+3	3,003E+3
492,123	0,142	0,100	7,770E+0	2,400E+1	3,000E+3	3,004E+3
493,122	0,142	0,100	7,770E+0	2,400E+1	3,000E+3	3,000E+3
494,122	0,142	0,100	7,780E+0	2,400E+1	3,000E+3	2,995E+3
495,123	0,142	0,100	7,780E+0	2,400E+1	3,000E+3	2,998E+3
496,122	0,142	0,100	7,780E+0	2,400E+1	3,000E+3	3,000E+3
497,123	0,142	0,100	7,780E+0	2,400E+1	3,000E+3	2,998E+3
498,122	0,142	0,100	7,780E+0	2,400E+1	3,000E+3	3,002E+3
499,123	0,142	0,100	7,780E+0	2,400E+1	3,000E+3	3,000E+3
500,124	0,142	0,100	7,780E+0	2,400E+1	3,000E+3	2,997E+3
501,123	0,142	0,100	7,780E+0	2,400E+1	3,000E+3	2,986E+3
502,124	0,142	0,100	7,780E+0	2,400E+1	3,000E+3	2,997E+3
503,123	0,142	0,100	7,780E+0	2,400E+1	3,000E+3	2,999E+3
504,123	0,142	0,100	7,780E+0	2,400E+1	3,000E+3	3,001E+3
505,124	0,142	0,100	7,780E+0	2,400E+1	3,000E+3	3,001E+3
506,123	0,142	0,100	7,780E+0	2,400E+1	3,000E+3	2,998E+3
507,123	0,142	0,100	7,780E+0	2,400E+1	3,000E+3	3,000E+3
508,124	0,142	0,100	7,790E+0	2,400E+1	3,000E+3	2,998E+3
509,123	0,142	0,100	7,790E+0	2,400E+1	3,000E+3	3,000E+3
510,124	0,142	0,100	7,770E+0	2,400E+1	3,000E+3	2,999E+3
511,123	0,142	0,100	7,790E+0	2,400E+1	3,000E+3	3,001E+3
512,124	0,142	0,100	7,790E+0	2,400E+1	3,000E+3	2,996E+3
513,123	0,142	0,100	7,780E+0	2,400E+1	3,000E+3	3,008E+3
514,123	0,142	0,100	7,780E+0	2,400E+1	3,000E+3	3,002E+3
515,124	0,142	0,100	7,780E+0	2,400E+1	3,000E+3	3,001E+3
516,124	0,142	0,100	7,780E+0	2,400E+1	3,000E+3	3,003E+3
517,125	0,142	0,100	7,780E+0	2,400E+1	3,000E+3	2,999E+3
518,124	0,142	0,100	7,780E+0	2,400E+1	3,000E+3	3,003E+3
519,125	0,142	0,100	7,780E+0	2,400E+1	3,000E+3	2,996E+3
520,125	0,142	0,100	7,780E+0	2,400E+1	3,000E+3	3,001E+3
521,126	0,142	0,100	7,780E+0	2,400E+1	3,000E+3	3,007E+3
522,127	0,142	0,100	7,780E+0	2,400E+1	3,000E+3	2,992E+3
523,126	0,142	0,100	7,780E+0	2,400E+1	3,000E+3	3,006E+3
524,128	0,142	0,100	7,790E+0	2,400E+1	3,000E+3	2,995E+3
525,128	0,142	0,100	7,790E+0	2,400E+1	3,000E+3	3,007E+3
526,128	0,142	0,100	7,790E+0	2,400E+1	3,000E+3	3,001E+3
527,129	0,142	0,100	7,790E+0	2,400E+1	3,000E+3	3,004E+3
528,129	0,142	0,100	7,790E+0	2,400E+1	3,000E+3	3,001E+3
529,128	0,142	0,100	7,790E+0	2,400E+1	3,000E+3	3,003E+3
530,129	0,142	0,100	7,790E+0	2,400E+1	3,000E+3	2,994E+3
531,128	0,142	0,100	7,790E+0	2,400E+1	3,000E+3	2,995E+3
532,128	0,142	0,100	7,790E+0	2,400E+1	3,000E+3	3,008E+3
533,129	0,142	0,100	7,790E+0	2,400E+1	3,000E+3	2,998E+3
534,128	0,142	0,100	7,790E+0	2,400E+1	3,000E+3	2,998E+3
535,129	0,142	0,100	7,790E+0	2,400E+1	3,000E+3	3,016E+3
536,128	0,142	0,100	7,790E+0	2,400E+1	3,000E+3	2,998E+3
537,129	0,142	0,100	7,790E+0	2,400E+1	3,000E+3	3,013E+3
538,130	0,142	0,100	7,790E+0	2,400E+1	3,000E+3	3,004E+3
539,129	0,142	0,100	7,790E+0	2,400E+1	3,000E+3	3,004E+3
540,130	0,142	0,100	7,790E+0	2,400E+1	3,000E+3	2,983E+3
541,129	0,142	0,100	7,790E+0	2,400E+1	3,000E+3	3,010E+3
542,130	0,142	0,100	7,800E+0	2,400E+1	3,000E+3	2,997E+3
543,129	0,142	0,100	7,800E+0	2,400E+1	3,000E+3	3,002E+3
544,129	0,142	0,100	7,800E+0	2,400E+1	3,000E+3	3,007E+3
545,130	0,142	0,100	7,800E+0	2,400E+1	3,000E+3	3,004E+3
546,129	0,142	0,100	7,800E+0	2,400E+1	3,000E+3	3,003E+3
547,130	0,142	0,100	7,800E+0	2,400E+1	3,000E+3	2,999E+3
548,129	0,142	0,100	7,800E+0	2,400E+1	3,000E+3	2,997E+3
549,129	0,142	0,100	7,800E+0	2,400E+1	3,000E+3	2,997E+3
550,129	0,142	0,100	7,800E+0	2,400E+1	3,000E+3	3,024E+3
551,129	0,142	0,100	7,800E+0	2,400E+1	3,000E+3	3,001E+3
552,130	0,142	0,100	7,800E+0	2,400E+1	3,000E+3	3,007E+3
553,129	0,142	0,100	7,800E+0	2,400E+1	3,000E+3	3,003E+3
554,130	0,142	0,100	7,800E+0	2,400E+1	3,000E+3	2,998E+3
555,129	0,142	0,100	7,800E+0	2,400E+1	3,000E+3	2,997E+3
556,130	0,142	0,100	7,800E+0	2,400E+1	3,000E+3	2,986E+3
557,129	0,142	0,100	7,800E+0	2,400E+1	3,000E+3	3,001E+3
558,129	0,142	0,100	7,800E+0	2,400E+1	3,000E+3	2,998E+3
559,130	0,142	0,100	7,800E+0	2,400E+1	3,000E+3	3,016E+3
560,129	0,142	0,100	7,800E+0	2,400E+1	3,000E+3	2,999E+3
561,131	0,142	0,100	7,800E+0	2,400E+1	3,000E+3	3,003E+3
562,131	0,142	0,100	7,810E+0	2,400E+1	3,000E+3	3,000E+3
563,133	0,142	0,100	7,810E+0	2,400E+1	3,000E+3	2,991E+3
564,132	0,142	0,100	7,800E+0	2,400E+1	3,000E+3	2,989E+3
565,132	0,142	0,100	7,800E+0	2,400E+1	3,000E+3	3,005E+3
566,134	0,142	0,100	7,800E+0	2,400E+1	3,000E+3	3,001E+3
567,133	0,142	0,100	7,810E+0	2,400E+1	3,000E+3	3,012E+3
568,135	0,142	0,100	7,800E+0	2,400E+1	3,000E+3	2,999E+3
569,135	0,142	0,100	7,800E+0	2,400E+1	3,000E+3	3,000E+3
570,137	0,142	0,100	7,810E+0	2,400E+1	3,000E+3	3,001E+3
571,136	0,142	0,100	7,810E+0	2,400E+1	3,000E+3	2,995E+3
572,136	0,142	0,100	7,810E+0	2,400E+1	3,000E+3	3,001E+3
573,137	0,142	0,100	7,810E+0	2,400E+1	3,000E+3	3,007E+3
574,136	0,142	0,100	7,810E+0	2,400E+1	3,000E+3	2,994E+3
575,136	0,142	0,100	7,810E+0	2,400E+1	3,000E+3	3,001E+3
576,138	0,142	0,100	7,810E+0	2,400E+1	3,000E+3	3,001E+3
577,137	0,142	0,100	7,810E+0	2,400E+1	3,000E+3	3,001E+3
578,138	0,142	0,100	7,810E+0	2,400E+1	3,000E+3	3,005E+3
579,137	0,142	0,100	7,810E+0	2,400E+1	3,000E+3	3,027E+3
580,138	0,142	0,100	7,810E+0	2,400E+1	3,000E+3	2,989E+3
581,139	0,142	0,100	7,810E+0	2,400E+1	3,000E+3	2,998E+3
582,138	0,142	0,100	7,810E+0	2,400E+1	3,000E+3	3,007E+3
583,139	0,142	0,100	7,820E+0	2,400E+1	3,000E+3	3,001E+3
584,141	0,142	0,100	7,820E+0	2,400E+1	3,000E+3	3,001E+3
585,140	0,142	0,100	7,820E+0	2,400E+1	3,000E+3	3,004E+3
586,140	0,142	0,100	7,820E+0	2,400E+1	3,000E+3	2,992E+3
587,141	0,142	0,100	7,810E+0	2,400E+1	3,000E+3	2,985E+3
588,140	0,142	0,100	7,810E+0	2,400E+1	3,000E+3	3,002E+3
589,142	0,142	0,100	7,810E+0	2,400E+1	3,000E+3	3,005E+3
590,141	0,142	0,100	7,810E+0	2,400E+1	3,000E+3	3,001E+3
591,141	0,142	0,100	7,810E+0	2,400E+1	3,000E+3	3,001E+3
592,142	0,142	0,100	7,810E+0	2,400E+1	3,000E+3	2,997E+3
593,141	0,142	0,100	7,810E+0	2,400E+1	3,000E+3	2,987E+3
594,142	0,142	0,100	7,810E+0	2,400E+1	3,000E+3	2,997E+3
595,142	0,142	0,100	7,820E+0	2,400E+1	3,000E+3	3,001E+3
596,143	0,142	0,100	7,820E+0	2,400E+1	3,000E+3	2,999E+3
597,142	0,142	0,100	7,820E+0	2,400E+1	3,000E+3	2,992E+3
598,142	0,142	0,100	7,820E+0	2,400E+1	3,000E+3	2,995E+3
599,143	0,142	0,100	7,820E+0	2,400E+1	3,000E+3	2,994E+3
600,142	0,142	0,100	7,820E+0	2,400E+1	3,000E+3	2,997E+3
601,143	0,142	0,100	7,820E+0	2,400E+1	3,000E+3	3,006E+3
602,142	0,143	0,100	7,820E+0	2,400E+1	3,000E+3	3,013E+3
603,143	0,143	0,100	7,820E+0	2,400E+1	3,000E+3	3,009E+3
604,143	0,142	0,100	7,820E+0	2,400E+1	3,000E+3	3,004E+3
605,143	0,142	0,100	7,820E+0	2,400E+1	3,000E+3	3,006E+3
606,144	0,142	0,100	7,820E+0	2,400E+1	3,000E+3	2,997E+3
607,144	0,142	0,100	7,820E+0	2,400E+1	3,000E+3	3,001E+3
608,146	0,142	0,100	7,820E+0	2,400E+1	3,000E+3	2,994E+3
609,145	0,142	0,100	7,820E+0	2,400E+1	3,000E+3	3,000E+3
610,147	0,142	0,100	7,820E+0	2,400E+1	3,000E+3	3,000E+3
611,146	0,142	0,100	7,820E+0	2,400E+1	3,000E+3	3,008E+3
612,147	0,142	0,100	7,820E+0	2,400E+1	3,000E+3	3,005E+3
613,147	0,142	0,100	7,820E+0	2,400E+1	3,000E+3	3,004E+3
614,148	0,142	0,100	7,820E+0	2,400E+1	3,000E+3	3,007E+3
615,147	0,142	0,100	7,820E+0	2,400E+1	3,000E+3	3,004E+3
616,147	0,142	0,100	7,820E+0	2,400E+1	3,000E+3	3,006E+3
617,148	0,143	0,100	7,820E+0	2,400E+1	3,000E+3	3,010E+3
618,147	0,142	0,100	7,820E+0	2,400E+1	3,000E+3	3,001E+3
619,148	0,142	0,100	7,820E+0	2,400E+1	3,000E+3	3,000E+3
620,149	0,142	0,100	7,820E+0	2,400E+1	3,000E+3	2,991E+3
621,148	0,142	0,100	7,820E+0	2,400E+1	3,000E+3	2,999E+3
622,149	0,142	0,100	7,820E+0	2,400E+1	3,000E+3	3,000E+3
623,148	0,142	0,100	7,820E+0	2,400E+1	3,000E+3	3,004E+3
624,148	0,142	0,100	7,820E+0	2,400E+1	3,000E+3	3,002E+3
625,150	0,143	0,100	7,830E+0	2,400E+1	3,000E+3	3,007E+3
626,149	0,143	0,100	7,830E+0	2,400E+1	3,000E+3	3,006E+3
627,150	0,143	0,100	7,830E+0	2,400E+1	3,000E+3	3,002E+3
628,149	0,142	0,100	7,830E+0	2,400E+1	3,000E+3	2,996E+3
629,150	0,142	0,100	7,830E+0	2,400E+1	3,000E+3	3,029E+3
630,149	0,142	0,100	7,830E+0	2,400E+1	3,000E+3	3,003E+3
631,149	0,142	0,100	7,830E+0	2,400E+1	3,000E+3	3,000E+3
632,150	0,142	0,100	7,820E+0	2,400E+1	3,000E+3	3,000E+3
633,149	0,142	0,100	7,820E+0	2,400E+1	3,000E+3	2,989E+3
634,150	0,142	0,100	7,830E+0	2,400E+1	3,000E+3	2,997E+3
635,149	0,142	0,100	7,830E+0	2,400E+1	3,000E+3	2,997E+3
636,150	0,142	0,100	7,830E+0	2,400E+1	3,000E+3	3,006E+3
637,150	0,142	0,100	7,830E+0	2,400E+1	3,000E+3	3,009E+3
638,151	0,142	0,100	7,830E+0	2,400E+1	3,000E+3	3,001E+3
639,150	0,142	0,100	7,830E+0	2,400E+1	3,000E+3	2,998E+3
640,151	0,142	0,100	7,820E+0	2,400E+1	3,000E+3	3,001E+3
641,150	0,142	0,100	7,830E+0	2,400E+1	3,000E+3	3,005E+3
642,150	0,142	0,100	7,830E+0	2,400E+1	3,000E+3	2,995E+3
643,152	0,142	0,100	7,830E+0	2,400E+1	3,000E+3	3,035E+3
644,152	0,100	0,100	5,570E+0	2,400E+1	3,000E+3	3,002E+3
645,153	0,100	0,100	5,570E+0	2,400E+1	3,000E+3	3,006E+3
646,152	0,100	0,050	5,570E+0	2,400E+1	3,000E+3	3,067E+3
647,153	0,050	0,050	2,920E+0	2,400E+1	3,000E+3	3,034E+3
648,153	0,050	0,050	2,920E+0	2,400E+1	3,000E+3	2,969E+3
649,153	0,050	0,050	2,920E+0	2,400E+1	3,000E+3	2,997E+3
650,154	0,050	0,050	2,930E+0	2,400E+1	3,000E+3	3,016E+3
651,153	0,050	0,050	2,930E+0	2,400E+1	3,000E+3	2,999E+3
652,154	0,050	0,050	2,930E+0	2,400E+1	3,000E+3	2,993E+3
653,154	0,050	0,000	3,000E-1	2,400E+1	3,000E+3	3,026E+3
654,155	0,050	0,000	3,000E-1	2,400E+1	3,000E+3	3,049E+3
655,154	0,000	0,000	3,000E-1	2,400E+1	3,000E+3	3,001E+3
656,154	0,000	0,000	3,000E-1	2,400E+1	3,000E+3	2,988E+3
657,155	0,000	0,000	3,000E-1	2,400E+1	3,000E+3	2,980E+3
658,154	0,000	0,000	3,000E-1	2,400E+1	0,000E+0	2,913E+3
659,155	0,000	0,000	3,000E-1	2,400E+1	0,000E+0	2,420E+3
660,154	0,000	0,000	3,000E-1	2,400E+1	0,000E+0	1,950E+3
661,154	0,000	0,000	3,000E-1	2,400E+1	0,000E+0	1,520E+3
662,154	0,000	0,000	3,000E-1	2,400E+1	0,000E+0	0,000E+0
663,154	0,000	0,000	3,000E-1	2,400E+1	0,000E+0	0,000E+0
664,155	0,000	0,000	3,000E-1	2,400E+1	0,000E+0	0,000E+0
665,155	0,000	0,000	3,000E-1	2,400E+1	0,000E+0	0,000E+0
666,156	0,000	0,000	3,000E-1	2,400E+1	0,000E+0	0,000E+0
667,155	0,000	0,000	3,000E-1	2,400E+1	0,000E+0	0,000E+0
668,156	0,000	0,000	3,000E-1	2,400E+1	0,000E+0	0,000E+0
