6,004999	0,000000	0,000000	0,000000E+0
0,006770	0,000000	0,000000	0,000000E+0
0,006770	0,000000	0,000000	0,000000E+0
0,006770	0,000000	0,000000	0,000000E+0
0,006770	0,000000	0,000000	0,000000E+0
0,006770	0,000000	0,000000	0,000000E+0
0,006770	0,000000	0,000000	0,000000E+0
0,006770	0,000000	0,000000	0,000000E+0
0,006770	0,000000	0,000000	0,000000E+0
0,006770	0,000000	0,000000	0,000000E+0
0,006770	0,000000	0,000000	0,000000E+0
1,006053	0,000000	0,000000	0,000000E+0
1,006053	0,000000	0,000000	0,000000E+0
1,006053	0,000000	0,000000	0,000000E+0
1,006053	0,000000	0,000000	0,000000E+0
1,006053	0,000000	0,000000	0,000000E+0
1,006053	0,000000	0,000000	0,000000E+0
1,006053	0,000000	0,000000	0,000000E+0
1,006053	0,000000	0,000000	0,000000E+0
1,006053	0,000000	0,000000	0,000000E+0
1,006053	0,000000	0,000000	0,000000E+0
2,006489	0,000000	0,000000	0,000000E+0
2,006489	0,000000	0,000000	0,000000E+0
2,006489	0,000000	0,000000	0,000000E+0
2,006489	0,000000	0,000000	0,000000E+0
2,006489	0,000000	0,000000	0,000000E+0
2,006489	0,000000	0,000000	0,000000E+0
2,006489	0,000000	0,000000	0,000000E+0
2,006489	0,000000	0,000000	0,000000E+0
2,006489	0,000000	0,000000	0,000000E+0
2,006489	0,000000	0,000000	0,000000E+0
3,005891	0,000000	0,000000	0,000000E+0
3,005891	0,000000	0,000000	0,000000E+0
3,005891	0,000000	0,000000	0,000000E+0
3,005891	0,000000	0,000000	0,000000E+0
3,005891	0,000000	0,000000	0,000000E+0
3,005891	0,000000	0,000000	0,000000E+0
3,005891	0,000000	0,000000	0,000000E+0
3,005891	0,000000	0,000000	0,000000E+0
3,005891	0,000000	0,000000	0,000000E+0
3,005891	0,000000	0,000000	0,000000E+0
4,006334	0,000000	0,000000	0,000000E+0
4,006334	0,000000	0,000000	0,000000E+0
4,006334	0,000000	0,000000	0,000000E+0
4,006334	0,000000	0,000000	0,000000E+0
4,006334	0,000000	0,000000	0,000000E+0
4,006334	0,000000	0,000000	0,000000E+0
4,006334	0,000000	0,000000	0,000000E+0
4,006334	0,000000	0,000000	0,000000E+0
4,006334	0,000000	0,000000	0,000000E+0
4,006334	0,000000	0,000000	0,000000E+0
5,006733	0,000000	0,000000	0,000000E+0
5,006733	0,000000	0,000000	0,000000E+0
5,006733	0,000000	0,000000	0,000000E+0
5,006733	0,000000	0,000000	0,000000E+0
5,006733	0,000000	0,000000	0,000000E+0
5,006733	0,000000	0,000000	0,000000E+0
5,006733	0,000000	0,000000	0,000000E+0
5,006733	0,000000	0,000000	0,000000E+0
5,006733	0,000000	0,000000	0,000000E+0
5,006733	0,000000	0,000000	0,000000E+0
6,007177	0,000000	0,000000	0,000000E+0
6,007177	0,000000	0,000000	0,000000E+0
6,007177	0,000000	0,000000	0,000000E+0
6,007177	0,000000	0,000000	0,000000E+0
6,007177	0,000000	0,000000	0,000000E+0
6,007177	0,000000	0,000000	0,000000E+0
6,007177	0,000000	0,000000	0,000000E+0
6,007177	0,000000	0,000000	0,000000E+0
6,007177	0,000000	0,000000	0,000000E+0
6,007177	0,000000	0,000000	0,000000E+0
7,008583	0,000000	0,000000	0,000000E+0
7,008583	0,000000	0,000000	0,000000E+0
7,008583	0,000000	0,000000	0,000000E+0
7,008583	0,000000	0,000000	0,000000E+0
7,008583	0,000000	0,000000	0,000000E+0
7,008583	0,000000	0,000000	0,000000E+0
7,008583	0,000000	0,000000	0,000000E+0
7,008583	0,000000	0,000000	0,000000E+0
7,008583	0,000000	0,000000	0,000000E+0
7,008583	0,000000	0,000000	0,000000E+0
8,008016	0,000000	0,000000	0,000000E+0
8,008016	0,000000	0,000000	0,000000E+0
8,008016	0,000000	0,000000	0,000000E+0
8,008016	0,000000	0,000000	0,000000E+0
8,008016	0,000000	0,000000	0,000000E+0
8,008016	0,000000	0,000000	0,000000E+0
8,008016	0,000000	0,000000	0,000000E+0
8,008016	0,000000	0,000000	0,000000E+0
8,008016	0,000000	0,000000	0,000000E+0
8,008016	0,000000	0,000000	0,000000E+0
9,008430	0,000000	0,000000	0,000000E+0
9,008430	0,000000	0,000000	0,000000E+0
9,008430	0,000000	0,000000	0,000000E+0
9,008430	0,000000	0,000000	0,000000E+0
9,008430	0,000000	0,000000	0,000000E+0
9,008430	0,000000	0,000000	0,000000E+0
9,008430	0,000000	0,000000	0,000000E+0
9,008430	0,000000	0,000000	0,000000E+0
9,008430	0,000000	0,000000	0,000000E+0
9,008430	0,000000	0,000000	0,000000E+0
10,008876	0,000000	0,000000	0,000000E+0
10,008876	0,000000	0,000000	0,000000E+0
10,008876	0,000000	0,000000	0,000000E+0
10,008876	0,000000	0,000000	0,000000E+0
10,008876	0,000000	0,000000	0,000000E+0
10,008876	0,000000	0,000000	0,000000E+0
10,008876	0,000000	0,000000	0,000000E+0
10,008876	0,000000	0,000000	0,000000E+0
10,008876	0,000000	0,000000	0,000000E+0
10,008876	0,000000	0,000000	0,000000E+0
11,009278	0,000000	0,000000	0,000000E+0
11,009278	0,000000	0,000000	0,000000E+0
11,009278	0,000000	0,000000	0,000000E+0
11,009278	0,000000	0,000000	0,000000E+0
11,009278	0,000000	0,000000	0,000000E+0
11,009278	0,000000	0,000000	0,000000E+0
11,009278	0,000000	0,000000	0,000000E+0
11,009278	0,000000	0,000000	0,000000E+0
11,009278	0,000000	0,000000	0,000000E+0
11,009278	0,000000	0,000000	0,000000E+0
12,009728	0,000000	0,000000	0,000000E+0
12,009728	0,000000	0,000000	0,000000E+0
12,009728	0,000000	0,000000	0,000000E+0
12,009728	0,000000	0,000000	0,000000E+0
12,009728	0,000000	0,000000	0,000000E+0
12,009728	0,000000	0,000000	0,000000E+0
12,009728	0,000000	0,000000	0,000000E+0
12,009728	0,000000	0,000000	0,000000E+0
12,009728	0,000000	0,000000	0,000000E+0
12,009728	0,000000	0,000000	0,000000E+0
13,009152	0,000000	0,000000	0,000000E+0
13,009152	0,000000	0,000000	0,000000E+0
13,009152	0,000000	0,000000	0,000000E+0
13,009152	0,000000	0,000000	0,000000E+0
13,009152	0,000000	0,000000	0,000000E+0
13,009152	0,000000	0,000000	0,000000E+0
13,009152	0,000000	0,000000	0,000000E+0
13,009152	0,000000	0,000000	0,000000E+0
13,009152	0,000000	0,000000	0,000000E+0
13,009152	0,000000	0,000000	0,000000E+0
14,009576	0,000000	0,000000	0,000000E+0
14,009576	0,000000	0,000000	0,000000E+0
14,009576	0,000000	0,000000	0,000000E+0
14,009576	0,000000	0,000000	0,000000E+0
14,009576	0,000000	0,000000	0,000000E+0
14,009576	0,000000	0,000000	0,000000E+0
14,009576	0,000000	0,000000	0,000000E+0
14,009576	0,000000	0,000000	0,000000E+0
14,009576	0,000000	0,000000	0,000000E+0
14,009576	0,000000	0,000000	0,000000E+0
15,008999	0,000000	0,000000	0,000000E+0
15,008999	0,000000	0,000000	0,000000E+0
15,008999	0,000000	0,000000	0,000000E+0
15,008999	0,000000	0,000000	0,000000E+0
15,008999	0,000000	0,000000	0,000000E+0
15,008999	0,000000	0,000000	0,000000E+0
15,008999	0,000000	0,000000	0,000000E+0
15,008999	0,000000	0,000000	0,000000E+0
15,008999	0,000000	0,000000	0,000000E+0
15,008999	0,000000	0,000000	0,000000E+0
16,009410	0,000000	0,000000	0,000000E+0
16,009410	0,000000	0,000000	0,000000E+0
16,009410	0,000000	0,000000	0,000000E+0
16,009410	0,000000	0,000000	0,000000E+0
16,009410	0,000000	0,000000	0,000000E+0
16,009410	0,000000	0,000000	0,000000E+0
16,009410	0,000000	0,000000	0,000000E+0
16,009410	0,000000	0,000000	0,000000E+0
16,009410	0,000000	0,000000	0,000000E+0
16,009410	0,000000	0,000000	0,000000E+0
17,010865	0,000000	0,000000	0,000000E+0
17,010865	0,000000	0,000000	0,000000E+0
17,010865	0,000000	0,000000	0,000000E+0
17,010865	0,000000	0,000000	0,000000E+0
17,010865	0,000000	0,000000	0,000000E+0
17,010865	0,000000	0,000000	0,000000E+0
17,010865	0,000000	0,000000	0,000000E+0
17,010865	0,000000	0,000000	0,000000E+0
17,010865	0,000000	0,000000	0,000000E+0
17,010865	0,000000	0,000000	0,000000E+0
18,010270	0,000000	0,000000	0,000000E+0
18,010270	0,000000	0,000000	0,000000E+0
18,010270	0,000000	0,000000	0,000000E+0
18,010270	0,000000	0,000000	0,000000E+0
18,010270	0,000000	0,000000	0,000000E+0
18,010270	0,000000	0,000000	0,000000E+0
18,010270	0,000000	0,000000	0,000000E+0
18,010270	0,000000	0,000000	0,000000E+0
18,010270	0,000000	0,000000	0,000000E+0
18,010270	0,000000	0,000000	0,000000E+0
19,011770	0,000000	0,000000	0,000000E+0
19,011770	0,000000	0,000000	0,000000E+0
19,011770	0,000000	0,000000	0,000000E+0
19,011770	0,000000	0,000000	0,000000E+0
19,011770	0,000000	0,000000	0,000000E+0
19,011770	0,000000	0,000000	0,000000E+0
19,011770	0,000000	0,000000	0,000000E+0
19,011770	0,000000	0,000000	0,000000E+0
19,011770	0,000000	0,000000	0,000000E+0
19,011770	0,000000	0,000000	0,000000E+0
20,012192	0,000000	0,000000	0,000000E+0
20,012192	0,000000	0,000000	0,000000E+0
20,012192	0,000000	0,000000	0,000000E+0
20,012192	0,000000	0,000000	0,000000E+0
20,012192	0,000000	0,000000	0,000000E+0
20,012192	0,000000	0,000000	0,000000E+0
20,012192	0,000000	0,000000	0,000000E+0
20,012192	0,000000	0,000000	0,000000E+0
20,012192	0,000000	0,000000	0,000000E+0
20,012192	0,000000	0,000000	0,000000E+0
21,012577	0,000000	0,000000	0,000000E+0
21,012577	0,000000	0,000000	0,000000E+0
21,012577	0,000000	0,000000	0,000000E+0
21,012577	0,000000	0,000000	0,000000E+0
21,012577	0,000000	0,000000	0,000000E+0
21,012577	0,000000	0,000000	0,000000E+0
21,012577	0,000000	0,000000	0,000000E+0
21,012577	0,000000	0,000000	0,000000E+0
21,012577	0,000000	0,000000	0,000000E+0
21,012577	0,000000	0,000000	0,000000E+0
22,012004	0,000000	0,000000	0,000000E+0
22,012004	0,000000	0,000000	0,000000E+0
22,012004	0,000000	0,000000	0,000000E+0
