t	IF	IR	VF	VR	VelSP	VelRE
902,212	0,193	0,000	1,142E+1	2,400E+1	3,000E+3	2,999E+3
0,009	0,067	0,000	1,142E+1	2,400E+1	3,000E+3	2,999E+3
1,009	0,067	0,000	3,000E-1	2,400E+1	3,000E+3	2,999E+3
2,009	0,000	0,000	3,000E-1	2,400E+1	3,000E+3	2,999E+3
3,008	0,000	0,000	3,000E-1	2,400E+1	3,000E+3	2,999E+3
4,009	0,000	0,000	3,000E-1	2,400E+1	3,000E+3	2,999E+3
5,009	0,000	0,000	3,000E-1	2,400E+1	3,000E+3	2,999E+3
6,009	0,000	0,000	3,000E-1	2,400E+1	3,000E+3	2,999E+3
7,009	0,000	0,000	3,000E-1	2,400E+1	3,000E+3	2,999E+3
8,009	0,000	0,000	3,000E-1	2,400E+1	3,000E+3	2,999E+3
9,010	0,000	0,000	3,000E-1	2,400E+1	3,000E+3	2,999E+3
10,009	0,000	0,000	3,000E-1	2,400E+1	3,000E+3	2,999E+3
11,010	0,000	0,000	3,000E-1	2,400E+1	3,000E+3	2,999E+3
12,010	0,000	0,000	3,000E-1	2,400E+1	3,000E+3
13,010	0,000	0,000	3,000E-1	2,400E+1	3,000E+3
14,010	0,000	0,000	3,000E-1	2,400E+1	3,000E+3
15,010	0,000	0,000	3,000E-1	2,400E+1	3,000E+3
16,010	0,000	0,000	3,000E-1	2,400E+1	3,500E+3
17,009	0,000	0,000	3,000E-1	2,400E+1	3,500E+3
18,010	0,000	0,000	3,000E-1	2,400E+1	3,500E+3
19,010	0,000	0,000	3,000E-1	2,400E+1	3,500E+3
20,010	0,000	0,000	3,000E-1	2,400E+1	3,500E+3
21,010	0,000	0,000	3,000E-1	2,400E+1	3,500E+3
22,010	0,000	0,000	3,000E-1	2,400E+1	3,500E+3
23,010	0,000	0,000	3,000E-1	2,400E+1	3,500E+3
