157,040978	0,000000	0,000000	0,000000E+0
0,002651	0,000000	0,000000	0,000000E+0
0,002651	0,000000	0,000000	0,000000E+0
0,002651	0,000000	0,000000	0,000000E+0
0,002651	0,000000	0,000000	0,000000E+0
0,002651	0,000000	0,000000	0,000000E+0
0,002651	0,000000	0,000000	0,000000E+0
0,002651	0,000000	0,000000	0,000000E+0
0,002651	0,000000	0,000000	0,000000E+0
0,002651	0,000000	0,000000	0,000000E+0
0,002651	0,000000	0,000000	0,000000E+0
1,002239	0,000000	0,000000	0,000000E+0
1,002239	0,000000	0,000000	0,000000E+0
1,002239	0,000000	0,000000	0,000000E+0
1,002239	0,000000	0,000000	0,000000E+0
1,002239	0,000000	0,000000	0,000000E+0
1,002239	0,000000	0,000000	0,000000E+0
1,002239	0,000000	0,000000	0,000000E+0
1,002239	0,000000	0,000000	0,000000E+0
1,002239	0,000000	0,000000	0,000000E+0
1,002239	0,000000	0,000000	0,000000E+0
2,003675	0,000000	0,000000	0,000000E+0
2,003675	0,000000	0,000000	0,000000E+0
2,003675	0,000000	0,000000	0,000000E+0
2,003675	0,000000	0,000000	0,000000E+0
2,003675	0,000000	0,000000	0,000000E+0
2,003675	0,000000	0,000000	0,000000E+0
2,003675	0,000000	0,000000	0,000000E+0
2,003675	0,000000	0,000000	0,000000E+0
2,003675	0,000000	0,000000	0,000000E+0
2,003675	0,000000	0,000000	0,000000E+0
3,005079	0,000000	0,000000	0,000000E+0
3,005079	0,000000	0,000000	0,000000E+0
3,005079	0,000000	0,000000	0,000000E+0
3,005079	0,000000	0,000000	0,000000E+0
3,005079	0,000000	0,000000	0,000000E+0
3,005079	0,000000	0,000000	0,000000E+0
3,005079	0,000000	0,000000	0,000000E+0
3,005079	0,000000	0,000000	0,000000E+0
3,005079	0,000000	0,000000	0,000000E+0
3,005079	0,000000	0,000000	0,000000E+0
4,005520	0,000000	0,000000	0,000000E+0
4,005520	0,000000	0,000000	0,000000E+0
4,005520	0,000000	0,000000	0,000000E+0
4,005520	0,000000	0,000000	0,000000E+0
4,005520	0,000000	0,000000	0,000000E+0
4,005520	0,000000	0,000000	0,000000E+0
4,005520	0,000000	0,000000	0,000000E+0
4,005520	0,000000	0,000000	0,000000E+0
4,005520	0,000000	0,000000	0,000000E+0
4,005520	0,000000	0,000000	0,000000E+0
5,005932	0,000000	0,000000	0,000000E+0
5,005932	0,000000	0,000000	0,000000E+0
5,005932	0,000000	0,000000	0,000000E+0
5,005932	0,000000	0,000000	0,000000E+0
5,005932	0,000000	0,000000	0,000000E+0
5,005932	0,000000	0,000000	0,000000E+0
5,005932	0,000000	0,000000	0,000000E+0
5,005932	0,000000	0,000000	0,000000E+0
5,005932	0,000000	0,000000	0,000000E+0
5,005932	0,000000	0,000000	0,000000E+0
6,005356	0,000000	0,000000	0,000000E+0
6,005356	0,000000	0,000000	0,000000E+0
6,005356	0,000000	0,000000	0,000000E+0
6,005356	0,000000	0,000000	0,000000E+0
6,005356	0,000000	0,000000	0,000000E+0
6,005356	0,000000	0,000000	0,000000E+0
6,005356	0,000000	0,000000	0,000000E+0
6,005356	0,000000	0,000000	0,000000E+0
6,005356	0,000000	0,000000	0,000000E+0
6,005356	0,000000	0,000000	0,000000E+0
7,005784	0,000000	0,000000	0,000000E+0
7,005784	0,000000	0,000000	0,000000E+0
7,005784	0,000000	0,000000	0,000000E+0
7,005784	0,000000	0,000000	0,000000E+0
7,005784	0,000000	0,000000	0,000000E+0
7,005784	0,000000	0,000000	0,000000E+0
7,005784	0,000000	0,000000	0,000000E+0
7,005784	0,000000	0,000000	0,000000E+0
7,005784	0,000000	0,000000	0,000000E+0
7,005784	0,000000	0,000000	0,000000E+0
8,006223	0,000000	0,000000	0,000000E+0
8,006223	0,000000	0,000000	0,000000E+0
8,006223	0,000000	0,000000	0,000000E+0
8,006223	0,000000	0,000000	0,000000E+0
8,006223	0,000000	0,000000	0,000000E+0
8,006223	0,000000	0,000000	0,000000E+0
8,006223	0,000000	0,000000	0,000000E+0
8,006223	0,000000	0,000000	0,000000E+0
8,006223	0,000000	0,000000	0,000000E+0
8,006223	0,000000	0,000000	0,000000E+0
9,006636	0,000000	0,000000	0,000000E+0
9,006636	0,000000	0,000000	0,000000E+0
9,006636	0,000000	0,000000	0,000000E+0
9,006636	0,000000	0,000000	0,000000E+0
9,006636	0,000000	0,000000	0,000000E+0
9,006636	0,000000	0,000000	0,000000E+0
9,006636	0,000000	0,000000	0,000000E+0
9,006636	0,000000	0,000000	0,000000E+0
9,006636	0,000000	0,000000	0,000000E+0
9,006636	0,000000	0,000000	0,000000E+0
10,007060	0,000000	0,000000	0,000000E+0
10,007060	0,000000	0,000000	0,000000E+0
10,007060	0,000000	0,000000	0,000000E+0
10,007060	0,000000	0,000000	0,000000E+0
10,007060	0,000000	0,000000	0,000000E+0
10,007060	0,000000	0,000000	0,000000E+0
10,007060	0,000000	0,000000	0,000000E+0
10,007060	0,000000	0,000000	0,000000E+0
10,007060	0,000000	0,000000	0,000000E+0
10,007060	0,000000	0,000000	0,000000E+0
11,006480	0,000000	0,000000	0,000000E+0
11,006480	0,000000	0,000000	0,000000E+0
11,006480	0,000000	0,000000	0,000000E+0
11,006480	0,000000	0,000000	0,000000E+0
11,006480	0,000000	0,000000	0,000000E+0
11,006480	0,000000	0,000000	0,000000E+0
11,006480	9,600000	0,000000	0,000000E+0
11,006480	9,600000	0,000000	0,000000E+0
11,006480	9,600000	0,000000	0,000000E+0
11,006480	9,600000	0,000000	0,000000E+0
12,007901	9,600000	0,000000	0,000000E+0
12,007901	9,600000	0,000000	0,000000E+0
12,007901	9,600000	0,000000	0,000000E+0
12,007901	9,600000	0,000000	0,000000E+0
12,007901	9,600000	0,000000	0,000000E+0
12,007901	9,600000	0,000000	0,000000E+0
12,007901	9,600000	0,000000	0,000000E+0
12,007901	9,600000	0,000000	0,000000E+0
12,007901	9,600000	0,000000	0,000000E+0
12,007901	9,600000	0,000000	0,000000E+0
13,007331	9,600000	0,000000	0,000000E+0
13,007331	9,600000	0,000000	0,000000E+0
13,007331	9,600000	0,000000	0,000000E+0
13,007331	9,600000	0,000000	0,000000E+0
13,007331	9,600000	0,000000	0,000000E+0
13,007331	9,600000	0,000000	0,000000E+0
13,007331	9,600000	0,000000	0,000000E+0
13,007331	9,600000	0,000000	0,000000E+0
13,007331	9,600000	0,000000	0,000000E+0
13,007331	9,600000	0,000000	0,000000E+0
14,007778	9,600000	0,000000	0,000000E+0
14,007778	9,600000	0,000000	0,000000E+0
14,007778	9,600000	0,000000	0,000000E+0
14,007778	9,600000	0,000000	0,000000E+0
14,007778	9,600000	0,000000	0,000000E+0
14,007778	9,600000	0,000000	0,000000E+0
14,007778	9,600000	0,000000	0,000000E+0
14,007778	9,600000	0,000000	0,000000E+0
14,007778	9,600000	0,000000	0,000000E+0
14,007778	9,600000	0,000000	0,000000E+0
15,008192	9,600000	0,000000	0,000000E+0
15,008192	9,600000	0,000000	0,000000E+0
15,008192	9,600000	0,000000	0,000000E+0
15,008192	9,600000	0,000000	0,000000E+0
15,008192	9,600000	0,000000	0,000000E+0
15,008192	9,600000	0,000000	0,000000E+0
15,008192	9,600000	0,000000	0,000000E+0
15,008192	9,600000	0,000000	0,000000E+0
15,008192	9,600000	0,000000	0,000000E+0
15,008192	9,600000	0,000000	0,000000E+0
16,008610	9,600000	0,000000	0,000000E+0
16,008610	9,600000	0,000000	0,000000E+0
16,008610	9,600000	0,000000	0,000000E+0
16,008610	9,600000	0,000000	0,000000E+0
16,008610	9,600000	0,000000	0,000000E+0
16,008610	9,600000	0,000000	0,000000E+0
16,008610	9,600000	0,000000	0,000000E+0
16,008610	9,600000	0,000000	0,000000E+0
16,008610	9,600000	0,000000	0,000000E+0
16,008610	9,600000	0,000000	0,000000E+0
17,010037	9,600000	0,000000	0,000000E+0
17,010037	9,600000	0,000000	0,000000E+0
17,010037	9,600000	0,000000	0,000000E+0
17,010037	9,600000	0,000000	0,000000E+0
17,010037	9,600000	0,000000	0,000000E+0
17,010037	9,600000	0,000000	0,000000E+0
17,010037	9,600000	0,000000	0,000000E+0
17,010037	9,600000	0,000000	0,000000E+0
17,010037	9,600000	0,000000	0,000000E+0
17,010037	9,600000	0,000000	0,000000E+0
18,009451	9,600000	0,000000	0,000000E+0
18,009451	9,600000	0,000000	0,000000E+0
18,009451	9,600000	0,000000	0,000000E+0
18,009451	9,600000	0,000000	0,000000E+0
18,009451	9,600000	0,000000	0,000000E+0
18,009451	9,600000	0,000000	0,000000E+0
18,009451	9,600000	0,000000	0,000000E+0
18,009451	9,600000	0,000000	0,000000E+0
18,009451	9,600000	0,000000	0,000000E+0
18,009451	9,600000	0,000000	0,000000E+0
19,009886	9,600000	0,000000	0,000000E+0
19,009886	9,600000	0,000000	0,000000E+0
19,009886	9,600000	0,000000	0,000000E+0
19,009886	9,600000	0,000000	0,000000E+0
19,009886	9,600000	0,000000	0,000000E+0
19,009886	9,600000	0,000000	0,000000E+0
19,009886	9,600000	0,000000	0,000000E+0
19,009886	9,600000	0,000000	0,000000E+0
19,009886	9,600000	0,000000	0,000000E+0
19,009886	9,600000	0,000000	0,000000E+0
20,009308	9,600000	0,000000	0,000000E+0
20,009308	9,600000	0,000000	0,000000E+0
20,009308	9,600000	0,000000	0,000000E+0
20,009308	9,600000	0,000000	0,000000E+0
20,009308	9,600000	0,000000	0,000000E+0
20,009308	9,600000	0,000000	0,000000E+0
20,009308	9,600000	0,000000	0,000000E+0
20,009308	9,600000	0,000000	0,000000E+0
20,009308	9,600000	0,000000	0,000000E+0
20,009308	9,600000	0,000000	0,000000E+0
21,009752	9,600000	0,000000	0,000000E+0
21,009752	9,600000	0,000000	0,000000E+0
21,009752	9,600000	0,000000	0,000000E+0
21,009752	9,600000	0,000000	0,000000E+0
21,009752	9,600000	0,000000	0,000000E+0
21,009752	9,600000	0,000000	0,000000E+0
21,009752	9,600000	0,000000	0,000000E+0
21,009752	9,600000	0,000000	0,000000E+0
21,009752	9,600000	0,000000	0,000000E+0
21,009752	9,600000	0,000000	0,000000E+0
22,009153	9,600000	0,000000	0,000000E+0
22,009153	9,600000	0,000000	0,000000E+0
22,009153	9,600000	0,000000	0,000000E+0
22,009153	9,600000	0,000000	0,000000E+0
22,009153	9,600000	0,000000	0,000000E+0
22,009153	9,600000	0,000000	0,000000E+0
22,009153	9,600000	0,000000	0,000000E+0
22,009153	9,600000	0,000000	0,000000E+0
22,009153	9,600000	0,000000	0,000000E+0
22,009153	9,600000	0,000000	0,000000E+0
23,010591	9,600000	0,000000	0,000000E+0
23,010591	9,600000	0,000000	0,000000E+0
23,010591	9,600000	0,000000	0,000000E+0
23,010591	9,600000	0,000000	0,000000E+0
23,010591	9,600000	0,000000	0,000000E+0
23,010591	9,600000	0,000000	0,000000E+0
23,010591	9,600000	0,000000	0,000000E+0
23,010591	9,600000	0,000000	0,000000E+0
23,010591	9,600000	0,000000	0,000000E+0
23,010591	9,600000	0,000000	0,000000E+0
24,011014	9,600000	0,000000	0,000000E+0
24,011014	9,600000	0,000000	0,000000E+0
24,011014	9,600000	0,000000	0,000000E+0
24,011014	9,600000	0,000000	0,000000E+0
24,011014	9,600000	0,000000	0,000000E+0
24,011014	9,600000	0,000000	0,000000E+0
24,011014	9,600000	0,000000	0,000000E+0
24,011014	9,600000	0,000000	0,000000E+0
24,011014	9,600000	0,000000	0,000000E+0
24,011014	9,600000	0,000000	0,000000E+0
25,010439	9,600000	0,000000	0,000000E+0
25,010439	9,600000	0,000000	0,000000E+0
25,010439	9,600000	0,000000	0,000000E+0
25,010439	9,600000	0,000000	0,000000E+0
25,010439	9,600000	0,000000	0,000000E+0
25,010439	9,600000	0,000000	0,000000E+0
25,010439	9,600000	0,000000	0,000000E+0
25,010439	9,600000	0,000000	0,000000E+0
25,010439	9,600000	0,000000	0,000000E+0
25,010439	9,600000	0,000000	0,000000E+0
26,010874	9,600000	0,000000	0,000000E+0
26,010874	9,600000	0,000000	0,000000E+0
26,010874	9,600000	0,000000	0,000000E+0
26,010874	9,600000	0,000000	0,000000E+0
26,010874	9,600000	0,000000	0,000000E+0
26,010874	9,600000	0,000000	0,000000E+0
26,010874	9,600000	0,000000	0,000000E+0
26,010874	9,600000	0,000000	0,000000E+0
26,010874	9,600000	0,000000	0,000000E+0
26,010874	9,600000	0,000000	0,000000E+0
27,010317	9,600000	0,000000	0,000000E+0
27,010317	9,600000	0,000000	0,000000E+0
27,010317	9,600000	0,000000	0,000000E+0
27,010317	9,600000	0,000000	0,000000E+0
27,010317	9,600000	0,000000	0,000000E+0
27,010317	9,600000	0,000000	0,000000E+0
27,010317	9,600000	0,000000	0,000000E+0
27,010317	9,600000	0,000000	0,000000E+0
27,010317	9,600000	0,000000	0,000000E+0
27,010317	9,600000	0,000000	0,000000E+0
28,010767	9,600000	0,000000	0,000000E+0
28,010767	9,600000	0,000000	0,000000E+0
28,010767	9,600000	0,000000	0,000000E+0
28,010767	9,600000	0,000000	0,000000E+0
28,010767	9,600000	0,000000	0,000000E+0
28,010767	9,600000	0,000000	0,000000E+0
28,010767	9,600000	0,000000	0,000000E+0
28,010767	9,600000	0,000000	0,000000E+0
28,010767	9,600000	0,000000	0,000000E+0
28,010767	9,600000	0,000000	0,000000E+0
29,011137	9,600000	0,000000	0,000000E+0
29,011137	9,600000	0,000000	0,000000E+0
29,011137	9,600000	0,000000	0,000000E+0
29,011137	9,600000	0,000000	0,000000E+0
29,011137	9,600000	0,000000	0,000000E+0
29,011137	9,600000	0,000000	0,000000E+0
29,011137	9,600000	0,000000	0,000000E+0
29,011137	9,600000	0,000000	0,000000E+0
29,011137	9,600000	0,000000	0,000000E+0
29,011137	9,600000	0,000000	0,000000E+0
30,011582	9,600000	0,000000	0,000000E+0
30,011582	9,600000	0,000000	0,000000E+0
30,011582	9,600000	0,000000	0,000000E+0
30,011582	9,600000	0,000000	0,000000E+0
30,011582	9,600000	0,000000	0,000000E+0
30,011582	9,600000	0,000000	0,000000E+0
30,011582	9,600000	0,000000	0,000000E+0
30,011582	9,600000	0,000000	0,000000E+0
30,011582	9,600000	0,000000	0,000000E+0
30,011582	9,600000	0,000000	0,000000E+0
31,012996	9,600000	0,000000	0,000000E+0
31,012996	9,600000	0,000000	0,000000E+0
31,012996	9,600000	0,000000	0,000000E+0
31,012996	9,600000	0,000000	0,000000E+0
31,012996	9,600000	0,000000	0,000000E+0
31,012996	9,600000	0,000000	0,000000E+0
31,012996	9,600000	0,000000	0,000000E+0
31,012996	9,600000	0,000000	0,000000E+0
31,012996	9,600000	0,000000	0,000000E+0
31,012996	9,600000	0,000000	0,000000E+0
32,012428	9,600000	0,000000	0,000000E+0
32,012428	9,600000	0,000000	0,000000E+0
32,012428	9,600000	0,000000	0,000000E+0
32,012428	9,600000	0,000000	0,000000E+0
32,012428	9,600000	0,000000	0,000000E+0
32,012428	9,600000	0,000000	0,000000E+0
32,012428	9,600000	0,000000	0,000000E+0
32,012428	9,600000	0,000000	0,000000E+0
32,012428	9,600000	0,000000	0,000000E+0
32,012428	9,600000	0,000000	0,000000E+0
33,012836	9,600000	0,000000	0,000000E+0
33,012836	9,600000	0,000000	0,000000E+0
33,012836	9,600000	0,000000	0,000000E+0
33,012836	9,600000	0,000000	0,000000E+0
33,012836	9,600000	0,000000	0,000000E+0
33,012836	9,600000	0,000000	0,000000E+0
33,012836	9,600000	0,000000	0,000000E+0
33,012836	9,600000	0,000000	0,000000E+0
33,012836	9,600000	0,000000	0,000000E+0
33,012836	9,600000	0,000000	0,000000E+0
34,012321	9,600000	0,000000	0,000000E+0
34,012321	9,600000	0,000000	0,000000E+0
34,012321	9,600000	0,000000	0,000000E+0
34,012321	9,600000	0,000000	0,000000E+0
34,012321	9,600000	0,000000	0,000000E+0
34,012321	9,600000	0,000000	0,000000E+0
34,012321	9,600000	0,000000	0,000000E+0
34,012321	9,600000	0,000000	0,000000E+0
34,012321	9,600000	0,000000	0,000000E+0
34,012321	9,600000	0,000000	0,000000E+0
35,012722	9,600000	0,000000	0,000000E+0
35,012722	9,600000	0,000000	0,000000E+0
35,012722	9,600000	0,000000	0,000000E+0
35,012722	9,600000	0,000000	0,000000E+0
35,012722	9,600000	0,000000	0,000000E+0
35,012722	9,600000	0,000000	0,000000E+0
35,012722	9,600000	0,000000	0,000000E+0
35,012722	9,600000	0,000000	0,000000E+0
35,012722	9,600000	0,000000	0,000000E+0
35,012722	9,600000	0,000000	0,000000E+0
36,012126	9,600000	0,000000	0,000000E+0
36,012126	9,600000	0,000000	0,000000E+0
36,012126	9,600000	0,000000	0,000000E+0
36,012126	9,600000	0,000000	0,000000E+0
36,012126	9,600000	0,000000	0,000000E+0
36,012126	9,600000	0,000000	0,000000E+0
36,012126	9,600000	0,000000	0,000000E+0
36,012126	9,600000	0,000000	0,000000E+0
36,012126	9,600000	0,000000	0,000000E+0
36,012126	9,600000	0,000000	0,000000E+0
37,012526	9,600000	0,000000	0,000000E+0
37,012526	9,600000	0,000000	0,000000E+0
37,012526	9,600000	0,000000	0,000000E+0
37,012526	9,600000	0,000000	0,000000E+0
37,012526	9,600000	0,000000	0,000000E+0
37,012526	9,600000	0,000000	0,000000E+0
37,012526	9,600000	0,000000	0,000000E+0
37,012526	9,600000	0,000000	0,000000E+0
37,012526	9,600000	0,000000	0,000000E+0
37,012526	9,600000	0,000000	0,000000E+0
38,012964	9,600000	0,000000	0,000000E+0
38,012964	9,600000	0,000000	0,000000E+0
38,012964	9,600000	0,000000	0,000000E+0
38,012964	9,600000	0,000000	0,000000E+0
38,012964	9,600000	0,000000	0,000000E+0
38,012964	9,600000	0,000000	0,000000E+0
38,012964	9,600000	0,000000	0,000000E+0
38,012964	9,600000	0,000000	0,000000E+0
38,012964	9,600000	0,000000	0,000000E+0
38,012964	9,600000	0,000000	0,000000E+0
39,012430	9,600000	0,000000	0,000000E+0
39,012430	9,600000	0,000000	0,000000E+0
39,012430	9,600000	0,000000	0,000000E+0
39,012430	9,600000	0,000000	0,000000E+0
39,012430	9,600000	0,000000	0,000000E+0
39,012430	9,600000	0,000000	0,000000E+0
39,012430	9,600000	0,000000	0,000000E+0
39,012430	9,600000	0,000000	0,000000E+0
39,012430	9,600000	0,000000	0,000000E+0
39,012430	9,600000	0,000000	0,000000E+0
40,012816	9,600000	0,000000	0,000000E+0
40,012816	9,600000	0,000000	0,000000E+0
40,012816	9,600000	0,000000	0,000000E+0
40,012816	9,600000	0,000000	0,000000E+0
40,012816	9,600000	0,000000	0,000000E+0
40,012816	9,600000	0,000000	0,000000E+0
40,012816	9,600000	0,000000	0,000000E+0
40,012816	9,600000	0,000000	0,000000E+0
40,012816	9,600000	0,000000	0,000000E+0
40,012816	9,600000	0,000000	0,000000E+0
41,012264	9,600000	0,000000	0,000000E+0
41,012264	9,600000	0,000000	0,000000E+0
41,012264	9,600000	0,000000	0,000000E+0
41,012264	9,600000	0,000000	0,000000E+0
41,012264	9,600000	0,000000	0,000000E+0
41,012264	9,600000	0,000000	0,000000E+0
41,012264	9,600000	0,000000	0,000000E+0
41,012264	9,600000	0,000000	0,000000E+0
41,012264	9,600000	0,000000	0,000000E+0
41,012264	9,600000	0,000000	0,000000E+0
42,012668	9,600000	0,000000	0,000000E+0
42,012668	9,600000	0,000000	0,000000E+0
42,012668	9,600000	0,000000	0,000000E+0
42,012668	9,600000	0,000000	0,000000E+0
42,012668	9,600000	0,000000	0,000000E+0
42,012668	9,600000	0,000000	0,000000E+0
42,012668	9,600000	0,000000	0,000000E+0
42,012668	9,600000	0,000000	0,000000E+0
42,012668	9,600000	0,000000	0,000000E+0
42,012668	9,600000	0,000000	0,000000E+0
43,013102	9,600000	0,000000	0,000000E+0
43,013102	9,600000	0,000000	0,000000E+0
43,013102	9,600000	0,000000	0,000000E+0
43,013102	9,600000	0,000000	0,000000E+0
43,013102	9,600000	0,000000	0,000000E+0
43,013102	9,600000	0,000000	0,000000E+0
43,013102	9,600000	0,000000	0,000000E+0
43,013102	9,600000	0,000000	0,000000E+0
43,013102	9,600000	0,000000	0,000000E+0
43,013102	9,600000	0,000000	0,000000E+0
44,012512	9,600000	0,000000	0,000000E+0
44,012512	9,600000	0,000000	0,000000E+0
44,012512	9,600000	0,000000	0,000000E+0
44,012512	9,600000	0,000000	0,000000E+0
44,012512	9,600000	0,000000	0,000000E+0
44,012512	9,600000	0,000000	0,000000E+0
44,012512	9,600000	0,000000	0,000000E+0
44,012512	9,600000	0,000000	0,000000E+0
44,012512	9,600000	0,000000	0,000000E+0
44,012512	9,600000	0,000000	0,000000E+0
45,013944	9,600000	0,000000	0,000000E+0
45,013944	9,600000	0,000000	0,000000E+0
45,013944	9,600000	0,000000	0,000000E+0
45,013944	9,600000	0,000000	0,000000E+0
45,013944	9,600000	0,000000	0,000000E+0
45,013944	9,600000	0,000000	0,000000E+0
45,013944	9,600000	0,000000	0,000000E+0
45,013944	9,600000	0,000000	0,000000E+0
45,013944	9,600000	0,000000	0,000000E+0
45,013944	9,600000	0,000000	0,000000E+0
46,013372	9,600000	0,000000	0,000000E+0
46,013372	9,600000	0,000000	0,000000E+0
46,013372	9,600000	0,000000	0,000000E+0
46,013372	9,600000	0,000000	0,000000E+0
46,013372	9,600000	0,000000	0,000000E+0
46,013372	9,600000	0,000000	0,000000E+0
46,013372	9,600000	0,000000	0,000000E+0
46,013372	9,600000	0,000000	0,000000E+0
46,013372	9,600000	0,000000	0,000000E+0
46,013372	9,600000	0,000000	0,000000E+0
47,013786	9,600000	0,000000	0,000000E+0
47,013786	9,600000	0,000000	0,000000E+0
47,013786	9,600000	0,000000	0,000000E+0
47,013786	9,600000	0,000000	0,000000E+0
47,013786	9,600000	0,000000	0,000000E+0
47,013786	9,600000	0,000000	0,000000E+0
47,013786	9,600000	0,000000	0,000000E+0
47,013786	9,600000	0,000000	0,000000E+0
47,013786	9,600000	0,000000	0,000000E+0
47,013786	9,600000	0,000000	0,000000E+0
48,013217	9,600000	0,000000	0,000000E+0
48,013217	9,600000	0,000000	0,000000E+0
48,013217	9,600000	0,000000	0,000000E+0
48,013217	9,600000	0,000000	0,000000E+0
48,013217	9,600000	0,000000	0,000000E+0
48,013217	9,600000	0,000000	0,000000E+0
48,013217	9,600000	0,000000	0,000000E+0
48,013217	9,600000	0,000000	0,000000E+0
48,013217	9,600000	0,000000	0,000000E+0
48,013217	9,600000	0,000000	0,000000E+0
49,013649	9,600000	0,000000	0,000000E+0
49,013649	9,600000	0,000000	0,000000E+0
49,013649	9,600000	0,000000	0,000000E+0
49,013649	9,600000	0,000000	0,000000E+0
49,013649	9,600000	0,000000	0,000000E+0
49,013649	9,600000	0,000000	0,000000E+0
49,013649	9,600000	0,000000	0,000000E+0
49,013649	9,600000	0,000000	0,000000E+0
49,013649	9,600000	0,000000	0,000000E+0
49,013649	9,600000	0,000000	0,000000E+0
50,015196	9,600000	0,000000	0,000000E+0
50,015196	9,600000	0,000000	0,000000E+0
50,015196	9,600000	0,000000	0,000000E+0
50,015196	9,600000	0,000000	0,000000E+0
50,015196	9,600000	0,000000	0,000000E+0
50,015196	9,600000	0,000000	0,000000E+0
50,015196	9,600000	0,000000	0,000000E+0
50,015196	9,600000	0,000000	0,000000E+0
50,015196	9,600000	0,000000	0,000000E+0
50,015196	9,600000	0,000000	0,000000E+0
51,014488	9,600000	0,000000	0,000000E+0
51,014488	9,600000	0,000000	0,000000E+0
51,014488	9,600000	0,000000	0,000000E+0
51,014488	9,600000	0,000000	0,000000E+0
51,014488	9,600000	0,000000	0,000000E+0
51,014488	9,600000	0,000000	0,000000E+0
51,014488	9,600000	0,000000	0,000000E+0
51,014488	9,600000	0,000000	0,000000E+0
51,014488	9,600000	0,000000	0,000000E+0
51,014488	9,600000	0,000000	0,000000E+0
52,014905	9,600000	0,000000	0,000000E+0
52,014905	9,600000	0,000000	0,000000E+0
52,014905	9,600000	0,000000	0,000000E+0
52,014905	9,600000	0,000000	0,000000E+0
52,014905	9,600000	0,000000	0,000000E+0
52,014905	9,600000	0,000000	0,000000E+0
52,014905	9,600000	0,000000	0,000000E+0
52,014905	9,600000	0,000000	0,000000E+0
52,014905	9,600000	0,000000	0,000000E+0
52,014905	9,600000	0,000000	0,000000E+0
53,015327	9,600000	0,000000	0,000000E+0
53,015327	9,600000	0,000000	0,000000E+0
53,015327	9,600000	0,000000	0,000000E+0
53,015327	9,600000	0,000000	0,000000E+0
53,015327	9,600000	0,000000	0,000000E+0
53,015327	9,600000	0,000000	0,000000E+0
53,015327	9,600000	0,000000	0,000000E+0
53,015327	9,600000	0,000000	0,000000E+0
53,015327	9,600000	0,000000	0,000000E+0
53,015327	9,600000	0,000000	0,000000E+0
54,015753	9,600000	0,000000	0,000000E+0
54,015753	9,600000	0,000000	0,000000E+0
54,015753	9,600000	0,000000	0,000000E+0
54,015753	9,600000	0,000000	0,000000E+0
54,015753	9,600000	0,000000	0,000000E+0
54,015753	9,600000	0,000000	0,000000E+0
54,015753	9,600000	0,000000	0,000000E+0
54,015753	9,600000	0,000000	0,000000E+0
54,015753	9,600000	0,000000	0,000000E+0
54,015753	9,600000	0,000000	0,000000E+0
55,015266	9,600000	0,000000	0,000000E+0
55,015266	9,600000	0,000000	0,000000E+0
55,015266	9,600000	0,000000	0,000000E+0
55,015266	9,600000	0,000000	0,000000E+0
55,015266	9,600000	0,000000	0,000000E+0
55,015266	9,600000	0,000000	0,000000E+0
55,015266	9,600000	0,000000	0,000000E+0
55,015266	9,600000	0,000000	0,000000E+0
55,015266	9,600000	0,000000	0,000000E+0
55,015266	9,600000	0,000000	0,000000E+0
56,015615	9,600000	0,000000	0,000000E+0
56,015615	9,600000	0,000000	0,000000E+0
56,015615	9,600000	0,000000	0,000000E+0
56,015615	9,600000	0,000000	0,000000E+0
56,015615	9,600000	0,000000	0,000000E+0
56,015615	9,600000	0,000000	0,000000E+0
56,015615	9,600000	0,000000	0,000000E+0
56,015615	9,600000	0,000000	0,000000E+0
56,015615	9,600000	0,000000	0,000000E+0
56,015615	9,600000	0,000000	0,000000E+0
57,016034	9,600000	0,000000	0,000000E+0
57,016034	9,600000	0,000000	0,000000E+0
57,016034	9,600000	0,000000	0,000000E+0
57,016034	9,600000	0,000000	0,000000E+0
57,016034	9,600000	0,000000	0,000000E+0
57,016034	9,600000	0,000000	0,000000E+0
57,016034	9,600000	0,000000	0,000000E+0
57,016034	9,600000	0,000000	0,000000E+0
57,016034	9,600000	0,000000	0,000000E+0
57,016034	9,600000	0,000000	0,000000E+0
58,015473	9,600000	0,000000	0,000000E+0
58,015473	9,600000	0,000000	0,000000E+0
58,015473	9,600000	0,000000	0,000000E+0
58,015473	9,600000	0,000000	0,000000E+0
58,015473	9,600000	0,000000	0,000000E+0
58,015473	9,600000	0,000000	0,000000E+0
58,015473	9,600000	0,000000	0,000000E+0
58,015473	9,600000	0,000000	0,000000E+0
58,015473	9,600000	0,000000	0,000000E+0
58,015473	9,600000	0,000000	0,000000E+0
59,015891	9,600000	0,000000	0,000000E+0
59,015891	9,600000	0,000000	0,000000E+0
59,015891	9,600000	0,000000	0,000000E+0
59,015891	9,600000	0,000000	0,000000E+0
59,015891	9,600000	0,000000	0,000000E+0
59,015891	9,600000	0,000000	0,000000E+0
59,015891	9,600000	0,000000	0,000000E+0
59,015891	9,600000	0,000000	0,000000E+0
59,015891	9,600000	0,000000	0,000000E+0
59,015891	9,600000	0,000000	0,000000E+0
60,015314	9,600000	0,000000	0,000000E+0
60,015314	9,600000	0,000000	0,000000E+0
60,015314	9,600000	0,000000	0,000000E+0
60,015314	9,600000	0,000000	0,000000E+0
60,015314	9,600000	0,000000	0,000000E+0
60,015314	9,600000	0,000000	0,000000E+0
60,015314	9,600000	0,000000	0,000000E+0
60,015314	9,600000	0,000000	0,000000E+0
60,015314	9,600000	0,000000	0,000000E+0
60,015314	9,600000	0,000000	0,000000E+0
61,015728	9,600000	0,000000	0,000000E+0
61,015728	9,600000	0,000000	0,000000E+0
61,015728	9,600000	0,000000	0,000000E+0
61,015728	9,600000	0,000000	0,000000E+0
61,015728	9,600000	0,000000	0,000000E+0
61,015728	9,600000	0,000000	0,000000E+0
61,015728	9,600000	0,000000	0,000000E+0
61,015728	9,600000	0,000000	0,000000E+0
61,015728	9,600000	0,000000	0,000000E+0
61,015728	9,600000	0,000000	0,000000E+0
62,015160	9,600000	0,000000	0,000000E+0
62,015160	9,600000	0,000000	0,000000E+0
62,015160	9,600000	0,000000	0,000000E+0
62,015160	9,600000	0,000000	0,000000E+0
62,015160	9,600000	0,000000	0,000000E+0
62,015160	9,600000	0,000000	0,000000E+0
62,015160	9,600000	0,000000	0,000000E+0
62,015160	9,600000	0,000000	0,000000E+0
62,015160	9,600000	0,000000	0,000000E+0
62,015160	9,600000	0,000000	0,000000E+0
63,015598	9,600000	0,000000	0,000000E+0
63,015598	9,600000	0,000000	0,000000E+0
63,015598	9,600000	0,000000	0,000000E+0
63,015598	9,600000	0,000000	0,000000E+0
63,015598	9,600000	0,000000	0,000000E+0
63,015598	9,600000	0,000000	0,000000E+0
63,015598	9,600000	0,000000	0,000000E+0
63,015598	9,600000	0,000000	0,000000E+0
63,015598	9,600000	0,000000	0,000000E+0
63,015598	9,600000	0,000000	0,000000E+0
64,016010	9,600000	0,000000	0,000000E+0
64,016010	9,600000	0,000000	0,000000E+0
64,016010	9,600000	0,000000	0,000000E+0
64,016010	9,600000	0,000000	0,000000E+0
64,016010	9,600000	0,000000	0,000000E+0
64,016010	9,600000	0,000000	0,000000E+0
64,016010	9,600000	0,000000	0,000000E+0
64,016010	9,600000	0,000000	0,000000E+0
64,016010	9,600000	0,000000	0,000000E+0
64,016010	9,600000	0,000000	0,000000E+0
65,016460	9,600000	0,000000	0,000000E+0
65,016460	9,600000	0,000000	0,000000E+0
65,016460	9,600000	0,000000	0,000000E+0
65,016460	9,600000	0,000000	0,000000E+0
65,016460	9,600000	0,000000	0,000000E+0
65,016460	9,600000	0,000000	0,000000E+0
65,016460	9,600000	0,000000	0,000000E+0
65,016460	9,600000	0,000000	0,000000E+0
65,016460	9,600000	0,000000	0,000000E+0
65,016460	9,600000	0,000000	0,000000E+0
66,016848	9,600000	0,000000	0,000000E+0
66,016848	9,600000	0,000000	0,000000E+0
66,016848	9,600000	0,000000	0,000000E+0
66,016848	9,600000	0,000000	0,000000E+0
66,016848	9,600000	0,000000	0,000000E+0
66,016848	9,600000	0,000000	0,000000E+0
66,016848	9,600000	0,000000	0,000000E+0
66,016848	9,600000	0,000000	0,000000E+0
66,016848	9,600000	0,000000	0,000000E+0
66,016848	9,600000	0,000000	0,000000E+0
67,016272	9,600000	0,000000	0,000000E+0
67,016272	9,600000	0,000000	0,000000E+0
67,016272	9,600000	0,000000	0,000000E+0
67,016272	9,600000	0,000000	0,000000E+0
67,016272	9,600000	0,000000	0,000000E+0
67,016272	9,600000	0,000000	0,000000E+0
67,016272	9,600000	0,000000	0,000000E+0
67,016272	9,600000	0,000000	0,000000E+0
67,016272	9,600000	0,000000	0,000000E+0
67,016272	9,600000	0,000000	0,000000E+0
68,016698	9,600000	0,000000	0,000000E+0
68,016698	9,600000	0,000000	0,000000E+0
68,016698	9,600000	0,000000	0,000000E+0
68,016698	9,600000	0,000000	0,000000E+0
68,016698	9,600000	0,000000	0,000000E+0
68,016698	9,600000	0,000000	0,000000E+0
68,016698	9,600000	0,000000	0,000000E+0
68,016698	9,600000	0,000000	0,000000E+0
68,016698	9,600000	0,000000	0,000000E+0
68,016698	9,600000	0,000000	0,000000E+0
69,017132	9,600000	0,000000	0,000000E+0
69,017132	9,600000	0,000000	0,000000E+0
69,017132	9,600000	0,000000	0,000000E+0
69,017132	9,600000	0,000000	0,000000E+0
69,017132	9,600000	0,000000	0,000000E+0
69,017132	9,600000	0,000000	0,000000E+0
69,017132	9,600000	0,000000	0,000000E+0
69,017132	9,600000	0,000000	0,000000E+0
69,017132	9,600000	0,000000	0,000000E+0
69,017132	9,600000	0,000000	0,000000E+0
70,018546	9,600000	0,000000	0,000000E+0
70,018546	9,600000	0,000000	0,000000E+0
70,018546	9,600000	0,000000	0,000000E+0
70,018546	9,600000	0,000000	0,000000E+0
70,018546	9,600000	0,000000	0,000000E+0
70,018546	9,600000	0,000000	0,000000E+0
70,018546	9,600000	0,000000	0,000000E+0
70,018546	9,600000	0,000000	0,000000E+0
70,018546	9,600000	0,000000	0,000000E+0
70,018546	9,600000	0,000000	0,000000E+0
71,019970	9,600000	0,000000	0,000000E+0
71,019970	9,600000	0,000000	0,000000E+0
71,019970	9,600000	0,000000	0,000000E+0
71,019970	9,600000	0,000000	0,000000E+0
71,019970	9,600000	0,000000	0,000000E+0
71,019970	9,600000	0,000000	0,000000E+0
71,019970	9,600000	0,000000	0,000000E+0
71,019970	9,600000	0,000000	0,000000E+0
71,019970	9,600000	0,000000	0,000000E+0
71,019970	9,600000	0,000000	0,000000E+0
72,019399	9,600000	0,000000	0,000000E+0
72,019399	9,600000	0,000000	0,000000E+0
72,019399	9,600000	0,000000	0,000000E+0
72,019399	9,600000	0,000000	0,000000E+0
72,019399	9,600000	0,000000	0,000000E+0
72,019399	9,600000	0,000000	0,000000E+0
72,019399	9,600000	0,000000	0,000000E+0
72,019399	9,600000	0,000000	0,000000E+0
72,019399	9,600000	0,000000	0,000000E+0
72,019399	9,600000	0,000000	0,000000E+0
73,019827	9,600000	0,000000	0,000000E+0
73,019827	9,600000	0,000000	0,000000E+0
73,019827	9,600000	0,000000	0,000000E+0
73,019827	9,600000	0,000000	0,000000E+0
73,019827	9,600000	0,000000	0,000000E+0
73,019827	9,600000	0,000000	0,000000E+0
73,019827	9,600000	0,000000	0,000000E+0
73,019827	9,600000	0,000000	0,000000E+0
73,019827	9,600000	0,000000	0,000000E+0
73,019827	9,600000	0,000000	0,000000E+0
74,019259	9,600000	0,000000	0,000000E+0
74,019259	9,600000	0,000000	0,000000E+0
74,019259	9,600000	0,000000	0,000000E+0
74,019259	9,600000	0,000000	0,000000E+0
74,019259	9,600000	0,000000	0,000000E+0
74,019259	9,600000	0,000000	0,000000E+0
74,019259	9,600000	0,000000	0,000000E+0
74,019259	9,600000	0,000000	0,000000E+0
74,019259	9,600000	0,000000	0,000000E+0
74,019259	9,600000	0,000000	0,000000E+0
75,019676	9,600000	0,000000	0,000000E+0
75,019676	9,600000	0,000000	0,000000E+0
75,019676	9,600000	0,000000	0,000000E+0
75,019676	9,600000	0,000000	0,000000E+0
75,019676	9,600000	0,000000	0,000000E+0
75,019676	9,600000	0,000000	0,000000E+0
75,019676	9,600000	0,000000	0,000000E+0
75,019676	9,600000	0,000000	0,000000E+0
75,019676	9,600000	0,000000	0,000000E+0
75,019676	9,600000	0,000000	0,000000E+0
76,020094	9,600000	0,000000	0,000000E+0
76,020094	9,600000	0,000000	0,000000E+0
76,020094	9,600000	0,000000	0,000000E+0
76,020094	9,600000	0,000000	0,000000E+0
76,020094	9,600000	0,000000	0,000000E+0
76,020094	9,600000	0,000000	0,000000E+0
76,020094	9,600000	0,000000	0,000000E+0
76,020094	9,600000	0,000000	0,000000E+0
76,020094	9,600000	0,000000	0,000000E+0
76,020094	9,600000	0,000000	0,000000E+0
77,020518	9,600000	0,000000	0,000000E+0
77,020518	9,600000	0,000000	0,000000E+0
77,020518	9,600000	0,000000	0,000000E+0
77,020518	9,600000	0,000000	0,000000E+0
77,020518	9,600000	0,000000	0,000000E+0
77,020518	9,600000	0,000000	0,000000E+0
77,020518	9,600000	0,000000	0,000000E+0
77,020518	9,600000	0,000000	0,000000E+0
77,020518	9,600000	0,000000	0,000000E+0
77,020518	9,600000	0,000000	0,000000E+0
78,020945	9,600000	0,000000	0,000000E+0
78,020945	9,600000	0,000000	0,000000E+0
78,020945	9,600000	0,000000	0,000000E+0
78,020945	9,600000	0,000000	0,000000E+0
78,020945	9,600000	0,000000	0,000000E+0
78,020945	9,600000	0,000000	0,000000E+0
78,020945	9,600000	0,000000	0,000000E+0
78,020945	9,600000	0,000000	0,000000E+0
78,020945	9,600000	0,000000	0,000000E+0
78,020945	9,600000	0,000000	0,000000E+0
79,021461	9,600000	0,000000	0,000000E+0
79,021461	9,600000	0,000000	0,000000E+0
79,021461	9,600000	0,000000	0,000000E+0
79,021461	9,600000	0,000000	0,000000E+0
79,021461	9,600000	0,000000	0,000000E+0
79,021461	9,600000	0,000000	0,000000E+0
79,021461	9,600000	0,000000	0,000000E+0
79,021461	9,600000	0,000000	0,000000E+0
79,021461	9,600000	0,000000	0,000000E+0
79,021461	9,600000	0,000000	0,000000E+0
80,021873	9,600000	0,000000	0,000000E+0
80,021873	9,600000	0,000000	0,000000E+0
80,021873	9,600000	0,000000	0,000000E+0
80,021873	9,600000	0,000000	0,000000E+0
80,021873	9,600000	0,000000	0,000000E+0
80,021873	9,600000	0,000000	0,000000E+0
80,021873	9,600000	0,000000	0,000000E+0
80,021873	9,600000	0,000000	0,000000E+0
80,021873	9,600000	0,000000	0,000000E+0
80,021873	9,600000	0,000000	0,000000E+0
81,021321	9,600000	0,000000	0,000000E+0
81,021321	9,600000	0,000000	0,000000E+0
81,021321	9,600000	0,000000	0,000000E+0
81,021321	9,600000	0,000000	0,000000E+0
81,021321	9,600000	0,000000	0,000000E+0
81,021321	9,600000	0,000000	0,000000E+0
81,021321	9,600000	0,000000	0,000000E+0
81,021321	9,600000	0,000000	0,000000E+0
81,021321	9,600000	0,000000	0,000000E+0
81,021321	9,600000	0,000000	0,000000E+0
82,021661	9,600000	0,000000	0,000000E+0
82,021661	9,600000	0,000000	0,000000E+0
82,021661	9,600000	0,000000	0,000000E+0
82,021661	9,600000	0,000000	0,000000E+0
82,021661	9,600000	0,000000	0,000000E+0
82,021661	9,600000	0,000000	0,000000E+0
82,021661	9,600000	0,000000	0,000000E+0
82,021661	9,600000	0,000000	0,000000E+0
82,021661	9,600000	0,000000	0,000000E+0
82,021661	9,600000	0,000000	0,000000E+0
83,023076	9,600000	0,000000	0,000000E+0
83,023076	9,600000	0,000000	0,000000E+0
83,023076	9,600000	0,000000	0,000000E+0
83,023076	9,600000	0,000000	0,000000E+0
83,023076	9,600000	0,000000	0,000000E+0
83,023076	9,600000	0,000000	0,000000E+0
83,023076	9,600000	0,000000	0,000000E+0
83,023076	9,600000	0,000000	0,000000E+0
83,023076	9,600000	0,000000	0,000000E+0
83,023076	9,600000	0,000000	0,000000E+0
84,022525	9,600000	0,000000	0,000000E+0
84,022525	9,600000	0,000000	0,000000E+0
84,022525	9,600000	0,000000	0,000000E+0
84,022525	9,600000	0,000000	0,000000E+0
84,022525	9,600000	0,000000	0,000000E+0
84,022525	9,600000	0,000000	0,000000E+0
84,022525	9,600000	0,000000	0,000000E+0
84,022525	9,600000	0,000000	0,000000E+0
84,022525	9,600000	0,000000	0,000000E+0
84,022525	9,600000	0,000000	0,000000E+0
85,022936	9,600000	0,000000	0,000000E+0
85,022936	9,600000	0,000000	0,000000E+0
85,022936	9,600000	0,000000	0,000000E+0
85,022936	9,600000	0,000000	0,000000E+0
85,022936	9,600000	0,000000	0,000000E+0
85,022936	9,600000	0,000000	0,000000E+0
85,022936	9,600000	0,000000	0,000000E+0
85,022936	9,600000	0,000000	0,000000E+0
85,022936	9,600000	0,000000	0,000000E+0
85,022936	9,600000	0,000000	0,000000E+0
86,022367	9,600000	0,000000	0,000000E+0
86,022367	9,600000	0,000000	0,000000E+0
86,022367	9,600000	0,000000	0,000000E+0
86,022367	9,600000	0,000000	0,000000E+0
86,022367	9,600000	0,000000	0,000000E+0
86,022367	9,600000	0,000000	0,000000E+0
86,022367	9,600000	0,000000	0,000000E+0
86,022367	9,600000	0,000000	0,000000E+0
86,022367	9,600000	0,000000	0,000000E+0
86,022367	9,600000	0,000000	0,000000E+0
87,022798	9,600000	0,000000	0,000000E+0
87,022798	9,600000	0,000000	0,000000E+0
87,022798	9,600000	0,000000	0,000000E+0
87,022798	9,600000	0,000000	0,000000E+0
87,022798	9,600000	0,000000	0,000000E+0
87,022798	9,600000	0,000000	0,000000E+0
87,022798	9,600000	0,000000	0,000000E+0
87,022798	9,600000	0,000000	0,000000E+0
87,022798	9,600000	0,000000	0,000000E+0
87,022798	9,600000	0,000000	0,000000E+0
88,022210	9,600000	0,000000	0,000000E+0
88,022210	9,600000	0,000000	0,000000E+0
88,022210	9,600000	0,000000	0,000000E+0
88,022210	9,600000	0,000000	0,000000E+0
88,022210	9,600000	0,000000	0,000000E+0
88,022210	9,600000	0,000000	0,000000E+0
88,022210	9,600000	0,000000	0,000000E+0
88,022210	9,600000	0,000000	0,000000E+0
88,022210	9,600000	0,000000	0,000000E+0
88,022210	9,600000	0,000000	0,000000E+0
89,022621	9,600000	0,000000	0,000000E+0
89,022621	9,600000	0,000000	0,000000E+0
89,022621	9,600000	0,000000	0,000000E+0
89,022621	9,600000	0,000000	0,000000E+0
89,022621	9,600000	0,000000	0,000000E+0
89,022621	9,600000	0,000000	0,000000E+0
89,022621	9,600000	0,000000	0,000000E+0
89,022621	9,600000	0,000000	0,000000E+0
89,022621	9,600000	0,000000	0,000000E+0
89,022621	9,600000	0,000000	0,000000E+0
90,024067	9,600000	0,000000	0,000000E+0
90,024067	9,600000	0,000000	0,000000E+0
90,024067	9,600000	0,000000	0,000000E+0
90,024067	9,600000	0,000000	0,000000E+0
90,024067	9,600000	0,000000	0,000000E+0
90,024067	9,600000	0,000000	0,000000E+0
90,024067	9,600000	0,000000	0,000000E+0
90,024067	9,600000	0,000000	0,000000E+0
90,024067	9,600000	0,000000	0,000000E+0
90,024067	9,600000	0,000000	0,000000E+0
91,023484	9,600000	0,000000	0,000000E+0
91,023484	9,600000	0,000000	0,000000E+0
91,023484	9,600000	0,000000	0,000000E+0
91,023484	9,600000	0,000000	0,000000E+0
91,023484	9,600000	0,000000	0,000000E+0
91,023484	9,600000	0,000000	0,000000E+0
91,023484	9,600000	0,000000	0,000000E+0
91,023484	9,600000	0,000000	0,000000E+0
91,023484	9,600000	0,000000	0,000000E+0
91,023484	9,600000	0,000000	0,000000E+0
92,023913	9,600000	0,000000	0,000000E+0
92,023913	9,600000	0,000000	0,000000E+0
92,023913	9,600000	0,000000	0,000000E+0
92,023913	9,600000	0,000000	0,000000E+0
92,023913	9,600000	0,000000	0,000000E+0
92,023913	9,600000	0,000000	0,000000E+0
92,023913	9,600000	0,000000	0,000000E+0
92,023913	9,600000	0,000000	0,000000E+0
92,023913	9,600000	0,000000	0,000000E+0
92,023913	9,600000	0,000000	0,000000E+0
93,024323	9,600000	0,000000	0,000000E+0
93,024323	9,600000	0,000000	0,000000E+0
93,024323	9,600000	0,000000	0,000000E+0
93,024323	9,600000	0,000000	0,000000E+0
93,024323	9,600000	0,000000	0,000000E+0
93,024323	9,600000	0,000000	0,000000E+0
93,024323	9,600000	0,000000	0,000000E+0
93,024323	9,600000	0,000000	0,000000E+0
93,024323	9,600000	0,000000	0,000000E+0
93,024323	9,600000	0,000000	0,000000E+0
94,024765	9,600000	0,000000	0,000000E+0
94,024765	9,600000	0,000000	0,000000E+0
94,024765	9,600000	0,000000	0,000000E+0
94,024765	9,600000	0,000000	0,000000E+0
94,024765	9,600000	0,000000	0,000000E+0
94,024765	9,600000	0,000000	0,000000E+0
94,024765	9,600000	0,000000	0,000000E+0
94,024765	9,600000	0,000000	0,000000E+0
94,024765	9,600000	0,000000	0,000000E+0
94,024765	9,600000	0,000000	0,000000E+0
95,024174	9,600000	0,000000	0,000000E+0
95,024174	9,600000	0,000000	0,000000E+0
95,024174	9,600000	0,000000	0,000000E+0
95,024174	9,600000	0,000000	0,000000E+0
95,024174	9,600000	0,000000	0,000000E+0
95,024174	9,600000	0,000000	0,000000E+0
95,024174	9,600000	0,000000	0,000000E+0
95,024174	9,600000	0,000000	0,000000E+0
95,024174	9,600000	0,000000	0,000000E+0
95,024174	9,600000	0,000000	0,000000E+0
96,024602	9,600000	0,000000	0,000000E+0
96,024602	9,600000	0,000000	0,000000E+0
96,024602	9,600000	0,000000	0,000000E+0
96,024602	9,600000	0,000000	0,000000E+0
96,024602	9,600000	0,000000	0,000000E+0
96,024602	9,600000	0,000000	0,000000E+0
96,024602	9,600000	0,000000	0,000000E+0
96,024602	9,600000	0,000000	0,000000E+0
96,024602	9,600000	0,000000	0,000000E+0
96,024602	9,600000	0,000000	0,000000E+0
97,025024	9,600000	0,000000	0,000000E+0
97,025024	9,600000	0,000000	0,000000E+0
97,025024	9,600000	0,000000	0,000000E+0
97,025024	9,600000	0,000000	0,000000E+0
97,025024	9,600000	0,000000	0,000000E+0
97,025024	9,600000	0,000000	0,000000E+0
97,025024	9,600000	0,000000	0,000000E+0
97,025024	9,600000	0,000000	0,000000E+0
97,025024	9,600000	0,000000	0,000000E+0
97,025024	9,600000	0,000000	0,000000E+0
98,024449	9,600000	0,000000	0,000000E+0
98,024449	9,600000	0,000000	0,000000E+0
98,024449	9,600000	0,000000	0,000000E+0
98,024449	9,600000	0,000000	0,000000E+0
98,024449	9,600000	0,000000	0,000000E+0
98,024449	9,600000	0,000000	0,000000E+0
98,024449	9,600000	0,000000	0,000000E+0
98,024449	9,600000	0,000000	0,000000E+0
98,024449	9,600000	0,000000	0,000000E+0
98,024449	9,600000	0,000000	0,000000E+0
99,025877	9,600000	0,000000	0,000000E+0
99,025877	9,600000	0,000000	0,000000E+0
99,025877	9,600000	0,000000	0,000000E+0
99,025877	9,600000	0,000000	0,000000E+0
99,025877	9,600000	0,000000	0,000000E+0
99,025877	9,600000	0,000000	0,000000E+0
99,025877	9,600000	0,000000	0,000000E+0
99,025877	9,600000	0,000000	0,000000E+0
99,025877	9,600000	0,000000	0,000000E+0
99,025877	9,600000	0,000000	0,000000E+0
100,026288	9,600000	0,000000	0,000000E+0
100,026288	9,600000	0,000000	0,000000E+0
100,026288	9,600000	0,000000	0,000000E+0
100,026288	9,600000	0,000000	0,000000E+0
100,026288	9,600000	0,000000	0,000000E+0
100,026288	9,600000	0,000000	0,000000E+0
100,026288	9,600000	0,000000	0,000000E+0
100,026288	9,600000	0,000000	0,000000E+0
100,026288	9,600000	0,000000	0,000000E+0
100,026288	9,600000	0,000000	0,000000E+0
101,026735	9,600000	0,000000	0,000000E+0
101,026735	9,600000	0,000000	0,000000E+0
101,026735	9,600000	0,000000	0,000000E+0
101,026735	9,600000	0,000000	0,000000E+0
101,026735	9,600000	0,000000	0,000000E+0
101,026735	9,600000	0,000000	0,000000E+0
101,026735	9,600000	0,000000	0,000000E+0
101,026735	9,600000	0,000000	0,000000E+0
101,026735	9,600000	0,000000	0,000000E+0
101,026735	9,600000	0,000000	0,000000E+0
102,026143	9,600000	0,000000	0,000000E+0
102,026143	9,600000	0,000000	0,000000E+0
102,026143	9,600000	0,000000	0,000000E+0
102,026143	9,600000	0,000000	0,000000E+0
102,026143	9,600000	0,000000	0,000000E+0
102,026143	9,600000	0,000000	0,000000E+0
102,026143	9,600000	0,000000	0,000000E+0
102,026143	9,600000	0,000000	0,000000E+0
102,026143	9,600000	0,000000	0,000000E+0
102,026143	9,600000	0,000000	0,000000E+0
103,026566	9,600000	0,000000	0,000000E+0
103,026566	9,600000	0,000000	0,000000E+0
103,026566	9,600000	0,000000	0,000000E+0
103,026566	9,600000	0,000000	0,000000E+0
103,026566	9,600000	0,000000	0,000000E+0
103,026566	9,600000	0,000000	0,000000E+0
103,026566	9,600000	0,000000	0,000000E+0
103,026566	9,600000	0,000000	0,000000E+0
103,026566	9,600000	0,000000	0,000000E+0
103,026566	9,600000	0,000000	0,000000E+0
104,028009	9,600000	0,000000	0,000000E+0
104,028009	9,600000	0,000000	0,000000E+0
104,028009	9,600000	0,000000	0,000000E+0
104,028009	9,600000	0,000000	0,000000E+0
104,028009	9,600000	0,000000	0,000000E+0
104,028009	9,600000	0,000000	0,000000E+0
104,028009	9,600000	0,000000	0,000000E+0
104,028009	9,600000	0,000000	0,000000E+0
104,028009	9,600000	0,000000	0,000000E+0
104,028009	9,600000	0,000000	0,000000E+0
105,027430	9,600000	0,000000	0,000000E+0
105,027430	9,600000	0,000000	0,000000E+0
105,027430	9,600000	0,000000	0,000000E+0
105,027430	9,600000	0,000000	0,000000E+0
105,027430	9,600000	0,000000	0,000000E+0
105,027430	9,600000	0,000000	0,000000E+0
105,027430	9,600000	0,000000	0,000000E+0
105,027430	9,600000	0,000000	0,000000E+0
105,027430	9,600000	0,000000	0,000000E+0
105,027430	9,600000	0,000000	0,000000E+0
106,027844	9,600000	0,000000	0,000000E+0
106,027844	9,600000	0,000000	0,000000E+0
106,027844	9,600000	0,000000	0,000000E+0
106,027844	9,600000	0,000000	0,000000E+0
106,027844	9,600000	0,000000	0,000000E+0
106,027844	9,600000	0,000000	0,000000E+0
106,027844	9,600000	0,000000	0,000000E+0
106,027844	9,600000	0,000000	0,000000E+0
106,027844	9,600000	0,000000	0,000000E+0
106,027844	9,600000	0,000000	0,000000E+0
107,028278	9,600000	0,000000	0,000000E+0
107,028278	9,600000	0,000000	0,000000E+0
107,028278	9,600000	0,000000	0,000000E+0
107,028278	9,600000	0,000000	0,000000E+0
107,028278	9,600000	0,000000	0,000000E+0
107,028278	9,600000	0,000000	0,000000E+0
107,028278	9,600000	0,000000	0,000000E+0
107,028278	9,600000	0,000000	0,000000E+0
107,028278	9,600000	0,000000	0,000000E+0
107,028278	9,600000	0,000000	0,000000E+0
108,028700	9,600000	0,000000	0,000000E+0
108,028700	9,600000	0,000000	0,000000E+0
108,028700	9,600000	0,000000	0,000000E+0
108,028700	9,600000	0,000000	0,000000E+0
108,028700	9,600000	0,000000	0,000000E+0
108,028700	9,600000	0,000000	0,000000E+0
108,028700	9,600000	0,000000	0,000000E+0
108,028700	9,600000	0,000000	0,000000E+0
108,028700	9,600000	0,000000	0,000000E+0
108,028700	9,600000	0,000000	0,000000E+0
109,028145	9,600000	0,000000	0,000000E+0
109,028145	9,600000	0,000000	0,000000E+0
109,028145	9,600000	0,000000	0,000000E+0
109,028145	9,600000	0,000000	0,000000E+0
109,028145	9,600000	0,000000	0,000000E+0
109,028145	9,600000	0,000000	0,000000E+0
109,028145	9,600000	0,000000	0,000000E+0
109,028145	9,600000	0,000000	0,000000E+0
109,028145	9,600000	0,000000	0,000000E+0
109,028145	9,600000	0,000000	0,000000E+0
110,028543	9,600000	0,000000	0,000000E+0
110,028543	9,600000	0,000000	0,000000E+0
110,028543	9,600000	0,000000	0,000000E+0
110,028543	9,600000	0,000000	0,000000E+0
110,028543	9,600000	0,000000	0,000000E+0
110,028543	9,600000	0,000000	0,000000E+0
110,028543	9,600000	0,000000	0,000000E+0
110,028543	9,600000	0,000000	0,000000E+0
110,028543	9,600000	0,000000	0,000000E+0
110,028543	9,600000	0,000000	0,000000E+0
111,028978	9,600000	0,000000	0,000000E+0
111,028978	9,600000	0,000000	0,000000E+0
111,028978	9,600000	0,000000	0,000000E+0
111,028978	9,600000	0,000000	0,000000E+0
111,028978	9,600000	0,000000	0,000000E+0
111,028978	9,600000	0,000000	0,000000E+0
111,028978	9,600000	0,000000	0,000000E+0
111,028978	9,600000	0,000000	0,000000E+0
111,028978	9,600000	0,000000	0,000000E+0
111,028978	9,600000	0,000000	0,000000E+0
112,028431	9,600000	0,000000	0,000000E+0
112,028431	9,600000	0,000000	0,000000E+0
112,028431	9,600000	0,000000	0,000000E+0
112,028431	9,600000	0,000000	0,000000E+0
112,028431	9,600000	0,000000	0,000000E+0
112,028431	9,600000	0,000000	0,000000E+0
112,028431	9,600000	0,000000	0,000000E+0
112,028431	9,600000	0,000000	0,000000E+0
112,028431	9,600000	0,000000	0,000000E+0
112,028431	9,600000	0,000000	0,000000E+0
113,028819	9,600000	0,000000	0,000000E+0
113,028819	9,600000	0,000000	0,000000E+0
113,028819	9,600000	0,000000	0,000000E+0
113,028819	9,600000	0,000000	0,000000E+0
113,028819	9,600000	0,000000	0,000000E+0
113,028819	9,600000	0,000000	0,000000E+0
113,028819	9,600000	0,000000	0,000000E+0
113,028819	9,600000	0,000000	0,000000E+0
113,028819	9,600000	0,000000	0,000000E+0
113,028819	9,600000	0,000000	0,000000E+0
114,028241	9,600000	0,000000	0,000000E+0
114,028241	9,600000	0,000000	0,000000E+0
114,028241	9,600000	0,000000	0,000000E+0
114,028241	9,600000	0,000000	0,000000E+0
114,028241	9,600000	0,000000	0,000000E+0
114,028241	9,600000	0,000000	0,000000E+0
114,028241	9,600000	0,000000	0,000000E+0
114,028241	9,600000	0,000000	0,000000E+0
114,028241	9,600000	0,000000	0,000000E+0
114,028241	9,600000	0,000000	0,000000E+0
115,028671	9,600000	0,000000	0,000000E+0
115,028671	9,600000	0,000000	0,000000E+0
115,028671	9,600000	0,000000	0,000000E+0
115,028671	9,600000	0,000000	0,000000E+0
115,028671	9,600000	0,000000	0,000000E+0
115,028671	9,600000	0,000000	0,000000E+0
115,028671	9,600000	0,000000	0,000000E+0
115,028671	9,600000	0,000000	0,000000E+0
115,028671	9,600000	0,000000	0,000000E+0
115,028671	9,600000	0,000000	0,000000E+0
116,030111	9,600000	0,000000	0,000000E+0
116,030111	9,600000	0,000000	0,000000E+0
116,030111	9,600000	0,000000	0,000000E+0
116,030111	9,600000	0,000000	0,000000E+0
116,030111	9,600000	0,000000	0,000000E+0
116,030111	9,600000	0,000000	0,000000E+0
116,030111	9,600000	0,000000	0,000000E+0
116,030111	9,600000	0,000000	0,000000E+0
116,030111	9,600000	0,000000	0,000000E+0
116,030111	9,600000	0,000000	0,000000E+0
117,029519	9,600000	0,000000	0,000000E+0
117,029519	9,600000	0,000000	0,000000E+0
117,029519	9,600000	0,000000	0,000000E+0
117,029519	9,600000	0,000000	0,000000E+0
117,029519	9,600000	0,000000	0,000000E+0
117,029519	9,600000	0,000000	0,000000E+0
117,029519	9,600000	0,000000	0,000000E+0
117,029519	9,600000	0,000000	0,000000E+0
117,029519	26,900000	0,000000	0,000000E+0
117,029519	26,900000	0,000000	0,000000E+0
118,029943	26,900000	0,000000	0,000000E+0
118,029943	26,900000	0,000000	0,000000E+0
118,029943	26,900000	0,000000	0,000000E+0
118,029943	26,900000	0,000000	0,000000E+0
118,029943	26,900000	0,000000	0,000000E+0
118,029943	26,900000	0,000000	0,000000E+0
118,029943	26,900000	0,000000	0,000000E+0
118,029943	26,900000	0,000000	0,000000E+0
118,029943	26,900000	0,000000	0,000000E+0
118,029943	26,900000	0,000000	0,000000E+0
119,030406	27,299999	0,000000	0,000000E+0
119,030406	27,299999	0,000000	0,000000E+0
119,030406	27,299999	0,000000	0,000000E+0
119,030406	27,299999	0,000000	0,000000E+0
119,030406	27,299999	0,000000	0,000000E+0
119,030406	27,299999	0,000000	0,000000E+0
119,030406	27,299999	0,000000	0,000000E+0
119,030406	27,299999	0,000000	0,000000E+0
119,030406	27,299999	0,000000	0,000000E+0
119,030406	27,299999	0,000000	0,000000E+0
120,030817	27,299999	0,000000	0,000000E+0
120,030817	27,500000	0,000000	0,000000E+0
120,030817	27,500000	0,000000	0,000000E+0
120,030817	27,500000	0,000000	0,000000E+0
120,030817	27,500000	0,000000	0,000000E+0
120,030817	27,500000	0,000000	0,000000E+0
120,030817	27,500000	0,000000	0,000000E+0
120,030817	27,500000	0,000000	0,000000E+0
120,030817	27,500000	0,000000	0,000000E+0
120,030817	27,000000	0,000000	0,000000E+0
121,030222	27,000000	0,000000	0,000000E+0
121,030222	27,000000	0,000000	0,000000E+0
121,030222	27,000000	0,000000	0,000000E+0
121,030222	27,000000	0,000000	0,000000E+0
121,030222	27,000000	0,000000	0,000000E+0
121,030222	27,000000	0,000000	0,000000E+0
121,030222	27,000000	0,000000	0,000000E+0
121,030222	27,000000	0,000000	0,000000E+0
121,030222	27,000000	0,000000	0,000000E+0
121,030222	27,000000	0,000000	0,000000E+0
122,030730	27,000000	0,000000	0,000000E+0
122,030730	27,000000	0,000000	0,000000E+0
122,030730	27,000000	0,000000	0,000000E+0
122,030730	27,000000	0,000000	0,000000E+0
122,030730	27,000000	0,000000	0,000000E+0
122,030730	27,000000	0,000000	0,000000E+0
122,030730	27,000000	0,000000	0,000000E+0
122,030730	27,000000	0,000000	0,000000E+0
122,030730	27,000000	0,000000	0,000000E+0
122,030730	27,000000	0,000000	0,000000E+0
123,032060	27,000000	0,000000	0,000000E+0
123,032060	27,000000	0,000000	0,000000E+0
123,032060	27,000000	0,000000	0,000000E+0
123,032060	27,000000	0,000000	0,000000E+0
123,032060	27,200001	0,000000	0,000000E+0
123,032060	27,200001	0,000000	0,000000E+0
123,032060	27,200001	0,000000	0,000000E+0
123,032060	27,200001	0,000000	0,000000E+0
123,032060	27,200001	0,000000	0,000000E+0
123,032060	27,200001	0,000000	0,000000E+0
124,031513	27,200001	0,000000	0,000000E+0
124,031513	27,200001	0,000000	0,000000E+0
124,031513	27,200001	0,000000	0,000000E+0
124,031513	27,200001	0,000000	0,000000E+0
124,031513	27,200001	0,000000	0,000000E+0
124,031513	27,200001	0,000000	0,000000E+0
124,031513	27,200001	0,000000	0,000000E+0
124,031513	27,200001	0,000000	0,000000E+0
124,031513	27,200001	0,000000	0,000000E+0
124,031513	27,200001	0,000000	0,000000E+0
125,032954	27,200001	0,000000	0,000000E+0
125,032954	27,200001	0,000000	0,000000E+0
125,032954	27,200001	0,000000	0,000000E+0
125,032954	27,200001	0,000000	0,000000E+0
125,032954	27,200001	0,000000	0,000000E+0
125,032954	27,200001	0,000000	0,000000E+0
125,032954	27,299999	0,000000	0,000000E+0
125,032954	27,299999	0,000000	0,000000E+0
125,032954	27,299999	0,000000	0,000000E+0
125,032954	27,299999	0,000000	0,000000E+0
126,032424	27,299999	0,000000	0,000000E+0
126,032424	27,299999	0,000000	0,000000E+0
126,032424	27,299999	0,000000	0,000000E+0
126,032424	27,299999	0,000000	0,000000E+0
126,032424	27,299999	0,000000	0,000000E+0
126,032424	27,299999	0,000000	0,000000E+0
126,032424	27,100000	0,000000	0,000000E+0
126,032424	27,100000	0,000000	0,000000E+0
126,032424	27,100000	0,000000	0,000000E+0
126,032424	27,100000	0,000000	0,000000E+0
127,032882	27,100000	0,000000	0,000000E+0
127,032882	27,100000	0,000000	0,000000E+0
127,032882	27,100000	0,000000	0,000000E+0
127,032882	27,100000	0,000000	0,000000E+0
127,032882	27,100000	0,000000	0,000000E+0
127,032882	27,200001	0,000000	0,000000E+0
127,032882	27,200001	0,000000	0,000000E+0
127,032882	27,200001	0,000000	0,000000E+0
127,032882	27,200001	0,000000	0,000000E+0
127,032882	27,200001	0,000000	0,000000E+0
128,032196	27,200001	0,000000	0,000000E+0
128,032196	27,200001	0,000000	0,000000E+0
128,032196	27,200001	0,000000	0,000000E+0
128,032196	27,200001	0,000000	0,000000E+0
128,032196	27,200001	0,000000	0,000000E+0
128,032196	27,200001	0,000000	0,000000E+0
128,032196	28,000000	0,000000	0,000000E+0
128,032196	28,000000	0,000000	0,000000E+0
128,032196	28,000000	0,000000	0,000000E+0
128,032196	28,000000	0,000000	0,000000E+0
129,032656	28,000000	0,000000	0,000000E+0
129,032656	28,000000	0,000000	0,000000E+0
129,032656	28,000000	0,000000	0,000000E+0
129,032656	28,000000	0,000000	0,000000E+0
129,032656	28,000000	0,000000	0,000000E+0
129,032656	28,000000	0,000000	0,000000E+0
129,032656	28,000000	0,000000	0,000000E+0
129,032656	28,000000	0,000000	0,000000E+0
129,032656	28,000000	0,000000	0,000000E+0
129,032656	28,000000	0,000000	0,000000E+0
130,033051	28,000000	0,000000	0,000000E+0
130,033051	28,000000	0,000000	0,000000E+0
130,033051	28,000000	0,000000	0,000000E+0
130,033051	28,000000	0,000000	0,000000E+0
130,033051	28,000000	0,000000	0,000000E+0
130,033051	28,000000	0,000000	0,000000E+0
130,033051	28,000000	0,000000	0,000000E+0
130,033051	28,000000	0,000000	0,000000E+0
130,033051	28,000000	0,000000	0,000000E+0
130,033051	27,299999	0,000000	0,000000E+0
131,033484	27,299999	0,000000	0,000000E+0
131,033484	27,299999	0,000000	0,000000E+0
131,033484	27,299999	0,000000	0,000000E+0
131,033484	27,299999	0,000000	0,000000E+0
131,033484	27,299999	0,000000	0,000000E+0
131,033484	27,299999	0,000000	0,000000E+0
131,033484	27,299999	0,000000	0,000000E+0
131,033484	27,299999	0,000000	0,000000E+0
131,033484	27,600000	0,000000	0,000000E+0
131,033484	27,600000	0,000000	0,000000E+0
132,033550	27,600000	0,000000	0,000000E+0
132,033550	27,600000	0,000000	0,000000E+0
132,033550	27,600000	0,000000	0,000000E+0
132,033550	27,600000	0,000000	0,000000E+0
132,033550	27,600000	0,000000	0,000000E+0
132,033550	27,600000	0,000000	0,000000E+0
132,033550	27,600000	0,000000	0,000000E+0
132,033550	27,600000	0,000000	0,000000E+0
132,033550	27,200001	0,000000	0,000000E+0
132,033550	27,200001	0,000000	0,000000E+0
133,033995	27,200001	0,000000	0,000000E+0
133,033995	27,200001	0,000000	0,000000E+0
133,033995	27,200001	0,000000	0,000000E+0
133,033995	27,200001	0,000000	0,000000E+0
133,033995	27,200001	0,000000	0,000000E+0
133,033995	27,200001	0,000000	0,000000E+0
133,033995	27,200001	0,000000	0,000000E+0
133,033995	27,200001	0,000000	0,000000E+0
133,033995	27,400000	0,000000	0,000000E+0
133,033995	27,400000	0,000000	0,000000E+0
134,034388	27,400000	0,000000	0,000000E+0
134,034388	27,400000	0,000000	0,000000E+0
134,034388	27,400000	0,000000	0,000000E+0
134,034388	27,400000	0,000000	0,000000E+0
134,034388	27,400000	0,000000	0,000000E+0
134,034388	27,400000	0,000000	0,000000E+0
134,034388	27,400000	0,000000	0,000000E+0
134,034388	27,400000	0,000000	0,000000E+0
134,034388	27,400000	0,000000	0,000000E+0
134,034388	27,200001	0,000000	0,000000E+0
135,034867	27,200001	0,000000	0,000000E+0
135,034867	27,200001	0,000000	0,000000E+0
135,034867	27,200001	0,000000	0,000000E+0
135,034867	27,200001	0,000000	0,000000E+0
135,034867	27,200001	0,000000	0,000000E+0
135,034867	27,200001	0,000000	0,000000E+0
135,034867	27,200001	0,000000	0,000000E+0
135,034867	27,200001	0,000000	0,000000E+0
135,034867	27,200001	0,000000	0,000000E+0
135,034867	27,200001	0,000000	0,000000E+0
136,034275	27,200001	0,000000	0,000000E+0
136,034275	27,200001	0,000000	0,000000E+0
136,034275	27,200001	0,000000	0,000000E+0
136,034275	27,200001	0,000000	0,000000E+0
136,034275	27,200001	0,000000	0,000000E+0
136,034275	27,200001	0,000000	0,000000E+0
136,034275	27,200001	0,000000	0,000000E+0
136,034275	27,200001	0,000000	0,000000E+0
136,034275	27,200001	0,000000	0,000000E+0
136,034275	27,200001	0,000000	0,000000E+0
137,034723	27,200001	0,000000	0,000000E+0
137,034723	27,200001	0,000000	0,000000E+0
137,034723	27,200001	0,000000	0,000000E+0
137,034723	27,100000	0,000000	0,000000E+0
137,034723	27,100000	0,000000	0,000000E+0
137,034723	27,100000	0,000000	0,000000E+0
137,034723	27,100000	0,000000	0,000000E+0
137,034723	27,100000	0,000000	0,000000E+0
137,034723	27,100000	0,000000	0,000000E+0
137,034723	27,100000	0,000000	0,000000E+0
138,036161	27,100000	0,000000	0,000000E+0
138,036161	27,100000	0,000000	0,000000E+0
138,036161	27,100000	0,000000	0,000000E+0
138,036161	27,100000	0,000000	0,000000E+0
138,036161	27,100000	0,000000	0,000000E+0
138,036161	27,100000	0,000000	0,000000E+0
138,036161	27,100000	0,000000	0,000000E+0
138,036161	27,100000	0,000000	0,000000E+0
138,036161	27,100000	0,000000	0,000000E+0
138,036161	27,100000	0,000000	0,000000E+0
139,035529	27,100000	0,000000	0,000000E+0
139,035529	27,100000	0,000000	0,000000E+0
139,035529	27,100000	0,000000	0,000000E+0
139,035529	27,100000	0,000000	0,000000E+0
139,035529	27,100000	0,000000	0,000000E+0
139,035529	27,100000	0,000000	0,000000E+0
139,035529	27,100000	0,000000	0,000000E+0
139,035529	27,100000	0,000000	0,000000E+0
139,035529	27,100000	0,000000	0,000000E+0
139,035529	27,100000	0,000000	0,000000E+0
140,035948	27,100000	0,000000	0,000000E+0
140,035948	27,100000	0,000000	0,000000E+0
140,035948	27,100000	0,000000	0,000000E+0
140,035948	27,100000	0,000000	0,000000E+0
140,035948	27,100000	0,000000	0,000000E+0
140,035948	27,100000	0,000000	0,000000E+0
140,035948	27,100000	0,000000	0,000000E+0
140,035948	27,100000	0,000000	0,000000E+0
140,035948	27,100000	0,000000	0,000000E+0
140,035948	27,100000	0,000000	0,000000E+0
141,035353	27,100000	0,000000	0,000000E+0
141,035353	27,100000	0,000000	0,000000E+0
141,035353	27,100000	0,000000	0,000000E+0
141,035353	27,100000	0,000000	0,000000E+0
141,035353	27,100000	0,000000	0,000000E+0
141,035353	27,100000	0,000000	0,000000E+0
141,035353	27,100000	0,000000	0,000000E+0
141,035353	27,100000	0,000000	0,000000E+0
141,035353	27,100000	0,000000	0,000000E+0
141,035353	27,299999	0,000000	0,000000E+0
142,036790	27,299999	0,000000	0,000000E+0
142,036790	27,299999	0,000000	0,000000E+0
142,036790	27,299999	0,000000	0,000000E+0
142,036790	27,299999	0,000000	0,000000E+0
142,036790	27,299999	0,000000	0,000000E+0
142,036790	27,299999	0,000000	0,000000E+0
142,036790	27,299999	0,000000	0,000000E+0
142,036790	27,299999	0,000000	0,000000E+0
142,036790	27,299999	0,000000	0,000000E+0
142,036790	27,299999	0,000000	0,000000E+0
143,036287	27,299999	0,000000	0,000000E+0
143,036287	27,299999	0,000000	0,000000E+0
143,036287	27,299999	0,000000	0,000000E+0
143,036287	27,299999	0,000000	0,000000E+0
143,036287	27,299999	0,000000	0,000000E+0
143,036287	27,299999	0,000000	0,000000E+0
143,036287	27,299999	0,000000	0,000000E+0
143,036287	27,299999	0,000000	0,000000E+0
143,036287	27,299999	0,000000	0,000000E+0
143,036287	27,299999	0,000000	0,000000E+0
144,036636	27,299999	0,000000	0,000000E+0
144,036636	27,299999	0,000000	0,000000E+0
144,036636	27,299999	0,000000	0,000000E+0
144,036636	27,299999	0,000000	0,000000E+0
144,036636	27,299999	0,000000	0,000000E+0
144,036636	27,299999	0,000000	0,000000E+0
144,036636	27,299999	0,000000	0,000000E+0
144,036636	27,299999	0,000000	0,000000E+0
144,036636	27,299999	0,000000	0,000000E+0
144,036636	27,299999	0,000000	0,000000E+0
145,037068	27,299999	0,000000	0,000000E+0
145,037068	27,299999	0,000000	0,000000E+0
145,037068	27,299999	0,000000	0,000000E+0
145,037068	27,299999	0,000000	0,000000E+0
145,037068	27,000000	0,000000	0,000000E+0
145,037068	27,000000	0,000000	0,000000E+0
145,037068	27,000000	0,000000	0,000000E+0
145,037068	27,000000	0,000000	0,000000E+0
145,037068	27,000000	0,000000	0,000000E+0
145,037068	27,000000	0,000000	0,000000E+0
146,036468	27,000000	0,000000	0,000000E+0
146,036468	27,000000	0,000000	0,000000E+0
146,036468	27,000000	0,000000	0,000000E+0
146,036468	27,000000	0,000000	0,000000E+0
146,036468	27,000000	0,000000	0,000000E+0
146,036468	27,000000	0,000000	0,000000E+0
146,036468	27,000000	0,000000	0,000000E+0
146,036468	27,000000	0,000000	0,000000E+0
146,036468	27,000000	0,000000	0,000000E+0
146,036468	27,000000	0,000000	0,000000E+0
147,036910	27,000000	0,000000	0,000000E+0
147,036910	27,000000	0,000000	0,000000E+0
147,036910	27,000000	0,000000	0,000000E+0
147,036910	27,000000	0,000000	0,000000E+0
147,036910	27,000000	0,000000	0,000000E+0
147,036910	27,000000	0,000000	0,000000E+0
147,036910	27,000000	0,000000	0,000000E+0
147,036910	27,000000	0,000000	0,000000E+0
147,036910	27,000000	0,000000	0,000000E+0
147,036910	27,000000	0,000000	0,000000E+0
148,036366	27,000000	0,000000	0,000000E+0
148,036366	27,000000	0,000000	0,000000E+0
148,036366	27,000000	0,000000	0,000000E+0
148,036366	27,000000	0,000000	0,000000E+0
148,036366	27,000000	0,000000	0,000000E+0
148,036366	27,000000	0,000000	0,000000E+0
148,036366	27,000000	0,000000	0,000000E+0
148,036366	27,000000	0,000000	0,000000E+0
148,036366	27,000000	0,000000	0,000000E+0
148,036366	27,000000	0,000000	0,000000E+0
149,036265	27,299999	0,000000	0,000000E+0
149,036265	27,299999	0,000000	0,000000E+0
149,036265	27,299999	0,000000	0,000000E+0
149,036265	27,299999	0,000000	0,000000E+0
149,036265	27,299999	0,000000	0,000000E+0
149,036265	27,299999	0,000000	0,000000E+0
149,036265	27,299999	0,000000	0,000000E+0
149,036265	27,299999	0,000000	0,000000E+0
149,036265	27,299999	0,000000	0,000000E+0
149,036265	27,299999	0,000000	0,000000E+0
150,037686	27,299999	0,000000	0,000000E+0
150,037686	27,299999	0,000000	0,000000E+0
150,037686	27,299999	0,000000	0,000000E+0
150,037686	27,299999	0,000000	0,000000E+0
150,037686	27,299999	0,000000	0,000000E+0
150,037686	28,000000	0,000000	0,000000E+0
150,037686	28,000000	0,000000	0,000000E+0
150,037686	28,000000	0,000000	0,000000E+0
150,037686	28,000000	0,000000	0,000000E+0
150,037686	28,000000	0,000000	0,000000E+0
151,037153	28,000000	0,000000	0,000000E+0
151,037153	28,000000	0,000000	0,000000E+0
151,037153	28,000000	0,000000	0,000000E+0
151,037153	28,000000	0,000000	0,000000E+0
151,037153	28,000000	0,000000	0,000000E+0
151,037153	27,400002	0,000000	0,000000E+0
151,037153	27,400002	0,000000	0,000000E+0
151,037153	27,400002	0,000000	0,000000E+0
151,037153	27,400002	0,000000	0,000000E+0
151,037153	27,400002	0,000000	0,000000E+0
152,037572	27,400002	0,000000	0,000000E+0
152,037572	27,400002	0,000000	0,000000E+0
152,037572	27,400002	0,000000	0,000000E+0
152,037572	27,400002	0,000000	0,000000E+0
152,037572	27,400002	0,000000	0,000000E+0
152,037572	27,299999	0,000000	0,000000E+0
152,037572	27,299999	0,000000	0,000000E+0
152,037572	27,299999	0,000000	0,000000E+0
152,037572	27,299999	0,000000	0,000000E+0
152,037572	27,299999	0,000000	0,000000E+0
153,038977	27,299999	0,000000	0,000000E+0
153,038977	27,299999	0,000000	0,000000E+0
153,038977	27,299999	0,000000	0,000000E+0
153,038977	27,299999	0,000000	0,000000E+0
153,038977	27,299999	0,000000	0,000000E+0
153,038977	27,700001	0,000000	0,000000E+0
153,038977	27,700001	0,000000	0,000000E+0
153,038977	27,700001	0,000000	0,000000E+0
153,038977	27,700001	0,000000	0,000000E+0
153,038977	27,700001	0,000000	0,000000E+0
154,039420	27,700001	0,000000	0,000000E+0
154,039420	27,700001	0,000000	0,000000E+0
154,039420	27,700001	0,000000	0,000000E+0
154,039420	27,700001	0,000000	0,000000E+0
154,039420	27,700001	0,000000	0,000000E+0
154,039420	27,700001	0,000000	0,000000E+0
154,039420	27,200001	0,000000	0,000000E+0
154,039420	27,200001	0,000000	0,000000E+0
154,039420	27,200001	0,000000	0,000000E+0
154,039420	27,200001	0,000000	0,000000E+0
155,039838	27,200001	0,000000	0,000000E+0
155,039838	27,200001	0,000000	0,000000E+0
155,039838	27,200001	0,000000	0,000000E+0
155,039838	27,200001	0,000000	0,000000E+0
155,039838	27,200001	0,000000	0,000000E+0
155,039838	27,200001	0,000000	0,000000E+0
155,039838	27,200001	0,000000	0,000000E+0
155,039838	27,200001	0,000000	0,000000E+0
155,039838	27,200001	0,000000	0,000000E+0
155,039838	27,200001	0,000000	0,000000E+0
156,039284	27,299999	0,000000	0,000000E+0
156,039284	27,299999	0,000000	0,000000E+0
156,039284	27,299999	0,000000	0,000000E+0
156,039284	27,299999	0,000000	0,000000E+0
156,039284	27,299999	0,000000	0,000000E+0
156,039284	27,299999	0,000000	0,000000E+0
156,039284	27,299999	0,000000	0,000000E+0
156,039284	27,299999	0,000000	0,000000E+0
156,039284	27,299999	0,000000	0,000000E+0
156,039284	27,299999	0,000000	0,000000E+0
157,039333	27,000000	0,000000	0,000000E+0
157,039333	27,000000	0,000000	0,000000E+0
157,039333	27,000000	0,000000	0,000000E+0
157,039333	27,000000	0,000000	0,000000E+0
157,039333	27,000000	0,000000	0,000000E+0
157,039333	27,000000	0,000000	0,000000E+0
157,039333	27,000000	0,000000	0,000000E+0
157,039333	27,000000	0,000000	0,000000E+0
157,039333	27,000000	0,000000	0,000000E+0
157,039333	27,000000	0,000000	0,000000E+0
158,040789	27,000000	0,000000	0,000000E+0
158,040789	27,000000	0,000000	0,000000E+0
158,040789	27,000000	0,000000	0,000000E+0
158,040789	27,000000	0,000000	0,000000E+0
158,040789	27,000000	0,000000	0,000000E+0
158,040789	27,000000	0,000000	0,000000E+0
158,040789	27,000000	0,000000	0,000000E+0
158,040789	27,000000	0,000000	0,000000E+0
158,040789	27,000000	0,000000	0,000000E+0
158,040789	27,000000	0,000000	0,000000E+0
159,040185	27,400002	0,000000	0,000000E+0
159,040185	27,400002	0,000000	0,000000E+0
159,040185	27,400002	0,000000	0,000000E+0
159,040185	27,400002	0,000000	0,000000E+0
159,040185	27,400002	0,000000	0,000000E+0
159,040185	27,400002	0,000000	0,000000E+0
159,040185	27,400002	0,000000	0,000000E+0
159,040185	27,400002	0,000000	0,000000E+0
159,040185	27,400002	0,000000	0,000000E+0
159,040185	27,400002	0,000000	0,000000E+0
160,040589	27,400002	0,000000	0,000000E+0
160,040589	27,400002	0,000000	0,000000E+0
160,040589	27,400002	0,000000	0,000000E+0
160,040589	27,000000	0,000000	0,000000E+0
160,040589	27,000000	0,000000	0,000000E+0
160,040589	27,000000	0,000000	0,000000E+0
160,040589	27,000000	0,000000	0,000000E+0
160,040589	27,000000	0,000000	0,000000E+0
160,040589	27,000000	0,000000	0,000000E+0
160,040589	27,000000	0,000000	0,000000E+0
161,041051	27,000000	0,000000	0,000000E+0
161,041051	27,000000	0,000000	0,000000E+0
161,041051	27,000000	0,000000	0,000000E+0
161,041051	27,000000	0,000000	0,000000E+0
161,041051	27,000000	0,000000	0,000000E+0
161,041051	27,200001	0,000000	0,000000E+0
161,041051	27,200001	0,000000	0,000000E+0
161,041051	27,200001	0,000000	0,000000E+0
161,041051	27,200001	0,000000	0,000000E+0
161,041051	27,200001	0,000000	0,000000E+0
162,041499	27,200001	0,000000	0,000000E+0
162,041499	27,200001	0,000000	0,000000E+0
162,041499	27,200001	0,000000	0,000000E+0
162,041499	27,200001	0,000000	0,000000E+0
162,041499	27,100000	0,000000	0,000000E+0
162,041499	27,100000	0,000000	0,000000E+0
162,041499	27,100000	0,000000	0,000000E+0
162,041499	27,100000	0,000000	0,000000E+0
162,041499	27,100000	0,000000	0,000000E+0
162,041499	27,100000	0,000000	0,000000E+0
163,041937	27,100000	0,000000	0,000000E+0
163,041937	27,100000	0,000000	0,000000E+0
163,041937	27,100000	0,000000	0,000000E+0
163,041937	27,100000	0,000000	0,000000E+0
163,041937	27,200001	0,000000	0,000000E+0
163,041937	27,200001	0,000000	0,000000E+0
163,041937	27,200001	0,000000	0,000000E+0
163,041937	27,200001	0,000000	0,000000E+0
163,041937	27,200001	0,000000	0,000000E+0
163,041937	27,200001	0,000000	0,000000E+0
164,041334	27,200001	0,000000	0,000000E+0
164,041334	27,200001	0,000000	0,000000E+0
164,041334	27,200001	0,000000	0,000000E+0
164,041334	27,200001	0,000000	0,000000E+0
164,041334	27,400002	0,000000	0,000000E+0
164,041334	27,400002	0,000000	0,000000E+0
164,041334	27,400002	0,000000	0,000000E+0
164,041334	27,400002	0,000000	0,000000E+0
164,041334	27,400002	0,000000	0,000000E+0
164,041334	27,400002	0,000000	0,000000E+0
165,041700	27,400002	0,000000	0,000000E+0
165,041700	27,400002	0,000000	0,000000E+0
165,041700	27,400002	0,000000	0,000000E+0
165,041700	27,400002	0,000000	0,000000E+0
165,041700	27,400002	0,000000	0,000000E+0
165,041700	10,600000	0,000000	0,000000E+0
165,041700	10,600000	0,000000	0,000000E+0
165,041700	10,600000	0,000000	0,000000E+0
165,041700	10,600000	0,000000	0,000000E+0
165,041700	10,600000	0,000000	0,000000E+0
166,041146	10,600000	0,000000	0,000000E+0
166,041146	10,600000	0,000000	0,000000E+0
166,041146	10,600000	0,000000	0,000000E+0
166,041146	10,600000	0,000000	0,000000E+0
166,041146	10,600000	0,000000	0,000000E+0
166,041146	10,600000	0,000000	0,000000E+0
166,041146	10,600000	0,000000	0,000000E+0
166,041146	10,600000	0,000000	0,000000E+0
166,041146	10,600000	0,000000	0,000000E+0
166,041146	10,600000	0,000000	0,000000E+0
167,041578	0,200000	0,000000	0,000000E+0
167,041578	0,200000	0,000000	0,000000E+0
167,041578	0,200000	0,000000	0,000000E+0
167,041578	0,200000	0,000000	0,000000E+0
167,041578	0,200000	0,000000	0,000000E+0
167,041578	0,200000	0,000000	0,000000E+0
