t	IF	IR	VF	VR	VelSP	VelRE
55,018	0,000	0,000	3,000E-1	2,400E+1	0,000E+0	0,000E+0
0,003	0,000	0,000	3,000E-1	2,400E+1	0,000E+0	0,000E+0
1,002	0,000	0,000	3,000E-1	2,400E+1	0,000E+0	0,000E+0
2,003	0,000	0,000	3,000E-1	2,400E+1	0,000E+0	0,000E+0
3,003	0,000	0,000	3,000E-1	2,400E+1	0,000E+0	0,000E+0
4,005	0,000	0,000	3,000E-1	2,400E+1	0,000E+0	0,000E+0
5,005	0,000	0,000	3,000E-1	2,400E+1	0,000E+0	0,000E+0
6,005	0,000	0,000	3,000E-1	2,400E+1	0,000E+0	0,000E+0
7,005	0,000	0,000	3,000E-1	2,400E+1	0,000E+0	0,000E+0
8,005	0,000	0,000	3,000E-1	2,400E+1	0,000E+0	0,000E+0
9,005	0,000	0,000	3,000E-1	2,400E+1	0,000E+0	0,000E+0
10,004	0,000	0,000	3,000E-1	2,400E+1	0,000E+0	0,000E+0
11,005	0,000	0,000	3,000E-1	2,400E+1	0,000E+0	0,000E+0
12,006	0,000	0,000	3,000E-1	2,400E+1	0,000E+0	0,000E+0
13,006	0,000	0,000	3,000E-1	2,400E+1	0,000E+0	0,000E+0
14,007	0,000	0,000	3,000E-1	2,400E+1	0,000E+0	0,000E+0
15,007	0,000	0,000	3,000E-1	2,400E+1	0,000E+0	0,000E+0
16,007	0,000	0,000	3,000E-1	2,400E+1	0,000E+0	0,000E+0
17,006	0,000	0,000	3,000E-1	2,400E+1	0,000E+0	0,000E+0
18,007	0,000	0,000	3,000E-1	2,400E+1	0,000E+0	0,000E+0
19,007	0,000	0,000	3,000E-1	2,400E+1	0,000E+0	0,000E+0
20,007	0,000	0,000	3,000E-1	2,400E+1	0,000E+0	0,000E+0
21,007	0,000	0,000	3,000E-1	2,400E+1	0,000E+0	0,000E+0
22,007	0,000	0,000	3,000E-1	2,400E+1	0,000E+0	0,000E+0
23,007	0,000	0,000	3,000E-1	2,400E+1	0,000E+0	0,000E+0
24,007	0,000	0,000	3,000E-1	2,400E+1	0,000E+0	0,000E+0
25,007	0,000	0,000	3,000E-1	2,400E+1	0,000E+0	0,000E+0
26,008	0,000	0,000	3,000E-1	2,400E+1	0,000E+0	0,000E+0
27,008	0,000	0,000	3,000E-1	2,400E+1	0,000E+0	0,000E+0
28,009	0,000	0,000	3,000E-1	2,400E+1	3,500E+3	0,000E+0
29,008	0,000	0,000	3,000E-1	2,400E+1	3,500E+3	0,000E+0
30,009	0,000	0,000	3,000E-1	2,400E+1	3,500E+3	0,000E+0
31,009	0,000	0,000	3,000E-1	2,400E+1	3,500E+3	1,870E+3
32,009	0,000	0,000	3,000E-1	2,400E+1	3,500E+3	3,837E+3
33,009	0,000	0,000	3,000E-1	2,400E+1	3,500E+3	3,597E+3
34,009	0,000	0,000	3,000E-1	2,400E+1	3,500E+3	3,340E+3
35,009	0,000	0,000	3,000E-1	2,400E+1	3,500E+3	3,414E+3
36,008	0,000	0,000	3,000E-1	2,400E+1	3,500E+3	3,526E+3
37,009	0,000	0,000	3,000E-1	2,400E+1	3,500E+3	3,499E+3
38,010	0,000	0,000	3,000E-1	2,400E+1	3,500E+3	3,498E+3
39,010	0,000	0,000	3,000E-1	2,400E+1	3,500E+3	3,505E+3
40,010	0,000	0,000	3,000E-1	2,400E+1	3,500E+3	3,489E+3
41,010	0,000	0,000	3,000E-1	2,400E+1	3,500E+3	3,451E+3
42,011	0,000	0,000	3,000E-1	2,400E+1	3,500E+3	3,534E+3
43,010	0,000	0,000	3,000E-1	2,400E+1	3,500E+3	3,494E+3
44,012	0,000	0,000	3,000E-1	2,400E+1	3,500E+3	3,498E+3
45,012	0,000	0,000	3,000E-1	2,400E+1	3,500E+3	3,500E+3
46,012	0,000	0,000	3,000E-1	2,400E+1	3,500E+3	3,504E+3
47,012	0,000	0,000	3,000E-1	2,400E+1	3,500E+3	3,487E+3
48,012	0,000	0,000	3,000E-1	2,400E+1	3,500E+3	3,492E+3
49,012	0,000	0,000	3,000E-1	2,400E+1	3,500E+3	3,509E+3
50,011	0,000	0,000	3,000E-1	2,400E+1	3,500E+3	3,503E+3
51,012	0,000	0,000	3,000E-1	2,400E+1	3,500E+3	3,505E+3
52,012	0,000	0,000	3,000E-1	2,400E+1	3,500E+3	3,514E+3
53,012	0,000	0,000	3,000E-1	2,400E+1	3,500E+3	3,520E+3
54,013	0,000	0,000	3,000E-1	2,400E+1	3,500E+3	3,500E+3
55,013	0,000	0,000	3,000E-1	2,400E+1	3,500E+3	3,498E+3
56,014	0,000	0,000	3,000E-1	2,400E+1	3,500E+3	3,500E+3
57,014	0,000	0,000	3,000E-1	2,400E+1	3,000E+3	3,481E+3
58,014	0,000	0,000	3,000E-1	2,400E+1	3,000E+3	3,220E+3
59,014	0,000	0,000	3,000E-1	2,400E+1	3,000E+3	2,881E+3
60,014	0,000	0,000	3,000E-1	2,400E+1	3,000E+3	2,724E+3
61,014	0,000	0,000	3,000E-1	2,400E+1	3,000E+3	2,951E+3
62,013	0,000	0,000	3,000E-1	2,400E+1	3,000E+3	3,064E+3
63,014	0,000	0,000	3,000E-1	2,400E+1	3,000E+3	3,021E+3
64,014	0,000	0,000	3,000E-1	2,400E+1	3,000E+3	2,988E+3
65,014	0,000	0,000	3,000E-1	2,400E+1	3,000E+3	2,981E+3
66,014	0,000	0,000	3,000E-1	2,400E+1	3,000E+3	3,019E+3
67,014	0,000	0,000	3,000E-1	2,400E+1	3,000E+3	2,993E+3
68,014	0,000	0,000	3,000E-1	2,400E+1	3,000E+3	3,001E+3
69,013	0,000	0,000	3,000E-1	2,400E+1	3,000E+3	3,010E+3
70,014	0,000	0,000	3,000E-1	2,400E+1	3,000E+3	3,001E+3
71,015	0,000	0,000	3,000E-1	2,400E+1	3,300E+3	3,005E+3
72,015	0,000	0,000	3,000E-1	2,400E+1	3,300E+3	3,143E+3
73,015	0,000	0,000	3,000E-1	2,400E+1	3,300E+3	3,192E+3
74,015	0,000	0,000	3,000E-1	2,400E+1	3,300E+3	3,138E+3
75,015	0,000	0,000	3,000E-1	2,400E+1	3,300E+3	3,139E+3
76,014	0,000	0,000	3,000E-1	2,400E+1	3,300E+3	3,151E+3
77,015	0,000	0,000	3,000E-1	2,400E+1	3,300E+3	3,160E+3
78,016	0,000	0,000	3,000E-1	2,400E+1	3,300E+3	3,146E+3
79,016	0,000	0,000	3,000E-1	2,400E+1	3,300E+3	3,150E+3
80,017	0,000	0,000	3,000E-1	2,400E+1	3,300E+3	3,145E+3
81,017	0,000	0,000	3,000E-1	2,400E+1	3,300E+3	3,153E+3
82,017	0,000	0,000	3,000E-1	2,400E+1	3,300E+3	3,151E+3
83,017	0,000	0,000	3,000E-1	2,400E+1	3,300E+3	3,155E+3
84,017	0,000	0,000	3,000E-1	2,400E+1	3,300E+3	3,154E+3
85,017	0,000	0,000	3,000E-1	2,400E+1	3,300E+3	3,153E+3
86,017	0,000	0,000	3,000E-1	2,400E+1	3,300E+3	3,153E+3
87,017	0,000	0,000	3,000E-1	2,400E+1	3,300E+3	3,155E+3
88,016	0,000	0,000	3,000E-1	2,400E+1	3,000E+3	3,159E+3
89,018	0,000	0,000	3,000E-1	2,400E+1	3,000E+3	3,070E+3
90,018	0,000	0,000	3,000E-1	2,400E+1	3,000E+3	2,967E+3
91,018	0,000	0,000	3,000E-1	2,400E+1	3,000E+3	2,941E+3
92,018	0,000	0,000	3,000E-1	2,400E+1	3,000E+3	2,996E+3
93,018	0,000	0,000	3,000E-1	2,400E+1	3,000E+3	3,024E+3
94,018	0,000	0,000	3,000E-1	2,400E+1	3,000E+3	2,993E+3
95,017	0,000	0,000	3,000E-1	2,400E+1	3,000E+3	3,000E+3
96,018	0,000	0,000	3,000E-1	2,400E+1	3,000E+3	3,001E+3
97,018	0,000	0,000	3,000E-1	2,400E+1	3,000E+3	3,001E+3
98,019	0,000	0,000	3,000E-1	2,400E+1	3,000E+3	2,996E+3
99,019	0,000	0,000	3,000E-1	2,400E+1	3,000E+3	2,997E+3
100,019	0,000	0,000	3,000E-1	2,400E+1	3,000E+3	2,997E+3
101,019	0,000	0,000	3,000E-1	2,400E+1	3,000E+3	2,999E+3
102,018	0,000	0,000	3,000E-1	2,400E+1	3,000E+3	3,005E+3
103,019	0,000	0,000	3,000E-1	2,400E+1	3,000E+3	2,998E+3
104,019	0,000	0,000	3,000E-1	2,400E+1	3,000E+3	3,000E+3
105,019	0,000	0,000	3,000E-1	2,400E+1	3,000E+3	2,995E+3
106,019	0,000	0,000	3,000E-1	2,400E+1	3,000E+3	2,996E+3
107,020	0,000	0,000	3,000E-1	2,400E+1	3,000E+3	2,997E+3
108,020	0,000	0,000	3,000E-1	2,400E+1	3,000E+3	3,004E+3
109,020	0,000	0,000	3,000E-1	2,400E+1	3,000E+3	2,997E+3
110,020	0,000	0,000	3,700E-1	2,400E+1	3,000E+3	2,997E+3
111,020	0,004	0,000	3,700E-1	2,400E+1	3,000E+3	3,010E+3
112,020	0,004	0,000	4,900E-1	2,400E+1	3,000E+3	2,998E+3
113,020	0,006	0,000	6,200E-1	2,400E+1	3,000E+3	3,004E+3
114,019	0,009	0,000	6,200E-1	2,400E+1	3,000E+3	3,004E+3
115,020	0,009	0,000	7,500E-1	2,400E+1	3,000E+3	2,999E+3
116,020	0,011	0,000	9,000E-1	2,400E+1	3,000E+3	3,008E+3
117,020	0,014	0,000	9,000E-1	2,400E+1	3,000E+3	3,001E+3
118,021	0,014	0,000	1,010E+0	2,400E+1	3,000E+3	3,000E+3
119,021	0,016	0,000	1,140E+0	2,400E+1	3,000E+3	2,997E+3
120,021	0,019	0,000	1,140E+0	2,400E+1	3,000E+3	2,988E+3
121,020	0,019	0,000	1,240E+0	2,400E+1	3,000E+3	3,001E+3
122,021	0,021	0,000	1,390E+0	2,400E+1	3,000E+3	3,000E+3
123,021	0,024	0,000	1,390E+0	2,400E+1	3,000E+3	3,004E+3
124,021	0,024	0,000	1,500E+0	2,400E+1	3,000E+3	2,994E+3
125,021	0,026	0,000	1,630E+0	2,400E+1	3,000E+3	2,994E+3
126,021	0,029	0,000	1,630E+0	2,400E+1	3,000E+3	2,992E+3
127,022	0,029	0,000	1,770E+0	2,400E+1	3,000E+3	2,998E+3
128,021	0,031	0,000	1,900E+0	2,400E+1	3,000E+3	3,001E+3
129,022	0,033	0,000	1,900E+0	2,400E+1	3,000E+3	2,997E+3
130,023	0,033	0,000	2,010E+0	2,400E+1	3,000E+3	3,003E+3
131,023	0,036	0,000	2,120E+0	2,400E+1	3,000E+3	3,003E+3
132,023	0,038	0,000	2,120E+0	2,400E+1	3,000E+3	3,010E+3
133,023	0,038	0,000	2,260E+0	2,400E+1	3,000E+3	3,001E+3
134,023	0,040	0,000	2,370E+0	2,400E+1	3,000E+3	3,003E+3
135,022	0,043	0,000	2,370E+0	2,400E+1	3,000E+3	3,008E+3
136,023	0,043	0,000	2,500E+0	2,400E+1	3,000E+3	2,997E+3
137,023	0,045	0,000	2,600E+0	2,400E+1	3,000E+3	3,001E+3
138,023	0,047	0,000	2,600E+0	2,400E+1	3,000E+3	2,997E+3
139,023	0,047	0,000	2,730E+0	2,400E+1	3,000E+3	2,995E+3
140,022	0,049	0,000	2,820E+0	2,400E+1	3,000E+3	3,004E+3
141,024	0,052	0,000	2,820E+0	2,400E+1	3,000E+3	2,994E+3
142,024	0,052	0,000	2,940E+0	2,400E+1	3,000E+3	2,991E+3
143,024	0,053	0,000	3,030E+0	2,400E+1	3,000E+3	3,007E+3
144,024	0,056	0,000	3,030E+0	2,400E+1	3,000E+3	2,997E+3
145,024	0,056	0,000	3,140E+0	2,400E+1	3,000E+3	3,001E+3
146,024	0,058	0,000	3,270E+0	2,400E+1	3,000E+3	2,998E+3
147,023	0,060	0,000	3,270E+0	2,400E+1	3,000E+3	2,998E+3
148,024	0,060	0,000	3,360E+0	2,400E+1	3,000E+3	3,001E+3
149,024	0,062	0,000	3,450E+0	2,400E+1	3,000E+3	3,001E+3
150,024	0,064	0,000	3,450E+0	2,400E+1	3,000E+3	3,008E+3
151,024	0,064	0,000	3,570E+0	2,400E+1	3,000E+3	2,995E+3
152,024	0,066	0,000	3,650E+0	2,400E+1	3,000E+3	2,999E+3
153,024	0,070	0,000	4,320E+0	2,400E+1	3,000E+3	2,986E+3
154,023	0,070	0,000	4,320E+0	2,400E+1	3,000E+3	2,993E+3
155,024	0,086	0,000	4,760E+0	2,400E+1	3,000E+3	3,002E+3
156,024	0,093	0,000	4,760E+0	2,400E+1	3,000E+3	2,998E+3
157,024	0,093	0,000	5,120E+0	2,400E+1	3,000E+3	2,999E+3
158,025	0,101	0,000	5,440E+0	2,400E+1	3,000E+3	2,995E+3
159,026	0,107	0,000	5,440E+0	2,400E+1	3,000E+3	2,998E+3
160,026	0,107	0,000	5,800E+0	2,400E+1	3,000E+3	2,997E+3
161,025	0,112	0,000	6,050E+0	2,400E+1	3,000E+3	2,995E+3
162,026	0,117	0,000	6,050E+0	2,400E+1	3,000E+3	3,000E+3
163,026	0,117	0,000	6,340E+0	2,400E+1	3,000E+3	2,997E+3
164,026	0,120	0,000	6,440E+0	2,400E+1	3,000E+3	2,997E+3
165,026	0,124	0,000	6,440E+0	2,400E+1	3,000E+3	3,012E+3
166,027	0,124	0,000	6,660E+0	2,400E+1	3,000E+3	2,989E+3
167,027	0,127	0,000	6,770E+0	2,400E+1	3,000E+3	2,998E+3
168,027	0,129	0,000	6,770E+0	2,400E+1	3,000E+3	3,002E+3
169,027	0,129	0,000	6,900E+0	2,400E+1	3,000E+3	2,998E+3
170,027	0,130	0,000	6,980E+0	2,400E+1	3,000E+3	2,998E+3
171,028	0,132	0,000	6,980E+0	2,400E+1	3,000E+3	2,999E+3
172,028	0,132	0,000	7,040E+0	2,400E+1	3,000E+3	3,000E+3
173,027	0,133	0,000	7,110E+0	2,400E+1	3,000E+3	2,997E+3
174,028	0,135	0,000	7,110E+0	2,400E+1	3,000E+3	3,005E+3
175,028	0,135	0,000	7,170E+0	2,400E+1	3,000E+3	3,009E+3
176,028	0,136	0,000	7,230E+0	2,400E+1	3,000E+3	2,997E+3
177,028	0,136	0,000	7,230E+0	2,400E+1	3,000E+3	2,992E+3
178,028	0,136	0,000	7,250E+0	2,400E+1	3,000E+3	3,006E+3
179,028	0,137	0,000	7,290E+0	2,400E+1	3,000E+3	3,003E+3
180,027	0,137	0,000	7,290E+0	2,400E+1	3,000E+3	2,993E+3
181,028	0,137	0,000	7,320E+0	2,400E+1	3,000E+3	2,993E+3
182,028	0,138	0,000	7,340E+0	2,400E+1	3,000E+3	2,992E+3
183,028	0,138	0,000	7,340E+0	2,400E+1	3,000E+3	3,002E+3
184,028	0,138	0,000	7,350E+0	2,400E+1	3,000E+3	3,006E+3
185,029	0,139	0,000	7,360E+0	2,400E+1	3,000E+3	3,000E+3
186,029	0,139	0,000	7,360E+0	2,400E+1	3,000E+3	3,000E+3
187,028	0,139	0,000	7,380E+0	2,400E+1	3,000E+3	2,993E+3
188,029	0,139	0,000	7,400E+0	2,400E+1	3,000E+3	3,002E+3
189,029	0,139	0,000	7,400E+0	2,400E+1	3,000E+3	3,006E+3
190,030	0,139	0,000	7,410E+0	2,400E+1	3,000E+3	2,997E+3
191,031	0,140	0,000	7,420E+0	2,400E+1	3,000E+3	3,000E+3
192,031	0,140	0,000	7,420E+0	2,400E+1	3,000E+3	3,001E+3
193,033	0,140	0,000	7,420E+0	2,400E+1	3,000E+3	3,007E+3
194,033	0,140	0,000	7,430E+0	2,400E+1	3,000E+3	2,998E+3
195,033	0,140	0,000	7,430E+0	2,400E+1	3,000E+3	3,000E+3
196,033	0,140	0,000	7,440E+0	2,400E+1	3,000E+3	3,010E+3
197,033	0,140	0,000	7,450E+0	2,400E+1	3,000E+3	3,001E+3
198,033	0,140	0,000	7,450E+0	2,400E+1	3,000E+3	2,999E+3
199,033	0,140	0,000	7,460E+0	2,400E+1	3,000E+3	2,998E+3
200,034	0,140	0,000	7,450E+0	2,400E+1	3,000E+3	3,011E+3
201,034	0,140	0,000	7,450E+0	2,400E+1	3,000E+3	3,000E+3
202,035	0,140	0,000	7,470E+0	2,400E+1	3,000E+3	3,007E+3
203,035	0,141	0,000	7,470E+0	2,400E+1	3,000E+3	3,001E+3
204,036	0,141	0,000	7,470E+0	2,400E+1	3,000E+3	3,002E+3
205,036	0,141	0,000	7,470E+0	2,400E+1	3,000E+3	3,011E+3
206,036	0,141	0,000	7,480E+0	2,400E+1	3,000E+3	2,995E+3
207,037	0,141	0,000	7,480E+0	2,400E+1	3,000E+3	3,005E+3
208,037	0,141	0,000	7,490E+0	2,400E+1	3,000E+3	2,999E+3
209,037	0,141	0,000	7,490E+0	2,400E+1	3,000E+3	3,007E+3
210,037	0,141	0,000	7,490E+0	2,400E+1	3,000E+3	3,004E+3
211,037	0,141	0,000	7,490E+0	2,400E+1	3,000E+3	3,004E+3
212,038	0,141	0,000	7,510E+0	2,400E+1	3,000E+3	2,998E+3
213,037	0,141	0,000	7,510E+0	2,400E+1	3,000E+3	3,002E+3
214,038	0,141	0,000	7,510E+0	2,400E+1	3,000E+3	2,998E+3
215,039	0,141	0,000	7,490E+0	2,400E+1	3,000E+3	3,006E+3
216,039	0,141	0,000	7,490E+0	2,400E+1	3,000E+3	2,995E+3
217,039	0,141	0,000	7,500E+0	2,400E+1	3,000E+3	3,003E+3
218,039	0,141	0,000	7,500E+0	2,400E+1	3,000E+3	2,995E+3
219,039	0,141	0,000	7,500E+0	2,400E+1	3,000E+3	3,011E+3
220,039	0,141	0,000	7,510E+0	2,400E+1	3,000E+3	3,012E+3
221,039	0,141	0,000	7,510E+0	2,400E+1	3,000E+3	2,995E+3
222,039	0,141	0,000	7,510E+0	2,400E+1	3,000E+3	2,988E+3
223,039	0,141	0,000	7,510E+0	2,400E+1	3,000E+3	3,005E+3
224,039	0,141	0,000	7,510E+0	2,400E+1	3,000E+3	3,001E+3
225,040	0,141	0,000	7,510E+0	2,400E+1	3,000E+3	3,004E+3
226,040	0,141	0,000	7,510E+0	2,400E+1	3,000E+3	2,997E+3
227,040	0,141	0,000	7,520E+0	2,400E+1	3,000E+3	3,015E+3
228,040	0,141	0,000	7,520E+0	2,400E+1	3,000E+3	3,006E+3
229,040	0,141	0,000	7,520E+0	2,400E+1	3,000E+3	2,998E+3
230,040	0,141	0,000	7,520E+0	2,400E+1	3,000E+3	2,992E+3
231,040	0,141	0,000	7,520E+0	2,400E+1	3,000E+3	3,010E+3
232,039	0,141	0,000	7,520E+0	2,400E+1	3,000E+3	2,997E+3
233,040	0,141	0,000	7,520E+0	2,400E+1	3,000E+3	3,006E+3
234,040	0,141	0,000	7,530E+0	2,400E+1	3,000E+3	3,009E+3
235,040	0,141	0,000	7,530E+0	2,400E+1	3,000E+3	2,998E+3
236,041	0,141	0,000	7,530E+0	2,400E+1	3,000E+3	2,989E+3
237,041	0,141	0,000	7,530E+0	2,400E+1	3,000E+3	3,000E+3
238,042	0,141	0,000	7,530E+0	2,400E+1	3,000E+3	3,001E+3
239,041	0,142	0,000	7,530E+0	2,400E+1	3,000E+3	3,001E+3
240,043	0,141	0,000	7,530E+0	2,400E+1	3,000E+3	3,002E+3
241,043	0,141	0,000	7,530E+0	2,400E+1	3,000E+3	2,998E+3
242,043	0,141	0,000	7,540E+0	2,400E+1	3,000E+3	2,991E+3
243,043	0,142	0,000	7,540E+0	2,400E+1	3,000E+3	3,000E+3
244,043	0,142	0,000	7,540E+0	2,400E+1	3,000E+3	3,006E+3
245,043	0,142	0,000	7,540E+0	2,400E+1	3,000E+3	3,000E+3
246,043	0,142	0,000	7,550E+0	2,400E+1	3,000E+3	3,010E+3
247,043	0,142	0,000	7,550E+0	2,400E+1	3,000E+3	2,998E+3
248,044	0,142	0,000	7,550E+0	2,400E+1	3,000E+3	3,002E+3
249,045	0,142	0,000	7,550E+0	2,400E+1	3,000E+3	2,998E+3
250,045	0,142	0,000	7,550E+0	2,400E+1	3,000E+3	2,997E+3
251,044	0,142	0,000	7,550E+0	2,400E+1	3,000E+3	3,007E+3
252,045	0,142	0,000	7,550E+0	2,400E+1	3,000E+3	2,997E+3
253,045	0,142	0,000	7,550E+0	2,400E+1	3,000E+3	3,007E+3
254,045	0,142	0,000	7,540E+0	2,400E+1	3,000E+3	2,998E+3
255,045	0,142	0,000	7,550E+0	2,400E+1	3,000E+3	2,997E+3
256,045	0,142	0,000	7,550E+0	2,400E+1	3,000E+3	3,000E+3
257,045	0,142	0,000	7,550E+0	2,400E+1	3,000E+3	3,007E+3
258,044	0,142	0,000	7,550E+0	2,400E+1	3,000E+3	2,994E+3
259,045	0,142	0,000	7,550E+0	2,400E+1	3,000E+3	3,003E+3
260,045	0,142	0,000	7,550E+0	2,400E+1	3,000E+3	3,003E+3
261,045	0,142	0,000	7,560E+0	2,400E+1	3,000E+3	2,999E+3
262,045	0,142	0,000	7,560E+0	2,400E+1	3,000E+3	3,013E+3
263,045	0,142	0,000	7,560E+0	2,400E+1	3,000E+3	3,002E+3
264,045	0,142	0,000	7,570E+0	2,400E+1	3,000E+3	2,998E+3
265,044	0,142	0,000	7,560E+0	2,400E+1	3,000E+3	2,988E+3
266,045	0,142	0,000	7,560E+0	2,400E+1	3,000E+3	3,000E+3
267,045	0,142	0,000	7,570E+0	2,400E+1	3,000E+3	2,999E+3
268,045	0,142	0,000	7,570E+0	2,400E+1	3,000E+3	2,998E+3
269,045	0,142	0,000	7,570E+0	2,400E+1	3,000E+3	2,988E+3
270,045	0,142	0,000	7,570E+0	2,400E+1	3,000E+3	3,000E+3
271,045	0,142	0,000	7,560E+0	2,400E+1	3,000E+3	3,009E+3
272,046	0,142	0,000	7,560E+0	2,400E+1	3,000E+3	2,995E+3
273,046	0,142	0,000	7,560E+0	2,400E+1	3,000E+3	3,004E+3
274,046	0,142	0,000	7,570E+0	2,400E+1	3,000E+3	3,003E+3
275,046	0,142	0,000	7,570E+0	2,400E+1	3,000E+3	3,003E+3
276,046	0,142	0,000	7,570E+0	2,400E+1	3,000E+3	2,998E+3
277,046	0,142	0,000	7,570E+0	2,400E+1	3,000E+3	2,989E+3
278,046	0,142	0,000	7,560E+0	2,400E+1	3,000E+3	2,992E+3
279,047	0,142	0,000	7,570E+0	2,400E+1	3,000E+3	2,996E+3
280,047	0,142	0,000	7,570E+0	2,400E+1	3,000E+3	3,004E+3
281,047	0,142	0,000	7,570E+0	2,400E+1	3,000E+3	3,000E+3
282,047	0,142	0,000	7,570E+0	2,400E+1	3,000E+3	2,996E+3
283,047	0,142	0,000	7,580E+0	2,400E+1	3,000E+3	3,010E+3
284,046	0,142	0,000	7,570E+0	2,400E+1	3,000E+3	3,007E+3
285,047	0,142	0,000	7,570E+0	2,400E+1	3,000E+3	3,007E+3
286,047	0,142	0,000	7,580E+0	2,400E+1	3,000E+3	3,010E+3
287,048	0,142	0,000	7,580E+0	2,400E+1	3,000E+3	2,989E+3
288,048	0,142	0,000	7,580E+0	2,400E+1	3,000E+3	2,995E+3
289,048	0,142	0,000	7,580E+0	2,400E+1	3,000E+3	3,003E+3
290,048	0,142	0,000	7,580E+0	2,400E+1	3,000E+3	3,007E+3
291,047	0,142	0,000	7,580E+0	2,400E+1	3,000E+3	2,995E+3
292,048	0,142	0,000	7,580E+0	2,400E+1	3,000E+3	3,004E+3
293,048	0,142	0,000	7,580E+0	2,400E+1	3,000E+3	3,005E+3
294,048	0,142	0,000	7,580E+0	2,400E+1	3,000E+3	2,999E+3
295,048	0,142	0,000	7,580E+0	2,400E+1	3,000E+3	3,001E+3
296,048	0,142	0,000	7,580E+0	2,400E+1	3,000E+3	3,010E+3
297,048	0,142	0,000	7,580E+0	2,400E+1	3,000E+3	3,010E+3
298,047	0,142	0,000	7,580E+0	2,400E+1	3,000E+3	3,009E+3
299,048	0,142	0,000	7,590E+0	2,400E+1	3,000E+3	2,996E+3
300,049	0,142	0,000	7,590E+0	2,400E+1	3,000E+3	2,999E+3
301,050	0,142	0,000	7,590E+0	2,400E+1	3,000E+3	3,001E+3
302,050	0,142	0,000	7,590E+0	2,400E+1	3,000E+3	2,999E+3
303,050	0,142	0,000	7,590E+0	2,400E+1	3,000E+3	2,996E+3
304,050	0,142	0,000	7,590E+0	2,400E+1	3,000E+3	3,003E+3
305,050	0,142	0,000	7,590E+0	2,400E+1	3,000E+3	3,000E+3
306,050	0,142	0,000	7,590E+0	2,400E+1	3,000E+3	2,997E+3
307,050	0,142	0,000	7,590E+0	2,400E+1	3,000E+3	2,992E+3
308,051	0,142	0,000	7,590E+0	2,400E+1	3,000E+3	2,989E+3
309,051	0,142	0,000	7,590E+0	2,400E+1	3,000E+3	3,002E+3
310,051	0,142	0,000	7,590E+0	2,400E+1	3,000E+3	3,000E+3
311,052	0,142	0,000	7,590E+0	2,400E+1	3,000E+3	2,997E+3
312,052	0,142	0,000	7,590E+0	2,400E+1	3,000E+3	3,004E+3
313,053	0,142	0,000	7,590E+0	2,400E+1	3,000E+3	3,006E+3
314,053	0,142	0,000	7,590E+0	2,400E+1	3,000E+3	3,000E+3
315,054	0,142	0,000	7,600E+0	2,400E+1	3,000E+3	3,004E+3
316,055	0,142	0,000	7,600E+0	2,400E+1	3,000E+3	3,001E+3
317,054	0,142	0,000	7,600E+0	2,400E+1	3,000E+3	3,009E+3
318,055	0,142	0,000	7,600E+0	2,400E+1	3,000E+3	2,995E+3
319,055	0,142	0,000	7,600E+0	2,400E+1	3,000E+3	3,005E+3
320,055	0,142	0,000	7,590E+0	2,400E+1	3,000E+3	3,007E+3
321,055	0,142	0,000	7,600E+0	2,400E+1	3,000E+3	3,003E+3
322,056	0,142	0,000	7,600E+0	2,400E+1	3,000E+3	2,996E+3
323,057	0,142	0,000	7,600E+0	2,400E+1	3,000E+3	2,998E+3
324,056	0,142	0,000	7,600E+0	2,400E+1	3,000E+3	3,001E+3
325,057	0,142	0,000	7,600E+0	2,400E+1	3,000E+3	3,003E+3
326,057	0,142	0,000	7,600E+0	2,400E+1	3,000E+3	2,995E+3
327,057	0,142	0,000	7,610E+0	2,400E+1	3,000E+3	3,009E+3
328,057	0,142	0,000	7,610E+0	2,400E+1	3,000E+3	2,997E+3
329,057	0,142	0,000	7,600E+0	2,400E+1	3,000E+3	3,013E+3
330,057	0,142	0,000	7,610E+0	2,400E+1	3,000E+3	3,001E+3
331,057	0,142	0,000	7,610E+0	2,400E+1	3,000E+3	3,011E+3
332,057	0,142	0,000	7,600E+0	2,400E+1	3,000E+3	3,012E+3
333,057	0,142	0,000	7,610E+0	2,400E+1	3,000E+3	2,999E+3
334,057	0,142	0,000	7,610E+0	2,400E+1	3,000E+3	3,008E+3
335,057	0,142	0,000	7,610E+0	2,400E+1	3,000E+3	2,999E+3
336,056	0,142	0,000	7,600E+0	2,400E+1	3,000E+3	2,994E+3
337,057	0,142	0,000	7,600E+0	2,400E+1	3,000E+3	2,991E+3
338,057	0,142	0,000	7,610E+0	2,400E+1	3,000E+3	3,004E+3
339,058	0,142	0,000	7,610E+0	2,400E+1	3,000E+3	2,997E+3
340,058	0,142	0,000	7,610E+0	2,400E+1	3,000E+3	3,001E+3
341,058	0,142	0,000	7,610E+0	2,400E+1	3,000E+3	3,000E+3
342,059	0,142	0,000	7,620E+0	2,400E+1	3,000E+3	3,000E+3
343,058	0,142	0,000	7,620E+0	2,400E+1	3,000E+3	3,006E+3
344,059	0,142	0,000	7,610E+0	2,400E+1	3,000E+3	3,006E+3
345,059	0,142	0,000	7,610E+0	2,400E+1	3,000E+3	2,994E+3
346,059	0,142	0,000	7,610E+0	2,400E+1	3,000E+3	2,997E+3
347,059	0,142	0,000	7,600E+0	2,400E+1	3,000E+3	3,013E+3
348,059	0,142	0,000	7,600E+0	2,400E+1	3,000E+3	2,992E+3
349,059	0,142	0,000	7,600E+0	2,400E+1	3,000E+3	3,000E+3
350,058	0,142	0,000	7,610E+0	2,400E+1	3,000E+3	3,009E+3
351,059	0,142	0,000	7,610E+0	2,400E+1	3,000E+3	2,999E+3
352,059	0,142	0,000	7,610E+0	2,400E+1	3,000E+3	3,003E+3
353,059	0,142	0,000	7,610E+0	2,400E+1	3,000E+3	2,997E+3
354,059	0,142	0,000	7,620E+0	2,400E+1	3,000E+3	3,042E+3
355,059	0,142	0,000	7,620E+0	2,400E+1	3,000E+3	3,003E+3
356,059	0,120	0,000	6,470E+0	2,400E+1	3,000E+3	3,001E+3
357,059	0,117	0,000	6,340E+0	2,400E+1	3,000E+3	3,009E+3
358,060	0,117	0,000	6,340E+0	2,400E+1	3,000E+3	3,001E+3
359,060	0,112	0,000	5,990E+0	2,400E+1	3,000E+3	3,013E+3
360,060	0,108	0,000	5,870E+0	2,400E+1	3,000E+3	3,008E+3
361,060	0,108	0,000	5,870E+0	2,400E+1	3,000E+3	3,004E+3
362,059	0,105	0,000	5,630E+0	2,400E+1	3,000E+3	2,998E+3
363,060	0,101	0,000	5,450E+0	2,400E+1	3,000E+3	3,009E+3
364,061	0,101	0,000	5,450E+0	2,400E+1	3,000E+3	3,000E+3
365,061	0,098	0,000	5,320E+0	2,400E+1	3,000E+3	3,001E+3
366,061	0,095	0,000	5,160E+0	2,400E+1	3,000E+3	3,007E+3
367,061	0,095	0,000	5,160E+0	2,400E+1	3,000E+3	2,991E+3
368,062	0,092	0,000	4,990E+0	2,400E+1	3,000E+3	3,009E+3
369,061	0,089	0,000	4,870E+0	2,400E+1	3,000E+3	3,016E+3
370,063	0,089	0,000	4,870E+0	2,400E+1	3,000E+3	3,079E+3
371,063	0,000	0,000	3,000E-1	2,400E+1	3,000E+3	3,020E+3
372,063	0,000	0,000	3,000E-1	2,400E+1	0,000E+0	2,869E+3
373,063	0,000	0,000	3,000E-1	2,400E+1	0,000E+0	2,336E+3
374,064	0,000	0,000	3,000E-1	2,400E+1	0,000E+0	1,826E+3
375,064	0,000	0,000	3,000E-1	2,400E+1	0,000E+0	1,388E+3
376,063	0,000	0,000	3,000E-1	2,400E+1	0,000E+0	0,000E+0
377,064	0,000	0,000	3,000E-1	2,400E+1	0,000E+0	0,000E+0
378,065	0,000	0,000	3,000E-1	2,400E+1	0,000E+0	0,000E+0
379,065	0,000	0,000	3,000E-1	2,400E+1	0,000E+0	0,000E+0
