t	PL(A)	PL(B)	PL(T)	PL(E)	V(A)	V(B)	V(E)	I(A)	I(B)	I(E)	n_bracos	n_res
0,000	0,000	0,000	0,000E+0	0,000E+0	0,000E+0	0,000E+0	0,000E+0	0,000E+0	0,000E+0	0,000E+0	0	1000
0,010	0,000	0,000	0,000E+0	0,000E+0	0,000E+0	0,000E+0	0,000E+0	0,000E+0	0,000E+0	0,000E+0	0	1000
1,011	0,000	0,000	0,000E+0	0,000E+0	0,000E+0	0,000E+0	0,000E+0	0,000E+0	0,000E+0	0,000E+0	0	1000
2,010	0,000	0,000	0,000E+0	0,000E+0	0,000E+0	0,000E+0	0,000E+0	0,000E+0	0,000E+0	0,000E+0	0	1000
3,011	0,000	0,000	0,000E+0	0,000E+0	0,000E+0	0,000E+0	0,000E+0	0,000E+0	0,000E+0	0,000E+0	0	1000
4,012	0,000	0,000	0,000E+0	0,000E+0	0,000E+0	0,000E+0	0,000E+0	0,000E+0	0,000E+0	0,000E+0	0	1000
5,011	0,000	0,000	0,000E+0	0,000E+0	0,000E+0	0,000E+0	0,000E+0	0,000E+0	0,000E+0	0,000E+0	0	1000
6,012	0,000	0,000	0,000E+0	0,000E+0	0,000E+0	0,000E+0	0,000E+0	0,000E+0	0,000E+0	0,000E+0	0	1000
7,011	0,000	0,000	0,000E+0	0,000E+0	0,000E+0	0,000E+0	0,000E+0	0,000E+0	0,000E+0	0,000E+0	0	1000
8,013	0,000	0,000	0,000E+0	0,000E+0	0,000E+0	0,000E+0	0,000E+0	0,000E+0	0,000E+0	0,000E+0	0	1000
9,012	0,000	0,000	0,000E+0	0,000E+0	0,000E+0	0,000E+0	0,000E+0	0,000E+0	0,000E+0	0,000E+0	0	1000
10,013	0,000	0,000	0,000E+0	0,000E+0	0,000E+0	0,000E+0	0,000E+0	0,000E+0	0,000E+0	0,000E+0	0	1000
11,013	0,000	0,000	0,000E+0	0,000E+0	0,000E+0	0,000E+0	0,000E+0	0,000E+0	0,000E+0	0,000E+0	0	1000
12,012	0,100	11,700	1,180E+1	0,000E+0	4,292E+1	4,293E+1	0,000E+0	7,600E-2	2,406E+0	0,000E+0	0	1000
13,014	0,100	56,500	5,660E+1	0,000E+0	5,653E+1	5,654E+1	0,000E+0	0,000E+0	5,313E+0	0,000E+0	0	1000
14,014	17,700	12,900	3,060E+1	0,000E+0	1,026E+2	1,026E+2	0,000E+0	8,989E-1	2,687E+0	0,000E+0	0	1000
15,015	39,700	10,100	4,980E+1	0,000E+0	1,774E+2	1,774E+2	0,000E+0	5,432E-1	5,402E-1	0,000E+0	0	1000
16,014	6,600	0,500	7,100E+0	0,000E+0	1,653E+2	1,653E+2	0,000E+0	7,300E-2	7,240E-2	0,000E+0	0	1000
17,015	6,000	0,600	6,600E+0	0,000E+0	1,561E+2	1,561E+2	0,000E+0	7,220E-2	7,160E-2	0,000E+0	0	1000
18,015	6,000	0,600	6,600E+0	0,000E+0	1,561E+2	1,561E+2	0,000E+0	7,220E-2	7,160E-2	0,000E+0	0	1000
19,015	15,800	0,900	1,670E+1	0,000E+0	1,662E+2	1,661E+2	0,000E+0	1,613E-1	1,597E-1	0,000E+0	0	1000
20,017	15,800	0,900	1,670E+1	0,000E+0	1,662E+2	1,661E+2	0,000E+0	1,613E-1	1,597E-1	0,000E+0	0	1000
21,017	15,400	0,800	1,620E+1	0,000E+0	1,719E+2	1,719E+2	0,000E+0	1,498E-1	1,483E-1	0,000E+0	0	1000
22,019	11,300	0,400	1,170E+1	0,000E+0	1,695E+2	1,695E+2	0,000E+0	1,155E-1	1,145E-1	0,000E+0	0	1000
23,018	10,900	0,600	1,150E+1	0,000E+0	1,673E+2	1,673E+2	0,000E+0	1,142E-1	1,129E-1	0,000E+0	0	1000
24,018	12,000	0,700	1,270E+1	0,000E+0	1,677E+2	1,676E+2	0,000E+0	1,240E-1	1,226E-1	0,000E+0	0	1000
25,019	13,100	0,600	1,370E+1	0,000E+0	1,692E+2	1,691E+2	0,000E+0	1,332E-1	1,314E-1	0,000E+0	0	1000
26,019	13,000	0,700	1,370E+1	0,000E+0	1,702E+2	1,702E+2	0,000E+0	1,314E-1	1,295E-1	0,000E+0	0	1000
27,020	13,000	0,700	1,370E+1	0,000E+0	1,702E+2	1,702E+2	0,000E+0	1,314E-1	1,295E-1	0,000E+0	0	1000
28,019	12,300	0,600	1,290E+1	0,000E+0	1,687E+2	1,687E+2	0,000E+0	1,261E-1	1,248E-1	0,000E+0	0	1000
29,019	12,800	0,700	1,350E+1	0,000E+0	1,695E+2	1,694E+2	0,000E+0	1,298E-1	1,283E-1	0,000E+0	0	1000
30,020	12,800	0,700	1,350E+1	0,000E+0	1,695E+2	1,694E+2	0,000E+0	1,298E-1	1,283E-1	0,000E+0	0	1000
31,020	12,600	0,600	1,320E+1	0,000E+0	1,696E+2	1,696E+2	0,000E+0	1,282E-1	1,266E-1	0,000E+0	0	1000
32,021	12,400	0,600	1,300E+1	0,000E+0	1,692E+2	1,692E+2	0,000E+0	1,263E-1	1,250E-1	0,000E+0	0	1000
33,021	12,400	0,600	1,300E+1	0,000E+0	1,692E+2	1,692E+2	0,000E+0	1,263E-1	1,250E-1	0,000E+0	0	1000
34,020	12,700	0,600	1,330E+1	0,000E+0	1,695E+2	1,694E+2	0,000E+0	1,288E-1	1,273E-1	0,000E+0	0	1000
35,021	12,700	0,600	1,330E+1	0,000E+0	1,695E+2	1,694E+2	0,000E+0	1,288E-1	1,273E-1	0,000E+0	0	1000
36,021	12,600	0,600	1,320E+1	0,000E+0	1,693E+2	1,693E+2	0,000E+0	1,284E-1	1,265E-1	0,000E+0	0	1000
37,020	12,600	0,600	1,320E+1	0,000E+0	1,694E+2	1,694E+2	0,000E+0	1,284E-1	1,273E-1	0,000E+0	0	1000
38,022	12,800	0,600	1,340E+1	0,000E+0	1,696E+2	1,695E+2	0,000E+0	1,298E-1	1,282E-1	0,000E+0	0	1000
39,021	12,800	0,600	1,340E+1	0,000E+0	1,696E+2	1,695E+2	0,000E+0	1,298E-1	1,282E-1	0,000E+0	0	1000
40,023	13,400	0,700	1,410E+1	0,000E+0	1,699E+2	1,699E+2	0,000E+0	1,352E-1	1,339E-1	0,000E+0	0	1000
41,023	13,400	0,700	1,410E+1	0,000E+0	1,699E+2	1,699E+2	0,000E+0	1,352E-1	1,339E-1	0,000E+0	0	1000
42,024	13,600	0,600	1,420E+1	0,000E+0	1,703E+2	1,703E+2	0,000E+0	1,363E-1	1,348E-1	0,000E+0	0	1000
43,024	13,900	0,600	1,450E+1	0,000E+0	1,702E+2	1,701E+2	0,000E+0	1,389E-1	1,375E-1	0,000E+0	0	1000
44,023	14,300	0,700	1,500E+1	0,000E+0	1,706E+2	1,706E+2	0,000E+0	1,423E-1	1,405E-1	0,000E+0	0	1000
45,024	14,900	0,800	1,570E+1	0,000E+0	1,708E+2	1,708E+2	0,000E+0	1,472E-1	1,456E-1	0,000E+0	0	1000
46,024	15,500	0,700	1,620E+1	0,000E+0	1,712E+2	1,711E+2	0,000E+0	1,522E-1	1,504E-1	0,000E+0	0	1000
47,025	15,900	0,700	1,660E+1	0,000E+0	1,715E+2	1,715E+2	0,000E+0	1,544E-1	1,529E-1	0,000E+0	0	1000
48,025	16,800	0,700	1,750E+1	0,000E+0	1,716E+2	1,716E+2	0,000E+0	1,620E-1	1,597E-1	0,000E+0	0	1000
49,024	17,600	1,000	1,860E+1	0,000E+0	1,718E+2	1,718E+2	0,000E+0	1,686E-1	1,673E-1	0,000E+0	0	1000
50,025	19,500	1,000	2,050E+1	0,000E+0	1,722E+2	1,721E+2	0,000E+0	1,834E-1	1,816E-1	0,000E+0	0	1000
51,024	20,600	0,900	2,150E+1	0,000E+0	1,724E+2	1,724E+2	0,000E+0	1,919E-1	1,907E-1	0,000E+0	0	1000
52,025	22,500	0,800	2,330E+1	0,000E+0	1,730E+2	1,730E+2	0,000E+0	2,083E-1	2,066E-1	0,000E+0	0	1000
53,024	25,000	0,600	2,560E+1	0,000E+0	1,735E+2	1,735E+2	0,000E+0	2,290E-1	2,264E-1	0,000E+0	0	1000
54,025	25,000	0,600	2,560E+1	0,000E+0	1,735E+2	1,735E+2	0,000E+0	2,290E-1	2,264E-1	0,000E+0	0	1000
55,025	27,600	0,100	2,770E+1	0,000E+0	1,743E+2	1,743E+2	0,000E+0	2,528E-1	2,502E-1	0,000E+0	0	1000
56,024	32,700	0,700	3,340E+1	0,000E+0	1,755E+2	1,755E+2	0,000E+0	2,998E-1	2,959E-1	0,000E+0	0	1000
57,025	35,500	1,500	3,700E+1	0,000E+0	1,760E+2	1,760E+2	0,000E+0	3,274E-1	3,249E-1	0,000E+0	0	1000
58,024	38,200	2,200	4,040E+1	0,000E+0	1,766E+2	1,766E+2	0,000E+0	3,521E-1	3,490E-1	0,000E+0	0	1000
59,025	41,000	2,900	4,390E+1	0,000E+0	1,773E+2	1,773E+2	0,000E+0	3,809E-1	3,774E-1	0,000E+0	0	1000
60,024	41,000	2,900	4,390E+1	0,000E+0	1,773E+2	1,773E+2	0,000E+0	3,809E-1	3,774E-1	0,000E+0	0	1000
61,025	44,000	3,700	4,770E+1	0,000E+0	1,779E+2	1,779E+2	0,000E+0	4,112E-1	4,069E-1	0,000E+0	0	1000
62,025	50,500	6,400	5,690E+1	0,000E+0	1,792E+2	1,792E+2	0,000E+0	4,790E-1	4,739E-1	0,000E+0	0	1000
63,024	51,400	6,800	5,820E+1	0,000E+0	1,797E+2	1,796E+2	0,000E+0	4,885E-1	4,839E-1	0,000E+0	0	1000
64,025	53,300	7,700	6,100E+1	0,000E+0	1,799E+2	1,799E+2	0,000E+0	5,084E-1	5,018E-1	0,000E+0	0	1000
65,024	53,300	7,700	6,100E+1	0,000E+0	1,799E+2	1,799E+2	0,000E+0	5,084E-1	5,018E-1	0,000E+0	0	1000
66,025	54,900	8,400	6,330E+1	0,000E+0	1,806E+2	1,805E+2	0,000E+0	5,252E-1	5,182E-1	0,000E+0	0	1000
67,025	56,300	9,200	6,550E+1	0,000E+0	1,807E+2	1,806E+2	0,000E+0	5,421E-1	5,372E-1	0,000E+0	0	1000
68,026	57,100	9,800	6,690E+1	0,000E+0	1,811E+2	1,811E+2	0,000E+0	5,499E-1	5,466E-1	0,000E+0	0	1000
69,025	58,300	10,300	6,860E+1	0,000E+0	1,812E+2	1,811E+2	0,000E+0	5,623E-1	5,578E-1	0,000E+0	0	1000
70,026	59,000	10,900	6,990E+1	0,000E+0	1,813E+2	1,812E+2	0,000E+0	5,718E-1	5,686E-1	0,000E+0	0	1000
71,025	59,500	11,200	7,070E+1	0,000E+0	1,814E+2	1,814E+2	0,000E+0	5,777E-1	5,740E-1	0,000E+0	0	1000
72,026	59,500	11,200	7,070E+1	0,000E+0	1,814E+2	1,814E+2	0,000E+0	5,777E-1	5,740E-1	0,000E+0	0	1000
73,026	61,400	11,900	7,330E+1	0,000E+0	1,819E+2	1,819E+2	0,000E+0	5,981E-1	5,920E-1	0,000E+0	0	1000
74,027	61,800	12,400	7,420E+1	0,000E+0	1,819E+2	1,818E+2	0,000E+0	6,040E-1	6,005E-1	0,000E+0	0	1000
75,027	61,800	12,400	7,420E+1	0,000E+0	1,820E+2	1,819E+2	0,000E+0	6,036E-1	6,008E-1	0,000E+0	0	1000
76,026	62,500	12,400	7,490E+1	0,000E+0	1,821E+2	1,821E+2	0,000E+0	6,089E-1	6,030E-1	0,000E+0	0	1000
77,027	62,400	13,000	7,540E+1	0,000E+0	1,821E+2	1,821E+2	0,000E+0	6,117E-1	6,079E-1	0,000E+0	0	1000
78,027	62,400	13,000	7,540E+1	0,000E+0	1,821E+2	1,821E+2	0,000E+0	6,117E-1	6,079E-1	0,000E+0	0	1000
79,028	63,000	13,300	7,630E+1	0,000E+0	1,823E+2	1,822E+2	0,000E+0	6,167E-1	6,118E-1	0,000E+0	0	1000
80,027	63,400	13,300	7,670E+1	0,000E+0	1,824E+2	1,824E+2	0,000E+0	6,199E-1	6,142E-1	0,000E+0	0	1000
81,029	63,100	13,500	7,660E+1	0,000E+0	1,826E+2	1,826E+2	0,000E+0	6,208E-1	6,161E-1	0,000E+0	0	1000
82,028	63,700	13,300	7,700E+1	0,000E+0	1,823E+2	1,823E+2	0,000E+0	6,234E-1	6,177E-1	0,000E+0	0	1000
83,029	63,700	13,500	7,720E+1	0,000E+0	1,824E+2	1,824E+2	0,000E+0	6,248E-1	6,211E-1	0,000E+0	0	1000
84,029	64,200	13,800	7,800E+1	0,000E+0	1,826E+2	1,826E+2	0,000E+0	6,296E-1	6,234E-1	0,000E+0	0	1000
85,029	63,800	13,900	7,770E+1	0,000E+0	1,823E+2	1,823E+2	0,000E+0	6,294E-1	6,242E-1	0,000E+0	0	1000
86,030	64,000	13,800	7,780E+1	0,000E+0	1,825E+2	1,825E+2	0,000E+0	6,282E-1	6,230E-1	0,000E+0	0	1000
87,029	64,400	13,800	7,820E+1	0,000E+0	1,825E+2	1,825E+2	0,000E+0	6,319E-1	6,256E-1	0,000E+0	0	1000
88,030	64,400	13,900	7,830E+1	0,000E+0	1,825E+2	1,825E+2	0,000E+0	6,320E-1	6,256E-1	0,000E+0	0	1000
89,030	64,400	13,900	7,830E+1	0,000E+0	1,825E+2	1,825E+2	0,000E+0	6,320E-1	6,256E-1	0,000E+0	0	1000
90,030	64,300	14,100	7,840E+1	0,000E+0	1,825E+2	1,825E+2	0,000E+0	6,309E-1	6,269E-1	0,000E+0	0	1000
91,031	64,300	14,200	7,850E+1	0,000E+0	1,825E+2	1,824E+2	0,000E+0	6,334E-1	6,292E-1	0,000E+0	0	1000
92,030	64,600	13,800	7,840E+1	0,000E+0	1,826E+2	1,825E+2	0,000E+0	6,335E-1	6,280E-1	0,000E+0	0	1000
93,031	64,500	14,300	7,880E+1	0,000E+0	1,824E+2	1,824E+2	0,000E+0	6,342E-1	6,303E-1	0,000E+0	0	1000
94,030	64,700	14,200	7,890E+1	0,000E+0	1,828E+2	1,827E+2	0,000E+0	6,366E-1	6,306E-1	0,000E+0	0	1000
95,031	64,600	14,100	7,870E+1	0,000E+0	1,827E+2	1,826E+2	0,000E+0	6,356E-1	6,296E-1	0,000E+0	0	1000
96,030	64,800	14,300	7,910E+1	0,000E+0	1,827E+2	1,827E+2	0,000E+0	6,379E-1	6,323E-1	0,000E+0	0	1000
97,030	64,800	14,100	7,890E+1	0,000E+0	1,826E+2	1,826E+2	0,000E+0	6,388E-1	6,335E-1	0,000E+0	0	1000
98,032	64,700	14,000	7,870E+1	0,000E+0	1,826E+2	1,825E+2	0,000E+0	6,381E-1	6,331E-1	0,000E+0	0	1000
99,032	64,900	14,600	7,950E+1	0,000E+0	1,826E+2	1,826E+2	0,000E+0	6,383E-1	6,332E-1	0,000E+0	0	1000
100,033	65,000	14,600	7,960E+1	0,000E+0	1,827E+2	1,826E+2	0,000E+0	6,386E-1	6,354E-1	0,000E+0	0	1000
101,033	65,000	14,600	7,960E+1	0,000E+0	1,827E+2	1,826E+2	0,000E+0	6,386E-1	6,354E-1	0,000E+0	0	1000
102,033	65,000	14,400	7,940E+1	0,000E+0	1,826E+2	1,825E+2	0,000E+0	6,385E-1	6,357E-1	0,000E+0	0	1000
103,034	64,800	14,700	7,950E+1	0,000E+0	1,825E+2	1,825E+2	0,000E+0	6,387E-1	6,358E-1	0,000E+0	0	1000
104,033	64,800	14,700	7,950E+1	0,000E+0	1,825E+2	1,825E+2	0,000E+0	6,387E-1	6,358E-1	0,000E+0	0	1000
105,034	65,100	14,400	7,950E+1	0,000E+0	1,826E+2	1,826E+2	0,000E+0	6,395E-1	6,343E-1	0,000E+0	0	1000
106,033	65,200	14,300	7,950E+1	0,000E+0	1,828E+2	1,828E+2	0,000E+0	6,405E-1	6,362E-1	0,000E+0	0	1000
107,034	64,900	14,200	7,910E+1	0,000E+0	1,827E+2	1,827E+2	0,000E+0	6,415E-1	6,349E-1	0,000E+0	0	1000
108,034	65,100	14,300	7,940E+1	0,000E+0	1,826E+2	1,826E+2	0,000E+0	6,415E-1	6,358E-1	0,000E+0	0	1000
109,034	65,200	14,500	7,970E+1	0,000E+0	1,824E+2	1,824E+2	0,000E+0	6,438E-1	6,380E-1	0,000E+0	0	1000
110,035	65,100	14,600	7,970E+1	0,000E+0	1,826E+2	1,825E+2	0,000E+0	6,408E-1	6,366E-1	0,000E+0	0	1000
111,035	65,000	14,200	7,920E+1	0,000E+0	1,827E+2	1,826E+2	0,000E+0	6,405E-1	6,366E-1	0,000E+0	0	1000
112,035	65,200	14,500	7,970E+1	0,000E+0	1,826E+2	1,826E+2	0,000E+0	6,415E-1	6,359E-1	0,000E+0	0	1000
113,036	65,500	14,200	7,970E+1	0,000E+0	1,829E+2	1,828E+2	0,000E+0	6,440E-1	6,377E-1	0,000E+0	0	1000
114,035	65,300	14,500	7,980E+1	0,000E+0	1,829E+2	1,828E+2	0,000E+0	6,427E-1	6,364E-1	0,000E+0	0	1000
115,036	65,300	14,500	7,980E+1	0,000E+0	1,829E+2	1,828E+2	0,000E+0	6,427E-1	6,364E-1	0,000E+0	0	1000
116,035	65,700	14,700	8,040E+1	0,000E+0	1,832E+2	1,831E+2	0,000E+0	6,427E-1	6,349E-1	0,000E+0	0	1000
117,036	64,700	14,500	7,920E+1	0,000E+0	1,826E+2	1,825E+2	0,000E+0	6,385E-1	6,356E-1	0,000E+0	0	1000
118,036	65,300	14,300	7,960E+1	0,000E+0	1,828E+2	1,827E+2	0,000E+0	6,423E-1	6,362E-1	0,000E+0	0	1000
119,035	65,200	14,600	7,980E+1	0,000E+0	1,828E+2	1,828E+2	0,000E+0	6,419E-1	6,374E-1	0,000E+0	0	1000
120,036	65,100	14,800	7,990E+1	0,000E+0	1,827E+2	1,827E+2	0,000E+0	6,412E-1	6,366E-1	0,000E+0	0	1000
121,035	65,100	14,500	7,960E+1	0,000E+0	1,828E+2	1,827E+2	0,000E+0	6,417E-1	6,360E-1	0,000E+0	0	1000
122,036	65,100	14,500	7,960E+1	0,000E+0	1,828E+2	1,827E+2	0,000E+0	6,417E-1	6,360E-1	0,000E+0	0	1000
123,037	65,600	14,500	8,010E+1	0,000E+0	1,829E+2	1,829E+2	0,000E+0	6,441E-1	6,363E-1	0,000E+0	0	1000
124,036	65,200	14,200	7,940E+1	0,000E+0	1,827E+2	1,826E+2	0,000E+0	6,416E-1	6,356E-1	0,000E+0	0	1000
125,037	65,200	14,300	7,950E+1	0,000E+0	1,827E+2	1,827E+2	0,000E+0	6,418E-1	6,359E-1	0,000E+0	0	1000
126,037	65,000	14,600	7,960E+1	0,000E+0	1,825E+2	1,825E+2	0,000E+0	6,409E-1	6,378E-1	0,000E+0	0	1000
127,037	65,200	14,700	7,990E+1	0,000E+0	1,827E+2	1,827E+2	0,000E+0	6,425E-1	6,381E-1	0,000E+0	0	1000
128,038	65,400	14,500	7,990E+1	0,000E+0	1,827E+2	1,827E+2	0,000E+0	6,426E-1	6,369E-1	0,000E+0	0	1000
129,038	65,200	14,500	7,970E+1	0,000E+0	1,827E+2	1,827E+2	0,000E+0	6,431E-1	6,392E-1	0,000E+0	0	1000
130,039	38,300	3,700	4,200E+1	0,000E+0	1,664E+2	1,664E+2	0,000E+0	4,318E-1	4,297E-1	0,000E+0	0	1000
131,039	29,700	0,700	3,040E+1	0,000E+0	1,264E+2	1,264E+2	0,000E+0	5,657E-1	5,683E-1	0,000E+0	0	1000
132,040	29,700	0,700	3,040E+1	0,000E+0	1,264E+2	1,264E+2	0,000E+0	5,657E-1	5,683E-1	0,000E+0	0	1000
133,041	35,100	2,500	3,760E+1	0,000E+0	1,192E+2	1,191E+2	0,000E+0	7,955E-1	7,999E-1	0,000E+0	0	1000
134,041	0,000	0,000	0,000E+0	0,000E+0	0,000E+0	0,000E+0	0,000E+0	0,000E+0	0,000E+0	0,000E+0	0	1000
135,043	0,000	0,000	0,000E+0	0,000E+0	0,000E+0	0,000E+0	0,000E+0	0,000E+0	0,000E+0	0,000E+0	0	1000
136,042	0,000	0,000	0,000E+0	0,000E+0	0,000E+0	0,000E+0	0,000E+0	0,000E+0	0,000E+0	0,000E+0	0	1000
137,043	0,000	0,000	0,000E+0	0,000E+0	0,000E+0	0,000E+0	0,000E+0	0,000E+0	0,000E+0	0,000E+0	0	1000
138,042	0,000	0,000	0,000E+0	0,000E+0	0,000E+0	0,000E+0	0,000E+0	0,000E+0	0,000E+0	0,000E+0	0	1000
139,042	0,000	0,000	0,000E+0	0,000E+0	0,000E+0	0,000E+0	0,000E+0	0,000E+0	0,000E+0	0,000E+0	0	1000
140,043	0,000	0,000	0,000E+0	0,000E+0	0,000E+0	0,000E+0	0,000E+0	0,000E+0	0,000E+0	0,000E+0	0	1000
141,043	0,000	0,000	0,000E+0	0,000E+0	0,000E+0	0,000E+0	0,000E+0	0,000E+0	0,000E+0	0,000E+0	0	1000
142,044	0,000	0,000	0,000E+0	0,000E+0	0,000E+0	0,000E+0	0,000E+0	0,000E+0	0,000E+0	0,000E+0	0	1000
143,043	0,000	0,000	0,000E+0	0,000E+0	0,000E+0	0,000E+0	0,000E+0	0,000E+0	0,000E+0	0,000E+0	0	1000
144,044	0,000	0,000	0,000E+0	0,000E+0	0,000E+0	0,000E+0	0,000E+0	0,000E+0	0,000E+0	0,000E+0	0	1000
145,043	0,000	0,000	0,000E+0	0,000E+0	0,000E+0	0,000E+0	0,000E+0	0,000E+0	0,000E+0	0,000E+0	0	1000
146,044	0,000	0,000	0,000E+0	0,000E+0	0,000E+0	0,000E+0	0,000E+0	0,000E+0	0,000E+0	0,000E+0	0	1000
147,045	0,000	0,000	0,000E+0	0,000E+0	0,000E+0	0,000E+0	0,000E+0	0,000E+0	0,000E+0	0,000E+0	0	1000
148,044	0,000	0,000	0,000E+0	0,000E+0	0,000E+0	0,000E+0	0,000E+0	0,000E+0	0,000E+0	0,000E+0	0	1000
149,045	0,000	0,000	0,000E+0	0,000E+0	0,000E+0	0,000E+0	0,000E+0	0,000E+0	0,000E+0	0,000E+0	0	1000
150,045	0,000	0,000	0,000E+0	0,000E+0	0,000E+0	0,000E+0	0,000E+0	0,000E+0	0,000E+0	0,000E+0	0	1000
151,046	0,000	0,000	0,000E+0	0,000E+0	0,000E+0	0,000E+0	0,000E+0	0,000E+0	0,000E+0	0,000E+0	0	1000
152,046	0,000	0,000	0,000E+0	0,000E+0	0,000E+0	0,000E+0	0,000E+0	0,000E+0	0,000E+0	0,000E+0	0	1000
153,045	0,000	0,000	0,000E+0	0,000E+0	0,000E+0	0,000E+0	0,000E+0	0,000E+0	0,000E+0	0,000E+0	0	1000
154,046	0,000	0,000	0,000E+0	0,000E+0	0,000E+0	0,000E+0	0,000E+0	0,000E+0	0,000E+0	0,000E+0	0	1000
155,045	0,000	0,000	0,000E+0	0,000E+0	0,000E+0	0,000E+0	0,000E+0	0,000E+0	0,000E+0	0,000E+0	0	1000
156,046	0,000	0,000	0,000E+0	0,000E+0	0,000E+0	0,000E+0	0,000E+0	0,000E+0	0,000E+0	0,000E+0	0	1000
157,045	0,000	0,000	0,000E+0	0,000E+0	0,000E+0	0,000E+0	0,000E+0	0,000E+0	0,000E+0	0,000E+0	0	1000
158,046	0,000	0,000	0,000E+0	0,000E+0	0,000E+0	0,000E+0	0,000E+0	0,000E+0	0,000E+0	0,000E+0	0	1000
159,047	0,000	0,000	0,000E+0	0,000E+0	0,000E+0	0,000E+0	0,000E+0	0,000E+0	0,000E+0	0,000E+0	0	1000
160,047	0,000	0,000	0,000E+0	0,000E+0	0,000E+0	0,000E+0	0,000E+0	0,000E+0	0,000E+0	0,000E+0	0	1000
161,048	0,000	0,000	0,000E+0	0,000E+0	0,000E+0	0,000E+0	0,000E+0	0,000E+0	0,000E+0	0,000E+0	2	1000
162,048	0,000	0,000	0,000E+0	0,000E+0	0,000E+0	0,000E+0	0,000E+0	0,000E+0	0,000E+0	0,000E+0	6	1000
163,049	0,000	0,000	0,000E+0	0,000E+0	0,000E+0	0,000E+0	0,000E+0	0,000E+0	0,000E+0	0,000E+0	7	1000
164,049	0,000	0,000	0,000E+0	0,000E+0	0,000E+0	0,000E+0	0,000E+0	0,000E+0	0,000E+0	0,000E+0	7	1000
165,050	0,000	0,000	0,000E+0	0,000E+0	0,000E+0	0,000E+0	0,000E+0	0,000E+0	0,000E+0	0,000E+0	7	1000
166,050	9,000	0,000	9,000E+0	0,000E+0	3,922E+1	3,924E+1	0,000E+0	1,468E+0	0,000E+0	0,000E+0	7	1000
167,049	104,500	0,100	1,046E+2	0,000E+0	8,363E+1	8,363E+1	0,000E+0	5,110E+0	0,000E+0	0,000E+0	7	1000
168,050	104,500	0,100	1,046E+2	0,000E+0	8,363E+1	8,363E+1	0,000E+0	5,110E+0	0,000E+0	0,000E+0	7	1000
169,049	0,000	0,000	0,000E+0	0,000E+0	1,507E+1	1,508E+1	0,000E+0	0,000E+0	0,000E+0	0,000E+0	7	1000
170,051	0,000	0,000	0,000E+0	0,000E+0	2,430E+0	2,440E+0	0,000E+0	0,000E+0	0,000E+0	0,000E+0	7	1000
171,050	0,000	0,000	0,000E+0	0,000E+0	2,430E+0	2,440E+0	0,000E+0	0,000E+0	0,000E+0	0,000E+0	7	1000
172,051	17,300	17,400	3,470E+1	0,000E+0	2,407E+1	2,408E+1	0,000E+0	2,894E+0	2,888E+0	0,000E+0	7	1000
173,052	58,900	58,800	1,177E+2	0,000E+0	3,971E+1	3,973E+1	0,000E+0	5,411E+0	5,400E+0	0,000E+0	7	1000
174,051	45,900	11,600	5,750E+1	0,000E+0	1,563E+2	1,562E+2	0,000E+0	6,484E-1	6,409E-1	0,000E+0	7	1000
175,053	12,200	0,300	1,250E+1	0,000E+0	1,771E+2	1,770E+2	0,000E+0	1,177E-1	1,162E-1	0,000E+0	7	1000
176,052	7,800	0,500	8,300E+0	0,000E+0	1,649E+2	1,648E+2	0,000E+0	8,590E-2	8,520E-2	0,000E+0	7	1000
177,053	9,200	0,700	9,900E+0	0,000E+0	1,607E+2	1,606E+2	0,000E+0	1,034E-1	1,030E-1	0,000E+0	7	1000
178,053	16,000	0,800	1,680E+1	0,000E+0	1,663E+2	1,663E+2	0,000E+0	1,648E-1	1,631E-1	0,000E+0	7	1000
179,054	16,000	0,800	1,680E+1	0,000E+0	1,663E+2	1,663E+2	0,000E+0	1,648E-1	1,631E-1	0,000E+0	7	1000
180,054	13,300	0,600	1,390E+1	0,000E+0	1,706E+2	1,706E+2	0,000E+0	1,327E-1	1,314E-1	0,000E+0	7	1000
181,054	13,500	0,600	1,410E+1	0,000E+0	1,698E+2	1,697E+2	0,000E+0	1,361E-1	1,350E-1	0,000E+0	7	1000
182,056	14,700	0,700	1,540E+1	0,000E+0	1,708E+2	1,707E+2	0,000E+0	1,458E-1	1,444E-1	0,000E+0	7	1000
183,056	14,400	0,700	1,510E+1	0,000E+0	1,709E+2	1,708E+2	0,000E+0	1,421E-1	1,406E-1	0,000E+0	7	1000
184,057	14,100	0,600	1,470E+1	0,000E+0	1,708E+2	1,707E+2	0,000E+0	1,402E-1	1,385E-1	0,000E+0	7	1000
185,056	14,100	0,600	1,470E+1	0,000E+0	1,708E+2	1,707E+2	0,000E+0	1,402E-1	1,385E-1	0,000E+0	7	1000
186,057	14,100	0,600	1,470E+1	0,000E+0	1,708E+2	1,707E+2	0,000E+0	1,402E-1	1,385E-1	0,000E+0	7	1000
187,058	14,500	0,700	1,520E+1	0,000E+0	1,708E+2	1,707E+2	0,000E+0	1,436E-1	1,423E-1	0,000E+0	7	1000
188,057	14,500	0,700	1,520E+1	0,000E+0	1,705E+2	1,705E+2	0,000E+0	1,436E-1	1,416E-1	0,000E+0	7	1000
189,058	14,800	0,700	1,550E+1	0,000E+0	1,710E+2	1,709E+2	0,000E+0	1,458E-1	1,430E-1	0,000E+0	7	1000
190,057	14,600	0,700	1,530E+1	0,000E+0	1,709E+2	1,708E+2	0,000E+0	1,439E-1	1,426E-1	0,000E+0	7	1000
191,059	14,600	0,700	1,530E+1	0,000E+0	1,709E+2	1,708E+2	0,000E+0	1,443E-1	1,423E-1	0,000E+0	7	1000
192,059	14,600	0,700	1,530E+1	0,000E+0	1,709E+2	1,708E+2	0,000E+0	1,443E-1	1,423E-1	0,000E+0	7	1000
193,058	14,900	0,800	1,570E+1	0,000E+0	1,709E+2	1,709E+2	0,000E+0	1,466E-1	1,450E-1	0,000E+0	7	1000
194,059	14,900	0,800	1,570E+1	0,000E+0	1,709E+2	1,709E+2	0,000E+0	1,466E-1	1,450E-1	0,000E+0	7	1000
195,058	14,800	0,700	1,550E+1	0,000E+0	1,707E+2	1,706E+2	0,000E+0	1,465E-1	1,446E-1	0,000E+0	7	1000
196,059	14,900	0,800	1,570E+1	0,000E+0	1,708E+2	1,708E+2	0,000E+0	1,466E-1	1,444E-1	0,000E+0	7	1000
197,058	15,000	0,700	1,570E+1	0,000E+0	1,712E+2	1,712E+2	0,000E+0	1,474E-1	1,455E-1	0,000E+0	7	1000
198,059	15,000	0,700	1,570E+1	0,000E+0	1,712E+2	1,712E+2	0,000E+0	1,474E-1	1,455E-1	0,000E+0	7	1000
199,059	15,800	0,700	1,650E+1	0,000E+0	1,713E+2	1,713E+2	0,000E+0	1,542E-1	1,522E-1	0,000E+0	7	1000
200,059	15,800	0,700	1,650E+1	0,000E+0	1,713E+2	1,713E+2	0,000E+0	1,542E-1	1,522E-1	0,000E+0	7	1000
201,061	16,100	0,600	1,670E+1	0,000E+0	1,717E+2	1,717E+2	0,000E+0	1,564E-1	1,557E-1	0,000E+0	7	1000
202,060	16,100	0,700	1,680E+1	0,000E+0	1,717E+2	1,716E+2	0,000E+0	1,569E-1	1,552E-1	0,000E+0	7	1000
203,061	17,200	0,800	1,800E+1	0,000E+0	1,719E+2	1,719E+2	0,000E+0	1,652E-1	1,641E-1	0,000E+0	7	1000
204,061	18,200	1,000	1,920E+1	0,000E+0	1,720E+2	1,719E+2	0,000E+0	1,719E-1	1,689E-1	0,000E+0	7	1000
205,063	19,400	1,000	2,040E+1	0,000E+0	1,722E+2	1,722E+2	0,000E+0	1,817E-1	1,791E-1	0,000E+0	7	1000
206,064	20,300	1,000	2,130E+1	0,000E+0	1,725E+2	1,724E+2	0,000E+0	1,888E-1	1,870E-1	0,000E+0	7	1000
207,063	22,100	0,800	2,290E+1	0,000E+0	1,729E+2	1,729E+2	0,000E+0	2,042E-1	2,032E-1	0,000E+0	7	1000
208,064	24,200	0,500	2,470E+1	0,000E+0	1,735E+2	1,735E+2	0,000E+0	2,221E-1	2,205E-1	0,000E+0	7	1000
209,064	27,700	0,100	2,780E+1	0,000E+0	1,745E+2	1,745E+2	0,000E+0	2,525E-1	2,505E-1	0,000E+0	7	1000
210,065	30,300	0,200	3,050E+1	0,000E+0	1,749E+2	1,749E+2	0,000E+0	2,764E-1	2,744E-1	0,000E+0	7	1000
211,064	32,900	0,800	3,370E+1	0,000E+0	1,759E+2	1,758E+2	0,000E+0	3,015E-1	2,979E-1	0,000E+0	7	1000
212,066	35,900	1,500	3,740E+1	0,000E+0	1,765E+2	1,764E+2	0,000E+0	3,306E-1	3,265E-1	0,000E+0	7	1000
213,067	35,900	1,500	3,740E+1	0,000E+0	1,765E+2	1,764E+2	0,000E+0	3,306E-1	3,265E-1	0,000E+0	7	1000
214,066	38,600	2,300	4,090E+1	0,000E+0	1,770E+2	1,769E+2	0,000E+0	3,573E-1	3,548E-1	0,000E+0	7	1000
215,067	43,700	3,800	4,750E+1	0,000E+0	1,782E+2	1,782E+2	0,000E+0	4,078E-1	4,037E-1	0,000E+0	7	1000
216,066	46,200	4,600	5,080E+1	0,000E+0	1,786E+2	1,786E+2	0,000E+0	4,313E-1	4,266E-1	0,000E+0	7	1000
217,068	48,400	5,300	5,370E+1	0,000E+0	1,793E+2	1,792E+2	0,000E+0	4,553E-1	4,487E-1	0,000E+0	7	1000
218,067	50,400	6,400	5,680E+1	0,000E+0	1,797E+2	1,796E+2	0,000E+0	4,773E-1	4,731E-1	0,000E+0	7	1000
219,068	52,000	7,200	5,920E+1	0,000E+0	1,804E+2	1,803E+2	0,000E+0	4,944E-1	4,912E-1	0,000E+0	7	1000
220,069	52,000	7,200	5,920E+1	0,000E+0	1,804E+2	1,803E+2	0,000E+0	4,944E-1	4,912E-1	0,000E+0	7	1000
221,068	52,000	7,200	5,920E+1	0,000E+0	1,804E+2	1,803E+2	0,000E+0	4,944E-1	4,912E-1	0,000E+0	7	1000
222,070	56,800	9,500	6,630E+1	0,000E+0	1,814E+2	1,813E+2	0,000E+0	5,465E-1	5,412E-1	0,000E+0	7	1000
223,069	57,600	9,900	6,750E+1	0,000E+0	1,815E+2	1,814E+2	0,000E+0	5,556E-1	5,504E-1	0,000E+0	7	1000
224,070	57,900	9,900	6,780E+1	0,000E+0	1,815E+2	1,814E+2	0,000E+0	5,588E-1	5,532E-1	0,000E+0	7	1000
225,069	58,500	10,700	6,920E+1	0,000E+0	1,820E+2	1,820E+2	0,000E+0	5,663E-1	5,615E-1	0,000E+0	7	1000
226,069	59,300	11,200	7,050E+1	0,000E+0	1,821E+2	1,821E+2	0,000E+0	5,755E-1	5,721E-1	0,000E+0	7	1000
227,070	60,500	11,100	7,160E+1	0,000E+0	1,828E+2	1,827E+2	0,000E+0	5,873E-1	5,800E-1	0,000E+0	7	1000
228,069	60,900	11,600	7,250E+1	0,000E+0	1,825E+2	1,824E+2	0,000E+0	5,928E-1	5,881E-1	0,000E+0	7	1000
229,070	61,200	12,000	7,320E+1	0,000E+0	1,826E+2	1,826E+2	0,000E+0	5,962E-1	5,909E-1	0,000E+0	7	1000
230,070	62,100	12,000	7,410E+1	0,000E+0	1,827E+2	1,827E+2	0,000E+0	6,027E-1	5,967E-1	0,000E+0	7	1000
231,072	62,200	12,500	7,470E+1	0,000E+0	1,829E+2	1,829E+2	0,000E+0	6,066E-1	6,015E-1	0,000E+0	7	1000
232,072	62,200	12,500	7,470E+1	0,000E+0	1,829E+2	1,829E+2	0,000E+0	6,066E-1	6,015E-1	0,000E+0	7	1000
233,074	62,500	13,100	7,560E+1	0,000E+0	1,830E+2	1,829E+2	0,000E+0	6,122E-1	6,070E-1	0,000E+0	7	1000
234,075	63,100	13,000	7,610E+1	0,000E+0	1,829E+2	1,829E+2	0,000E+0	6,167E-1	6,108E-1	0,000E+0	7	1000
235,074	63,400	13,100	7,650E+1	0,000E+0	1,828E+2	1,828E+2	0,000E+0	6,202E-1	6,152E-1	0,000E+0	7	1000
236,075	63,400	13,100	7,650E+1	0,000E+0	1,828E+2	1,828E+2	0,000E+0	6,202E-1	6,152E-1	0,000E+0	7	1000
237,074	63,600	13,500	7,710E+1	0,000E+0	1,829E+2	1,828E+2	0,000E+0	6,225E-1	6,177E-1	0,000E+0	7	1000
238,076	63,600	13,500	7,710E+1	0,000E+0	1,827E+2	1,827E+2	0,000E+0	6,241E-1	6,205E-1	0,000E+0	7	1000
239,075	63,900	13,600	7,750E+1	0,000E+0	1,830E+2	1,830E+2	0,000E+0	6,266E-1	6,222E-1	0,000E+0	7	1000
240,077	64,100	13,900	7,800E+1	0,000E+0	1,830E+2	1,830E+2	0,000E+0	6,292E-1	6,247E-1	0,000E+0	7	1000
241,077	64,300	13,700	7,800E+1	0,000E+0	1,832E+2	1,832E+2	0,000E+0	6,305E-1	6,255E-1	0,000E+0	7	1000
242,076	64,100	13,800	7,790E+1	0,000E+0	1,832E+2	1,832E+2	0,000E+0	6,305E-1	6,249E-1	0,000E+0	7	1000
243,077	64,100	13,800	7,790E+1	0,000E+0	1,832E+2	1,832E+2	0,000E+0	6,305E-1	6,249E-1	0,000E+0	7	1000
244,076	64,600	13,900	7,850E+1	0,000E+0	1,830E+2	1,830E+2	0,000E+0	6,343E-1	6,302E-1	0,000E+0	7	1000
245,077	64,500	14,200	7,870E+1	0,000E+0	1,832E+2	1,831E+2	0,000E+0	6,332E-1	6,292E-1	0,000E+0	7	1000
246,076	64,500	14,200	7,870E+1	0,000E+0	1,832E+2	1,831E+2	0,000E+0	6,332E-1	6,292E-1	0,000E+0	7	1000
247,078	64,500	14,300	7,880E+1	0,000E+0	1,835E+2	1,835E+2	0,000E+0	6,348E-1	6,291E-1	0,000E+0	7	1000
248,078	64,700	14,100	7,880E+1	0,000E+0	1,833E+2	1,832E+2	0,000E+0	6,361E-1	6,304E-1	0,000E+0	7	1000
249,077	64,900	14,000	7,890E+1	0,000E+0	1,832E+2	1,832E+2	0,000E+0	6,361E-1	6,304E-1	0,000E+0	7	1000
250,079	64,900	13,900	7,880E+1	0,000E+0	1,832E+2	1,832E+2	0,000E+0	6,386E-1	6,331E-1	0,000E+0	7	1000
251,078	65,000	14,100	7,910E+1	0,000E+0	1,833E+2	1,832E+2	0,000E+0	6,385E-1	6,316E-1	0,000E+0	7	1000
252,079	65,000	14,200	7,920E+1	0,000E+0	1,833E+2	1,833E+2	0,000E+0	6,380E-1	6,334E-1	0,000E+0	7	1000
253,079	65,000	14,300	7,930E+1	0,000E+0	1,831E+2	1,831E+2	0,000E+0	6,391E-1	6,334E-1	0,000E+0	7	1000
254,080	64,700	14,600	7,930E+1	0,000E+0	1,833E+2	1,833E+2	0,000E+0	6,374E-1	6,348E-1	0,000E+0	7	1000
255,080	64,900	14,300	7,920E+1	0,000E+0	1,832E+2	1,832E+2	0,000E+0	6,384E-1	6,357E-1	0,000E+0	7	1000
256,079	65,100	14,300	7,940E+1	0,000E+0	1,836E+2	1,836E+2	0,000E+0	6,389E-1	6,342E-1	0,000E+0	7	1000
257,080	65,100	14,200	7,930E+1	0,000E+0	1,834E+2	1,834E+2	0,000E+0	6,410E-1	6,340E-1	0,000E+0	7	1000
258,079	65,100	14,200	7,930E+1	0,000E+0	1,834E+2	1,834E+2	0,000E+0	6,410E-1	6,340E-1	0,000E+0	7	1000
259,080	65,000	14,600	7,960E+1	0,000E+0	1,834E+2	1,834E+2	0,000E+0	6,411E-1	6,370E-1	0,000E+0	7	1000
260,079	65,100	14,200	7,930E+1	0,000E+0	1,833E+2	1,833E+2	0,000E+0	6,412E-1	6,348E-1	0,000E+0	7	1000
261,080	65,200	14,100	7,930E+1	0,000E+0	1,834E+2	1,833E+2	0,000E+0	6,417E-1	6,377E-1	0,000E+0	7	1000
262,080	65,200	14,600	7,980E+1	0,000E+0	1,834E+2	1,833E+2	0,000E+0	6,425E-1	6,370E-1	0,000E+0	7	1000
263,080	65,100	14,600	7,970E+1	0,000E+0	1,832E+2	1,831E+2	0,000E+0	6,406E-1	6,358E-1	0,000E+0	7	1000
264,081	65,300	14,200	7,950E+1	0,000E+0	1,832E+2	1,832E+2	0,000E+0	6,433E-1	6,372E-1	0,000E+0	7	1000
265,081	65,300	14,200	7,950E+1	0,000E+0	1,832E+2	1,832E+2	0,000E+0	6,433E-1	6,372E-1	0,000E+0	7	1000
266,083	65,500	14,200	7,970E+1	0,000E+0	1,835E+2	1,834E+2	0,000E+0	6,452E-1	6,373E-1	0,000E+0	7	1000
267,083	65,100	14,500	7,960E+1	0,000E+0	1,835E+2	1,834E+2	0,000E+0	6,419E-1	6,367E-1	0,000E+0	7	1000
268,082	65,400	14,500	7,990E+1	0,000E+0	1,832E+2	1,831E+2	0,000E+0	6,416E-1	6,375E-1	0,000E+0	7	1000
269,083	65,400	14,500	7,990E+1	0,000E+0	1,832E+2	1,831E+2	0,000E+0	6,416E-1	6,375E-1	0,000E+0	7	1000
270,084	65,300	14,500	7,980E+1	0,000E+0	1,832E+2	1,831E+2	0,000E+0	6,420E-1	6,380E-1	0,000E+0	7	1000
271,084	65,500	14,200	7,970E+1	0,000E+0	1,834E+2	1,833E+2	0,000E+0	6,426E-1	6,361E-1	0,000E+0	7	1000
272,085	65,100	14,300	7,940E+1	0,000E+0	1,834E+2	1,833E+2	0,000E+0	6,419E-1	6,361E-1	0,000E+0	7	1000
273,084	65,200	14,500	7,970E+1	0,000E+0	1,834E+2	1,833E+2	0,000E+0	6,413E-1	6,382E-1	0,000E+0	7	1000
274,084	65,200	14,700	7,990E+1	0,000E+0	1,832E+2	1,831E+2	0,000E+0	6,417E-1	6,388E-1	0,000E+0	7	1000
275,086	65,500	14,400	7,990E+1	0,000E+0	1,836E+2	1,835E+2	0,000E+0	6,443E-1	6,371E-1	0,000E+0	7	1000
276,085	65,500	14,400	7,990E+1	0,000E+0	1,836E+2	1,835E+2	0,000E+0	6,443E-1	6,371E-1	0,000E+0	7	1000
277,086	54,800	8,300	6,310E+1	0,000E+0	1,811E+2	1,811E+2	0,000E+0	5,219E-1	5,156E-1	0,000E+0	7	1000
278,085	54,200	8,100	6,230E+1	0,000E+0	1,808E+2	1,807E+2	0,000E+0	5,184E-1	5,135E-1	0,000E+0	7	1000
279,086	53,700	7,500	6,120E+1	0,000E+0	1,806E+2	1,806E+2	0,000E+0	5,113E-1	5,061E-1	0,000E+0	7	1000
280,086	51,800	7,100	5,890E+1	0,000E+0	1,800E+2	1,800E+2	0,000E+0	4,928E-1	4,896E-1	0,000E+0	7	1000
281,085	29,200	2,200	3,140E+1	0,000E+0	1,778E+2	1,777E+2	0,000E+0	3,133E-1	3,097E-1	0,000E+0	7	1000
282,087	29,200	2,200	3,140E+1	0,000E+0	1,778E+2	1,777E+2	0,000E+0	3,133E-1	3,097E-1	0,000E+0	7	1000
283,087	9,900	0,500	1,040E+1	0,000E+0	1,671E+2	1,671E+2	0,000E+0	1,046E-1	1,036E-1	0,000E+0	7	1000
284,088	13,700	0,700	1,440E+1	0,000E+0	1,679E+2	1,678E+2	0,000E+0	1,397E-1	1,376E-1	0,000E+0	7	1000
285,087	15,100	0,600	1,570E+1	0,000E+0	1,708E+2	1,708E+2	0,000E+0	1,490E-1	1,470E-1	0,000E+0	7	1000
286,088	15,100	0,600	1,570E+1	0,000E+0	1,708E+2	1,708E+2	0,000E+0	1,490E-1	1,470E-1	0,000E+0	7	1000
287,088	13,200	0,600	1,380E+1	0,000E+0	1,708E+2	1,707E+2	0,000E+0	1,319E-1	1,308E-1	0,000E+0	7	1000
288,088	12,500	0,600	1,310E+1	0,000E+0	1,693E+2	1,693E+2	0,000E+0	1,270E-1	1,255E-1	0,000E+0	7	1000
289,090	13,000	0,500	1,350E+1	0,000E+0	1,694E+2	1,693E+2	0,000E+0	1,319E-1	1,319E-1	0,000E+0	7	1000
290,089	8,300	0,600	8,900E+0	0,000E+0	1,596E+2	1,596E+2	0,000E+0	9,790E-2	9,720E-2	0,000E+0	7	1000
291,090	0,400	0,200	6,000E-1	0,000E+0	1,168E+2	1,168E+2	0,000E+0	0,000E+0	0,000E+0	0,000E+0	7	1000
292,090	0,100	0,200	3,000E-1	0,000E+0	9,359E+1	9,358E+1	0,000E+0	0,000E+0	0,000E+0	0,000E+0	7	1000
293,090	0,100	0,200	3,000E-1	0,000E+0	9,359E+1	9,358E+1	0,000E+0	0,000E+0	0,000E+0	0,000E+0	7	1000
294,091	0,100	0,200	3,000E-1	0,000E+0	9,359E+1	9,358E+1	0,000E+0	0,000E+0	0,000E+0	0,000E+0	7	1000
295,090	0,000	0,000	0,000E+0	0,000E+0	4,284E+1	4,283E+1	0,000E+0	0,000E+0	0,000E+0	0,000E+0	7	1000
296,091	0,000	0,000	0,000E+0	0,000E+0	3,119E+1	3,118E+1	0,000E+0	0,000E+0	0,000E+0	0,000E+0	7	1000
297,090	0,000	0,000	0,000E+0	0,000E+0	2,156E+1	2,157E+1	0,000E+0	0,000E+0	0,000E+0	0,000E+0	7	1000
