t	PL(A)	PL(B)	PL(T)	PL(E)	V(A)	V(B)	V(E)	I(A)	I(B)	I(E)	n_bracos	n_res
0,000	0,000	0,000	0,000E+0	0,000E+0	0,000E+0	0,000E+0	0,000E+0	0,000E+0	0,000E+0	0,000E+0	0	0001
0,000	0,000	0,000	0,000E+0	0,000E+0	0,000E+0	0,000E+0	0,000E+0	0,000E+0	0,000E+0	0,000E+0	0	0001
1,003	0,000	0,000	0,000E+0	0,000E+0	0,000E+0	0,000E+0	0,000E+0	0,000E+0	0,000E+0	0,000E+0	0	0001
2,003	0,000	0,000	0,000E+0	0,000E+0	0,000E+0	0,000E+0	0,000E+0	0,000E+0	0,000E+0	0,000E+0	0	0001
3,003	0,000	0,000	0,000E+0	0,000E+0	0,000E+0	0,000E+0	0,000E+0	0,000E+0	0,000E+0	0,000E+0	0	0001
4,002	0,000	0,000	0,000E+0	0,000E+0	0,000E+0	0,000E+0	0,000E+0	0,000E+0	0,000E+0	0,000E+0	0	0001
5,003	0,000	0,000	0,000E+0	0,000E+0	0,000E+0	0,000E+0	0,000E+0	0,000E+0	0,000E+0	0,000E+0	0	0001
6,003	0,000	0,000	0,000E+0	0,000E+0	0,000E+0	0,000E+0	0,000E+0	0,000E+0	0,000E+0	0,000E+0	0	0001
7,004	0,000	0,000	0,000E+0	0,000E+0	0,000E+0	0,000E+0	0,000E+0	0,000E+0	0,000E+0	0,000E+0	0	0001
8,004	0,000	0,000	0,000E+0	0,000E+0	0,000E+0	0,000E+0	0,000E+0	0,000E+0	0,000E+0	0,000E+0	0	0001
9,004	0,000	0,000	0,000E+0	0,000E+0	0,000E+0	0,000E+0	0,000E+0	0,000E+0	0,000E+0	0,000E+0	0	0001
10,005	0,000	0,000	0,000E+0	0,000E+0	0,000E+0	0,000E+0	0,000E+0	0,000E+0	0,000E+0	0,000E+0	0	0001
11,004	0,000	0,000	0,000E+0	0,000E+0	0,000E+0	0,000E+0	0,000E+0	0,000E+0	0,000E+0	0,000E+0	0	0001
12,005	0,000	0,000	0,000E+0	0,000E+0	0,000E+0	0,000E+0	0,000E+0	0,000E+0	0,000E+0	0,000E+0	0	0001
13,004	0,000	0,000	0,000E+0	0,000E+0	0,000E+0	0,000E+0	0,000E+0	0,000E+0	0,000E+0	0,000E+0	0	0001
14,005	0,000	0,000	0,000E+0	0,000E+0	0,000E+0	0,000E+0	0,000E+0	0,000E+0	0,000E+0	0,000E+0	0	0001
15,005	0,000	0,000	0,000E+0	0,000E+0	0,000E+0	0,000E+0	0,000E+0	0,000E+0	0,000E+0	0,000E+0	0	0001
16,004	0,000	0,000	0,000E+0	0,000E+0	0,000E+0	0,000E+0	0,000E+0	0,000E+0	0,000E+0	0,000E+0	0	0001
17,006	0,000	0,000	0,000E+0	0,000E+0	0,000E+0	0,000E+0	0,000E+0	0,000E+0	0,000E+0	0,000E+0	0	0001
18,005	0,000	0,000	0,000E+0	0,000E+0	0,000E+0	0,000E+0	0,000E+0	0,000E+0	0,000E+0	0,000E+0	0	0001
19,006	0,000	0,000	0,000E+0	0,000E+0	0,000E+0	0,000E+0	0,000E+0	0,000E+0	0,000E+0	0,000E+0	0	0001
20,005	0,000	0,000	0,000E+0	0,000E+0	0,000E+0	0,000E+0	0,000E+0	0,000E+0	0,000E+0	0,000E+0	0	0001
21,007	0,000	0,000	0,000E+0	0,000E+0	0,000E+0	0,000E+0	0,000E+0	0,000E+0	0,000E+0	0,000E+0	0	0001
22,007	0,000	0,000	0,000E+0	0,000E+0	0,000E+0	0,000E+0	0,000E+0	0,000E+0	0,000E+0	0,000E+0	0	0001
23,006	0,000	47,600	4,760E+1	0,000E+0	2,888E+1	6,622E+1	0,000E+0	0,000E+0	3,405E+0	0,000E+0	0	0001
24,007	67,000	28,800	9,580E+1	0,000E+0	1,135E+2	9,630E+1	0,000E+0	3,744E+0	2,948E+0	0,000E+0	0	0001
25,006	0,000	0,000	0,000E+0	0,000E+0	1,782E+1	1,792E+1	0,000E+0	0,000E+0	0,000E+0	0,000E+0	0	0001
26,008	0,000	0,000	0,000E+0	0,000E+0	1,185E+1	1,251E+1	0,000E+0	0,000E+0	0,000E+0	0,000E+0	0	0001
27,007	0,000	0,000	0,000E+0	0,000E+0	1,185E+1	1,251E+1	0,000E+0	0,000E+0	0,000E+0	0,000E+0	0	0001
28,008	0,000	0,000	0,000E+0	0,000E+0	3,750E+0	3,860E+0	0,000E+0	0,000E+0	0,000E+0	0,000E+0	0	0001
29,009	65,100	0,000	6,510E+1	0,000E+0	7,243E+1	3,286E+1	0,000E+0	4,011E+0	0,000E+0	0,000E+0	0	0001
30,009	10,900	27,800	3,870E+1	0,000E+0	8,728E+1	9,268E+1	0,000E+0	1,243E+0	1,777E+0	0,000E+0	0	0001
31,011	39,000	47,200	8,620E+1	0,000E+0	1,407E+2	1,404E+2	0,000E+0	6,265E-1	6,157E-1	0,000E+0	0	0001
32,011	19,800	21,300	4,110E+1	0,000E+0	1,793E+2	1,791E+2	0,000E+0	2,310E-1	2,329E-1	0,000E+0	0	0001
33,012	9,300	8,600	1,790E+1	0,000E+0	1,678E+2	1,677E+2	0,000E+0	9,770E-2	9,670E-2	0,000E+0	0	0001
34,012	9,300	8,600	1,790E+1	0,000E+0	1,678E+2	1,677E+2	0,000E+0	9,770E-2	9,670E-2	0,000E+0	0	0001
35,012	15,000	13,900	2,890E+1	0,000E+0	1,667E+2	1,667E+2	0,000E+0	1,538E-1	1,519E-1	0,000E+0	0	0001
36,013	17,800	16,600	3,440E+1	0,000E+0	1,719E+2	1,720E+2	0,000E+0	1,697E-1	1,678E-1	0,000E+0	0	0001
37,012	14,400	13,500	2,790E+1	0,000E+0	1,720E+2	1,719E+2	0,000E+0	1,417E-1	1,400E-1	0,000E+0	0	0001
38,014	13,900	13,100	2,700E+1	0,000E+0	1,711E+2	1,708E+2	0,000E+0	1,388E-1	1,372E-1	0,000E+0	0	0001
39,013	14,800	13,900	2,870E+1	0,000E+0	1,711E+2	1,708E+2	0,000E+0	1,463E-1	1,448E-1	0,000E+0	0	0001
40,014	14,500	13,500	2,800E+1	0,000E+0	1,714E+2	1,712E+2	0,000E+0	1,429E-1	1,408E-1	0,000E+0	0	0001
41,014	14,400	13,500	2,790E+1	0,000E+0	1,709E+2	1,709E+2	0,000E+0	1,425E-1	1,407E-1	0,000E+0	0	0001
42,014	14,800	13,800	2,860E+1	0,000E+0	1,711E+2	1,706E+2	0,000E+0	1,456E-1	1,432E-1	0,000E+0	0	0001
43,014	14,500	13,600	2,810E+1	0,000E+0	1,709E+2	1,710E+2	0,000E+0	1,432E-1	1,415E-1	0,000E+0	0	0001
44,014	14,500	13,600	2,810E+1	0,000E+0	1,711E+2	1,709E+2	0,000E+0	1,433E-1	1,416E-1	0,000E+0	0	0001
45,015	14,500	13,600	2,810E+1	0,000E+0	1,711E+2	1,709E+2	0,000E+0	1,433E-1	1,416E-1	0,000E+0	0	0001
46,014	14,600	13,500	2,810E+1	0,000E+0	1,713E+2	1,710E+2	0,000E+0	1,439E-1	1,411E-1	0,000E+0	0	0001
47,015	14,800	13,900	2,870E+1	0,000E+0	1,711E+2	1,710E+2	0,000E+0	1,457E-1	1,439E-1	0,000E+0	0	0001
48,015	14,500	13,600	2,810E+1	0,000E+0	1,710E+2	1,710E+2	0,000E+0	1,431E-1	1,415E-1	0,000E+0	0	0001
49,015	14,500	13,600	2,810E+1	0,000E+0	1,710E+2	1,710E+2	0,000E+0	1,431E-1	1,415E-1	0,000E+0	0	0001
50,015	14,600	13,700	2,830E+1	0,000E+0	1,709E+2	1,711E+2	0,000E+0	1,441E-1	1,425E-1	0,000E+0	0	0001
51,015	14,500	13,600	2,810E+1	0,000E+0	1,711E+2	1,709E+2	0,000E+0	1,428E-1	1,411E-1	0,000E+0	0	0001
52,016	14,600	13,500	2,810E+1	0,000E+0	1,709E+2	1,709E+2	0,000E+0	1,434E-1	1,409E-1	0,000E+0	0	0001
53,016	14,700	13,700	2,840E+1	0,000E+0	1,710E+2	1,708E+2	0,000E+0	1,447E-1	1,426E-1	0,000E+0	0	0001
54,017	14,600	13,600	2,820E+1	0,000E+0	1,712E+2	1,711E+2	0,000E+0	1,437E-1	1,410E-1	0,000E+0	0	0001
55,016	14,700	13,600	2,830E+1	0,000E+0	1,709E+2	1,708E+2	0,000E+0	1,444E-1	1,418E-1	0,000E+0	0	0001
56,017	14,700	13,600	2,830E+1	0,000E+0	1,709E+2	1,708E+2	0,000E+0	1,444E-1	1,418E-1	0,000E+0	0	0001
57,018	14,700	13,700	2,840E+1	0,000E+0	1,712E+2	1,710E+2	0,000E+0	1,451E-1	1,429E-1	0,000E+0	0	0001
58,017	14,600	13,600	2,820E+1	0,000E+0	1,711E+2	1,710E+2	0,000E+0	1,440E-1	1,417E-1	0,000E+0	0	0001
59,017	14,400	13,400	2,780E+1	0,000E+0	1,709E+2	1,708E+2	0,000E+0	1,419E-1	1,405E-1	0,000E+0	0	0001
60,018	14,400	13,400	2,780E+1	0,000E+0	1,709E+2	1,707E+2	0,000E+0	1,435E-1	1,412E-1	0,000E+0	0	0001
61,019	14,400	13,500	2,790E+1	0,000E+0	1,712E+2	1,710E+2	0,000E+0	1,422E-1	1,403E-1	0,000E+0	0	0001
62,019	14,400	13,500	2,790E+1	0,000E+0	1,712E+2	1,710E+2	0,000E+0	1,422E-1	1,403E-1	0,000E+0	0	0001
63,020	14,800	13,800	2,860E+1	0,000E+0	1,712E+2	1,711E+2	0,000E+0	1,453E-1	1,435E-1	0,000E+0	0	0001
64,020	14,700	13,700	2,840E+1	0,000E+0	1,714E+2	1,713E+2	0,000E+0	1,446E-1	1,426E-1	0,000E+0	0	0001
65,021	14,700	13,600	2,830E+1	0,000E+0	1,710E+2	1,708E+2	0,000E+0	1,443E-1	1,419E-1	0,000E+0	0	0001
66,020	14,700	13,800	2,850E+1	0,000E+0	1,710E+2	1,712E+2	0,000E+0	1,450E-1	1,434E-1	0,000E+0	0	0001
67,021	14,600	13,500	2,810E+1	0,000E+0	1,712E+2	1,709E+2	0,000E+0	1,436E-1	1,405E-1	0,000E+0	0	0001
68,021	14,600	13,500	2,810E+1	0,000E+0	1,712E+2	1,709E+2	0,000E+0	1,436E-1	1,405E-1	0,000E+0	0	0001
69,021	14,500	13,600	2,810E+1	0,000E+0	1,710E+2	1,708E+2	0,000E+0	1,433E-1	1,415E-1	0,000E+0	0	0001
70,021	14,400	13,500	2,790E+1	0,000E+0	1,710E+2	1,709E+2	0,000E+0	1,426E-1	1,410E-1	0,000E+0	0	0001
71,020	14,400	13,500	2,790E+1	0,000E+0	1,708E+2	1,708E+2	0,000E+0	1,425E-1	1,406E-1	0,000E+0	0	0001
72,021	14,600	13,600	2,820E+1	0,000E+0	1,709E+2	1,709E+2	0,000E+0	1,436E-1	1,421E-1	0,000E+0	0	0001
73,020	14,600	13,500	2,810E+1	0,000E+0	1,708E+2	1,709E+2	0,000E+0	1,438E-1	1,416E-1	0,000E+0	0	0001
74,021	14,400	13,400	2,780E+1	0,000E+0	1,710E+2	1,708E+2	0,000E+0	1,420E-1	1,399E-1	0,000E+0	0	0001
75,021	14,600	13,500	2,810E+1	0,000E+0	1,710E+2	1,709E+2	0,000E+0	1,438E-1	1,414E-1	0,000E+0	0	0001
76,022	14,600	13,600	2,820E+1	0,000E+0	1,712E+2	1,711E+2	0,000E+0	1,441E-1	1,417E-1	0,000E+0	0	0001
77,022	14,200	13,200	2,740E+1	0,000E+0	1,709E+2	1,708E+2	0,000E+0	1,409E-1	1,385E-1	0,000E+0	0	0001
78,021	14,300	13,400	2,770E+1	0,000E+0	1,711E+2	1,709E+2	0,000E+0	1,420E-1	1,393E-1	0,000E+0	0	0001
79,022	14,300	13,400	2,770E+1	0,000E+0	1,711E+2	1,709E+2	0,000E+0	1,420E-1	1,393E-1	0,000E+0	0	0001
80,022	14,400	13,400	2,780E+1	0,000E+0	1,710E+2	1,709E+2	0,000E+0	1,424E-1	1,401E-1	0,000E+0	0	0001
81,023	14,700	13,600	2,830E+1	0,000E+0	1,711E+2	1,709E+2	0,000E+0	1,442E-1	1,413E-1	0,000E+0	0	0001
82,023	14,500	13,700	2,820E+1	0,000E+0	1,710E+2	1,710E+2	0,000E+0	1,435E-1	1,428E-1	0,000E+0	0	0001
83,023	14,600	13,600	2,820E+1	0,000E+0	1,709E+2	1,709E+2	0,000E+0	1,441E-1	1,418E-1	0,000E+0	0	0001
84,022	14,600	13,700	2,830E+1	0,000E+0	1,711E+2	1,708E+2	0,000E+0	1,442E-1	1,427E-1	0,000E+0	0	0001
85,023	14,400	13,400	2,780E+1	0,000E+0	1,710E+2	1,708E+2	0,000E+0	1,421E-1	1,399E-1	0,000E+0	0	0001
86,022	14,400	13,500	2,790E+1	0,000E+0	1,708E+2	1,710E+2	0,000E+0	1,424E-1	1,408E-1	0,000E+0	0	0001
87,023	14,500	13,600	2,810E+1	0,000E+0	1,711E+2	1,709E+2	0,000E+0	1,432E-1	1,413E-1	0,000E+0	0	0001
88,022	14,300	13,400	2,770E+1	0,000E+0	1,710E+2	1,711E+2	0,000E+0	1,416E-1	1,398E-1	0,000E+0	0	0001
89,023	14,300	13,400	2,770E+1	0,000E+0	1,709E+2	1,709E+2	0,000E+0	1,414E-1	1,397E-1	0,000E+0	0	0001
90,023	14,300	13,400	2,770E+1	0,000E+0	1,709E+2	1,709E+2	0,000E+0	1,414E-1	1,397E-1	0,000E+0	0	0001
91,022	14,600	13,500	2,810E+1	0,000E+0	1,712E+2	1,707E+2	0,000E+0	1,439E-1	1,414E-1	0,000E+0	0	0001
92,023	14,200	13,300	2,750E+1	0,000E+0	1,711E+2	1,709E+2	0,000E+0	1,408E-1	1,391E-1	0,000E+0	0	0001
93,023	14,300	13,400	2,770E+1	0,000E+0	1,708E+2	1,707E+2	0,000E+0	1,418E-1	1,402E-1	0,000E+0	0	0001
94,024	14,400	13,500	2,790E+1	0,000E+0	1,711E+2	1,709E+2	0,000E+0	1,425E-1	1,403E-1	0,000E+0	0	0001
95,024	14,500	13,700	2,820E+1	0,000E+0	1,709E+2	1,711E+2	0,000E+0	1,433E-1	1,424E-1	0,000E+0	0	0001
96,025	14,300	13,400	2,770E+1	0,000E+0	1,710E+2	1,708E+2	0,000E+0	1,414E-1	1,398E-1	0,000E+0	0	0001
97,026	14,300	13,300	2,760E+1	0,000E+0	1,708E+2	1,707E+2	0,000E+0	1,418E-1	1,394E-1	0,000E+0	0	0001
98,025	14,300	13,300	2,760E+1	0,000E+0	1,709E+2	1,707E+2	0,000E+0	1,418E-1	1,393E-1	0,000E+0	0	0001
99,027	14,500	13,500	2,800E+1	0,000E+0	1,709E+2	1,708E+2	0,000E+0	1,431E-1	1,407E-1	0,000E+0	0	0001
100,026	14,600	13,600	2,820E+1	0,000E+0	1,709E+2	1,709E+2	0,000E+0	1,437E-1	1,418E-1	0,000E+0	0	0001
101,027	14,600	13,600	2,820E+1	0,000E+0	1,709E+2	1,709E+2	0,000E+0	1,437E-1	1,418E-1	0,000E+0	0	0001
102,027	13,900	13,000	2,690E+1	0,000E+0	1,704E+2	1,703E+2	0,000E+0	1,384E-1	1,371E-1	0,000E+0	0	0001
103,027	8,000	7,200	1,520E+1	0,000E+0	1,584E+2	1,582E+2	0,000E+0	9,280E-2	9,180E-2	0,000E+0	0	0001
104,028	5,900	5,100	1,100E+1	0,000E+0	1,455E+2	1,456E+2	0,000E+0	7,820E-2	7,740E-2	0,000E+0	0	0001
105,027	8,000	6,900	1,490E+1	0,000E+0	1,448E+2	1,447E+2	0,000E+0	1,049E-1	1,039E-1	0,000E+0	0	0001
106,028	13,900	12,600	2,650E+1	0,000E+0	1,529E+2	1,530E+2	0,000E+0	1,643E-1	1,628E-1	0,000E+0	0	0001
107,028	13,900	12,600	2,650E+1	0,000E+0	1,529E+2	1,530E+2	0,000E+0	1,643E-1	1,628E-1	0,000E+0	0	0001
108,030	11,300	10,300	2,160E+1	0,000E+0	1,572E+2	1,574E+2	0,000E+0	1,289E-1	1,276E-1	0,000E+0	0	0001
109,030	10,600	9,600	2,020E+1	0,000E+0	1,551E+2	1,555E+2	0,000E+0	1,241E-1	1,229E-1	0,000E+0	0	0001
110,029	11,500	10,400	2,190E+1	0,000E+0	1,555E+2	1,556E+2	0,000E+0	1,333E-1	1,323E-1	0,000E+0	0	0001
111,030	12,400	11,200	2,360E+1	0,000E+0	1,570E+2	1,571E+2	0,000E+0	1,411E-1	1,406E-1	0,000E+0	0	0001
112,030	11,900	10,700	2,260E+1	0,000E+0	1,570E+2	1,569E+2	0,000E+0	1,355E-1	1,338E-1	0,000E+0	0	0001
113,032	11,900	10,700	2,260E+1	0,000E+0	1,570E+2	1,569E+2	0,000E+0	1,355E-1	1,338E-1	0,000E+0	0	0001
114,031	11,600	10,600	2,220E+1	0,000E+0	1,563E+2	1,565E+2	0,000E+0	1,338E-1	1,328E-1	0,000E+0	0	0001
115,032	12,000	10,900	2,290E+1	0,000E+0	1,570E+2	1,570E+2	0,000E+0	1,377E-1	1,362E-1	0,000E+0	0	0001
116,033	11,800	10,700	2,250E+1	0,000E+0	1,569E+2	1,569E+2	0,000E+0	1,348E-1	1,337E-1	0,000E+0	0	0001
117,032	11,500	10,400	2,190E+1	0,000E+0	1,565E+2	1,563E+2	0,000E+0	1,323E-1	1,317E-1	0,000E+0	0	0001
118,033	11,700	10,600	2,230E+1	0,000E+0	1,566E+2	1,566E+2	0,000E+0	1,346E-1	1,333E-1	0,000E+0	0	0001
119,032	11,600	10,800	2,240E+1	0,000E+0	1,565E+2	1,569E+2	0,000E+0	1,344E-1	1,344E-1	0,000E+0	0	0001
120,033	12,100	11,000	2,310E+1	0,000E+0	1,569E+2	1,570E+2	0,000E+0	1,387E-1	1,371E-1	0,000E+0	0	0001
121,032	12,800	11,500	2,430E+1	0,000E+0	1,575E+2	1,573E+2	0,000E+0	1,456E-1	1,437E-1	0,000E+0	0	0001
122,033	13,000	11,700	2,470E+1	0,000E+0	1,576E+2	1,578E+2	0,000E+0	1,474E-1	1,446E-1	0,000E+0	0	0001
123,033	13,600	12,300	2,590E+1	0,000E+0	1,579E+2	1,581E+2	0,000E+0	1,528E-1	1,508E-1	0,000E+0	0	0001
124,032	13,600	12,300	2,590E+1	0,000E+0	1,579E+2	1,581E+2	0,000E+0	1,528E-1	1,508E-1	0,000E+0	0	0001
125,033	16,500	15,000	3,150E+1	0,000E+0	1,592E+2	1,593E+2	0,000E+0	1,798E-1	1,785E-1	0,000E+0	0	0001
126,032	18,900	17,100	3,600E+1	0,000E+0	1,598E+2	1,600E+2	0,000E+0	2,010E-1	1,979E-1	0,000E+0	0	0001
127,033	22,600	20,700	4,330E+1	0,000E+0	1,612E+2	1,609E+2	0,000E+0	2,371E-1	2,315E-1	0,000E+0	0	0001
128,034	26,800	26,100	5,290E+1	0,000E+0	1,623E+2	1,624E+2	0,000E+0	2,811E-1	2,788E-1	0,000E+0	0	0001
129,033	26,800	26,100	5,290E+1	0,000E+0	1,623E+2	1,624E+2	0,000E+0	2,811E-1	2,788E-1	0,000E+0	0	0001
130,034	32,100	31,900	6,400E+1	0,000E+0	1,636E+2	1,635E+2	0,000E+0	3,378E-1	3,350E-1	0,000E+0	0	0001
131,033	36,200	38,100	7,430E+1	0,000E+0	1,642E+2	1,645E+2	0,000E+0	4,184E-1	4,152E-1	0,000E+0	0	0001
132,035	17,200	16,100	3,330E+1	0,000E+0	1,633E+2	1,627E+2	0,000E+0	1,992E-1	1,978E-1	0,000E+0	0	0001
133,034	9,800	8,900	1,870E+1	0,000E+0	1,564E+2	1,562E+2	0,000E+0	1,140E-1	1,129E-1	0,000E+0	0	0001
134,035	9,500	8,500	1,800E+1	0,000E+0	1,527E+2	1,528E+2	0,000E+0	1,149E-1	1,140E-1	0,000E+0	0	0001
135,035	6,400	5,500	1,190E+1	0,000E+0	1,407E+2	1,406E+2	0,000E+0	9,100E-2	9,010E-2	0,000E+0	0	0001
136,035	0,100	0,200	3,000E-1	0,000E+0	8,113E+1	8,108E+1	0,000E+0	0,000E+0	0,000E+0	0,000E+0	0	0001
