t	PL(A)	PL(B)	PL(T)	PL(E)	V(A)	V(B)	V(E)	I(A)	I(B)	I(E)	n_bracos	n_res
32,045	0,000	0,000	0,000E+0	0,000E+0	0,000E+0	8,574E+1	1,295E+1	0,000E+0	0,000E+0	0,000E+0	0	1000
0,005	0,000	0,000	0,000E+0	0,000E+0	0,000E+0	0,000E+0	0,000E+0	0,000E+0	0,000E+0	0,000E+0	0	1000
1,004	0,000	0,000	0,000E+0	0,000E+0	0,000E+0	0,000E+0	0,000E+0	0,000E+0	0,000E+0	0,000E+0	0	1000
2,004	0,000	0,000	0,000E+0	0,000E+0	0,000E+0	0,000E+0	0,000E+0	0,000E+0	0,000E+0	0,000E+0	0	1000
3,005	0,000	0,000	0,000E+0	0,000E+0	0,000E+0	0,000E+0	0,000E+0	0,000E+0	0,000E+0	0,000E+0	0	1000
4,005	0,000	0,000	0,000E+0	0,000E+0	0,000E+0	0,000E+0	0,000E+0	0,000E+0	0,000E+0	0,000E+0	0	1000
5,006	0,000	0,000	0,000E+0	0,000E+0	0,000E+0	0,000E+0	0,000E+0	0,000E+0	0,000E+0	0,000E+0	0	1000
6,005	0,000	0,000	0,000E+0	0,000E+0	0,000E+0	0,000E+0	0,000E+0	0,000E+0	0,000E+0	0,000E+0	0	1000
7,005	0,000	0,000	0,000E+0	0,000E+0	0,000E+0	0,000E+0	0,000E+0	0,000E+0	0,000E+0	0,000E+0	0	1000
8,006	0,000	0,000	0,000E+0	0,000E+0	0,000E+0	0,000E+0	0,000E+0	0,000E+0	0,000E+0	0,000E+0	0	1000
9,007	0,000	0,000	0,000E+0	0,000E+0	0,000E+0	0,000E+0	0,000E+0	0,000E+0	0,000E+0	0,000E+0	0	1000
10,007	0,000	0,000	0,000E+0	0,000E+0	0,000E+0	0,000E+0	0,000E+0	0,000E+0	0,000E+0	0,000E+0	0	1000
11,007	0,000	0,000	0,000E+0	0,000E+0	0,000E+0	0,000E+0	0,000E+0	0,000E+0	0,000E+0	0,000E+0	0	1000
12,008	0,000	0,000	0,000E+0	0,000E+0	0,000E+0	0,000E+0	0,000E+0	0,000E+0	0,000E+0	0,000E+0	0	1000
13,008	0,000	0,000	0,000E+0	0,000E+0	0,000E+0	0,000E+0	0,000E+0	0,000E+0	0,000E+0	0,000E+0	0	1000
14,008	0,000	0,000	0,000E+0	0,000E+0	0,000E+0	0,000E+0	0,000E+0	0,000E+0	0,000E+0	0,000E+0	0	1000
15,009	0,000	0,000	0,000E+0	0,000E+0	0,000E+0	0,000E+0	0,000E+0	0,000E+0	0,000E+0	0,000E+0	0	1000
16,009	0,000	0,000	0,000E+0	0,000E+0	0,000E+0	0,000E+0	0,000E+0	0,000E+0	0,000E+0	0,000E+0	0	1000
17,009	0,000	0,000	0,000E+0	0,000E+0	0,000E+0	0,000E+0	0,000E+0	0,000E+0	0,000E+0	0,000E+0	0	1000
18,009	0,000	0,000	0,000E+0	0,000E+0	0,000E+0	0,000E+0	0,000E+0	0,000E+0	0,000E+0	0,000E+0	0	1000
19,010	0,000	0,000	0,000E+0	0,000E+0	0,000E+0	0,000E+0	0,000E+0	0,000E+0	0,000E+0	0,000E+0	0	1000
20,009	0,000	0,000	0,000E+0	0,000E+0	0,000E+0	0,000E+0	0,000E+0	0,000E+0	0,000E+0	0,000E+0	0	1000
21,009	2,400	0,000	2,400E+0	0,000E+0	2,721E+1	2,722E+1	0,000E+0	7,410E-1	0,000E+0	0,000E+0	0	1000
22,009	87,700	0,100	8,780E+1	0,000E+0	7,921E+1	7,922E+1	0,000E+0	4,673E+0	0,000E+0	0,000E+0	0	1000
23,009	87,700	0,100	8,780E+1	0,000E+0	7,921E+1	7,922E+1	0,000E+0	4,673E+0	0,000E+0	0,000E+0	0	1000
24,010	0,000	0,000	0,000E+0	0,000E+0	1,663E+1	1,662E+1	0,000E+0	0,000E+0	0,000E+0	0,000E+0	0	1000
25,009	0,000	0,000	0,000E+0	0,000E+0	9,320E+0	9,320E+0	0,000E+0	0,000E+0	0,000E+0	0,000E+0	0	1000
26,009	0,000	0,000	0,000E+0	0,000E+0	3,950E+0	3,950E+0	0,000E+0	0,000E+0	0,000E+0	0,000E+0	0	1000
27,009	4,900	5,000	9,900E+0	0,000E+0	1,460E+1	1,460E+1	0,000E+0	1,506E+0	1,501E+0	0,000E+0	0	1000
28,009	52,900	52,800	1,057E+2	0,000E+0	3,843E+1	3,843E+1	0,000E+0	5,130E+0	5,118E+0	0,000E+0	0	1000
29,009	52,900	52,800	1,057E+2	0,000E+0	3,843E+1	3,843E+1	0,000E+0	5,130E+0	5,118E+0	0,000E+0	0	1000
30,009	29,900	4,700	3,460E+1	0,000E+0	1,278E+2	1,277E+2	0,000E+0	5,604E-1	5,517E-1	0,000E+0	0	1000
31,010	27,300	5,800	3,310E+1	0,000E+0	1,806E+2	1,806E+2	0,000E+0	3,835E-1	3,800E-1	0,000E+0	0	1000
32,009	7,100	0,500	7,600E+0	0,000E+0	1,676E+2	1,676E+2	0,000E+0	7,720E-2	7,640E-2	0,000E+0	0	1000
33,009	5,700	0,600	6,300E+0	0,000E+0	1,569E+2	1,569E+2	0,000E+0	6,810E-2	6,740E-2	0,000E+0	0	1000
34,010	7,700	0,700	8,400E+0	0,000E+0	1,558E+2	1,558E+2	0,000E+0	9,200E-2	9,100E-2	0,000E+0	0	1000
35,010	16,300	0,900	1,720E+1	0,000E+0	1,670E+2	1,670E+2	0,000E+0	1,636E-1	1,608E-1	0,000E+0	0	1000
36,010	14,400	0,700	1,510E+1	0,000E+0	1,713E+2	1,713E+2	0,000E+0	1,422E-1	1,407E-1	0,000E+0	0	1000
37,010	11,500	0,500	1,200E+1	0,000E+0	1,696E+2	1,696E+2	0,000E+0	1,166E-1	1,160E-1	0,000E+0	0	1000
38,011	10,500	0,500	1,100E+1	0,000E+0	1,669E+2	1,668E+2	0,000E+0	1,099E-1	1,094E-1	0,000E+0	0	1000
39,010	11,100	0,600	1,170E+1	0,000E+0	1,660E+2	1,660E+2	0,000E+0	1,163E-1	1,161E-1	0,000E+0	0	1000
40,011	11,100	0,600	1,170E+1	0,000E+0	1,660E+2	1,660E+2	0,000E+0	1,163E-1	1,161E-1	0,000E+0	0	1000
41,011	12,800	0,600	1,340E+1	0,000E+0	1,693E+2	1,693E+2	0,000E+0	1,288E-1	1,278E-1	0,000E+0	0	1000
42,011	12,800	0,600	1,340E+1	0,000E+0	1,693E+2	1,693E+2	0,000E+0	1,288E-1	1,278E-1	0,000E+0	0	1000
43,011	11,600	0,600	1,220E+1	0,000E+0	1,679E+2	1,679E+2	0,000E+0	1,201E-1	1,188E-1	0,000E+0	0	1000
44,012	11,600	0,600	1,220E+1	0,000E+0	1,679E+2	1,679E+2	0,000E+0	1,201E-1	1,188E-1	0,000E+0	0	1000
45,014	11,900	0,500	1,240E+1	0,000E+0	1,676E+2	1,676E+2	0,000E+0	1,228E-1	1,232E-1	0,000E+0	1	1000
46,014	12,300	0,600	1,290E+1	0,000E+0	1,688E+2	1,687E+2	0,000E+0	1,257E-1	1,243E-1	0,000E+0	2	1000
47,014	12,000	0,600	1,260E+1	0,000E+0	1,684E+2	1,683E+2	0,000E+0	1,231E-1	1,223E-1	0,000E+0	4	1000
48,015	12,100	0,500	1,260E+1	0,000E+0	1,684E+2	1,684E+2	0,000E+0	1,236E-1	1,223E-1	0,000E+0	5	1000
49,016	12,300	0,600	1,290E+1	0,000E+0	1,686E+2	1,686E+2	0,000E+0	1,254E-1	1,239E-1	0,000E+0	7	1000
50,016	12,400	0,600	1,300E+1	0,000E+0	1,687E+2	1,687E+2	0,000E+0	1,259E-1	1,249E-1	0,000E+0	7	1000
51,017	12,400	0,600	1,300E+1	0,000E+0	1,687E+2	1,687E+2	0,000E+0	1,259E-1	1,249E-1	0,000E+0	7	1000
52,017	12,100	0,600	1,270E+1	0,000E+0	1,683E+2	1,683E+2	0,000E+0	1,235E-1	1,223E-1	0,000E+0	7	1000
53,018	12,100	0,500	1,260E+1	0,000E+0	1,684E+2	1,684E+2	0,000E+0	1,243E-1	1,233E-1	0,000E+0	7	1000
54,018	12,400	0,600	1,300E+1	0,000E+0	1,689E+2	1,689E+2	0,000E+0	1,266E-1	1,249E-1	0,000E+0	7	1000
55,018	12,400	0,600	1,300E+1	0,000E+0	1,687E+2	1,687E+2	0,000E+0	1,263E-1	1,246E-1	0,000E+0	7	1000
56,018	12,200	0,600	1,280E+1	0,000E+0	1,686E+2	1,686E+2	0,000E+0	1,250E-1	1,239E-1	0,000E+0	7	1000
57,018	12,200	0,600	1,280E+1	0,000E+0	1,686E+2	1,686E+2	0,000E+0	1,250E-1	1,239E-1	0,000E+0	7	1000
58,018	12,400	0,600	1,300E+1	0,000E+0	1,688E+2	1,688E+2	0,000E+0	1,263E-1	1,252E-1	0,000E+0	7	1000
59,018	12,300	0,600	1,290E+1	0,000E+0	1,687E+2	1,687E+2	0,000E+0	1,250E-1	1,239E-1	0,000E+0	7	1000
60,019	12,300	0,600	1,290E+1	0,000E+0	1,686E+2	1,686E+2	0,000E+0	1,251E-1	1,237E-1	0,000E+0	7	1000
61,018	12,300	0,600	1,290E+1	0,000E+0	1,686E+2	1,686E+2	0,000E+0	1,251E-1	1,237E-1	0,000E+0	7	1000
62,018	12,400	0,600	1,300E+1	0,000E+0	1,688E+2	1,688E+2	0,000E+0	1,265E-1	1,254E-1	0,000E+0	7	1000
63,018	12,300	0,500	1,280E+1	0,000E+0	1,687E+2	1,687E+2	0,000E+0	1,253E-1	1,247E-1	0,000E+0	7	1000
64,019	12,300	0,600	1,290E+1	0,000E+0	1,688E+2	1,688E+2	0,000E+0	1,254E-1	1,240E-1	0,000E+0	7	1000
65,021	12,400	0,600	1,300E+1	0,000E+0	1,687E+2	1,687E+2	0,000E+0	1,264E-1	1,253E-1	0,000E+0	7	1000
66,020	12,400	0,600	1,300E+1	0,000E+0	1,689E+2	1,689E+2	0,000E+0	1,259E-1	1,250E-1	0,000E+0	7	1000
67,020	12,400	0,600	1,300E+1	0,000E+0	1,687E+2	1,687E+2	0,000E+0	1,261E-1	1,250E-1	0,000E+0	7	1000
68,021	12,500	0,600	1,310E+1	0,000E+0	1,691E+2	1,691E+2	0,000E+0	1,272E-1	1,252E-1	0,000E+0	7	1000
69,021	12,300	0,600	1,290E+1	0,000E+0	1,688E+2	1,687E+2	0,000E+0	1,250E-1	1,234E-1	0,000E+0	7	1000
70,022	12,400	0,600	1,300E+1	0,000E+0	1,691E+2	1,691E+2	0,000E+0	1,255E-1	1,237E-1	0,000E+0	7	1000
71,022	12,500	0,600	1,310E+1	0,000E+0	1,690E+2	1,689E+2	0,000E+0	1,273E-1	1,258E-1	0,000E+0	7	1000
72,024	12,500	0,600	1,310E+1	0,000E+0	1,690E+2	1,689E+2	0,000E+0	1,273E-1	1,258E-1	0,000E+0	7	1000
73,023	12,500	0,600	1,310E+1	0,000E+0	1,688E+2	1,688E+2	0,000E+0	1,266E-1	1,251E-1	0,000E+0	7	1000
74,023	12,500	0,600	1,310E+1	0,000E+0	1,689E+2	1,689E+2	0,000E+0	1,274E-1	1,258E-1	0,000E+0	7	1000
75,023	12,600	0,600	1,320E+1	0,000E+0	1,688E+2	1,687E+2	0,000E+0	1,275E-1	1,260E-1	0,000E+0	7	1000
76,023	12,500	0,600	1,310E+1	0,000E+0	1,690E+2	1,690E+2	0,000E+0	1,272E-1	1,257E-1	0,000E+0	7	1000
77,023	12,500	0,600	1,310E+1	0,000E+0	1,689E+2	1,689E+2	0,000E+0	1,268E-1	1,258E-1	0,000E+0	7	1000
78,024	12,400	0,600	1,300E+1	0,000E+0	1,689E+2	1,689E+2	0,000E+0	1,265E-1	1,248E-1	0,000E+0	7	1000
79,025	12,400	0,600	1,300E+1	0,000E+0	1,689E+2	1,689E+2	0,000E+0	1,265E-1	1,248E-1	0,000E+0	7	1000
80,024	12,300	0,600	1,290E+1	0,000E+0	1,688E+2	1,688E+2	0,000E+0	1,259E-1	1,256E-1	0,000E+0	7	1000
81,024	12,300	0,600	1,290E+1	0,000E+0	1,688E+2	1,688E+2	0,000E+0	1,259E-1	1,256E-1	0,000E+0	7	1000
82,024	12,500	0,600	1,310E+1	0,000E+0	1,689E+2	1,689E+2	0,000E+0	1,273E-1	1,257E-1	0,000E+0	7	1000
83,024	12,500	0,600	1,310E+1	0,000E+0	1,690E+2	1,690E+2	0,000E+0	1,269E-1	1,255E-1	0,000E+0	7	1000
84,025	12,400	0,600	1,300E+1	0,000E+0	1,691E+2	1,691E+2	0,000E+0	1,260E-1	1,244E-1	0,000E+0	7	1000
85,024	12,500	0,600	1,310E+1	0,000E+0	1,689E+2	1,688E+2	0,000E+0	1,270E-1	1,266E-1	0,000E+0	7	1000
86,024	12,500	0,600	1,310E+1	0,000E+0	1,690E+2	1,689E+2	0,000E+0	1,272E-1	1,258E-1	0,000E+0	7	1000
87,024	12,400	0,600	1,300E+1	0,000E+0	1,689E+2	1,689E+2	0,000E+0	1,261E-1	1,245E-1	0,000E+0	7	1000
88,024	12,300	0,600	1,290E+1	0,000E+0	1,689E+2	1,689E+2	0,000E+0	1,256E-1	1,245E-1	0,000E+0	7	1000
89,024	12,400	0,600	1,300E+1	0,000E+0	1,689E+2	1,689E+2	0,000E+0	1,263E-1	1,250E-1	0,000E+0	7	1000
90,024	12,400	0,600	1,300E+1	0,000E+0	1,689E+2	1,689E+2	0,000E+0	1,263E-1	1,250E-1	0,000E+0	7	1000
91,025	12,500	0,600	1,310E+1	0,000E+0	1,690E+2	1,690E+2	0,000E+0	1,272E-1	1,253E-1	0,000E+0	7	1000
92,024	12,500	0,600	1,310E+1	0,000E+0	1,689E+2	1,689E+2	0,000E+0	1,272E-1	1,264E-1	0,000E+0	7	1000
93,024	12,500	0,600	1,310E+1	0,000E+0	1,689E+2	1,689E+2	0,000E+0	1,272E-1	1,262E-1	0,000E+0	7	1000
94,024	12,600	0,600	1,320E+1	0,000E+0	1,691E+2	1,691E+2	0,000E+0	1,280E-1	1,266E-1	0,000E+0	7	1000
95,024	12,400	0,600	1,300E+1	0,000E+0	1,690E+2	1,690E+2	0,000E+0	1,268E-1	1,257E-1	0,000E+0	7	1000
96,024	12,400	0,600	1,300E+1	0,000E+0	1,690E+2	1,690E+2	0,000E+0	1,268E-1	1,257E-1	0,000E+0	7	1000
97,024	12,500	0,600	1,310E+1	0,000E+0	1,690E+2	1,690E+2	0,000E+0	1,267E-1	1,256E-1	0,000E+0	7	1000
98,024	12,600	0,600	1,320E+1	0,000E+0	1,689E+2	1,689E+2	0,000E+0	1,278E-1	1,264E-1	0,000E+0	7	1000
99,025	12,600	0,600	1,320E+1	0,000E+0	1,689E+2	1,689E+2	0,000E+0	1,278E-1	1,264E-1	0,000E+0	7	1000
100,024	12,500	0,600	1,310E+1	0,000E+0	1,691E+2	1,691E+2	0,000E+0	1,274E-1	1,260E-1	0,000E+0	7	1000
101,024	12,600	0,600	1,320E+1	0,000E+0	1,691E+2	1,690E+2	0,000E+0	1,279E-1	1,264E-1	0,000E+0	7	1000
102,025	12,500	0,600	1,310E+1	0,000E+0	1,690E+2	1,690E+2	0,000E+0	1,273E-1	1,261E-1	0,000E+0	7	1000
103,026	12,600	0,600	1,320E+1	0,000E+0	1,692E+2	1,692E+2	0,000E+0	1,277E-1	1,259E-1	0,000E+0	7	1000
104,026	12,400	0,600	1,300E+1	0,000E+0	1,691E+2	1,691E+2	0,000E+0	1,263E-1	1,253E-1	0,000E+0	7	1000
105,026	12,600	0,600	1,320E+1	0,000E+0	1,692E+2	1,691E+2	0,000E+0	1,276E-1	1,261E-1	0,000E+0	7	1000
106,027	12,600	0,600	1,320E+1	0,000E+0	1,692E+2	1,692E+2	0,000E+0	1,283E-1	1,265E-1	0,000E+0	7	1000
107,026	12,600	0,600	1,320E+1	0,000E+0	1,692E+2	1,692E+2	0,000E+0	1,283E-1	1,265E-1	0,000E+0	7	1000
108,026	12,600	0,600	1,320E+1	0,000E+0	1,692E+2	1,692E+2	0,000E+0	1,283E-1	1,265E-1	0,000E+0	7	1000
109,027	12,600	0,600	1,320E+1	0,000E+0	1,692E+2	1,692E+2	0,000E+0	1,280E-1	1,267E-1	0,000E+0	7	1000
110,027	12,500	0,600	1,310E+1	0,000E+0	1,692E+2	1,692E+2	0,000E+0	1,267E-1	1,255E-1	0,000E+0	7	1000
111,027	12,500	0,700	1,320E+1	0,000E+0	1,689E+2	1,689E+2	0,000E+0	1,273E-1	1,260E-1	0,000E+0	7	1000
112,027	12,500	0,600	1,310E+1	0,000E+0	1,693E+2	1,692E+2	0,000E+0	1,269E-1	1,260E-1	0,000E+0	7	1000
113,028	12,500	0,600	1,310E+1	0,000E+0	1,691E+2	1,691E+2	0,000E+0	1,269E-1	1,255E-1	0,000E+0	7	1000
114,029	12,500	0,600	1,310E+1	0,000E+0	1,691E+2	1,691E+2	0,000E+0	1,269E-1	1,255E-1	0,000E+0	7	1000
115,029	12,400	0,600	1,300E+1	0,000E+0	1,689E+2	1,689E+2	0,000E+0	1,264E-1	1,249E-1	0,000E+0	7	1000
116,030	12,500	0,600	1,310E+1	0,000E+0	1,691E+2	1,691E+2	0,000E+0	1,273E-1	1,261E-1	0,000E+0	7	1000
117,031	12,500	0,600	1,310E+1	0,000E+0	1,691E+2	1,691E+2	0,000E+0	1,273E-1	1,261E-1	0,000E+0	7	1000
118,031	12,600	0,600	1,320E+1	0,000E+0	1,691E+2	1,690E+2	0,000E+0	1,275E-1	1,265E-1	0,000E+0	7	1000
119,031	12,600	0,600	1,320E+1	0,000E+0	1,690E+2	1,690E+2	0,000E+0	1,278E-1	1,263E-1	0,000E+0	7	1000
120,031	12,700	0,700	1,340E+1	0,000E+0	1,693E+2	1,693E+2	0,000E+0	1,289E-1	1,276E-1	0,000E+0	7	1000
121,033	12,500	0,600	1,310E+1	0,000E+0	1,690E+2	1,690E+2	0,000E+0	1,273E-1	1,259E-1	0,000E+0	7	1000
122,032	12,300	0,600	1,290E+1	0,000E+0	1,689E+2	1,688E+2	0,000E+0	1,252E-1	1,240E-1	0,000E+0	7	1000
123,032	12,400	0,500	1,290E+1	0,000E+0	1,687E+2	1,687E+2	0,000E+0	1,265E-1	1,252E-1	0,000E+0	7	1000
124,032	12,700	0,600	1,330E+1	0,000E+0	1,693E+2	1,693E+2	0,000E+0	1,289E-1	1,274E-1	0,000E+0	7	1000
125,033	12,400	0,600	1,300E+1	0,000E+0	1,690E+2	1,690E+2	0,000E+0	1,267E-1	1,253E-1	0,000E+0	7	1000
126,033	12,500	0,600	1,310E+1	0,000E+0	1,689E+2	1,689E+2	0,000E+0	1,276E-1	1,267E-1	0,000E+0	7	1000
127,033	12,700	0,600	1,330E+1	0,000E+0	1,693E+2	1,692E+2	0,000E+0	1,293E-1	1,281E-1	0,000E+0	7	1000
128,035	12,500	0,600	1,310E+1	0,000E+0	1,692E+2	1,692E+2	0,000E+0	1,274E-1	1,262E-1	0,000E+0	7	1000
129,035	12,500	0,600	1,310E+1	0,000E+0	1,692E+2	1,692E+2	0,000E+0	1,274E-1	1,262E-1	0,000E+0	7	1000
131,036	12,500	0,600	1,310E+1	0,000E+0	1,691E+2	1,691E+2	0,000E+0	1,267E-1	1,256E-1	0,000E+0	7	1000
131,036	12,500	0,600	1,310E+1	0,000E+0	1,690E+2	1,690E+2	0,000E+0	1,269E-1	1,258E-1	0,000E+0	7	1000
132,043	12,500	0,600	1,310E+1	0,000E+0	1,691E+2	1,691E+2	0,000E+0	1,268E-1	1,258E-1	0,000E+0	7	1000
133,044	12,500	0,600	1,310E+1	0,000E+0	1,691E+2	1,690E+2	0,000E+0	1,273E-1	1,262E-1	0,000E+0	7	1000
134,045	12,400	0,600	1,300E+1	0,000E+0	1,691E+2	1,691E+2	0,000E+0	1,266E-1	1,252E-1	0,000E+0	7	1000
135,046	12,500	0,600	1,310E+1	0,000E+0	1,690E+2	1,690E+2	0,000E+0	1,273E-1	1,264E-1	0,000E+0	7	1000
136,045	12,600	0,600	1,320E+1	0,000E+0	1,690E+2	1,690E+2	0,000E+0	1,277E-1	1,261E-1	0,000E+0	7	1000
137,046	12,600	0,600	1,320E+1	0,000E+0	1,691E+2	1,690E+2	0,000E+0	1,276E-1	1,261E-1	0,000E+0	7	1000
138,047	12,600	0,600	1,320E+1	0,000E+0	1,691E+2	1,690E+2	0,000E+0	1,276E-1	1,261E-1	0,000E+0	7	1000
139,047	12,500	0,600	1,310E+1	0,000E+0	1,692E+2	1,691E+2	0,000E+0	1,271E-1	1,254E-1	0,000E+0	7	1000
140,047	12,500	0,600	1,310E+1	0,000E+0	1,692E+2	1,691E+2	0,000E+0	1,271E-1	1,254E-1	0,000E+0	7	1000
141,048	12,500	0,600	1,310E+1	0,000E+0	1,691E+2	1,691E+2	0,000E+0	1,273E-1	1,257E-1	0,000E+0	7	1000
142,049	12,500	0,600	1,310E+1	0,000E+0	1,691E+2	1,691E+2	0,000E+0	1,273E-1	1,257E-1	0,000E+0	7	1000
143,049	12,600	0,600	1,320E+1	0,000E+0	1,690E+2	1,690E+2	0,000E+0	1,277E-1	1,262E-1	0,000E+0	7	1000
144,050	12,500	0,600	1,310E+1	0,000E+0	1,692E+2	1,692E+2	0,000E+0	1,275E-1	1,263E-1	0,000E+0	7	1000
145,050	12,500	0,600	1,310E+1	0,000E+0	1,691E+2	1,690E+2	0,000E+0	1,278E-1	1,272E-1	0,000E+0	7	1000
146,050	12,600	0,600	1,320E+1	0,000E+0	1,693E+2	1,693E+2	0,000E+0	1,283E-1	1,269E-1	0,000E+0	7	1000
147,051	12,600	0,600	1,320E+1	0,000E+0	1,693E+2	1,693E+2	0,000E+0	1,280E-1	1,265E-1	0,000E+0	7	1000
148,053	12,600	0,600	1,320E+1	0,000E+0	1,693E+2	1,693E+2	0,000E+0	1,281E-1	1,271E-1	0,000E+0	7	1000
149,052	12,300	0,600	1,290E+1	0,000E+0	1,690E+2	1,689E+2	0,000E+0	1,257E-1	1,244E-1	0,000E+0	7	1000
150,053	12,400	0,600	1,300E+1	0,000E+0	1,689E+2	1,689E+2	0,000E+0	1,267E-1	1,254E-1	0,000E+0	7	1000
151,053	12,500	0,600	1,310E+1	0,000E+0	1,691E+2	1,691E+2	0,000E+0	1,272E-1	1,260E-1	0,000E+0	7	1000
152,053	12,500	0,600	1,310E+1	0,000E+0	1,692E+2	1,691E+2	0,000E+0	1,276E-1	1,262E-1	0,000E+0	7	1000
153,053	12,500	0,600	1,310E+1	0,000E+0	1,692E+2	1,691E+2	0,000E+0	1,276E-1	1,262E-1	0,000E+0	7	1000
154,054	12,600	0,600	1,320E+1	0,000E+0	1,691E+2	1,691E+2	0,000E+0	1,282E-1	1,267E-1	0,000E+0	7	1000
155,055	12,500	0,500	1,300E+1	0,000E+0	1,691E+2	1,691E+2	0,000E+0	1,265E-1	1,256E-1	0,000E+0	7	1000
156,054	12,400	0,600	1,300E+1	0,000E+0	1,690E+2	1,689E+2	0,000E+0	1,266E-1	1,254E-1	0,000E+0	7	1000
158,064	12,600	0,600	1,320E+1	0,000E+0	1,689E+2	1,689E+2	0,000E+0	1,283E-1	1,267E-1	0,000E+0	7	1000
158,064	12,700	0,600	1,330E+1	0,000E+0	1,692E+2	1,691E+2	0,000E+0	1,285E-1	1,274E-1	0,000E+0	7	1000
159,070	12,300	0,500	1,280E+1	0,000E+0	1,686E+2	1,685E+2	0,000E+0	1,254E-1	1,247E-1	0,000E+0	7	1000
160,070	12,600	0,600	1,320E+1	0,000E+0	1,693E+2	1,693E+2	0,000E+0	1,281E-1	1,268E-1	0,000E+0	7	1000
161,071	12,700	0,600	1,330E+1	0,000E+0	1,694E+2	1,693E+2	0,000E+0	1,291E-1	1,275E-1	0,000E+0	7	1000
162,073	12,400	0,600	1,300E+1	0,000E+0	1,694E+2	1,693E+2	0,000E+0	1,264E-1	1,245E-1	0,000E+0	7	1000
163,074	12,500	0,700	1,320E+1	0,000E+0	1,689E+2	1,689E+2	0,000E+0	1,274E-1	1,267E-1	0,000E+0	7	1000
164,073	12,700	0,600	1,330E+1	0,000E+0	1,694E+2	1,694E+2	0,000E+0	1,289E-1	1,281E-1	0,000E+0	7	1000
165,074	12,700	0,600	1,330E+1	0,000E+0	1,694E+2	1,694E+2	0,000E+0	1,289E-1	1,281E-1	0,000E+0	7	1000
166,074	12,400	0,600	1,300E+1	0,000E+0	1,691E+2	1,691E+2	0,000E+0	1,266E-1	1,257E-1	0,000E+0	7	1000
167,075	12,400	0,600	1,300E+1	0,000E+0	1,691E+2	1,691E+2	0,000E+0	1,266E-1	1,257E-1	0,000E+0	7	1000
168,075	12,500	0,600	1,310E+1	0,000E+0	1,692E+2	1,692E+2	0,000E+0	1,272E-1	1,264E-1	0,000E+0	7	1000
169,075	12,600	0,600	1,320E+1	0,000E+0	1,691E+2	1,691E+2	0,000E+0	1,277E-1	1,259E-1	0,000E+0	7	1000
170,076	12,500	0,600	1,310E+1	0,000E+0	1,691E+2	1,691E+2	0,000E+0	1,272E-1	1,252E-1	0,000E+0	7	1000
171,076	12,500	0,500	1,300E+1	0,000E+0	1,690E+2	1,690E+2	0,000E+0	1,270E-1	1,256E-1	0,000E+0	7	1000
172,076	12,600	0,500	1,310E+1	0,000E+0	1,689E+2	1,689E+2	0,000E+0	1,277E-1	1,262E-1	0,000E+0	7	1000
173,076	12,500	0,600	1,310E+1	0,000E+0	1,689E+2	1,689E+2	0,000E+0	1,270E-1	1,261E-1	0,000E+0	7	1000
174,077	12,400	0,600	1,300E+1	0,000E+0	1,689E+2	1,689E+2	0,000E+0	1,267E-1	1,254E-1	0,000E+0	7	1000
175,077	12,400	0,600	1,300E+1	0,000E+0	1,689E+2	1,689E+2	0,000E+0	1,267E-1	1,254E-1	0,000E+0	7	1000
176,077	14,600	0,800	1,540E+1	0,000E+0	1,687E+2	1,687E+2	0,000E+0	1,473E-1	1,451E-1	0,000E+0	7	1000
177,077	20,600	1,100	2,170E+1	0,000E+0	1,712E+2	1,712E+2	0,000E+0	1,934E-1	1,916E-1	0,000E+0	7	1000
178,077	18,000	0,900	1,890E+1	0,000E+0	1,716E+2	1,716E+2	0,000E+0	1,706E-1	1,690E-1	0,000E+0	7	1000
179,077	18,200	1,000	1,920E+1	0,000E+0	1,715E+2	1,715E+2	0,000E+0	1,723E-1	1,706E-1	0,000E+0	7	1000
180,077	18,200	1,000	1,920E+1	0,000E+0	1,716E+2	1,715E+2	0,000E+0	1,721E-1	1,701E-1	0,000E+0	7	1000
181,078	18,200	1,000	1,920E+1	0,000E+0	1,716E+2	1,715E+2	0,000E+0	1,721E-1	1,701E-1	0,000E+0	7	1000
182,079	18,300	0,900	1,920E+1	0,000E+0	1,716E+2	1,716E+2	0,000E+0	1,729E-1	1,698E-1	0,000E+0	7	1000
183,078	18,200	0,900	1,910E+1	0,000E+0	1,716E+2	1,716E+2	0,000E+0	1,722E-1	1,700E-1	0,000E+0	7	1000
184,078	18,400	1,100	1,950E+1	0,000E+0	1,715E+2	1,715E+2	0,000E+0	1,740E-1	1,710E-1	0,000E+0	7	1000
185,078	18,400	1,000	1,940E+1	0,000E+0	1,715E+2	1,715E+2	0,000E+0	1,738E-1	1,699E-1	0,000E+0	7	1000
186,078	18,200	1,000	1,920E+1	0,000E+0	1,716E+2	1,715E+2	0,000E+0	1,724E-1	1,700E-1	0,000E+0	7	1000
187,078	18,200	1,000	1,920E+1	0,000E+0	1,715E+2	1,715E+2	0,000E+0	1,726E-1	1,706E-1	0,000E+0	7	1000
188,078	18,100	0,900	1,900E+1	0,000E+0	1,714E+2	1,714E+2	0,000E+0	1,717E-1	1,698E-1	0,000E+0	7	1000
189,080	18,100	0,900	1,900E+1	0,000E+0	1,717E+2	1,716E+2	0,000E+0	1,716E-1	1,698E-1	0,000E+0	7	1000
190,079	18,300	0,900	1,920E+1	0,000E+0	1,715E+2	1,715E+2	0,000E+0	1,733E-1	1,705E-1	0,000E+0	7	1000
191,079	18,200	1,000	1,920E+1	0,000E+0	1,716E+2	1,716E+2	0,000E+0	1,728E-1	1,703E-1	0,000E+0	7	1000
192,080	18,200	1,000	1,920E+1	0,000E+0	1,716E+2	1,716E+2	0,000E+0	1,728E-1	1,703E-1	0,000E+0	7	1000
193,080	18,300	0,900	1,920E+1	0,000E+0	1,715E+2	1,715E+2	0,000E+0	1,728E-1	1,722E-1	0,000E+0	7	1000
194,081	18,200	1,100	1,930E+1	0,000E+0	1,717E+2	1,717E+2	0,000E+0	1,729E-1	1,709E-1	0,000E+0	7	1000
195,080	18,300	1,000	1,930E+1	0,000E+0	1,715E+2	1,715E+2	0,000E+0	1,728E-1	1,709E-1	0,000E+0	7	1000
196,080	18,200	1,000	1,920E+1	0,000E+0	1,715E+2	1,714E+2	0,000E+0	1,720E-1	1,708E-1	0,000E+0	7	1000
197,080	18,300	0,900	1,920E+1	0,000E+0	1,716E+2	1,716E+2	0,000E+0	1,729E-1	1,703E-1	0,000E+0	7	1000
198,081	18,400	0,900	1,930E+1	0,000E+0	1,716E+2	1,716E+2	0,000E+0	1,736E-1	1,708E-1	0,000E+0	7	1000
199,082	18,500	1,100	1,960E+1	0,000E+0	1,716E+2	1,716E+2	0,000E+0	1,746E-1	1,729E-1	0,000E+0	7	1000
200,082	23,000	0,800	2,380E+1	0,000E+0	1,724E+2	1,724E+2	0,000E+0	2,122E-1	2,089E-1	0,000E+0	7	1000
201,082	24,700	0,500	2,520E+1	0,000E+0	1,731E+2	1,731E+2	0,000E+0	2,264E-1	2,239E-1	0,000E+0	7	1000
202,082	27,000	0,200	2,720E+1	0,000E+0	1,738E+2	1,738E+2	0,000E+0	2,476E-1	2,440E-1	0,000E+0	7	1000
203,082	30,600	0,400	3,100E+1	0,000E+0	1,745E+2	1,745E+2	0,000E+0	2,809E-1	2,774E-1	0,000E+0	7	1000
204,082	33,000	1,100	3,410E+1	0,000E+0	1,751E+2	1,751E+2	0,000E+0	3,038E-1	3,028E-1	0,000E+0	7	1000
205,082	35,700	1,400	3,710E+1	0,000E+0	1,758E+2	1,758E+2	0,000E+0	3,283E-1	3,248E-1	0,000E+0	7	1000
206,084	38,500	2,200	4,070E+1	0,000E+0	1,762E+2	1,762E+2	0,000E+0	3,561E-1	3,540E-1	0,000E+0	7	1000
207,083	38,500	2,200	4,070E+1	0,000E+0	1,762E+2	1,762E+2	0,000E+0	3,561E-1	3,540E-1	0,000E+0	7	1000
208,083	41,100	3,100	4,420E+1	0,000E+0	1,769E+2	1,768E+2	0,000E+0	3,819E-1	3,793E-1	0,000E+0	7	1000
209,083	45,600	4,700	5,030E+1	0,000E+0	1,781E+2	1,781E+2	0,000E+0	4,266E-1	4,240E-1	0,000E+0	7	1000
210,084	48,100	5,400	5,350E+1	0,000E+0	1,782E+2	1,781E+2	0,000E+0	4,536E-1	4,509E-1	0,000E+0	7	1000
211,084	50,000	6,200	5,620E+1	0,000E+0	1,791E+2	1,791E+2	0,000E+0	4,729E-1	4,676E-1	0,000E+0	7	1000
212,084	51,600	7,100	5,870E+1	0,000E+0	1,794E+2	1,794E+2	0,000E+0	4,911E-1	4,860E-1	0,000E+0	7	1000
213,085	53,300	7,700	6,100E+1	0,000E+0	1,796E+2	1,796E+2	0,000E+0	5,090E-1	5,056E-1	0,000E+0	7	1000
214,084	53,300	7,700	6,100E+1	0,000E+0	1,796E+2	1,796E+2	0,000E+0	5,090E-1	5,056E-1	0,000E+0	7	1000
215,084	53,300	7,700	6,100E+1	0,000E+0	1,796E+2	1,796E+2	0,000E+0	5,090E-1	5,056E-1	0,000E+0	7	1000
216,084	53,300	7,700	6,100E+1	0,000E+0	1,796E+2	1,796E+2	0,000E+0	5,090E-1	5,056E-1	0,000E+0	7	1000
217,085	59,900	11,400	7,130E+1	0,000E+0	1,812E+2	1,811E+2	0,000E+0	5,834E-1	5,813E-1	0,000E+0	7	1000
218,086	60,600	11,700	7,230E+1	0,000E+0	1,815E+2	1,815E+2	0,000E+0	5,900E-1	5,846E-1	0,000E+0	7	1000
219,086	60,100	11,500	7,160E+1	0,000E+0	1,812E+2	1,812E+2	0,000E+0	5,858E-1	5,825E-1	0,000E+0	7	1000
220,087	60,600	11,700	7,230E+1	0,000E+0	1,814E+2	1,814E+2	0,000E+0	5,899E-1	5,854E-1	0,000E+0	7	1000
221,087	61,100	11,900	7,300E+1	0,000E+0	1,815E+2	1,815E+2	0,000E+0	5,963E-1	5,906E-1	0,000E+0	7	1000
222,089	61,100	11,900	7,300E+1	0,000E+0	1,815E+2	1,815E+2	0,000E+0	5,963E-1	5,906E-1	0,000E+0	7	1000
223,089	61,800	12,200	7,400E+1	0,000E+0	1,814E+2	1,814E+2	0,000E+0	6,016E-1	5,975E-1	0,000E+0	7	1000
224,089	62,400	12,600	7,500E+1	0,000E+0	1,817E+2	1,817E+2	0,000E+0	6,098E-1	6,041E-1	0,000E+0	7	1000
225,089	62,300	12,700	7,500E+1	0,000E+0	1,815E+2	1,815E+2	0,000E+0	6,118E-1	6,061E-1	0,000E+0	7	1000
226,089	62,600	13,200	7,580E+1	0,000E+0	1,816E+2	1,816E+2	0,000E+0	6,129E-1	6,101E-1	0,000E+0	7	1000
227,091	63,100	13,100	7,620E+1	0,000E+0	1,817E+2	1,817E+2	0,000E+0	6,184E-1	6,139E-1	0,000E+0	7	1000
228,090	63,200	13,200	7,640E+1	0,000E+0	1,818E+2	1,818E+2	0,000E+0	6,194E-1	6,153E-1	0,000E+0	7	1000
229,090	63,700	13,300	7,700E+1	0,000E+0	1,819E+2	1,819E+2	0,000E+0	6,235E-1	6,162E-1	0,000E+0	7	1000
230,090	63,700	13,600	7,730E+1	0,000E+0	1,818E+2	1,818E+2	0,000E+0	6,236E-1	6,188E-1	0,000E+0	7	1000
231,091	63,700	13,500	7,720E+1	0,000E+0	1,820E+2	1,819E+2	0,000E+0	6,255E-1	6,208E-1	0,000E+0	7	1000
232,091	63,900	13,600	7,750E+1	0,000E+0	1,819E+2	1,819E+2	0,000E+0	6,265E-1	6,205E-1	0,000E+0	7	1000
233,091	64,100	13,800	7,790E+1	0,000E+0	1,819E+2	1,819E+2	0,000E+0	6,305E-1	6,253E-1	0,000E+0	7	1000
234,092	64,300	13,700	7,800E+1	0,000E+0	1,821E+2	1,821E+2	0,000E+0	6,327E-1	6,260E-1	0,000E+0	7	1000
235,092	64,300	14,100	7,840E+1	0,000E+0	1,820E+2	1,820E+2	0,000E+0	6,308E-1	6,266E-1	0,000E+0	7	1000
236,092	64,400	13,900	7,830E+1	0,000E+0	1,821E+2	1,821E+2	0,000E+0	6,325E-1	6,272E-1	0,000E+0	7	1000
237,092	64,400	13,900	7,830E+1	0,000E+0	1,821E+2	1,821E+2	0,000E+0	6,325E-1	6,272E-1	0,000E+0	7	1000
238,093	63,900	13,900	7,780E+1	0,000E+0	1,818E+2	1,818E+2	0,000E+0	6,324E-1	6,273E-1	0,000E+0	7	1000
239,093	64,900	14,100	7,900E+1	0,000E+0	1,822E+2	1,821E+2	0,000E+0	6,379E-1	6,297E-1	0,000E+0	7	1000
240,093	64,800	14,000	7,880E+1	0,000E+0	1,822E+2	1,821E+2	0,000E+0	6,385E-1	6,319E-1	0,000E+0	7	1000
241,093	64,700	14,400	7,910E+1	0,000E+0	1,820E+2	1,820E+2	0,000E+0	6,351E-1	6,287E-1	0,000E+0	7	1000
242,094	64,400	14,200	7,860E+1	0,000E+0	1,821E+2	1,821E+2	0,000E+0	6,348E-1	6,308E-1	0,000E+0	7	1000
243,095	64,700	14,100	7,880E+1	0,000E+0	1,822E+2	1,822E+2	0,000E+0	6,361E-1	6,291E-1	0,000E+0	7	1000
244,095	64,700	14,300	7,900E+1	0,000E+0	1,823E+2	1,822E+2	0,000E+0	6,376E-1	6,327E-1	0,000E+0	7	1000
245,095	65,100	14,300	7,940E+1	0,000E+0	1,822E+2	1,822E+2	0,000E+0	6,393E-1	6,327E-1	0,000E+0	7	1000
246,095	64,800	14,300	7,910E+1	0,000E+0	1,821E+2	1,821E+2	0,000E+0	6,374E-1	6,335E-1	0,000E+0	7	1000
247,095	64,700	14,400	7,910E+1	0,000E+0	1,823E+2	1,822E+2	0,000E+0	6,387E-1	6,347E-1	0,000E+0	7	1000
248,095	64,700	14,200	7,890E+1	0,000E+0	1,821E+2	1,821E+2	0,000E+0	6,385E-1	6,346E-1	0,000E+0	7	1000
249,095	64,700	14,200	7,890E+1	0,000E+0	1,821E+2	1,821E+2	0,000E+0	6,385E-1	6,346E-1	0,000E+0	7	1000
250,096	13,500	0,400	1,390E+1	0,000E+0	1,733E+2	1,733E+2	0,000E+0	1,310E-1	1,302E-1	0,000E+0	7	1000
251,096	15,400	0,800	1,620E+1	0,000E+0	1,691E+2	1,691E+2	0,000E+0	1,539E-1	1,514E-1	0,000E+0	7	1000
252,096	19,900	1,000	2,090E+1	0,000E+0	1,714E+2	1,714E+2	0,000E+0	1,869E-1	1,856E-1	0,000E+0	7	1000
253,096	17,800	0,900	1,870E+1	0,000E+0	1,716E+2	1,716E+2	0,000E+0	1,695E-1	1,660E-1	0,000E+0	7	1000
254,097	18,100	1,100	1,920E+1	0,000E+0	1,716E+2	1,716E+2	0,000E+0	1,719E-1	1,696E-1	0,000E+0	7	1000
255,097	18,200	1,000	1,920E+1	0,000E+0	1,716E+2	1,716E+2	0,000E+0	1,722E-1	1,693E-1	0,000E+0	7	1000
256,097	18,100	1,000	1,910E+1	0,000E+0	1,715E+2	1,715E+2	0,000E+0	1,715E-1	1,688E-1	0,000E+0	7	1000
257,099	14,100	0,800	1,490E+1	0,000E+0	1,673E+2	1,673E+2	0,000E+0	1,440E-1	1,411E-1	0,000E+0	7	1000
258,098	1,700	0,400	2,100E+0	0,000E+0	1,251E+2	1,251E+2	0,000E+0	3,500E-2	3,510E-2	0,000E+0	7	1000
259,098	0,100	0,300	4,000E-1	0,000E+0	8,525E+1	8,523E+1	0,000E+0	0,000E+0	0,000E+0	0,000E+0	7	1000
260,098	0,100	0,300	4,000E-1	0,000E+0	8,525E+1	8,523E+1	0,000E+0	0,000E+0	0,000E+0	0,000E+0	7	1000
261,098	0,200	0,400	6,000E-1	0,000E+0	5,975E+1	5,975E+1	0,000E+0	0,000E+0	0,000E+0	0,000E+0	7	1000
262,098	0,000	0,100	1,000E-1	0,000E+0	4,606E+1	4,605E+1	0,000E+0	0,000E+0	0,000E+0	0,000E+0	7	1000
