283,072709	0,000000	210,000000	0,000000E+0
0,005999	0,000000	210,000000	0,000000E+0
0,005999	0,000000	210,000000	0,000000E+0
0,005999	0,000000	210,000000	0,000000E+0
0,005999	0,000000	210,000000	0,000000E+0
0,005999	0,000000	210,000000	0,000000E+0
0,005999	0,000000	210,000000	0,000000E+0
0,005999	0,000000	210,000000	0,000000E+0
0,005999	0,000000	210,000000	0,000000E+0
0,005999	0,000000	210,000000	0,000000E+0
0,005999	0,000000	210,000000	0,000000E+0
1,004971	0,000000	210,000000	0,000000E+0
1,004971	0,000000	210,000000	0,000000E+0
1,004971	0,000000	210,000000	0,000000E+0
1,004971	0,000000	210,000000	0,000000E+0
1,004971	0,000000	210,000000	0,000000E+0
1,004971	0,000000	210,000000	0,000000E+0
1,004971	0,000000	210,000000	0,000000E+0
1,004971	0,000000	210,000000	0,000000E+0
1,004971	0,000000	210,000000	0,000000E+0
1,004971	0,000000	210,000000	0,000000E+0
2,005382	0,000000	210,000000	0,000000E+0
2,005382	0,000000	210,000000	0,000000E+0
2,005382	0,000000	210,000000	0,000000E+0
2,005382	0,000000	210,000000	0,000000E+0
2,005382	0,000000	210,000000	0,000000E+0
2,005382	0,000000	210,000000	0,000000E+0
2,005382	0,000000	210,000000	0,000000E+0
2,005382	0,000000	210,000000	0,000000E+0
2,005382	0,000000	210,000000	0,000000E+0
2,005382	0,000000	210,000000	0,000000E+0
3,004803	0,000000	210,000000	0,000000E+0
3,004803	0,000000	210,000000	0,000000E+0
3,004803	0,000000	210,000000	0,000000E+0
3,004803	0,000000	210,000000	0,000000E+0
3,004803	0,000000	210,000000	0,000000E+0
3,004803	0,000000	210,000000	0,000000E+0
3,004803	0,000000	210,000000	0,000000E+0
3,004803	0,000000	210,000000	0,000000E+0
3,004803	0,000000	210,000000	0,000000E+0
3,004803	0,000000	210,000000	0,000000E+0
4,006231	0,000000	210,000000	0,000000E+0
4,006231	0,000000	210,000000	0,000000E+0
4,006231	0,000000	210,000000	0,000000E+0
4,006231	0,000000	210,000000	0,000000E+0
4,006231	0,000000	210,000000	0,000000E+0
4,006231	0,000000	210,000000	0,000000E+0
4,006231	0,000000	210,000000	0,000000E+0
4,006231	0,000000	210,000000	0,000000E+0
4,006231	0,000000	210,000000	0,000000E+0
4,006231	0,000000	210,000000	0,000000E+0
5,006650	0,000000	210,000000	0,000000E+0
5,006650	0,000000	210,000000	0,000000E+0
5,006650	0,000000	210,000000	0,000000E+0
5,006650	0,000000	210,000000	0,000000E+0
5,006650	0,000000	210,000000	0,000000E+0
5,006650	0,000000	210,000000	0,000000E+0
5,006650	0,000000	210,000000	0,000000E+0
5,006650	0,000000	210,000000	0,000000E+0
5,006650	0,000000	210,000000	0,000000E+0
5,006650	0,000000	210,000000	0,000000E+0
6,006103	0,000000	210,000000	0,000000E+0
6,006103	0,000000	210,000000	0,000000E+0
6,006103	0,000000	210,000000	0,000000E+0
6,006103	0,000000	210,000000	0,000000E+0
6,006103	0,000000	210,000000	0,000000E+0
6,006103	0,000000	210,000000	0,000000E+0
6,006103	0,000000	210,000000	0,000000E+0
6,006103	0,000000	210,000000	0,000000E+0
6,006103	0,000000	210,000000	0,000000E+0
6,006103	0,000000	210,000000	0,000000E+0
7,006519	0,000000	210,000000	0,000000E+0
7,006519	0,000000	210,000000	0,000000E+0
7,006519	0,000000	210,000000	0,000000E+0
7,006519	0,000000	210,000000	0,000000E+0
7,006519	0,000000	210,000000	0,000000E+0
7,006519	0,000000	210,000000	0,000000E+0
7,006519	0,000000	210,000000	0,000000E+0
7,006519	0,000000	210,000000	0,000000E+0
7,006519	0,000000	210,000000	0,000000E+0
7,006519	0,000000	210,000000	0,000000E+0
8,005942	0,000000	210,000000	0,000000E+0
8,005942	0,000000	210,000000	0,000000E+0
8,005942	0,000000	210,000000	0,000000E+0
8,005942	0,000000	210,000000	0,000000E+0
8,005942	0,000000	210,000000	0,000000E+0
8,005942	0,000000	210,000000	0,000000E+0
8,005942	0,000000	210,000000	0,000000E+0
8,005942	0,000000	210,000000	0,000000E+0
8,005942	0,000000	210,000000	0,000000E+0
8,005942	0,000000	210,000000	0,000000E+0
9,006362	0,000000	210,000000	0,000000E+0
9,006362	0,000000	210,000000	0,000000E+0
9,006362	0,000000	210,000000	0,000000E+0
9,006362	0,000000	210,000000	0,000000E+0
9,006362	0,000000	210,000000	0,000000E+0
9,006362	0,000000	210,000000	0,000000E+0
9,006362	0,000000	210,000000	0,000000E+0
9,006362	0,000000	210,000000	0,000000E+0
9,006362	0,000000	210,000000	0,000000E+0
9,006362	0,000000	210,000000	0,000000E+0
10,006771	0,000000	210,000000	0,000000E+0
10,006771	0,000000	210,000000	0,000000E+0
10,006771	0,000000	210,000000	0,000000E+0
10,006771	0,000000	210,000000	0,000000E+0
10,006771	0,000000	210,000000	0,000000E+0
10,006771	0,000000	210,000000	0,000000E+0
10,006771	0,000000	210,000000	0,000000E+0
10,006771	0,000000	210,000000	0,000000E+0
10,006771	0,000000	210,000000	0,000000E+0
10,006771	0,000000	210,000000	0,000000E+0
11,007231	0,000000	210,000000	0,000000E+0
11,007231	0,000000	210,000000	0,000000E+0
11,007231	0,000000	210,000000	0,000000E+0
11,007231	0,000000	210,000000	0,000000E+0
11,007231	0,000000	210,000000	0,000000E+0
11,007231	0,000000	210,000000	0,000000E+0
11,007231	0,000000	210,000000	0,000000E+0
11,007231	0,000000	210,000000	0,000000E+0
11,007231	0,000000	210,000000	0,000000E+0
11,007231	0,000000	210,000000	0,000000E+0
12,007649	0,000000	210,000000	0,000000E+0
12,007649	0,000000	210,000000	0,000000E+0
12,007649	0,000000	210,000000	0,000000E+0
12,007649	0,000000	210,000000	0,000000E+0
12,007649	0,000000	210,000000	0,000000E+0
12,007649	0,000000	210,000000	0,000000E+0
12,007649	0,000000	210,000000	0,000000E+0
12,007649	0,000000	210,000000	0,000000E+0
12,007649	0,000000	210,000000	0,000000E+0
12,007649	0,000000	210,000000	0,000000E+0
13,008067	0,000000	210,000000	0,000000E+0
13,008067	0,000000	210,000000	0,000000E+0
13,008067	0,000000	210,000000	0,000000E+0
13,008067	0,000000	210,000000	0,000000E+0
13,008067	0,000000	210,000000	0,000000E+0
13,008067	0,000000	210,000000	0,000000E+0
13,008067	0,000000	210,000000	0,000000E+0
13,008067	0,000000	210,000000	0,000000E+0
13,008067	0,000000	210,000000	0,000000E+0
13,008067	0,000000	210,000000	0,000000E+0
14,008468	0,000000	210,000000	0,000000E+0
14,008468	0,000000	210,000000	0,000000E+0
14,008468	0,000000	210,000000	0,000000E+0
14,008468	0,000000	210,000000	0,000000E+0
14,008468	0,000000	210,000000	0,000000E+0
14,008468	0,000000	210,000000	0,000000E+0
14,008468	0,000000	210,000000	0,000000E+0
14,008468	0,000000	210,000000	0,000000E+0
14,008468	0,000000	210,000000	0,000000E+0
14,008468	0,000000	210,000000	0,000000E+0
15,007900	0,000000	210,000000	0,000000E+0
15,007900	0,000000	210,000000	0,000000E+0
15,007900	0,000000	210,000000	0,000000E+0
15,007900	0,000000	210,000000	0,000000E+0
15,007900	0,000000	210,000000	0,000000E+0
15,007900	0,000000	210,000000	0,000000E+0
15,007900	0,000000	210,000000	0,000000E+0
15,007900	0,000000	210,000000	0,000000E+0
15,007900	0,000000	210,000000	0,000000E+0
15,007900	0,000000	210,000000	0,000000E+0
16,008335	0,000000	210,000000	0,000000E+0
16,008335	0,000000	210,000000	0,000000E+0
16,008335	0,000000	210,000000	0,000000E+0
16,008335	0,000000	210,000000	0,000000E+0
16,008335	0,000000	210,000000	0,000000E+0
16,008335	0,000000	210,000000	0,000000E+0
16,008335	0,000000	210,000000	0,000000E+0
16,008335	0,000000	210,000000	0,000000E+0
16,008335	0,000000	210,000000	0,000000E+0
16,008335	0,000000	210,000000	0,000000E+0
17,008764	0,000000	210,000000	0,000000E+0
17,008764	0,000000	210,000000	0,000000E+0
17,008764	0,000000	210,000000	0,000000E+0
17,008764	0,000000	210,000000	0,000000E+0
17,008764	0,000000	210,000000	0,000000E+0
17,008764	0,000000	210,000000	0,000000E+0
17,008764	0,000000	210,000000	0,000000E+0
17,008764	0,000000	210,000000	0,000000E+0
17,008764	0,000000	210,000000	0,000000E+0
17,008764	0,000000	210,000000	0,000000E+0
18,009184	0,000000	210,000000	0,000000E+0
18,009184	0,000000	210,000000	0,000000E+0
18,009184	0,000000	210,000000	0,000000E+0
18,009184	0,000000	210,000000	0,000000E+0
18,009184	0,000000	210,000000	0,000000E+0
18,009184	0,000000	210,000000	0,000000E+0
18,009184	0,000000	210,000000	0,000000E+0
18,009184	0,000000	210,000000	0,000000E+0
18,009184	0,000000	210,000000	0,000000E+0
18,009184	0,000000	210,000000	0,000000E+0
19,009590	0,000000	210,000000	0,000000E+0
19,009590	0,000000	210,000000	0,000000E+0
19,009590	0,000000	210,000000	0,000000E+0
19,009590	0,000000	210,000000	0,000000E+0
19,009590	0,000000	210,000000	0,000000E+0
19,009590	0,000000	210,000000	0,000000E+0
19,009590	0,000000	210,000000	0,000000E+0
19,009590	0,000000	210,000000	0,000000E+0
19,009590	0,000000	210,000000	0,000000E+0
19,009590	0,000000	210,000000	0,000000E+0
20,009033	0,000000	210,000000	0,000000E+0
20,009033	0,000000	210,000000	0,000000E+0
20,009033	0,000000	210,000000	0,000000E+0
20,009033	0,000000	210,000000	0,000000E+0
20,009033	0,000000	210,000000	0,000000E+0
20,009033	0,000000	210,000000	0,000000E+0
20,009033	0,000000	210,000000	0,000000E+0
20,009033	0,000000	210,000000	0,000000E+0
20,009033	0,000000	210,000000	0,000000E+0
20,009033	0,000000	210,000000	0,000000E+0
21,009451	0,000000	210,000000	0,000000E+0
21,009451	0,000000	210,000000	0,000000E+0
21,009451	0,000000	210,000000	0,000000E+0
21,009451	0,000000	210,000000	0,000000E+0
21,009451	0,000000	210,000000	0,000000E+0
21,009451	0,000000	210,000000	0,000000E+0
21,009451	0,000000	210,000000	0,000000E+0
21,009451	0,000000	210,000000	0,000000E+0
21,009451	0,000000	210,000000	0,000000E+0
21,009451	0,000000	210,000000	0,000000E+0
22,008874	0,000000	210,000000	0,000000E+0
22,008874	0,000000	210,000000	0,000000E+0
22,008874	0,000000	210,000000	0,000000E+0
22,008874	0,000000	210,000000	0,000000E+0
22,008874	0,000000	210,000000	0,000000E+0
22,008874	0,000000	210,000000	0,000000E+0
22,008874	0,000000	210,000000	0,000000E+0
22,008874	0,000000	210,000000	0,000000E+0
22,008874	0,000000	210,000000	0,000000E+0
22,008874	0,000000	210,000000	0,000000E+0
23,009304	0,000000	210,000000	0,000000E+0
23,009304	0,000000	210,000000	0,000000E+0
23,009304	0,000000	210,000000	0,000000E+0
23,009304	0,000000	210,000000	0,000000E+0
23,009304	0,000000	210,000000	0,000000E+0
23,009304	0,000000	210,000000	0,000000E+0
23,009304	0,000000	210,000000	0,000000E+0
23,009304	0,000000	210,000000	0,000000E+0
23,009304	0,000000	210,000000	0,000000E+0
23,009304	0,000000	210,000000	0,000000E+0
24,009721	0,000000	210,000000	0,000000E+0
24,009721	0,000000	210,000000	0,000000E+0
24,009721	0,000000	210,000000	0,000000E+0
24,009721	0,000000	210,000000	0,000000E+0
24,009721	0,000000	210,000000	0,000000E+0
24,009721	0,000000	210,000000	0,000000E+0
24,009721	0,000000	210,000000	0,000000E+0
24,009721	0,000000	210,000000	0,000000E+0
24,009721	0,000000	210,000000	0,000000E+0
24,009721	0,000000	210,000000	0,000000E+0
25,009136	0,000000	210,000000	0,000000E+0
25,009136	0,000000	210,000000	0,000000E+0
25,009136	0,000000	210,000000	0,000000E+0
25,009136	0,000000	210,000000	0,000000E+0
25,009136	0,000000	210,000000	0,000000E+0
25,009136	0,000000	210,000000	0,000000E+0
25,009136	0,000000	210,000000	0,000000E+0
25,009136	0,000000	210,000000	0,000000E+0
25,009136	0,000000	210,000000	0,000000E+0
25,009136	0,000000	210,000000	0,000000E+0
26,009562	0,000000	210,000000	0,000000E+0
26,009562	0,000000	210,000000	0,000000E+0
26,009562	0,000000	210,000000	0,000000E+0
26,009562	0,000000	210,000000	0,000000E+0
26,009562	0,000000	210,000000	0,000000E+0
26,009562	0,000000	210,000000	0,000000E+0
26,009562	0,000000	210,000000	0,000000E+0
26,009562	0,000000	210,000000	0,000000E+0
26,009562	0,000000	210,000000	0,000000E+0
26,009562	0,000000	210,000000	0,000000E+0
27,009000	0,000000	210,000000	0,000000E+0
27,009000	0,000000	210,000000	0,000000E+0
27,009000	0,000000	210,000000	0,000000E+0
27,009000	0,000000	210,000000	0,000000E+0
27,009000	0,000000	210,000000	0,000000E+0
27,009000	0,000000	210,000000	0,000000E+0
27,009000	0,000000	210,000000	0,000000E+0
27,009000	0,000000	210,000000	0,000000E+0
27,009000	0,000000	210,000000	0,000000E+0
27,009000	0,000000	210,000000	0,000000E+0
28,009430	0,000000	210,000000	0,000000E+0
28,009430	0,000000	210,000000	0,000000E+0
28,009430	0,000000	210,000000	0,000000E+0
28,009430	0,000000	210,000000	0,000000E+0
28,009430	0,000000	210,000000	0,000000E+0
28,009430	0,000000	210,000000	0,000000E+0
28,009430	0,000000	210,000000	0,000000E+0
28,009430	0,000000	210,000000	0,000000E+0
28,009430	0,000000	210,000000	0,000000E+0
28,009430	0,000000	210,000000	0,000000E+0
29,009841	0,000000	210,000000	0,000000E+0
29,009841	0,000000	210,000000	0,000000E+0
29,009841	0,000000	210,000000	0,000000E+0
29,009841	0,000000	210,000000	0,000000E+0
29,009841	0,000000	210,000000	0,000000E+0
29,009841	0,000000	210,000000	0,000000E+0
29,009841	0,000000	210,000000	0,000000E+0
29,009841	0,000000	210,000000	0,000000E+0
29,009841	0,000000	210,000000	0,000000E+0
29,009841	0,000000	210,000000	0,000000E+0
30,011306	0,000000	210,000000	0,000000E+0
30,011306	0,000000	210,000000	0,000000E+0
30,011306	0,000000	210,000000	0,000000E+0
30,011306	0,000000	210,000000	0,000000E+0
30,011306	0,000000	210,000000	0,000000E+0
30,011306	0,000000	210,000000	0,000000E+0
30,011306	0,000000	210,000000	0,000000E+0
30,011306	0,000000	210,000000	0,000000E+0
30,011306	0,000000	210,000000	0,000000E+0
30,011306	0,000000	210,000000	0,000000E+0
31,011694	0,000000	210,000000	0,000000E+0
31,011694	0,000000	210,000000	0,000000E+0
31,011694	0,000000	210,000000	0,000000E+0
31,011694	0,000000	210,000000	0,000000E+0
31,011694	0,000000	210,000000	0,000000E+0
31,011694	0,000000	210,000000	0,000000E+0
31,011694	0,000000	210,000000	0,000000E+0
31,011694	0,000000	210,000000	0,000000E+0
31,011694	0,000000	210,000000	0,000000E+0
31,011694	0,000000	210,000000	0,000000E+0
32,011116	0,000000	210,000000	0,000000E+0
32,011116	0,000000	210,000000	0,000000E+0
32,011116	0,000000	210,000000	0,000000E+0
32,011116	0,000000	210,000000	0,000000E+0
32,011116	0,000000	210,000000	0,000000E+0
32,011116	0,000000	210,000000	0,000000E+0
32,011116	0,000000	210,000000	0,000000E+0
32,011116	0,000000	210,000000	0,000000E+0
32,011116	0,000000	210,000000	0,000000E+0
32,011116	0,000000	210,000000	0,000000E+0
33,011566	0,000000	210,000000	0,000000E+0
33,011566	0,000000	210,000000	0,000000E+0
33,011566	0,000000	210,000000	0,000000E+0
33,011566	0,000000	210,000000	0,000000E+0
33,011566	0,000000	210,000000	0,000000E+0
33,011566	0,000000	210,000000	0,000000E+0
33,011566	0,000000	210,000000	0,000000E+0
33,011566	0,000000	210,000000	0,000000E+0
33,011566	0,000000	210,000000	0,000000E+0
33,011566	0,000000	210,000000	0,000000E+0
34,010956	0,000000	210,000000	0,000000E+0
34,010956	0,000000	210,000000	0,000000E+0
34,010956	0,000000	210,000000	0,000000E+0
34,010956	0,000000	210,000000	0,000000E+0
34,010956	0,000000	210,000000	0,000000E+0
34,010956	0,000000	210,000000	0,000000E+0
34,010956	0,000000	210,000000	0,000000E+0
34,010956	0,000000	210,000000	0,000000E+0
34,010956	0,000000	210,000000	0,000000E+0
34,010956	0,000000	210,000000	0,000000E+0
35,011397	0,000000	210,000000	0,000000E+0
35,011397	0,000000	210,000000	0,000000E+0
35,011397	0,000000	210,000000	0,000000E+0
35,011397	0,000000	210,000000	0,000000E+0
35,011397	0,000000	210,000000	0,000000E+0
35,011397	0,000000	210,000000	0,000000E+0
35,011397	0,000000	210,000000	0,000000E+0
35,011397	0,000000	210,000000	0,000000E+0
35,011397	0,000000	210,000000	0,000000E+0
35,011397	0,000000	210,000000	0,000000E+0
36,010838	0,000000	210,000000	0,000000E+0
36,010838	0,000000	210,000000	0,000000E+0
36,010838	0,000000	210,000000	0,000000E+0
36,010838	0,000000	210,000000	0,000000E+0
36,010838	0,000000	210,000000	0,000000E+0
36,010838	0,000000	210,000000	0,000000E+0
36,010838	0,000000	210,000000	0,000000E+0
36,010838	0,000000	210,000000	0,000000E+0
36,010838	0,000000	210,000000	0,000000E+0
36,010838	0,000000	210,000000	0,000000E+0
37,011259	0,000000	210,000000	0,000000E+0
37,011259	0,000000	210,000000	0,000000E+0
37,011259	0,000000	210,000000	0,000000E+0
37,011259	0,000000	210,000000	0,000000E+0
37,011259	0,000000	210,000000	0,000000E+0
37,011259	0,000000	210,000000	0,000000E+0
37,011259	0,000000	210,000000	0,000000E+0
37,011259	0,000000	210,000000	0,000000E+0
37,011259	0,000000	210,000000	0,000000E+0
37,011259	0,000000	210,000000	0,000000E+0
38,011702	0,000000	210,000000	0,000000E+0
38,011702	0,000000	210,000000	0,000000E+0
38,011702	0,000000	210,000000	0,000000E+0
38,011702	0,000000	210,000000	0,000000E+0
38,011702	0,000000	210,000000	0,000000E+0
38,011702	0,000000	210,000000	0,000000E+0
38,011702	0,000000	210,000000	0,000000E+0
38,011702	0,000000	210,000000	0,000000E+0
38,011702	0,000000	210,000000	0,000000E+0
38,011702	0,000000	210,000000	0,000000E+0
39,011131	0,000000	210,000000	0,000000E+0
39,011131	0,000000	210,000000	0,000000E+0
39,011131	0,000000	210,000000	0,000000E+0
39,011131	0,000000	210,000000	0,000000E+0
39,011131	0,000000	210,000000	0,000000E+0
39,011131	0,000000	210,000000	0,000000E+0
39,011131	0,000000	210,000000	0,000000E+0
39,011131	0,000000	210,000000	0,000000E+0
39,011131	0,000000	210,000000	0,000000E+0
39,011131	0,000000	210,000000	0,000000E+0
40,011572	0,000000	210,000000	0,000000E+0
40,011572	0,000000	210,000000	0,000000E+0
40,011572	0,000000	210,000000	0,000000E+0
40,011572	0,000000	210,000000	0,000000E+0
40,011572	0,000000	210,000000	0,000000E+0
40,011572	0,000000	210,000000	0,000000E+0
40,011572	0,000000	210,000000	0,000000E+0
40,011572	0,000000	210,000000	0,000000E+0
40,011572	0,000000	210,000000	0,000000E+0
40,011572	0,000000	210,000000	0,000000E+0
41,010946	0,000000	210,000000	0,000000E+0
41,010946	0,000000	210,000000	0,000000E+0
41,010946	0,000000	210,000000	0,000000E+0
41,010946	0,000000	210,000000	0,000000E+0
41,010946	0,000000	210,000000	0,000000E+0
41,010946	0,000000	210,000000	0,000000E+0
41,010946	0,000000	210,000000	0,000000E+0
41,010946	0,000000	210,000000	0,000000E+0
41,010946	0,000000	210,000000	0,000000E+0
41,010946	0,000000	210,000000	0,000000E+0
42,011277	0,000000	210,000000	0,000000E+0
42,011277	0,000000	210,000000	0,000000E+0
42,011277	0,000000	210,000000	0,000000E+0
42,011277	0,000000	210,000000	0,000000E+0
42,011277	0,000000	210,000000	0,000000E+0
42,011277	0,000000	210,000000	0,000000E+0
42,011277	0,000000	210,000000	0,000000E+0
42,011277	0,000000	210,000000	0,000000E+0
42,011277	0,000000	210,000000	0,000000E+0
42,011277	0,000000	210,000000	0,000000E+0
43,011699	0,000000	210,000000	0,000000E+0
43,011699	0,000000	210,000000	0,000000E+0
43,011699	0,000000	210,000000	0,000000E+0
43,011699	0,000000	210,000000	0,000000E+0
43,011699	0,000000	210,000000	0,000000E+0
43,011699	0,000000	210,000000	0,000000E+0
43,011699	0,000000	210,000000	0,000000E+0
43,011699	0,000000	210,000000	0,000000E+0
43,011699	0,000000	210,000000	0,000000E+0
43,011699	0,000000	210,000000	0,000000E+0
44,012142	0,000000	210,000000	0,000000E+0
44,012142	0,000000	210,000000	0,000000E+0
44,012142	0,000000	210,000000	0,000000E+0
44,012142	0,000000	210,000000	0,000000E+0
44,012142	0,000000	210,000000	0,000000E+0
