t	IF	IR	VF	VR	VelSP	VelRE
136,034	0,000	0,000	3,000E-1	2,400E+1	0,000E+0	1,447E+3
0,003	0,000	0,000	3,000E-1	2,400E+1	0,000E+0	0,000E+0
1,003	0,000	0,000	3,000E-1	2,400E+1	0,000E+0	0,000E+0
2,002	0,000	0,000	3,000E-1	2,400E+1	0,000E+0	0,000E+0
3,003	0,000	0,000	3,000E-1	2,400E+1	0,000E+0	0,000E+0
4,002	0,000	0,000	3,000E-1	2,400E+1	0,000E+0	0,000E+0
5,004	0,000	0,000	3,000E-1	2,400E+1	0,000E+0	0,000E+0
6,003	0,000	0,000	3,000E-1	2,400E+1	0,000E+0	0,000E+0
7,004	0,000	0,000	3,000E-1	2,400E+1	0,000E+0	0,000E+0
8,005	0,000	0,000	3,000E-1	2,400E+1	0,000E+0	0,000E+0
9,006	0,000	0,000	3,000E-1	2,400E+1	0,000E+0	0,000E+0
10,005	0,000	0,000	3,000E-1	2,400E+1	0,000E+0	0,000E+0
11,006	0,000	0,000	3,000E-1	2,400E+1	0,000E+0	0,000E+0
12,005	0,000	0,000	3,000E-1	2,400E+1	0,000E+0	0,000E+0
13,006	0,000	0,000	3,000E-1	2,400E+1	0,000E+0	0,000E+0
14,006	0,000	0,000	3,000E-1	2,400E+1	0,000E+0	0,000E+0
15,007	0,000	0,000	3,000E-1	2,400E+1	0,000E+0	0,000E+0
16,007	0,000	0,000	3,000E-1	2,400E+1	0,000E+0	0,000E+0
17,006	0,000	0,000	3,000E-1	2,400E+1	3,500E+3	0,000E+0
18,007	0,000	0,000	3,000E-1	2,400E+1	3,500E+3	0,000E+0
19,006	0,000	0,000	3,000E-1	2,400E+1	3,500E+3	0,000E+0
20,007	0,000	0,000	3,000E-1	2,400E+1	3,500E+3	0,000E+0
21,006	0,000	0,000	3,000E-1	2,400E+1	3,500E+3	0,000E+0
22,007	0,000	0,000	3,000E-1	2,400E+1	3,500E+3	0,000E+0
23,008	0,000	0,000	3,000E-1	2,400E+1	3,500E+3	0,000E+0
24,007	0,000	0,000	3,000E-1	2,400E+1	3,500E+3	0,000E+0
25,008	0,000	0,000	3,000E-1	2,400E+1	3,500E+3	0,000E+0
26,007	0,000	0,000	3,000E-1	2,400E+1	3,500E+3	1,932E+3
27,009	0,000	0,000	3,000E-1	2,400E+1	3,500E+3	3,838E+3
28,008	0,000	0,000	3,000E-1	2,400E+1	3,500E+3	3,519E+3
29,010	0,000	0,000	3,000E-1	2,400E+1	3,500E+3	3,328E+3
30,010	0,000	0,000	3,000E-1	2,400E+1	3,500E+3	3,508E+3
31,009	0,000	0,000	3,000E-1	2,400E+1	3,500E+3	3,506E+3
32,010	0,000	0,000	3,000E-1	2,400E+1	3,500E+3	3,496E+3
33,009	0,000	0,000	3,000E-1	2,400E+1	3,500E+3	3,502E+3
34,011	0,000	0,000	3,000E-1	2,400E+1	3,500E+3	3,490E+3
35,011	0,000	0,000	3,000E-1	2,400E+1	3,500E+3	3,516E+3
36,011	0,000	0,000	3,000E-1	2,400E+1	3,500E+3	3,506E+3
37,013	0,000	0,000	3,000E-1	2,400E+1	3,500E+3	3,499E+3
38,012	0,000	0,000	3,000E-1	2,400E+1	2,700E+3	3,453E+3
39,013	0,000	0,000	3,000E-1	2,400E+1	2,700E+3	3,027E+3
40,013	0,000	0,000	3,000E-1	2,400E+1	2,700E+3	2,551E+3
41,014	0,000	0,000	3,000E-1	2,400E+1	2,700E+3	2,231E+3
42,014	0,000	0,000	3,000E-1	2,400E+1	2,700E+3	2,569E+3
43,015	0,000	0,000	3,000E-1	2,400E+1	2,700E+3	2,748E+3
44,015	0,000	0,000	3,000E-1	2,400E+1	2,700E+3	2,724E+3
45,014	0,000	0,000	3,000E-1	2,400E+1	2,700E+3	2,695E+3
46,015	0,000	0,000	3,000E-1	2,400E+1	2,700E+3	2,694E+3
47,015	0,000	0,000	3,000E-1	2,400E+1	2,700E+3	2,712E+3
48,016	0,000	0,000	3,000E-1	2,400E+1	2,700E+3	2,699E+3
49,016	0,000	0,000	3,000E-1	2,400E+1	2,700E+3	2,704E+3
50,015	0,000	0,000	3,000E-1	2,400E+1	2,700E+3	2,696E+3
51,016	0,000	0,000	3,000E-1	2,400E+1	2,700E+3	2,702E+3
52,015	0,000	0,000	3,000E-1	2,400E+1	2,700E+3	2,703E+3
53,016	0,000	0,000	3,000E-1	2,400E+1	2,700E+3	2,711E+3
54,016	0,003	0,000	3,000E-1	2,400E+1	2,700E+3	2,696E+3
55,017	0,003	0,000	4,700E-1	2,400E+1	2,700E+3	2,704E+3
56,017	0,007	0,000	6,900E-1	2,400E+1	2,700E+3	2,706E+3
57,016	0,013	0,000	6,900E-1	2,400E+1	2,700E+3	2,709E+3
58,017	0,013	0,000	9,200E-1	2,400E+1	2,700E+3	2,698E+3
59,016	0,016	0,000	1,160E+0	2,400E+1	2,700E+3	2,700E+3
60,018	0,021	0,000	1,160E+0	2,400E+1	2,700E+3	2,695E+3
61,017	0,021	0,000	1,380E+0	2,400E+1	2,700E+3	2,689E+3
62,018	0,025	0,000	1,620E+0	2,400E+1	2,700E+3	2,687E+3
63,018	0,030	0,000	1,620E+0	2,400E+1	2,700E+3	2,696E+3
64,017	0,030	0,000	1,800E+0	2,400E+1	2,700E+3	2,704E+3
65,018	0,033	0,000	2,010E+0	2,400E+1	2,700E+3	2,696E+3
66,017	0,038	0,000	2,010E+0	2,400E+1	2,700E+3	2,702E+3
67,017	0,038	0,000	2,220E+0	2,400E+1	2,700E+3	2,700E+3
68,018	0,042	0,000	2,490E+0	2,400E+1	2,700E+3	2,694E+3
69,018	0,046	0,000	2,490E+0	2,400E+1	2,700E+3	2,703E+3
70,018	0,046	0,000	2,680E+0	2,400E+1	2,700E+3	2,700E+3
71,018	0,050	0,000	2,870E+0	2,400E+1	2,700E+3	2,701E+3
72,018	0,054	0,000	2,870E+0	2,400E+1	2,700E+3	2,706E+3
73,019	0,054	0,000	3,070E+0	2,400E+1	2,700E+3	2,705E+3
74,019	0,058	0,000	3,630E+0	2,400E+1	2,700E+3	2,702E+3
75,018	0,075	0,000	3,630E+0	2,400E+1	2,700E+3	2,694E+3
76,020	0,075	0,000	4,070E+0	2,400E+1	2,700E+3	2,703E+3
77,019	0,081	0,000	4,580E+0	2,400E+1	2,700E+3	2,704E+3
78,021	0,090	0,000	4,580E+0	2,400E+1	2,700E+3	2,704E+3
79,020	0,090	0,000	4,910E+0	2,400E+1	2,700E+3	2,695E+3
80,021	0,097	0,000	5,260E+0	2,400E+1	2,700E+3	2,691E+3
81,021	0,102	0,000	5,260E+0	2,400E+1	2,700E+3	2,705E+3
82,020	0,102	0,000	5,600E+0	2,400E+1	2,700E+3	2,697E+3
83,021	0,110	0,000	6,000E+0	2,400E+1	2,700E+3	2,696E+3
84,020	0,110	0,000	6,000E+0	2,400E+1	2,700E+3	2,702E+3
85,021	0,115	0,000	6,140E+0	2,400E+1	2,700E+3	2,703E+3
86,020	0,119	0,000	6,420E+0	2,400E+1	2,700E+3	2,697E+3
87,021	0,119	0,000	6,420E+0	2,400E+1	2,700E+3	2,704E+3
88,021	0,124	0,000	6,640E+0	2,400E+1	2,700E+3	2,703E+3
89,020	0,127	0,000	6,870E+0	2,400E+1	2,700E+3	2,709E+3
90,022	0,129	0,000	6,870E+0	2,400E+1	2,700E+3	2,712E+3
91,021	0,129	0,000	6,940E+0	2,400E+1	2,700E+3	2,698E+3
92,022	0,131	0,000	7,050E+0	2,400E+1	2,700E+3	2,696E+3
93,021	0,133	0,000	7,050E+0	2,400E+1	2,700E+3	2,703E+3
94,022	0,133	0,000	7,090E+0	2,400E+1	2,700E+3	2,704E+3
95,022	0,135	0,000	7,170E+0	2,400E+1	2,700E+3	2,703E+3
96,022	0,136	0,000	7,170E+0	2,400E+1	2,700E+3	2,691E+3
97,023	0,136	0,000	7,280E+0	2,400E+1	2,700E+3	2,692E+3
98,023	0,137	0,000	7,300E+0	2,400E+1	2,700E+3	2,703E+3
99,024	0,138	0,000	7,300E+0	2,400E+1	2,700E+3	2,701E+3
100,024	0,138	0,000	7,360E+0	2,400E+1	2,700E+3	2,701E+3
101,023	0,139	0,000	7,390E+0	2,400E+1	2,700E+3	2,707E+3
102,025	0,139	0,000	7,390E+0	2,400E+1	2,700E+3	2,698E+3
103,025	0,139	0,000	7,410E+0	2,400E+1	2,700E+3	2,698E+3
104,026	0,140	0,000	7,450E+0	2,400E+1	2,700E+3	2,701E+3
105,026	0,140	0,000	7,450E+0	2,400E+1	2,700E+3	2,697E+3
106,025	0,140	0,000	7,470E+0	2,400E+1	2,700E+3	2,878E+3
107,027	0,000	0,000	3,000E-1	2,400E+1	0,000E+0	2,735E+3
108,026	0,000	0,000	3,000E-1	2,400E+1	0,000E+0	2,222E+3
109,027	0,000	0,000	3,000E-1	2,400E+1	0,000E+0	2,039E+3
