t	IF	IR	VF	VR	VelSP	VelRE
353,089	0,000	0,000	3,000E-1	2,400E+1	0,000E+0	1,700E+3
0,009	0,000	0,000	3,000E-1	2,400E+1	0,000E+0	0,000E+0
1,008	0,000	0,000	3,000E-1	2,400E+1	0,000E+0	0,000E+0
2,009	0,000	0,000	3,000E-1	2,400E+1	0,000E+0	0,000E+0
3,010	0,000	0,000	3,000E-1	2,400E+1	0,000E+0	0,000E+0
4,009	0,000	0,000	3,000E-1	2,400E+1	0,000E+0	0,000E+0
5,010	0,000	0,000	3,000E-1	2,400E+1	0,000E+0	0,000E+0
6,009	0,000	0,000	3,000E-1	2,400E+1	0,000E+0	0,000E+0
7,009	0,000	0,000	3,000E-1	2,400E+1	0,000E+0	0,000E+0
8,009	0,000	0,000	3,000E-1	2,400E+1	0,000E+0	0,000E+0
9,009	0,000	0,000	3,000E-1	2,400E+1	0,000E+0	0,000E+0
10,010	0,000	0,000	3,000E-1	2,400E+1	0,000E+0	0,000E+0
11,010	0,000	0,000	3,000E-1	2,400E+1	0,000E+0	0,000E+0
12,011	0,000	0,000	3,000E-1	2,400E+1	0,000E+0	0,000E+0
13,010	0,000	0,000	3,000E-1	2,400E+1	0,000E+0	0,000E+0
14,010	0,000	0,000	3,000E-1	2,400E+1	0,000E+0	0,000E+0
15,010	0,000	0,000	3,000E-1	2,400E+1	0,000E+0	0,000E+0
16,011	0,000	0,000	3,000E-1	2,400E+1	0,000E+0	0,000E+0
17,012	0,000	0,000	3,000E-1	2,400E+1	0,000E+0	0,000E+0
18,011	0,000	0,000	3,000E-1	2,400E+1	0,000E+0	0,000E+0
19,012	0,000	0,000	3,000E-1	2,400E+1	0,000E+0	0,000E+0
20,011	0,000	0,000	3,000E-1	2,400E+1	0,000E+0	0,000E+0
21,011	0,000	0,000	3,000E-1	2,400E+1	0,000E+0	0,000E+0
22,013	0,000	0,000	3,000E-1	2,400E+1	0,000E+0	0,000E+0
23,012	0,000	0,000	3,000E-1	2,400E+1	0,000E+0	0,000E+0
24,013	0,000	0,000	3,000E-1	2,400E+1	0,000E+0	0,000E+0
25,012	0,000	0,000	3,000E-1	2,400E+1	0,000E+0	0,000E+0
26,012	0,000	0,000	3,000E-1	2,400E+1	0,000E+0	0,000E+0
27,012	0,000	0,000	3,000E-1	2,400E+1	0,000E+0	0,000E+0
28,012	0,000	0,000	3,000E-1	2,400E+1	0,000E+0	0,000E+0
29,014	0,000	0,000	3,000E-1	2,400E+1	0,000E+0	0,000E+0
30,013	0,000	0,000	3,000E-1	2,400E+1	0,000E+0	0,000E+0
31,014	0,000	0,000	3,000E-1	2,400E+1	0,000E+0	0,000E+0
32,014	0,000	0,000	3,000E-1	2,400E+1	0,000E+0	0,000E+0
33,015	0,000	0,000	3,000E-1	2,400E+1	0,000E+0	0,000E+0
34,015	0,000	0,000	3,000E-1	2,400E+1	0,000E+0	0,000E+0
35,015	0,000	0,000	3,000E-1	2,400E+1	0,000E+0	0,000E+0
36,016	0,000	0,000	3,000E-1	2,400E+1	0,000E+0	0,000E+0
37,015	0,000	0,000	3,000E-1	2,400E+1	0,000E+0	0,000E+0
38,016	0,000	0,000	3,000E-1	2,400E+1	0,000E+0	0,000E+0
39,015	0,000	0,000	3,000E-1	2,400E+1	0,000E+0	0,000E+0
40,015	0,000	0,000	3,000E-1	2,400E+1	0,000E+0	0,000E+0
41,015	0,000	0,000	3,000E-1	2,400E+1	0,000E+0	0,000E+0
42,016	0,000	0,000	3,000E-1	2,400E+1	3,500E+3	0,000E+0
43,017	0,000	0,000	3,000E-1	2,400E+1	3,500E+3	0,000E+0
44,016	0,000	0,000	3,000E-1	2,400E+1	3,500E+3	0,000E+0
45,017	0,000	0,000	3,000E-1	2,400E+1	3,500E+3	0,000E+0
46,016	0,000	0,000	3,000E-1	2,400E+1	3,500E+3	0,000E+0
47,016	0,000	0,000	3,000E-1	2,400E+1	3,500E+3	0,000E+0
48,017	0,000	0,000	3,000E-1	2,400E+1	3,500E+3	0,000E+0
49,017	0,000	0,000	3,000E-1	2,400E+1	3,500E+3	1,604E+3
50,018	0,000	0,000	3,000E-1	2,400E+1	3,500E+3	3,871E+3
51,018	0,000	0,000	3,000E-1	2,400E+1	3,500E+3	3,632E+3
52,018	0,000	0,000	3,000E-1	2,400E+1	3,500E+3	3,382E+3
53,018	0,000	0,000	3,000E-1	2,400E+1	3,500E+3	3,351E+3
54,018	0,000	0,000	3,000E-1	2,400E+1	3,500E+3	3,555E+3
55,020	0,000	0,000	3,000E-1	2,400E+1	3,500E+3	3,512E+3
56,020	0,000	0,000	3,000E-1	2,400E+1	3,500E+3	3,502E+3
57,022	0,000	0,000	3,000E-1	2,400E+1	3,500E+3	3,523E+3
58,021	0,000	0,000	3,000E-1	2,400E+1	3,500E+3	3,502E+3
59,021	0,000	0,000	3,000E-1	2,400E+1	3,500E+3	3,495E+3
60,021	0,000	0,000	3,000E-1	2,400E+1	3,500E+3	3,500E+3
61,021	0,000	0,000	3,000E-1	2,400E+1	3,500E+3	3,512E+3
62,023	0,000	0,000	3,000E-1	2,400E+1	3,500E+3	3,504E+3
63,023	0,000	0,000	3,000E-1	2,400E+1	3,500E+3	3,500E+3
64,025	0,000	0,000	3,000E-1	2,400E+1	3,500E+3	3,500E+3
65,024	0,000	0,000	3,000E-1	2,400E+1	3,500E+3	3,502E+3
66,024	0,000	0,000	3,000E-1	2,400E+1	3,500E+3	3,497E+3
67,024	0,000	0,000	3,000E-1	2,400E+1	3,500E+3	3,498E+3
68,025	0,000	0,000	3,000E-1	2,400E+1	3,500E+3	3,507E+3
69,026	0,000	0,000	3,000E-1	2,400E+1	3,000E+3	3,340E+3
70,025	0,000	0,000	3,000E-1	2,400E+1	3,000E+3	3,025E+3
71,025	0,000	0,000	3,000E-1	2,400E+1	3,000E+3	2,769E+3
72,026	0,000	0,000	3,000E-1	2,400E+1	3,000E+3	2,823E+3
73,027	0,000	0,000	3,000E-1	2,400E+1	3,000E+3	3,042E+3
74,027	0,000	0,000	3,000E-1	2,400E+1	3,000E+3	3,040E+3
75,028	0,000	0,000	3,000E-1	2,400E+1	3,000E+3	2,994E+3
76,028	0,000	0,000	3,000E-1	2,400E+1	3,000E+3	2,975E+3
77,028	0,000	0,000	3,000E-1	2,400E+1	3,000E+3	3,007E+3
78,029	0,000	0,000	3,000E-1	2,400E+1	3,000E+3	3,004E+3
79,028	0,000	0,000	3,000E-1	2,400E+1	3,000E+3	2,997E+3
80,029	0,000	0,000	3,000E-1	2,400E+1	3,000E+3	3,022E+3
81,028	0,000	0,000	3,000E-1	2,400E+1	3,000E+3	2,999E+3
82,028	0,000	0,000	3,000E-1	2,400E+1	3,000E+3	3,000E+3
83,029	0,000	0,000	3,000E-1	2,400E+1	3,000E+3	3,000E+3
84,029	0,000	0,000	3,000E-1	2,400E+1	3,000E+3	2,993E+3
85,030	0,000	0,000	3,000E-1	2,400E+1	3,000E+3	2,997E+3
86,029	0,000	0,000	3,000E-1	2,400E+1	3,000E+3	3,000E+3
87,030	0,000	0,000	3,000E-1	2,400E+1	3,000E+3	3,003E+3
88,031	0,000	0,000	3,000E-1	2,400E+1	3,000E+3	2,998E+3
89,031	0,000	0,000	3,000E-1	2,400E+1	3,000E+3	3,014E+3
90,032	0,000	0,000	3,000E-1	2,400E+1	3,000E+3	3,007E+3
91,032	0,000	0,000	3,000E-1	2,400E+1	3,000E+3	3,004E+3
92,031	0,000	0,000	3,000E-1	2,400E+1	3,000E+3	2,998E+3
93,032	0,000	0,000	3,000E-1	2,400E+1	3,000E+3	2,990E+3
94,031	0,000	0,000	3,000E-1	2,400E+1	3,000E+3	2,995E+3
95,033	0,000	0,000	3,000E-1	2,400E+1	3,000E+3	2,997E+3
96,032	0,000	0,000	3,000E-1	2,400E+1	3,000E+3	3,003E+3
97,033	0,000	0,000	3,000E-1	2,400E+1	3,000E+3	3,000E+3
98,035	0,000	0,000	3,000E-1	2,400E+1	3,000E+3	2,973E+3
99,034	0,000	0,000	3,000E-1	2,400E+1	3,000E+3	2,951E+3
100,035	0,084	0,000	5,010E+0	2,400E+1	3,000E+3	2,995E+3
101,035	0,110	0,000	6,290E+0	2,400E+1	3,000E+3	2,988E+3
102,036	0,134	0,000	6,290E+0	2,400E+1	3,000E+3	2,970E+3
103,035	0,134	0,000	7,150E+0	2,400E+1	3,000E+3	2,991E+3
104,035	0,149	0,000	8,220E+0	2,400E+1	3,000E+3	2,986E+3
105,037	0,149	0,000	8,220E+0	2,400E+1	3,000E+3	2,968E+3
106,036	0,165	0,000	8,890E+0	2,400E+1	3,000E+3	2,988E+3
107,037	0,165	0,000	8,840E+0	2,400E+1	3,000E+3	2,991E+3
108,036	0,172	0,000	8,840E+0	2,400E+1	3,000E+3	2,977E+3
109,037	0,172	0,000	9,180E+0	2,400E+1	3,000E+3	3,000E+3
110,039	0,177	0,000	9,460E+0	2,400E+1	3,000E+3	3,000E+3
111,039	0,177	0,000	9,460E+0	2,400E+1	3,000E+3	2,997E+3
112,040	0,180	0,000	9,570E+0	2,400E+1	3,000E+3	3,003E+3
113,039	0,183	0,000	9,680E+0	2,400E+1	3,000E+3	3,003E+3
114,039	0,183	0,000	9,680E+0	2,400E+1	3,000E+3	3,003E+3
115,039	0,185	0,000	9,770E+0	2,400E+1	3,000E+3	3,000E+3
116,040	0,186	0,000	9,850E+0	2,400E+1	3,000E+3	2,995E+3
117,039	0,189	0,000	9,850E+0	2,400E+1	3,000E+3	2,998E+3
118,040	0,189	0,000	9,960E+0	2,400E+1	3,000E+3	2,995E+3
119,039	0,189	0,000	9,970E+0	2,400E+1	3,000E+3	3,004E+3
120,039	0,189	0,000	9,970E+0	2,400E+1	3,000E+3	2,995E+3
121,040	0,190	0,000	1,003E+1	2,400E+1	3,000E+3	3,003E+3
122,040	0,191	0,000	1,006E+1	2,400E+1	3,000E+3	2,995E+3
123,041	0,192	0,000	1,006E+1	2,400E+1	3,000E+3	2,997E+3
124,041	0,192	0,000	1,011E+1	2,400E+1	3,000E+3	3,003E+3
125,042	0,192	0,000	1,011E+1	2,400E+1	3,000E+3	2,995E+3
126,041	0,192	0,000	1,011E+1	2,400E+1	3,000E+3	3,008E+3
127,042	0,192	0,000	1,014E+1	2,400E+1	3,000E+3	3,004E+3
128,043	0,193	0,000	1,016E+1	2,400E+1	3,000E+3	3,005E+3
129,042	0,193	0,000	1,016E+1	2,400E+1	3,000E+3	3,007E+3
130,043	0,193	0,000	1,017E+1	2,400E+1	3,000E+3	3,012E+3
131,042	0,193	0,000	1,018E+1	2,400E+1	3,000E+3	3,004E+3
132,042	0,193	0,000	1,018E+1	2,400E+1	3,000E+3	3,004E+3
133,042	0,193	0,000	1,019E+1	2,400E+1	3,000E+3	3,006E+3
134,043	0,194	0,000	1,021E+1	2,400E+1	3,000E+3	2,990E+3
135,044	0,194	0,000	1,021E+1	2,400E+1	3,000E+3	3,011E+3
136,043	0,194	0,000	1,022E+1	2,400E+1	3,000E+3	3,011E+3
137,044	0,194	0,000	1,022E+1	2,400E+1	3,000E+3	3,001E+3
138,043	0,194	0,000	1,022E+1	2,400E+1	3,000E+3	3,000E+3
139,043	0,194	0,000	1,023E+1	2,400E+1	3,000E+3	3,006E+3
140,043	0,194	0,000	1,024E+1	2,400E+1	3,000E+3	3,010E+3
141,043	0,194	0,000	1,024E+1	2,400E+1	3,000E+3	3,006E+3
142,044	0,194	0,000	1,024E+1	2,400E+1	3,000E+3	3,001E+3
143,043	0,194	0,000	1,024E+1	2,400E+1	3,000E+3	2,994E+3
144,044	0,194	0,000	1,024E+1	2,400E+1	3,000E+3	2,997E+3
145,044	0,194	0,000	1,025E+1	2,400E+1	3,000E+3	3,002E+3
146,044	0,194	0,000	1,025E+1	2,400E+1	3,000E+3	3,003E+3
147,044	0,194	0,000	1,025E+1	2,400E+1	3,000E+3	2,998E+3
148,044	0,194	0,000	1,026E+1	2,400E+1	3,000E+3	3,001E+3
149,046	0,194	0,000	1,025E+1	2,400E+1	3,000E+3	3,003E+3
150,045	0,194	0,000	1,025E+1	2,400E+1	3,000E+3	3,006E+3
151,046	0,194	0,000	1,026E+1	2,400E+1	3,000E+3	3,001E+3
152,045	0,195	0,000	1,027E+1	2,400E+1	3,000E+3	3,001E+3
153,045	0,195	0,000	1,027E+1	2,400E+1	3,000E+3	3,003E+3
154,045	0,195	0,000	1,027E+1	2,400E+1	3,000E+3	3,006E+3
155,046	0,195	0,000	1,028E+1	2,400E+1	3,000E+3	3,001E+3
156,045	0,195	0,000	1,028E+1	2,400E+1	3,000E+3	3,006E+3
157,045	0,195	0,000	1,028E+1	2,400E+1	3,000E+3	3,003E+3
158,045	0,195	0,000	1,028E+1	2,400E+1	3,000E+3	2,998E+3
159,046	0,195	0,000	1,028E+1	2,400E+1	3,000E+3	3,000E+3
160,047	0,195	0,000	1,028E+1	2,400E+1	3,000E+3	3,012E+3
161,046	0,195	0,000	1,029E+1	2,400E+1	3,000E+3	3,004E+3
162,047	0,195	0,000	1,029E+1	2,400E+1	3,000E+3	3,006E+3
163,046	0,195	0,000	1,029E+1	2,400E+1	3,000E+3	3,003E+3
164,048	0,195	0,000	1,029E+1	2,400E+1	3,000E+3	3,007E+3
165,047	0,195	0,000	1,029E+1	2,400E+1	3,000E+3	3,010E+3
166,047	0,195	0,000	1,030E+1	2,400E+1	3,000E+3	3,003E+3
167,049	0,195	0,000	1,030E+1	2,400E+1	3,000E+3	3,006E+3
168,049	0,195	0,000	1,030E+1	2,400E+1	3,000E+3	2,998E+3
169,050	0,195	0,000	1,031E+1	2,400E+1	3,000E+3	2,997E+3
170,049	0,195	0,000	1,030E+1	2,400E+1	3,000E+3	3,005E+3
171,049	0,195	0,000	1,030E+1	2,400E+1	3,000E+3	3,009E+3
172,049	0,195	0,000	1,031E+1	2,400E+1	3,000E+3	3,000E+3
173,050	0,195	0,000	1,031E+1	2,400E+1	3,000E+3	3,004E+3
174,051	0,195	0,000	1,031E+1	2,400E+1	3,000E+3	2,995E+3
175,050	0,195	0,000	1,031E+1	2,400E+1	3,000E+3	3,000E+3
176,051	0,195	0,000	1,031E+1	2,400E+1	3,000E+3	2,996E+3
177,051	0,195	0,000	1,031E+1	2,400E+1	3,000E+3	2,998E+3
178,051	0,195	0,000	1,031E+1	2,400E+1	3,000E+3	3,000E+3
179,051	0,195	0,000	1,031E+1	2,400E+1	3,000E+3	2,994E+3
180,052	0,195	0,000	1,031E+1	2,400E+1	3,000E+3	3,000E+3
181,053	0,195	0,000	1,031E+1	2,400E+1	3,000E+3	3,001E+3
182,052	0,195	0,000	1,032E+1	2,400E+1	3,000E+3	3,009E+3
183,053	0,195	0,000	1,032E+1	2,400E+1	3,000E+3	2,999E+3
184,052	0,195	0,000	1,032E+1	2,400E+1	3,000E+3	2,994E+3
185,052	0,195	0,000	1,032E+1	2,400E+1	3,000E+3	2,998E+3
186,052	0,195	0,000	1,032E+1	2,400E+1	3,000E+3	3,004E+3
187,052	0,195	0,000	1,032E+1	2,400E+1	3,000E+3	2,996E+3
188,053	0,195	0,000	1,032E+1	2,400E+1	3,000E+3	3,001E+3
189,052	0,195	0,000	1,032E+1	2,400E+1	3,000E+3	3,007E+3
190,052	0,195	0,000	1,032E+1	2,400E+1	3,000E+3	2,994E+3
191,053	0,195	0,000	1,032E+1	2,400E+1	3,000E+3	2,998E+3
192,053	0,195	0,000	1,032E+1	2,400E+1	3,000E+3	2,992E+3
193,054	0,195	0,000	1,033E+1	2,400E+1	3,000E+3	3,006E+3
194,053	0,195	0,000	1,033E+1	2,400E+1	3,000E+3	3,001E+3
195,054	0,195	0,000	1,033E+1	2,400E+1	3,000E+3	3,004E+3
196,053	0,195	0,000	1,032E+1	2,400E+1	3,000E+3	3,002E+3
197,053	0,195	0,000	1,032E+1	2,400E+1	3,000E+3	2,992E+3
198,053	0,195	0,000	1,033E+1	2,400E+1	3,000E+3	3,008E+3
199,053	0,195	0,000	1,034E+1	2,400E+1	3,000E+3	3,008E+3
200,054	0,195	0,000	1,034E+1	2,400E+1	3,000E+3	3,005E+3
201,053	0,195	0,000	1,034E+1	2,400E+1	3,000E+3	2,995E+3
202,054	0,195	0,000	1,035E+1	2,400E+1	3,000E+3	3,000E+3
203,054	0,195	0,000	1,035E+1	2,400E+1	3,000E+3	3,002E+3
204,054	0,195	0,000	1,034E+1	2,400E+1	3,000E+3	3,000E+3
205,055	0,195	0,000	1,034E+1	2,400E+1	3,000E+3	3,020E+3
206,055	0,195	0,000	1,034E+1	2,400E+1	3,000E+3	3,000E+3
207,056	0,195	0,000	1,034E+1	2,400E+1	3,000E+3	3,005E+3
208,055	0,195	0,000	1,034E+1	2,400E+1	3,000E+3	3,009E+3
209,056	0,195	0,000	1,034E+1	2,400E+1	3,000E+3	3,003E+3
210,055	0,195	0,000	1,034E+1	2,400E+1	3,000E+3	3,009E+3
211,055	0,195	0,000	1,035E+1	2,400E+1	3,000E+3	3,004E+3
212,055	0,195	0,000	1,035E+1	2,400E+1	3,000E+3	2,997E+3
213,055	0,195	0,000	1,036E+1	2,400E+1	3,000E+3	2,992E+3
214,056	0,195	0,000	1,035E+1	2,400E+1	3,000E+3	3,000E+3
215,056	0,195	0,000	1,035E+1	2,400E+1	3,000E+3	3,001E+3
216,056	0,195	0,000	1,036E+1	2,400E+1	3,000E+3	3,000E+3
217,057	0,195	0,000	1,036E+1	2,400E+1	3,000E+3	2,992E+3
218,056	0,195	0,000	1,037E+1	2,400E+1	3,000E+3	2,999E+3
219,058	0,195	0,000	1,036E+1	2,400E+1	3,000E+3	3,002E+3
220,057	0,195	0,000	1,036E+1	2,400E+1	3,000E+3	3,007E+3
221,057	0,195	0,000	1,036E+1	2,400E+1	3,000E+3	2,998E+3
222,057	0,195	0,000	1,037E+1	2,400E+1	3,000E+3	2,995E+3
223,057	0,195	0,000	1,037E+1	2,400E+1	3,000E+3	2,997E+3
224,058	0,195	0,000	1,037E+1	2,400E+1	3,000E+3	3,001E+3
225,058	0,195	0,000	1,036E+1	2,400E+1	3,000E+3	3,021E+3
226,058	0,195	0,000	1,036E+1	2,400E+1	3,000E+3	2,992E+3
227,060	0,195	0,000	1,038E+1	2,400E+1	3,000E+3	3,001E+3
228,060	0,195	0,000	1,036E+1	2,400E+1	3,000E+3	3,006E+3
229,061	0,195	0,000	1,036E+1	2,400E+1	3,000E+3	2,997E+3
230,060	0,195	0,000	1,036E+1	2,400E+1	3,000E+3	2,998E+3
231,061	0,195	0,000	1,036E+1	2,400E+1	3,000E+3	2,996E+3
232,062	0,195	0,000	1,036E+1	2,400E+1	3,000E+3	3,000E+3
233,062	0,195	0,000	1,038E+1	2,400E+1	3,000E+3	3,003E+3
234,063	0,195	0,000	1,037E+1	2,400E+1	3,000E+3	3,009E+3
235,062	0,195	0,000	1,037E+1	2,400E+1	3,000E+3	3,006E+3
236,063	0,195	0,000	1,038E+1	2,400E+1	3,000E+3	3,002E+3
237,062	0,195	0,000	1,039E+1	2,400E+1	3,000E+3	3,005E+3
238,062	0,195	0,000	1,039E+1	2,400E+1	3,000E+3	2,997E+3
239,062	0,195	0,000	1,039E+1	2,400E+1	3,000E+3	3,005E+3
240,062	0,195	0,000	1,039E+1	2,400E+1	3,000E+3	2,998E+3
241,063	0,195	0,000	1,039E+1	2,400E+1	3,000E+3	2,997E+3
242,063	0,195	0,000	1,039E+1	2,400E+1	3,000E+3	3,001E+3
243,064	0,195	0,000	1,039E+1	2,400E+1	3,000E+3	2,994E+3
244,064	0,195	0,000	1,039E+1	2,400E+1	3,000E+3	3,013E+3
245,064	0,195	0,000	1,039E+1	2,400E+1	3,000E+3	3,006E+3
246,064	0,195	0,000	1,040E+1	2,400E+1	3,000E+3	3,000E+3
247,065	0,195	0,000	1,040E+1	2,400E+1	3,000E+3	3,002E+3
248,066	0,195	0,000	1,040E+1	2,400E+1	3,000E+3	3,004E+3
249,066	0,195	0,000	1,040E+1	2,400E+1	3,000E+3	3,003E+3
250,067	0,195	0,000	1,040E+1	2,400E+1	3,000E+3	2,995E+3
251,066	0,195	0,000	1,040E+1	2,400E+1	3,000E+3	2,989E+3
252,066	0,195	0,000	1,040E+1	2,400E+1	3,000E+3	3,001E+3
253,068	0,195	0,000	1,040E+1	2,400E+1	3,000E+3	3,012E+3
254,067	0,195	0,000	1,040E+1	2,400E+1	3,000E+3	3,005E+3
255,068	0,195	0,000	1,040E+1	2,400E+1	3,000E+3	2,997E+3
256,067	0,195	0,000	1,040E+1	2,400E+1	3,000E+3	3,007E+3
257,068	0,195	0,000	1,041E+1	2,400E+1	3,000E+3	3,000E+3
258,067	0,195	0,000	1,042E+1	2,400E+1	3,000E+3	3,008E+3
259,067	0,195	0,000	1,042E+1	2,400E+1	3,000E+3	3,004E+3
260,068	0,195	0,000	1,041E+1	2,400E+1	3,000E+3	3,004E+3
261,068	0,195	0,000	1,041E+1	2,400E+1	3,000E+3	3,002E+3
262,070	0,195	0,000	1,041E+1	2,400E+1	3,000E+3	3,001E+3
263,070	0,195	0,000	1,042E+1	2,400E+1	3,000E+3	3,004E+3
264,071	0,195	0,000	1,042E+1	2,400E+1	3,000E+3	2,999E+3
265,070	0,195	0,000	1,042E+1	2,400E+1	3,000E+3	2,994E+3
266,071	0,195	0,000	1,042E+1	2,400E+1	3,000E+3	2,997E+3
267,070	0,195	0,000	1,042E+1	2,400E+1	3,000E+3	3,003E+3
268,071	0,195	0,000	1,043E+1	2,400E+1	3,000E+3	3,004E+3
269,070	0,195	0,000	1,042E+1	2,400E+1	3,000E+3	3,001E+3
270,072	0,195	0,000	1,042E+1	2,400E+1	3,000E+3	2,985E+3
271,072	0,195	0,000	1,043E+1	2,400E+1	3,000E+3	2,998E+3
272,071	0,195	0,000	1,043E+1	2,400E+1	3,000E+3	3,014E+3
273,071	0,195	0,000	1,043E+1	2,400E+1	3,000E+3	3,003E+3
274,071	0,195	0,000	1,043E+1	2,400E+1	3,000E+3	3,001E+3
275,071	0,195	0,000	1,043E+1	2,400E+1	3,000E+3	3,405E+3
276,072	0,195	0,000	1,043E+1	2,400E+1	3,000E+3	3,317E+3
277,071	0,000	0,000	3,000E-1	2,400E+1	3,000E+3	3,035E+3
278,073	0,000	0,000	3,000E-1	2,400E+1	0,000E+0	2,791E+3
279,072	0,000	0,000	3,000E-1	2,400E+1	0,000E+0	2,352E+3
280,072	0,000	0,000	3,000E-1	2,400E+1	0,000E+0	1,873E+3
281,072	0,000	0,000	3,000E-1	2,400E+1	0,000E+0	1,448E+3
282,072	0,000	0,000	3,000E-1	2,400E+1	0,000E+0	0,000E+0
