0,000000	0,000000	0,000000	5,583364E+0
0,000010	0,000000	0,000000	5,583364E+0
0,000010	0,000000	0,000000	5,583364E+0
0,000010	0,000000	0,000000	5,583364E+0
0,000010	0,000000	0,000000	5,583364E+0
0,000010	0,000000	0,000000	5,583364E+0
0,000010	0,000000	0,000000	5,583364E+0
0,000010	0,000000	0,000000	5,583364E+0
0,000010	0,000000	0,000000	5,583364E+0
0,000010	0,000000	0,000000	5,583364E+0
0,000010	0,000000	0,000000	0,000000E+0
1,001710	0,000000	0,000000	0,000000E+0
1,001710	0,000000	0,000000	0,000000E+0
1,001710	0,000000	0,000000	0,000000E+0
1,001710	0,000000	0,000000	0,000000E+0
1,001710	0,000000	0,000000	0,000000E+0
1,001710	0,000000	0,000000	0,000000E+0
1,001710	0,000000	0,000000	0,000000E+0
1,001710	0,000000	0,000000	0,000000E+0
1,001710	0,000000	0,000000	0,000000E+0
1,001710	0,000000	0,000000	0,000000E+0
2,001114	0,000000	0,000000	0,000000E+0
2,001114	0,000000	0,000000	0,000000E+0
2,001114	0,000000	0,000000	0,000000E+0
2,001114	0,000000	0,000000	0,000000E+0
2,001114	0,000000	0,000000	0,000000E+0
2,001114	0,000000	0,000000	0,000000E+0
2,001114	0,000000	0,000000	0,000000E+0
2,001114	0,000000	0,000000	0,000000E+0
2,001114	0,000000	0,000000	0,000000E+0
2,001114	0,000000	0,000000	0,000000E+0
3,001527	0,000000	0,000000	0,000000E+0
3,001527	0,000000	0,000000	0,000000E+0
3,001527	0,000000	0,000000	0,000000E+0
3,001527	0,000000	0,000000	0,000000E+0
3,001527	0,000000	0,000000	0,000000E+0
3,001527	0,000000	0,000000	0,000000E+0
3,001527	0,000000	0,000000	0,000000E+0
3,001527	0,000000	0,000000	0,000000E+0
3,001527	0,000000	0,000000	0,000000E+0
3,001527	0,000000	0,000000	0,000000E+0
4,001951	0,000000	0,000000	0,000000E+0
4,001951	0,000000	0,000000	0,000000E+0
4,001951	0,000000	0,000000	0,000000E+0
4,001951	0,000000	0,000000	0,000000E+0
4,001951	0,000000	0,000000	0,000000E+0
4,001951	0,000000	0,000000	0,000000E+0
4,001951	0,000000	0,000000	0,000000E+0
4,001951	0,000000	0,000000	0,000000E+0
4,001951	0,000000	0,000000	0,000000E+0
4,001951	0,000000	0,000000	0,000000E+0
5,001379	0,000000	0,000000	0,000000E+0
5,001379	0,000000	0,000000	0,000000E+0
5,001379	0,000000	0,000000	0,000000E+0
5,001379	0,000000	0,000000	0,000000E+0
5,001379	0,000000	0,000000	0,000000E+0
5,001379	0,000000	0,000000	0,000000E+0
5,001379	0,000000	0,000000	0,000000E+0
5,001379	0,000000	0,000000	0,000000E+0
5,001379	0,000000	0,000000	0,000000E+0
5,001379	0,000000	0,000000	0,000000E+0
6,001805	0,000000	0,000000	0,000000E+0
6,001805	0,000000	0,000000	0,000000E+0
6,001805	0,000000	0,000000	0,000000E+0
6,001805	0,000000	0,000000	0,000000E+0
6,001805	0,000000	0,000000	0,000000E+0
6,001805	0,000000	0,000000	0,000000E+0
6,001805	0,000000	0,000000	0,000000E+0
6,001805	0,000000	0,000000	0,000000E+0
6,001805	0,000000	0,000000	0,000000E+0
6,001805	0,000000	0,000000	0,000000E+0
7,001229	0,000000	0,000000	0,000000E+0
7,001229	0,000000	0,000000	0,000000E+0
7,001229	0,000000	0,000000	0,000000E+0
7,001229	0,000000	0,000000	0,000000E+0
7,001229	0,000000	0,000000	0,000000E+0
7,001229	0,000000	0,000000	0,000000E+0
7,001229	0,000000	0,000000	0,000000E+0
7,001229	0,000000	0,000000	0,000000E+0
7,001229	0,000000	0,000000	0,000000E+0
7,001229	0,000000	0,000000	0,000000E+0
8,001666	0,000000	0,000000	0,000000E+0
8,001666	0,000000	0,000000	0,000000E+0
8,001666	0,000000	0,000000	0,000000E+0
8,001666	0,000000	0,000000	0,000000E+0
8,001666	0,000000	0,000000	0,000000E+0
8,001666	0,000000	0,000000	0,000000E+0
8,001666	0,000000	0,000000	0,000000E+0
8,001666	0,000000	0,000000	0,000000E+0
8,001666	0,000000	0,000000	0,000000E+0
8,001666	0,000000	0,000000	0,000000E+0
9,001081	0,000000	0,000000	0,000000E+0
9,001081	0,000000	0,000000	0,000000E+0
9,001081	0,000000	0,000000	0,000000E+0
9,001081	0,000000	0,000000	0,000000E+0
9,001081	0,000000	0,000000	0,000000E+0
9,001081	0,000000	0,000000	0,000000E+0
9,001081	0,000000	0,000000	0,000000E+0
9,001081	0,000000	0,000000	0,000000E+0
9,001081	0,000000	0,000000	0,000000E+0
9,001081	0,000000	0,000000	0,000000E+0
10,001516	0,000000	0,000000	0,000000E+0
10,001516	0,000000	0,000000	0,000000E+0
10,001516	0,000000	0,000000	0,000000E+0
10,001516	0,000000	0,000000	0,000000E+0
10,001516	0,000000	0,000000	0,000000E+0
10,001516	0,000000	0,000000	0,000000E+0
10,001516	0,000000	0,000000	0,000000E+0
10,001516	0,000000	0,000000	0,000000E+0
10,001516	0,000000	0,000000	0,000000E+0
10,001516	0,000000	0,000000	0,000000E+0
11,001930	0,000000	0,000000	0,000000E+0
11,001930	0,000000	0,000000	0,000000E+0
11,001930	0,000000	0,000000	0,000000E+0
11,001930	0,000000	0,000000	0,000000E+0
11,001930	0,000000	0,000000	0,000000E+0
11,001930	0,000000	0,000000	0,000000E+0
11,001930	0,000000	0,000000	0,000000E+0
11,001930	0,000000	0,000000	0,000000E+0
11,001930	0,000000	0,000000	0,000000E+0
11,001930	0,000000	0,000000	0,000000E+0
12,002360	0,000000	0,000000	0,000000E+0
12,002360	0,000000	0,000000	0,000000E+0
12,002360	0,000000	0,000000	0,000000E+0
12,002360	0,000000	0,000000	0,000000E+0
12,002360	0,000000	0,000000	0,000000E+0
12,002360	0,000000	0,000000	0,000000E+0
12,002360	0,000000	0,000000	0,000000E+0
12,002360	0,000000	0,000000	0,000000E+0
12,002360	0,000000	0,000000	0,000000E+0
12,002360	0,000000	0,000000	0,000000E+0
13,002782	0,000000	0,000000	0,000000E+0
13,002782	0,000000	0,000000	0,000000E+0
13,002782	0,000000	0,000000	0,000000E+0
13,002782	0,000000	0,000000	0,000000E+0
13,002782	0,000000	0,000000	0,000000E+0
13,002782	0,000000	0,000000	0,000000E+0
13,002782	0,000000	0,000000	0,000000E+0
13,002782	0,000000	0,000000	0,000000E+0
13,002782	0,000000	0,000000	0,000000E+0
13,002782	0,000000	0,000000	0,000000E+0
14,003202	0,000000	0,000000	0,000000E+0
14,003202	0,000000	0,000000	0,000000E+0
14,003202	0,000000	0,000000	0,000000E+0
14,003202	0,000000	0,000000	0,000000E+0
14,003202	0,000000	0,000000	0,000000E+0
14,003202	0,000000	0,000000	0,000000E+0
14,003202	0,000000	0,000000	0,000000E+0
14,003202	0,000000	0,000000	0,000000E+0
14,003202	0,000000	0,000000	0,000000E+0
14,003202	0,000000	0,000000	0,000000E+0
15,004632	0,000000	0,000000	0,000000E+0
15,004632	0,000000	0,000000	0,000000E+0
15,004632	0,000000	0,000000	0,000000E+0
15,004632	0,000000	0,000000	0,000000E+0
15,004632	0,000000	0,000000	0,000000E+0
15,004632	0,000000	0,000000	0,000000E+0
15,004632	0,000000	0,000000	0,000000E+0
15,004632	0,000000	0,000000	0,000000E+0
15,004632	0,000000	0,000000	0,000000E+0
15,004632	0,000000	0,000000	0,000000E+0
16,004280	0,000000	0,000000	0,000000E+0
16,004280	0,000000	0,000000	0,000000E+0
16,004280	0,000000	0,000000	0,000000E+0
16,004280	0,000000	0,000000	0,000000E+0
16,004280	0,000000	0,000000	0,000000E+0
16,004280	0,000000	0,000000	0,000000E+0
16,004280	0,000000	0,000000	0,000000E+0
16,004280	0,000000	0,000000	0,000000E+0
16,004280	0,000000	0,000000	0,000000E+0
16,004280	0,000000	0,000000	0,000000E+0
17,004705	0,000000	0,000000	0,000000E+0
17,004705	0,000000	0,000000	0,000000E+0
17,004705	0,000000	0,000000	0,000000E+0
17,004705	0,000000	0,000000	0,000000E+0
17,004705	0,000000	0,000000	0,000000E+0
17,004705	0,000000	0,000000	0,000000E+0
17,004705	0,000000	0,000000	0,000000E+0
17,004705	0,000000	0,000000	0,000000E+0
17,004705	0,000000	0,000000	0,000000E+0
17,004705	0,000000	0,000000	0,000000E+0
18,004132	0,000000	0,000000	0,000000E+0
18,004132	0,000000	0,000000	0,000000E+0
18,004132	0,000000	0,000000	0,000000E+0
18,004132	0,000000	0,000000	0,000000E+0
18,004132	0,000000	0,000000	0,000000E+0
18,004132	0,000000	0,000000	0,000000E+0
18,004132	0,000000	0,000000	0,000000E+0
18,004132	0,000000	0,000000	0,000000E+0
18,004132	0,000000	0,000000	0,000000E+0
18,004132	0,000000	0,000000	0,000000E+0
19,004562	0,000000	0,000000	0,000000E+0
19,004562	0,000000	0,000000	0,000000E+0
19,004562	0,000000	0,000000	0,000000E+0
19,004562	0,000000	0,000000	0,000000E+0
19,004562	0,000000	0,000000	0,000000E+0
19,004562	0,000000	0,000000	0,000000E+0
19,004562	0,000000	0,000000	0,000000E+0
19,004562	0,000000	0,000000	0,000000E+0
19,004562	0,000000	0,000000	0,000000E+0
19,004562	0,000000	0,000000	0,000000E+0
20,003992	0,000000	0,000000	0,000000E+0
20,003992	0,000000	0,000000	0,000000E+0
20,003992	0,000000	0,000000	0,000000E+0
20,003992	0,000000	0,000000	0,000000E+0
20,003992	0,000000	0,000000	0,000000E+0
20,003992	0,000000	0,000000	0,000000E+0
20,003992	0,000000	0,000000	0,000000E+0
20,003992	0,000000	0,000000	0,000000E+0
20,003992	0,000000	0,000000	0,000000E+0
20,003992	0,000000	0,000000	0,000000E+0
21,004420	0,000000	0,000000	0,000000E+0
21,004420	0,000000	0,000000	0,000000E+0
21,004420	0,000000	0,000000	0,000000E+0
21,004420	0,000000	0,000000	0,000000E+0
21,004420	0,000000	0,000000	0,000000E+0
21,004420	0,000000	0,000000	0,000000E+0
21,004420	0,000000	0,000000	0,000000E+0
21,004420	0,000000	0,000000	0,000000E+0
21,004420	0,000000	0,000000	0,000000E+0
21,004420	0,000000	0,000000	0,000000E+0
22,004832	0,000000	0,000000	0,000000E+0
22,004832	0,000000	0,000000	0,000000E+0
22,004832	0,000000	0,000000	0,000000E+0
22,004832	0,000000	0,000000	0,000000E+0
22,004832	0,000000	0,000000	0,000000E+0
22,004832	0,000000	0,000000	0,000000E+0
22,004832	0,000000	0,000000	0,000000E+0
22,004832	0,000000	0,000000	0,000000E+0
22,004832	0,000000	0,000000	0,000000E+0
22,004832	0,000000	0,000000	0,000000E+0
23,004260	0,000000	0,000000	0,000000E+0
23,004260	0,000000	0,000000	0,000000E+0
23,004260	0,000000	0,000000	0,000000E+0
23,004260	0,000000	0,000000	0,000000E+0
23,004260	0,000000	0,000000	0,000000E+0
23,004260	0,000000	0,000000	0,000000E+0
23,004260	0,000000	0,000000	0,000000E+0
23,004260	0,000000	0,000000	0,000000E+0
23,004260	0,000000	0,000000	0,000000E+0
23,004260	0,000000	0,000000	0,000000E+0
24,005684	0,000000	0,000000	0,000000E+0
24,005684	0,000000	0,000000	0,000000E+0
24,005684	0,000000	0,000000	0,000000E+0
24,005684	0,000000	0,000000	0,000000E+0
24,005684	0,000000	0,000000	0,000000E+0
24,005684	0,000000	0,000000	0,000000E+0
24,005684	0,000000	0,000000	0,000000E+0
24,005684	0,000000	0,000000	0,000000E+0
24,005684	0,000000	0,000000	0,000000E+0
24,005684	0,000000	0,000000	0,000000E+0
25,006104	0,000000	0,000000	0,000000E+0
25,006104	0,000000	0,000000	0,000000E+0
25,006104	0,000000	0,000000	0,000000E+0
25,006104	0,000000	0,000000	0,000000E+0
25,006104	0,000000	0,000000	0,000000E+0
25,006104	0,000000	0,000000	0,000000E+0
25,006104	0,000000	0,000000	0,000000E+0
25,006104	0,000000	0,000000	0,000000E+0
25,006104	0,000000	0,000000	0,000000E+0
25,006104	0,000000	0,000000	0,000000E+0
26,006542	0,000000	0,000000	0,000000E+0
26,006542	0,000000	0,000000	0,000000E+0
26,006542	0,000000	0,000000	0,000000E+0
26,006542	0,000000	0,000000	0,000000E+0
26,006542	0,000000	0,000000	0,000000E+0
26,006542	0,000000	0,000000	0,000000E+0
26,006542	0,000000	0,000000	0,000000E+0
26,006542	0,000000	0,000000	0,000000E+0
26,006542	0,000000	0,000000	0,000000E+0
26,006542	0,000000	0,000000	0,000000E+0
27,006958	0,000000	0,000000	0,000000E+0
27,006958	0,000000	0,000000	0,000000E+0
27,006958	0,000000	0,000000	0,000000E+0
27,006958	0,000000	0,000000	0,000000E+0
27,006958	0,000000	0,000000	0,000000E+0
27,006958	0,000000	0,000000	0,000000E+0
27,006958	0,000000	0,000000	0,000000E+0
27,006958	0,000000	0,000000	0,000000E+0
27,006958	0,000000	0,000000	0,000000E+0
27,006958	0,000000	0,000000	0,000000E+0
28,006394	0,000000	0,000000	0,000000E+0
28,006394	0,000000	0,000000	0,000000E+0
28,006394	0,000000	0,000000	0,000000E+0
28,006394	0,000000	0,000000	0,000000E+0
28,006394	0,000000	0,000000	0,000000E+0
28,006394	0,000000	0,000000	0,000000E+0
28,006394	0,000000	0,000000	0,000000E+0
28,006394	0,000000	0,000000	0,000000E+0
28,006394	0,000000	0,000000	0,000000E+0
28,006394	0,000000	0,000000	0,000000E+0
29,006821	0,000000	0,000000	0,000000E+0
29,006821	0,000000	0,000000	0,000000E+0
29,006821	0,000000	0,000000	0,000000E+0
29,006821	0,000000	0,000000	0,000000E+0
29,006821	0,000000	0,000000	0,000000E+0
29,006821	0,000000	0,000000	0,000000E+0
29,006821	0,000000	0,000000	0,000000E+0
29,006821	0,000000	0,000000	0,000000E+0
29,006821	0,000000	0,000000	0,000000E+0
29,006821	0,000000	0,000000	0,000000E+0
30,006274	0,000000	0,000000	0,000000E+0
30,006274	0,000000	0,000000	0,000000E+0
30,006274	0,000000	0,000000	0,000000E+0
30,006274	0,000000	0,000000	0,000000E+0
30,006274	0,000000	0,000000	0,000000E+0
30,006274	0,000000	0,000000	0,000000E+0
30,006274	0,000000	0,000000	0,000000E+0
30,006274	0,000000	0,000000	0,000000E+0
30,006274	0,000000	0,000000	0,000000E+0
30,006274	0,000000	0,000000	0,000000E+0
31,006666	0,000000	0,000000	0,000000E+0
31,006666	0,000000	0,000000	0,000000E+0
31,006666	0,000000	0,000000	0,000000E+0
31,006666	0,000000	0,000000	0,000000E+0
31,006666	0,000000	0,000000	0,000000E+0
31,006666	0,000000	0,000000	0,000000E+0
31,006666	0,000000	0,000000	0,000000E+0
31,006666	0,000000	0,000000	0,000000E+0
31,006666	0,000000	0,000000	0,000000E+0
31,006666	0,000000	0,000000	0,000000E+0
32,006126	0,000000	0,000000	0,000000E+0
32,006126	0,000000	0,000000	0,000000E+0
32,006126	0,000000	0,000000	0,000000E+0
32,006126	0,000000	0,000000	0,000000E+0
32,006126	0,000000	0,000000	0,000000E+0
32,006126	0,000000	0,000000	0,000000E+0
32,006126	0,000000	0,000000	0,000000E+0
32,006126	0,000000	0,000000	0,000000E+0
32,006126	0,000000	0,000000	0,000000E+0
32,006126	0,000000	0,000000	0,000000E+0
33,006514	0,000000	0,000000	0,000000E+0
33,006514	0,000000	0,000000	0,000000E+0
33,006514	0,000000	0,000000	0,000000E+0
33,006514	0,000000	0,000000	0,000000E+0
33,006514	0,000000	0,000000	0,000000E+0
33,006514	0,000000	0,000000	0,000000E+0
33,006514	0,000000	0,000000	0,000000E+0
33,006514	0,000000	0,000000	0,000000E+0
33,006514	0,000000	0,000000	0,000000E+0
33,006514	0,000000	0,000000	0,000000E+0
34,006935	0,000000	0,000000	0,000000E+0
34,006935	0,000000	0,000000	0,000000E+0
34,006935	0,000000	0,000000	0,000000E+0
34,006935	0,000000	0,000000	0,000000E+0
34,006935	0,000000	0,000000	0,000000E+0
34,006935	0,000000	0,000000	0,000000E+0
34,006935	0,000000	0,000000	0,000000E+0
34,006935	0,000000	0,000000	0,000000E+0
34,006935	0,000000	0,000000	0,000000E+0
34,006935	0,000000	0,000000	0,000000E+0
35,006364	0,000000	0,000000	0,000000E+0
35,006364	0,000000	0,000000	0,000000E+0
35,006364	0,000000	0,000000	0,000000E+0
35,006364	0,000000	0,000000	0,000000E+0
35,006364	0,000000	0,000000	0,000000E+0
35,006364	0,000000	0,000000	0,000000E+0
35,006364	0,000000	0,000000	0,000000E+0
35,006364	0,000000	0,000000	0,000000E+0
35,006364	0,000000	0,000000	0,000000E+0
35,006364	0,000000	0,000000	0,000000E+0
36,007793	0,000000	0,000000	0,000000E+0
36,007793	0,000000	0,000000	0,000000E+0
36,007793	0,000000	0,000000	0,000000E+0
36,007793	0,000000	0,000000	0,000000E+0
36,007793	0,000000	0,000000	0,000000E+0
36,007793	0,000000	0,000000	0,000000E+0
36,007793	0,000000	0,000000	0,000000E+0
36,007793	0,000000	0,000000	0,000000E+0
36,007793	0,000000	0,000000	0,000000E+0
36,007793	0,000000	0,000000	0,000000E+0
37,007217	0,000000	0,000000	0,000000E+0
37,007217	0,000000	0,000000	0,000000E+0
37,007217	0,000000	0,000000	0,000000E+0
37,007217	0,000000	0,000000	0,000000E+0
37,007217	0,000000	0,000000	0,000000E+0
37,007217	0,000000	0,000000	0,000000E+0
37,007217	0,000000	0,000000	0,000000E+0
37,007217	0,000000	0,000000	0,000000E+0
37,007217	0,000000	0,000000	0,000000E+0
37,007217	0,000000	0,000000	0,000000E+0
38,008639	0,000000	0,000000	0,000000E+0
38,008639	0,000000	0,000000	0,000000E+0
38,008639	0,000000	0,000000	0,000000E+0
38,008639	0,000000	0,000000	0,000000E+0
38,008639	0,000000	0,000000	0,000000E+0
38,008639	0,000000	0,000000	0,000000E+0
38,008639	0,000000	0,000000	0,000000E+0
38,008639	0,000000	0,000000	0,000000E+0
38,008639	0,000000	0,000000	0,000000E+0
38,008639	0,000000	0,000000	0,000000E+0
39,009056	0,000000	0,000000	0,000000E+0
39,009056	0,000000	0,000000	0,000000E+0
39,009056	0,000000	0,000000	0,000000E+0
39,009056	0,000000	0,000000	0,000000E+0
39,009056	0,000000	0,000000	0,000000E+0
39,009056	0,000000	0,000000	0,000000E+0
39,009056	0,000000	0,000000	0,000000E+0
39,009056	0,000000	0,000000	0,000000E+0
39,009056	0,000000	0,000000	0,000000E+0
39,009056	0,000000	0,000000	0,000000E+0
40,009485	0,000000	0,000000	0,000000E+0
40,009485	0,000000	0,000000	0,000000E+0
40,009485	0,000000	0,000000	0,000000E+0
40,009485	0,000000	0,000000	0,000000E+0
40,009485	0,000000	0,000000	0,000000E+0
40,009485	0,000000	0,000000	0,000000E+0
40,009485	0,000000	0,000000	0,000000E+0
40,009485	0,000000	0,000000	0,000000E+0
40,009485	0,000000	0,000000	0,000000E+0
40,009485	0,000000	0,000000	0,000000E+0
41,009922	0,000000	0,000000	0,000000E+0
41,009922	0,000000	0,000000	0,000000E+0
41,009922	0,000000	0,000000	0,000000E+0
41,009922	0,000000	0,000000	0,000000E+0
41,009922	0,000000	0,000000	0,000000E+0
41,009922	0,000000	0,000000	0,000000E+0
41,009922	0,000000	0,000000	0,000000E+0
41,009922	0,000000	0,000000	0,000000E+0
41,009922	0,000000	0,000000	0,000000E+0
41,009922	0,000000	0,000000	0,000000E+0
42,009354	0,000000	0,000000	0,000000E+0
42,009354	0,000000	0,000000	0,000000E+0
42,009354	0,000000	0,000000	0,000000E+0
42,009354	0,000000	0,000000	0,000000E+0
42,009354	0,000000	0,000000	0,000000E+0
42,009354	0,000000	0,000000	0,000000E+0
42,009354	0,000000	0,000000	0,000000E+0
42,009354	0,000000	0,000000	0,000000E+0
42,009354	0,000000	0,000000	0,000000E+0
42,009354	0,000000	0,000000	0,000000E+0
43,009774	0,000000	0,000000	0,000000E+0
43,009774	0,000000	0,000000	0,000000E+0
43,009774	0,000000	0,000000	0,000000E+0
43,009774	0,000000	0,000000	0,000000E+0
43,009774	0,000000	0,000000	0,000000E+0
43,009774	0,000000	0,000000	0,000000E+0
43,009774	0,000000	0,000000	0,000000E+0
43,009774	0,000000	0,000000	0,000000E+0
43,009774	0,000000	0,000000	0,000000E+0
43,009774	0,000000	0,000000	0,000000E+0
44,009208	0,000000	0,000000	0,000000E+0
44,009208	0,000000	0,000000	0,000000E+0
44,009208	0,000000	0,000000	0,000000E+0
44,009208	0,000000	0,000000	0,000000E+0
44,009208	0,000000	0,000000	0,000000E+0
44,009208	0,000000	0,000000	0,000000E+0
44,009208	0,000000	0,000000	0,000000E+0
44,009208	0,000000	0,000000	0,000000E+0
44,009208	0,000000	0,000000	0,000000E+0
44,009208	0,000000	0,000000	0,000000E+0
45,009606	0,000000	0,000000	0,000000E+0
45,009606	0,000000	0,000000	0,000000E+0
45,009606	0,000000	0,000000	0,000000E+0
45,009606	0,000000	0,000000	0,000000E+0
45,009606	0,000000	0,000000	0,000000E+0
45,009606	0,000000	0,000000	0,000000E+0
45,009606	0,000000	0,000000	0,000000E+0
45,009606	0,000000	0,000000	0,000000E+0
45,009606	0,000000	0,000000	0,000000E+0
45,009606	0,000000	0,000000	0,000000E+0
46,009060	0,000000	0,000000	0,000000E+0
46,009060	0,000000	0,000000	0,000000E+0
46,009060	0,000000	0,000000	0,000000E+0
46,009060	0,000000	0,000000	0,000000E+0
46,009060	0,000000	0,000000	0,000000E+0
46,009060	0,000000	0,000000	0,000000E+0
46,009060	0,000000	0,000000	0,000000E+0
46,009060	0,000000	0,000000	0,000000E+0
46,009060	0,000000	0,000000	0,000000E+0
46,009060	0,000000	0,000000	0,000000E+0
47,009464	0,000000	0,000000	0,000000E+0
47,009464	0,000000	0,000000	0,000000E+0
47,009464	0,000000	0,000000	0,000000E+0
47,009464	0,000000	0,000000	0,000000E+0
47,009464	0,000000	0,000000	0,000000E+0
47,009464	0,000000	0,000000	0,000000E+0
47,009464	0,000000	0,000000	0,000000E+0
47,009464	0,000000	0,000000	0,000000E+0
47,009464	0,000000	0,000000	0,000000E+0
47,009464	0,000000	0,000000	0,000000E+0
48,009898	0,000000	0,000000	0,000000E+0
48,009898	0,000000	0,000000	0,000000E+0
48,009898	0,000000	0,000000	0,000000E+0
48,009898	0,000000	0,000000	0,000000E+0
48,009898	11,600000	0,000000	0,000000E+0
48,009898	11,600000	0,000000	0,000000E+0
48,009898	11,600000	0,000000	0,000000E+0
48,009898	11,600000	0,000000	0,000000E+0
48,009898	11,600000	0,000000	0,000000E+0
48,009898	11,600000	0,000000	0,000000E+0
49,009339	11,600000	0,000000	0,000000E+0
49,009339	11,600000	0,000000	0,000000E+0
49,009339	11,600000	0,000000	0,000000E+0
49,009339	11,600000	0,000000	0,000000E+0
49,009339	103,800003	0,000000	0,000000E+0
49,009339	103,800003	0,000000	0,000000E+0
49,009339	103,800003	0,000000	0,000000E+0
49,009339	103,800003	0,000000	0,000000E+0
49,009339	103,800003	0,000000	0,000000E+0
49,009339	103,800003	0,000000	0,000000E+0
50,009756	103,800003	0,000000	0,000000E+0
50,009756	103,800003	0,000000	0,000000E+0
50,009756	103,800003	0,000000	0,000000E+0
50,009756	103,800003	0,000000	0,000000E+0
50,009756	29,799999	0,000000	0,000000E+0
50,009756	29,799999	0,000000	0,000000E+0
50,009756	29,799999	0,000000	0,000000E+0
50,009756	29,799999	0,000000	0,000000E+0
50,009756	29,799999	0,000000	0,000000E+0
50,009756	29,799999	0,000000	0,000000E+0
51,009162	29,799999	0,000000	0,000000E+0
51,009162	29,799999	0,000000	0,000000E+0
51,009162	29,799999	0,000000	0,000000E+0
51,009162	29,799999	0,000000	0,000000E+0
51,009162	29,799999	0,000000	0,000000E+0
51,009162	0,000000	0,000000	0,000000E+0
51,009162	0,000000	0,000000	0,000000E+0
51,009162	0,000000	0,000000	0,000000E+0
51,009162	0,000000	0,000000	0,000000E+0
51,009162	0,000000	0,000000	0,000000E+0
52,009585	0,000000	0,000000	0,000000E+0
52,009585	0,000000	0,000000	0,000000E+0
52,009585	0,000000	0,000000	0,000000E+0
52,009585	0,000000	0,000000	0,000000E+0
52,009585	0,000000	0,000000	0,000000E+0
52,009585	0,000000	0,000000	0,000000E+0
52,009585	0,000000	0,000000	0,000000E+0
52,009585	0,000000	0,000000	0,000000E+0
52,009585	0,000000	0,000000	0,000000E+0
52,009585	0,000000	0,000000	0,000000E+0
53,009044	0,000000	0,000000	0,000000E+0
53,009044	0,000000	0,000000	0,000000E+0
53,009044	0,000000	0,000000	0,000000E+0
53,009044	0,000000	0,000000	0,000000E+0
53,009044	0,000000	0,000000	0,000000E+0
53,009044	0,000000	0,000000	0,000000E+0
53,009044	0,000000	0,000000	0,000000E+0
53,009044	0,000000	0,000000	0,000000E+0
53,009044	17,299999	0,000000	0,000000E+0
53,009044	17,299999	0,000000	0,000000E+0
54,009465	17,299999	0,000000	0,000000E+0
54,009465	17,299999	0,000000	0,000000E+0
54,009465	17,299999	0,000000	0,000000E+0
54,009465	17,299999	0,000000	0,000000E+0
54,009465	17,299999	0,000000	0,000000E+0
54,009465	17,299999	0,000000	0,000000E+0
54,009465	17,299999	0,000000	0,000000E+0
54,009465	17,299999	0,000000	0,000000E+0
54,009465	112,900002	0,000000	0,000000E+0
54,009465	112,900002	0,000000	0,000000E+0
55,010885	112,900002	0,000000	0,000000E+0
55,010885	112,900002	0,000000	0,000000E+0
55,010885	112,900002	0,000000	0,000000E+0
55,010885	112,900002	0,000000	0,000000E+0
55,010885	112,900002	0,000000	0,000000E+0
55,010885	112,900002	0,000000	0,000000E+0
55,010885	112,900002	0,000000	0,000000E+0
55,010885	112,900002	0,000000	0,000000E+0
55,010885	39,599998	0,000000	0,000000E+0
55,010885	39,599998	0,000000	0,000000E+0
56,010312	39,599998	0,000000	0,000000E+0
56,010312	39,599998	0,000000	0,000000E+0
56,010312	39,599998	0,000000	0,000000E+0
56,010312	39,599998	0,000000	0,000000E+0
56,010312	39,599998	0,000000	0,000000E+0
56,010312	39,599998	0,000000	0,000000E+0
56,010312	39,599998	0,000000	0,000000E+0
56,010312	39,599998	0,000000	0,000000E+0
56,010312	39,599998	0,000000	0,000000E+0
56,010312	95,199997	0,000000	0,000000E+0
57,010712	95,199997	0,000000	0,000000E+0
57,010712	95,199997	0,000000	0,000000E+0
57,010712	95,199997	0,000000	0,000000E+0
57,010712	95,199997	0,000000	0,000000E+0
57,010712	95,199997	0,000000	0,000000E+0
57,010712	95,199997	0,000000	0,000000E+0
57,010712	95,199997	0,000000	0,000000E+0
57,010712	95,199997	0,000000	0,000000E+0
57,010712	95,199997	0,000000	0,000000E+0
57,010712	95,199997	0,000000	0,000000E+0
58,010173	95,199997	0,000000	0,000000E+0
58,010173	95,199997	0,000000	0,000000E+0
58,010173	95,199997	0,000000	0,000000E+0
58,010173	95,199997	0,000000	0,000000E+0
58,010173	20,000000	0,000000	0,000000E+0
58,010173	20,000000	0,000000	0,000000E+0
58,010173	20,000000	0,000000	0,000000E+0
58,010173	20,000000	0,000000	0,000000E+0
58,010173	20,000000	0,000000	0,000000E+0
58,010173	20,000000	0,000000	0,000000E+0
59,010562	20,000000	0,000000	0,000000E+0
59,010562	20,000000	0,000000	0,000000E+0
59,010562	20,000000	0,000000	0,000000E+0
59,010562	26,100000	0,000000	0,000000E+0
59,010562	26,100000	0,000000	0,000000E+0
59,010562	26,100000	0,000000	0,000000E+0
59,010562	26,100000	0,000000	0,000000E+0
59,010562	26,100000	0,000000	0,000000E+0
59,010562	26,100000	0,000000	0,000000E+0
59,010562	26,100000	0,000000	0,000000E+0
60,009996	26,100000	0,000000	0,000000E+0
60,009996	26,100000	0,000000	0,000000E+0
60,009996	26,100000	0,000000	0,000000E+0
60,009996	37,799999	0,000000	0,000000E+0
60,009996	37,799999	0,000000	0,000000E+0
60,009996	37,799999	0,000000	0,000000E+0
60,009996	37,799999	0,000000	0,000000E+0
60,009996	37,799999	0,000000	0,000000E+0
60,009996	37,799999	0,000000	0,000000E+0
60,009996	37,799999	0,000000	0,000000E+0
61,010418	37,799999	0,000000	0,000000E+0
61,010418	37,799999	0,000000	0,000000E+0
61,010418	37,799999	0,000000	0,000000E+0
61,010418	30,600000	0,000000	0,000000E+0
61,010418	30,600000	0,000000	0,000000E+0
61,010418	30,600000	0,000000	0,000000E+0
61,010418	30,600000	0,000000	0,000000E+0
61,010418	30,600000	0,000000	0,000000E+0
61,010418	30,600000	0,000000	0,000000E+0
61,010418	30,600000	0,000000	0,000000E+0
62,010847	30,600000	0,000000	0,000000E+0
62,010847	30,600000	0,000000	0,000000E+0
62,010847	30,600000	0,000000	0,000000E+0
62,010847	30,600000	0,000000	0,000000E+0
62,010847	30,600000	0,000000	0,000000E+0
62,010847	30,600000	0,000000	0,000000E+0
62,010847	30,600000	0,000000	0,000000E+0
62,010847	30,000000	0,000000	0,000000E+0
62,010847	30,000000	0,000000	0,000000E+0
62,010847	30,000000	0,000000	0,000000E+0
63,011271	30,000000	0,000000	0,000000E+0
63,011271	30,000000	0,000000	0,000000E+0
63,011271	30,000000	0,000000	0,000000E+0
63,011271	30,000000	0,000000	0,000000E+0
63,011271	30,000000	0,000000	0,000000E+0
63,011271	30,000000	0,000000	0,000000E+0
63,011271	30,000000	0,000000	0,000000E+0
63,011271	30,000000	0,000000	0,000000E+0
63,011271	31,200001	0,000000	0,000000E+0
63,011271	31,200001	0,000000	0,000000E+0
64,011708	31,200001	0,000000	0,000000E+0
64,011708	31,200001	0,000000	0,000000E+0
64,011708	31,200001	0,000000	0,000000E+0
64,011708	31,200001	0,000000	0,000000E+0
64,011708	31,200001	0,000000	0,000000E+0
64,011708	31,200001	0,000000	0,000000E+0
64,011708	31,200001	0,000000	0,000000E+0
64,011708	31,200001	0,000000	0,000000E+0
64,011708	31,200001	0,000000	0,000000E+0
64,011708	30,299999	0,000000	0,000000E+0
65,011131	30,299999	0,000000	0,000000E+0
65,011131	30,299999	0,000000	0,000000E+0
65,011131	30,299999	0,000000	0,000000E+0
65,011131	30,299999	0,000000	0,000000E+0
65,011131	30,299999	0,000000	0,000000E+0
65,011131	30,299999	0,000000	0,000000E+0
65,011131	30,299999	0,000000	0,000000E+0
65,011131	30,299999	0,000000	0,000000E+0
65,011131	30,299999	0,000000	0,000000E+0
65,011131	30,500000	0,000000	0,000000E+0
66,012559	30,500000	0,000000	0,000000E+0
66,012559	30,500000	0,000000	0,000000E+0
66,012559	30,500000	0,000000	0,000000E+0
66,012559	30,500000	0,000000	0,000000E+0
66,012559	30,500000	0,000000	0,000000E+0
66,012559	30,500000	0,000000	0,000000E+0
66,012559	30,500000	0,000000	0,000000E+0
66,012559	30,500000	0,000000	0,000000E+0
66,012559	30,500000	0,000000	0,000000E+0
66,012559	30,500000	0,000000	0,000000E+0
67,012981	30,500000	0,000000	0,000000E+0
67,012981	30,500000	0,000000	0,000000E+0
67,012981	30,500000	0,000000	0,000000E+0
67,012981	30,500000	0,000000	0,000000E+0
67,012981	30,500000	0,000000	0,000000E+0
67,012981	30,500000	0,000000	0,000000E+0
67,012981	30,500000	0,000000	0,000000E+0
67,012981	30,500000	0,000000	0,000000E+0
67,012981	30,500000	0,000000	0,000000E+0
67,012981	30,500000	0,000000	0,000000E+0
68,012417	30,299999	0,000000	0,000000E+0
68,012417	30,299999	0,000000	0,000000E+0
68,012417	30,299999	0,000000	0,000000E+0
68,012417	30,299999	0,000000	0,000000E+0
68,012417	30,299999	0,000000	0,000000E+0
68,012417	30,299999	0,000000	0,000000E+0
68,012417	30,299999	0,000000	0,000000E+0
68,012417	30,299999	0,000000	0,000000E+0
68,012417	30,299999	0,000000	0,000000E+0
68,012417	30,299999	0,000000	0,000000E+0
69,012824	30,299999	0,000000	0,000000E+0
69,012824	30,299999	0,000000	0,000000E+0
69,012824	30,299999	0,000000	0,000000E+0
69,012824	30,299999	0,000000	0,000000E+0
69,012824	30,299999	0,000000	0,000000E+0
69,012824	30,299999	0,000000	0,000000E+0
69,012824	31,200001	0,000000	0,000000E+0
69,012824	31,200001	0,000000	0,000000E+0
69,012824	31,200001	0,000000	0,000000E+0
69,012824	31,200001	0,000000	0,000000E+0
70,012257	31,200001	0,000000	0,000000E+0
70,012257	31,200001	0,000000	0,000000E+0
70,012257	31,200001	0,000000	0,000000E+0
70,012257	31,200001	0,000000	0,000000E+0
70,012257	31,200001	0,000000	0,000000E+0
70,012257	31,200001	0,000000	0,000000E+0
70,012257	30,900000	0,000000	0,000000E+0
70,012257	30,900000	0,000000	0,000000E+0
70,012257	30,900000	0,000000	0,000000E+0
70,012257	30,900000	0,000000	0,000000E+0
71,012671	30,900000	0,000000	0,000000E+0
71,012671	30,900000	0,000000	0,000000E+0
71,012671	30,900000	0,000000	0,000000E+0
71,012671	30,900000	0,000000	0,000000E+0
71,012671	30,900000	0,000000	0,000000E+0
71,012671	30,900000	0,000000	0,000000E+0
71,012671	30,900000	0,000000	0,000000E+0
71,012671	30,200001	0,000000	0,000000E+0
71,012671	30,200001	0,000000	0,000000E+0
71,012671	30,200001	0,000000	0,000000E+0
72,012095	30,200001	0,000000	0,000000E+0
72,012095	30,200001	0,000000	0,000000E+0
72,012095	30,200001	0,000000	0,000000E+0
72,012095	30,200001	0,000000	0,000000E+0
72,012095	30,200001	0,000000	0,000000E+0
72,012095	30,200001	0,000000	0,000000E+0
72,012095	30,400000	0,000000	0,000000E+0
72,012095	30,400000	0,000000	0,000000E+0
72,012095	30,400000	0,000000	0,000000E+0
72,012095	30,400000	0,000000	0,000000E+0
73,012548	30,400000	0,000000	0,000000E+0
73,012548	30,400000	0,000000	0,000000E+0
73,012548	30,400000	0,000000	0,000000E+0
73,012548	30,400000	0,000000	0,000000E+0
73,012548	30,400000	0,000000	0,000000E+0
73,012548	30,400000	0,000000	0,000000E+0
73,012548	30,400000	0,000000	0,000000E+0
73,012548	30,400000	0,000000	0,000000E+0
73,012548	30,400000	0,000000	0,000000E+0
73,012548	30,200001	0,000000	0,000000E+0
74,012955	30,200001	0,000000	0,000000E+0
74,012955	30,200001	0,000000	0,000000E+0
74,012955	30,200001	0,000000	0,000000E+0
74,012955	30,200001	0,000000	0,000000E+0
74,012955	30,200001	0,000000	0,000000E+0
74,012955	30,200001	0,000000	0,000000E+0
74,012955	30,200001	0,000000	0,000000E+0
74,012955	30,200001	0,000000	0,000000E+0
74,012955	30,200001	0,000000	0,000000E+0
74,012955	30,200001	0,000000	0,000000E+0
75,012409	30,100000	0,000000	0,000000E+0
75,012409	30,100000	0,000000	0,000000E+0
75,012409	30,100000	0,000000	0,000000E+0
75,012409	30,100000	0,000000	0,000000E+0
75,012409	30,100000	0,000000	0,000000E+0
75,012409	30,100000	0,000000	0,000000E+0
75,012409	30,100000	0,000000	0,000000E+0
75,012409	30,100000	0,000000	0,000000E+0
75,012409	30,100000	0,000000	0,000000E+0
75,012409	30,100000	0,000000	0,000000E+0
76,012413	30,200001	0,000000	0,000000E+0
76,012413	30,200001	0,000000	0,000000E+0
76,012413	30,200001	0,000000	0,000000E+0
76,012413	30,200001	0,000000	0,000000E+0
76,012413	30,200001	0,000000	0,000000E+0
76,012413	30,200001	0,000000	0,000000E+0
76,012413	30,200001	0,000000	0,000000E+0
76,012413	30,200001	0,000000	0,000000E+0
76,012413	30,200001	0,000000	0,000000E+0
76,012413	30,200001	0,000000	0,000000E+0
77,012830	30,200001	0,000000	0,000000E+0
77,012830	30,200001	0,000000	0,000000E+0
77,012830	30,200001	0,000000	0,000000E+0
77,012830	30,200001	0,000000	0,000000E+0
77,012830	30,200001	0,000000	0,000000E+0
77,012830	30,200001	0,000000	0,000000E+0
77,012830	30,200001	0,000000	0,000000E+0
77,012830	30,200001	0,000000	0,000000E+0
77,012830	30,200001	0,000000	0,000000E+0
77,012830	30,200001	0,000000	0,000000E+0
78,012266	30,100000	0,000000	0,000000E+0
78,012266	30,100000	0,000000	0,000000E+0
78,012266	30,100000	0,000000	0,000000E+0
78,012266	30,100000	0,000000	0,000000E+0
78,012266	30,100000	0,000000	0,000000E+0
78,012266	30,100000	0,000000	0,000000E+0
78,012266	30,100000	0,000000	0,000000E+0
78,012266	30,100000	0,000000	0,000000E+0
78,012266	30,100000	0,000000	0,000000E+0
78,012266	30,100000	0,000000	0,000000E+0
79,012690	30,100000	0,000000	0,000000E+0
79,012690	30,100000	0,000000	0,000000E+0
79,012690	30,100000	0,000000	0,000000E+0
79,012690	30,100000	0,000000	0,000000E+0
79,012690	30,299999	0,000000	0,000000E+0
79,012690	30,299999	0,000000	0,000000E+0
79,012690	30,299999	0,000000	0,000000E+0
79,012690	30,299999	0,000000	0,000000E+0
79,012690	30,299999	0,000000	0,000000E+0
79,012690	30,299999	0,000000	0,000000E+0
80,012177	30,299999	0,000000	0,000000E+0
80,012177	30,299999	0,000000	0,000000E+0
80,012177	30,299999	0,000000	0,000000E+0
80,012177	30,299999	0,000000	0,000000E+0
80,012177	30,299999	0,000000	0,000000E+0
80,012177	30,299999	0,000000	0,000000E+0
80,012177	30,299999	0,000000	0,000000E+0
80,012177	30,299999	0,000000	0,000000E+0
80,012177	30,299999	0,000000	0,000000E+0
80,012177	29,900000	0,000000	0,000000E+0
81,012545	29,900000	0,000000	0,000000E+0
81,012545	29,900000	0,000000	0,000000E+0
81,012545	29,900000	0,000000	0,000000E+0
81,012545	29,900000	0,000000	0,000000E+0
81,012545	29,900000	0,000000	0,000000E+0
81,012545	29,900000	0,000000	0,000000E+0
81,012545	29,900000	0,000000	0,000000E+0
81,012545	29,900000	0,000000	0,000000E+0
81,012545	29,900000	0,000000	0,000000E+0
81,012545	30,200001	0,000000	0,000000E+0
82,012975	30,200001	0,000000	0,000000E+0
82,012975	30,200001	0,000000	0,000000E+0
82,012975	30,200001	0,000000	0,000000E+0
82,012975	30,200001	0,000000	0,000000E+0
82,012975	30,200001	0,000000	0,000000E+0
82,012975	30,200001	0,000000	0,000000E+0
82,012975	30,200001	0,000000	0,000000E+0
82,012975	30,200001	0,000000	0,000000E+0
82,012975	30,200001	0,000000	0,000000E+0
82,012975	30,200001	0,000000	0,000000E+0
83,012387	30,400002	0,000000	0,000000E+0
83,012387	30,400002	0,000000	0,000000E+0
83,012387	30,400002	0,000000	0,000000E+0
83,012387	30,400002	0,000000	0,000000E+0
83,012387	30,400002	0,000000	0,000000E+0
83,012387	30,400002	0,000000	0,000000E+0
83,012387	30,400002	0,000000	0,000000E+0
83,012387	30,400002	0,000000	0,000000E+0
83,012387	30,400002	0,000000	0,000000E+0
83,012387	29,799999	0,000000	0,000000E+0
84,012807	29,799999	0,000000	0,000000E+0
84,012807	29,799999	0,000000	0,000000E+0
84,012807	29,799999	0,000000	0,000000E+0
84,012807	29,799999	0,000000	0,000000E+0
84,012807	29,799999	0,000000	0,000000E+0
84,012807	29,799999	0,000000	0,000000E+0
84,012807	29,799999	0,000000	0,000000E+0
84,012807	29,799999	0,000000	0,000000E+0
84,012807	29,799999	0,000000	0,000000E+0
84,012807	29,799999	0,000000	0,000000E+0
85,012249	29,799999	0,000000	0,000000E+0
85,012249	29,799999	0,000000	0,000000E+0
85,012249	29,799999	0,000000	0,000000E+0
85,012249	29,799999	0,000000	0,000000E+0
85,012249	30,100000	0,000000	0,000000E+0
85,012249	30,100000	0,000000	0,000000E+0
85,012249	30,100000	0,000000	0,000000E+0
85,012249	30,100000	0,000000	0,000000E+0
85,012249	30,100000	0,000000	0,000000E+0
85,012249	30,100000	0,000000	0,000000E+0
86,012671	30,100000	0,000000	0,000000E+0
86,012671	30,100000	0,000000	0,000000E+0
86,012671	30,100000	0,000000	0,000000E+0
86,012671	30,100000	0,000000	0,000000E+0
86,012671	30,100000	0,000000	0,000000E+0
86,012671	30,100000	0,000000	0,000000E+0
86,012671	30,100000	0,000000	0,000000E+0
86,012671	29,700001	0,000000	0,000000E+0
86,012671	29,700001	0,000000	0,000000E+0
86,012671	29,700001	0,000000	0,000000E+0
87,013097	29,700001	0,000000	0,000000E+0
87,013097	29,700001	0,000000	0,000000E+0
87,013097	29,700001	0,000000	0,000000E+0
87,013097	29,700001	0,000000	0,000000E+0
87,013097	29,700001	0,000000	0,000000E+0
87,013097	29,700001	0,000000	0,000000E+0
87,013097	29,900000	0,000000	0,000000E+0
87,013097	29,900000	0,000000	0,000000E+0
87,013097	29,900000	0,000000	0,000000E+0
87,013097	29,900000	0,000000	0,000000E+0
88,013515	29,900000	0,000000	0,000000E+0
88,013515	29,900000	0,000000	0,000000E+0
88,013515	29,900000	0,000000	0,000000E+0
88,013515	29,900000	0,000000	0,000000E+0
88,013515	29,900000	0,000000	0,000000E+0
88,013515	30,299999	0,000000	0,000000E+0
88,013515	30,299999	0,000000	0,000000E+0
88,013515	30,299999	0,000000	0,000000E+0
88,013515	30,299999	0,000000	0,000000E+0
88,013515	30,299999	0,000000	0,000000E+0
89,013962	30,299999	0,000000	0,000000E+0
89,013962	30,299999	0,000000	0,000000E+0
89,013962	30,299999	0,000000	0,000000E+0
89,013962	30,299999	0,000000	0,000000E+0
89,013962	30,299999	0,000000	0,000000E+0
89,013962	30,299999	0,000000	0,000000E+0
89,013962	30,400000	0,000000	0,000000E+0
89,013962	30,400000	0,000000	0,000000E+0
89,013962	30,400000	0,000000	0,000000E+0
89,013962	30,400000	0,000000	0,000000E+0
90,013367	30,400000	0,000000	0,000000E+0
90,013367	30,400000	0,000000	0,000000E+0
90,013367	30,400000	0,000000	0,000000E+0
90,013367	30,400000	0,000000	0,000000E+0
90,013367	30,400000	0,000000	0,000000E+0
90,013367	30,400000	0,000000	0,000000E+0
90,013367	30,400000	0,000000	0,000000E+0
90,013367	30,400000	0,000000	0,000000E+0
90,013367	30,000000	0,000000	0,000000E+0
90,013367	30,000000	0,000000	0,000000E+0
91,013786	30,000000	0,000000	0,000000E+0
91,013786	30,000000	0,000000	0,000000E+0
91,013786	30,000000	0,000000	0,000000E+0
91,013786	30,000000	0,000000	0,000000E+0
91,013786	30,000000	0,000000	0,000000E+0
91,013786	30,000000	0,000000	0,000000E+0
91,013786	30,000000	0,000000	0,000000E+0
91,013786	30,000000	0,000000	0,000000E+0
91,013786	30,000000	0,000000	0,000000E+0
91,013786	30,200001	0,000000	0,000000E+0
92,013233	30,200001	0,000000	0,000000E+0
92,013233	30,200001	0,000000	0,000000E+0
92,013233	30,200001	0,000000	0,000000E+0
92,013233	30,200001	0,000000	0,000000E+0
92,013233	30,200001	0,000000	0,000000E+0
92,013233	30,200001	0,000000	0,000000E+0
92,013233	30,200001	0,000000	0,000000E+0
92,013233	30,200001	0,000000	0,000000E+0
92,013233	30,200001	0,000000	0,000000E+0
92,013233	29,700001	0,000000	0,000000E+0
93,014645	29,700001	0,000000	0,000000E+0
93,014645	29,700001	0,000000	0,000000E+0
93,014645	29,700001	0,000000	0,000000E+0
93,014645	29,700001	0,000000	0,000000E+0
93,014645	29,700001	0,000000	0,000000E+0
93,014645	29,700001	0,000000	0,000000E+0
93,014645	29,700001	0,000000	0,000000E+0
93,014645	29,700001	0,000000	0,000000E+0
93,014645	29,700001	0,000000	0,000000E+0
93,014645	29,700001	0,000000	0,000000E+0
94,014069	29,700001	0,000000	0,000000E+0
94,014069	29,700001	0,000000	0,000000E+0
94,014069	29,700001	0,000000	0,000000E+0
94,014069	29,700001	0,000000	0,000000E+0
94,014069	29,700001	0,000000	0,000000E+0
94,014069	29,700001	0,000000	0,000000E+0
94,014069	29,700001	0,000000	0,000000E+0
94,014069	29,700001	0,000000	0,000000E+0
94,014069	29,700001	0,000000	0,000000E+0
94,014069	30,000000	0,000000	0,000000E+0
95,015594	30,000000	0,000000	0,000000E+0
95,015594	30,000000	0,000000	0,000000E+0
95,015594	30,000000	0,000000	0,000000E+0
95,015594	30,000000	0,000000	0,000000E+0
95,015594	30,000000	0,000000	0,000000E+0
95,015594	30,000000	0,000000	0,000000E+0
95,015594	30,000000	0,000000	0,000000E+0
95,015594	30,000000	0,000000	0,000000E+0
95,015594	30,000000	0,000000	0,000000E+0
95,015594	30,000000	0,000000	0,000000E+0
96,015922	29,700001	0,000000	0,000000E+0
96,015922	29,700001	0,000000	0,000000E+0
96,015922	29,700001	0,000000	0,000000E+0
96,015922	29,700001	0,000000	0,000000E+0
96,015922	29,700001	0,000000	0,000000E+0
96,015922	29,700001	0,000000	0,000000E+0
96,015922	29,700001	0,000000	0,000000E+0
96,015922	29,700001	0,000000	0,000000E+0
96,015922	29,700001	0,000000	0,000000E+0
96,015922	29,700001	0,000000	0,000000E+0
97,015357	29,700001	0,000000	0,000000E+0
97,015357	29,700001	0,000000	0,000000E+0
97,015357	29,700001	0,000000	0,000000E+0
97,015357	29,700001	0,000000	0,000000E+0
97,015357	29,700001	0,000000	0,000000E+0
97,015357	29,700001	0,000000	0,000000E+0
97,015357	29,700001	0,000000	0,000000E+0
97,015357	29,700001	0,000000	0,000000E+0
97,015357	30,100000	0,000000	0,000000E+0
97,015357	30,100000	0,000000	0,000000E+0
98,015767	30,100000	0,000000	0,000000E+0
98,015767	30,100000	0,000000	0,000000E+0
98,015767	30,100000	0,000000	0,000000E+0
98,015767	30,100000	0,000000	0,000000E+0
98,015767	30,100000	0,000000	0,000000E+0
98,015767	30,100000	0,000000	0,000000E+0
98,015767	30,100000	0,000000	0,000000E+0
98,015767	30,100000	0,000000	0,000000E+0
98,015767	30,000000	0,000000	0,000000E+0
98,015767	30,000000	0,000000	0,000000E+0
99,015201	30,000000	0,000000	0,000000E+0
99,015201	30,000000	0,000000	0,000000E+0
99,015201	30,000000	0,000000	0,000000E+0
99,015201	30,000000	0,000000	0,000000E+0
99,015201	30,000000	0,000000	0,000000E+0
99,015201	30,000000	0,000000	0,000000E+0
99,015201	30,000000	0,000000	0,000000E+0
99,015201	30,000000	0,000000	0,000000E+0
99,015201	29,400000	0,000000	0,000000E+0
99,015201	29,400000	0,000000	0,000000E+0
100,015616	29,400000	0,000000	0,000000E+0
100,015616	29,400000	0,000000	0,000000E+0
100,015616	29,400000	0,000000	0,000000E+0
100,015616	29,400000	0,000000	0,000000E+0
100,015616	29,400000	0,000000	0,000000E+0
100,015616	29,400000	0,000000	0,000000E+0
100,015616	29,400000	0,000000	0,000000E+0
100,015616	30,400000	0,000000	0,000000E+0
100,015616	30,400000	0,000000	0,000000E+0
100,015616	30,400000	0,000000	0,000000E+0
101,015039	30,400000	0,000000	0,000000E+0
101,015039	30,400000	0,000000	0,000000E+0
101,015039	30,400000	0,000000	0,000000E+0
101,015039	30,400000	0,000000	0,000000E+0
101,015039	30,400000	0,000000	0,000000E+0
101,015039	30,400000	0,000000	0,000000E+0
101,015039	30,400000	0,000000	0,000000E+0
101,015039	30,400000	0,000000	0,000000E+0
101,015039	30,400000	0,000000	0,000000E+0
101,015039	30,400000	0,000000	0,000000E+0
102,015470	30,299999	0,000000	0,000000E+0
102,015470	30,299999	0,000000	0,000000E+0
102,015470	30,299999	0,000000	0,000000E+0
102,015470	30,299999	0,000000	0,000000E+0
102,015470	30,299999	0,000000	0,000000E+0
102,015470	30,299999	0,000000	0,000000E+0
102,015470	30,299999	0,000000	0,000000E+0
102,015470	30,299999	0,000000	0,000000E+0
102,015470	30,299999	0,000000	0,000000E+0
102,015470	30,299999	0,000000	0,000000E+0
103,015905	30,299999	0,000000	0,000000E+0
103,015905	30,299999	0,000000	0,000000E+0
103,015905	30,299999	0,000000	0,000000E+0
103,015905	29,400000	0,000000	0,000000E+0
103,015905	29,400000	0,000000	0,000000E+0
103,015905	29,400000	0,000000	0,000000E+0
103,015905	29,400000	0,000000	0,000000E+0
103,015905	29,400000	0,000000	0,000000E+0
103,015905	29,400000	0,000000	0,000000E+0
103,015905	29,400000	0,000000	0,000000E+0
104,016321	29,400000	0,000000	0,000000E+0
104,016321	30,000000	0,000000	0,000000E+0
104,016321	30,000000	0,000000	0,000000E+0
104,016321	30,000000	0,000000	0,000000E+0
104,016321	30,000000	0,000000	0,000000E+0
104,016321	30,000000	0,000000	0,000000E+0
104,016321	30,000000	0,000000	0,000000E+0
104,016321	30,000000	0,000000	0,000000E+0
104,016321	30,000000	0,000000	0,000000E+0
104,016321	30,000000	0,000000	0,000000E+0
105,017741	30,000000	0,000000	0,000000E+0
105,017741	29,900000	0,000000	0,000000E+0
105,017741	29,900000	0,000000	0,000000E+0
105,017741	29,900000	0,000000	0,000000E+0
105,017741	29,900000	0,000000	0,000000E+0
105,017741	29,900000	0,000000	0,000000E+0
105,017741	29,900000	0,000000	0,000000E+0
105,017741	29,900000	0,000000	0,000000E+0
105,017741	29,900000	0,000000	0,000000E+0
105,017741	29,900000	0,000000	0,000000E+0
106,017184	29,900000	0,000000	0,000000E+0
106,017184	29,900000	0,000000	0,000000E+0
106,017184	30,000000	0,000000	0,000000E+0
106,017184	30,000000	0,000000	0,000000E+0
106,017184	30,000000	0,000000	0,000000E+0
106,017184	30,000000	0,000000	0,000000E+0
106,017184	30,000000	0,000000	0,000000E+0
106,017184	30,000000	0,000000	0,000000E+0
106,017184	30,000000	0,000000	0,000000E+0
106,017184	30,000000	0,000000	0,000000E+0
107,017600	30,000000	0,000000	0,000000E+0
107,017600	30,000000	0,000000	0,000000E+0
107,017600	30,000000	0,000000	0,000000E+0
107,017600	30,000000	0,000000	0,000000E+0
107,017600	30,000000	0,000000	0,000000E+0
107,017600	29,900000	0,000000	0,000000E+0
107,017600	29,900000	0,000000	0,000000E+0
107,017600	29,900000	0,000000	0,000000E+0
107,017600	29,900000	0,000000	0,000000E+0
107,017600	29,900000	0,000000	0,000000E+0
108,017026	29,900000	0,000000	0,000000E+0
108,017026	29,900000	0,000000	0,000000E+0
108,017026	29,900000	0,000000	0,000000E+0
108,017026	29,900000	0,000000	0,000000E+0
108,017026	29,900000	0,000000	0,000000E+0
108,017026	29,900000	0,000000	0,000000E+0
108,017026	30,200001	0,000000	0,000000E+0
108,017026	30,200001	0,000000	0,000000E+0
108,017026	30,200001	0,000000	0,000000E+0
108,017026	30,200001	0,000000	0,000000E+0
109,017447	30,200001	0,000000	0,000000E+0
109,017447	30,200001	0,000000	0,000000E+0
109,017447	30,200001	0,000000	0,000000E+0
109,017447	30,200001	0,000000	0,000000E+0
109,017447	30,200001	0,000000	0,000000E+0
109,017447	30,200001	0,000000	0,000000E+0
109,017447	30,000000	0,000000	0,000000E+0
109,017447	30,000000	0,000000	0,000000E+0
109,017447	30,000000	0,000000	0,000000E+0
109,017447	30,000000	0,000000	0,000000E+0
110,017887	30,000000	0,000000	0,000000E+0
110,017887	30,000000	0,000000	0,000000E+0
110,017887	30,000000	0,000000	0,000000E+0
110,017887	30,000000	0,000000	0,000000E+0
110,017887	30,000000	0,000000	0,000000E+0
110,017887	30,000000	0,000000	0,000000E+0
110,017887	30,000000	0,000000	0,000000E+0
110,017887	30,000000	0,000000	0,000000E+0
110,017887	29,700001	0,000000	0,000000E+0
110,017887	29,700001	0,000000	0,000000E+0
110,017887	29,700001	0,000000	0,000000E+0
111,018301	29,700001	0,000000	0,000000E+0
111,018301	29,700001	0,000000	0,000000E+0
111,018301	29,700001	0,000000	0,000000E+0
111,018301	29,700001	0,000000	0,000000E+0
111,018301	29,700001	0,000000	0,000000E+0
111,018301	29,700001	0,000000	0,000000E+0
111,018301	29,900000	0,000000	0,000000E+0
111,018301	29,900000	0,000000	0,000000E+0
111,018301	29,900000	0,000000	0,000000E+0
111,018301	29,900000	0,000000	0,000000E+0
112,018731	29,900000	0,000000	0,000000E+0
112,018731	29,900000	0,000000	0,000000E+0
112,018731	29,900000	0,000000	0,000000E+0
112,018731	29,900000	0,000000	0,000000E+0
112,018731	29,900000	0,000000	0,000000E+0
112,018731	29,900000	0,000000	0,000000E+0
112,018731	29,900000	0,000000	0,000000E+0
112,018731	29,900000	0,000000	0,000000E+0
112,018731	30,000000	0,000000	0,000000E+0
112,018731	30,000000	0,000000	0,000000E+0
113,018155	30,000000	0,000000	0,000000E+0
113,018155	30,000000	0,000000	0,000000E+0
113,018155	30,000000	0,000000	0,000000E+0
113,018155	30,000000	0,000000	0,000000E+0
113,018155	30,000000	0,000000	0,000000E+0
113,018155	30,000000	0,000000	0,000000E+0
113,018155	30,000000	0,000000	0,000000E+0
113,018155	30,000000	0,000000	0,000000E+0
113,018155	30,000000	0,000000	0,000000E+0
113,018155	29,900000	0,000000	0,000000E+0
114,018572	29,900000	0,000000	0,000000E+0
114,018572	29,900000	0,000000	0,000000E+0
114,018572	29,900000	0,000000	0,000000E+0
114,018572	29,900000	0,000000	0,000000E+0
114,018572	29,900000	0,000000	0,000000E+0
114,018572	29,900000	0,000000	0,000000E+0
114,018572	29,900000	0,000000	0,000000E+0
114,018572	29,900000	0,000000	0,000000E+0
114,018572	29,900000	0,000000	0,000000E+0
114,018572	29,900000	0,000000	0,000000E+0
115,018028	30,100000	0,000000	0,000000E+0
115,018028	30,100000	0,000000	0,000000E+0
115,018028	30,100000	0,000000	0,000000E+0
115,018028	30,100000	0,000000	0,000000E+0
115,018028	30,100000	0,000000	0,000000E+0
115,018028	30,100000	0,000000	0,000000E+0
115,018028	30,100000	0,000000	0,000000E+0
115,018028	30,100000	0,000000	0,000000E+0
115,018028	30,100000	0,000000	0,000000E+0
115,018028	29,900000	0,000000	0,000000E+0
116,018442	29,900000	0,000000	0,000000E+0
116,018442	29,900000	0,000000	0,000000E+0
116,018442	29,900000	0,000000	0,000000E+0
116,018442	29,900000	0,000000	0,000000E+0
116,018442	29,900000	0,000000	0,000000E+0
116,018442	29,900000	0,000000	0,000000E+0
116,018442	29,900000	0,000000	0,000000E+0
116,018442	29,900000	0,000000	0,000000E+0
116,018442	29,900000	0,000000	0,000000E+0
116,018442	29,900000	0,000000	0,000000E+0
117,018858	29,900000	0,000000	0,000000E+0
117,018858	29,900000	0,000000	0,000000E+0
117,018858	29,900000	0,000000	0,000000E+0
117,018858	29,900000	0,000000	0,000000E+0
117,018858	29,900000	0,000000	0,000000E+0
117,018858	29,900000	0,000000	0,000000E+0
117,018858	29,900000	0,000000	0,000000E+0
117,018858	29,900000	0,000000	0,000000E+0
117,018858	29,900000	0,000000	0,000000E+0
117,018858	29,900000	0,000000	0,000000E+0
118,018293	29,900000	0,000000	0,000000E+0
118,018293	29,900000	0,000000	0,000000E+0
118,018293	29,900000	0,000000	0,000000E+0
118,018293	29,900000	0,000000	0,000000E+0
118,018293	29,900000	0,000000	0,000000E+0
118,018293	29,900000	0,000000	0,000000E+0
118,018293	29,900000	0,000000	0,000000E+0
118,018293	29,900000	0,000000	0,000000E+0
118,018293	29,900000	0,000000	0,000000E+0
118,018293	29,900000	0,000000	0,000000E+0
119,018707	29,900000	0,000000	0,000000E+0
119,018707	29,900000	0,000000	0,000000E+0
119,018707	29,900000	0,000000	0,000000E+0
119,018707	29,900000	0,000000	0,000000E+0
119,018707	29,900000	0,000000	0,000000E+0
119,018707	29,900000	0,000000	0,000000E+0
119,018707	29,500000	0,000000	0,000000E+0
119,018707	29,500000	0,000000	0,000000E+0
119,018707	29,500000	0,000000	0,000000E+0
119,018707	29,500000	0,000000	0,000000E+0
120,018132	29,500000	0,000000	0,000000E+0
120,018132	29,500000	0,000000	0,000000E+0
120,018132	29,500000	0,000000	0,000000E+0
120,018132	29,500000	0,000000	0,000000E+0
120,018132	29,500000	0,000000	0,000000E+0
120,018132	29,299999	0,000000	0,000000E+0
120,018132	29,299999	0,000000	0,000000E+0
120,018132	29,299999	0,000000	0,000000E+0
120,018132	29,299999	0,000000	0,000000E+0
120,018132	29,299999	0,000000	0,000000E+0
121,019550	29,299999	0,000000	0,000000E+0
