t	PL(A)	PL(B)	PL(T)	PL(E)	V(A)	V(B)	V(E)	I(A)	I(B)	I(E)	n_bracos	n_res
55,018	0,000	0,000	0,000E+0	0,000E+0	0,000E+0	0,000E+0	0,000E+0	0,000E+0	0,000E+0	0,000E+0	7	0001
0,003	0,000	0,000	0,000E+0	0,000E+0	0,000E+0	0,000E+0	0,000E+0	0,000E+0	0,000E+0	0,000E+0	7	0001
1,002	0,000	0,000	0,000E+0	0,000E+0	0,000E+0	0,000E+0	0,000E+0	0,000E+0	0,000E+0	0,000E+0	7	0001
2,003	0,000	0,000	0,000E+0	0,000E+0	0,000E+0	0,000E+0	0,000E+0	0,000E+0	0,000E+0	0,000E+0	7	0001
3,003	0,000	0,000	0,000E+0	0,000E+0	0,000E+0	0,000E+0	0,000E+0	0,000E+0	0,000E+0	0,000E+0	7	0001
4,005	0,000	0,000	0,000E+0	0,000E+0	0,000E+0	0,000E+0	0,000E+0	0,000E+0	0,000E+0	0,000E+0	7	0001
5,005	0,000	0,000	0,000E+0	0,000E+0	0,000E+0	0,000E+0	0,000E+0	0,000E+0	0,000E+0	0,000E+0	7	0001
6,005	0,000	0,000	0,000E+0	0,000E+0	0,000E+0	0,000E+0	0,000E+0	0,000E+0	0,000E+0	0,000E+0	7	0001
7,005	0,000	0,000	0,000E+0	0,000E+0	0,000E+0	0,000E+0	0,000E+0	0,000E+0	0,000E+0	0,000E+0	7	0001
8,005	0,000	0,000	0,000E+0	0,000E+0	0,000E+0	0,000E+0	0,000E+0	0,000E+0	0,000E+0	0,000E+0	7	0001
9,005	0,000	0,000	0,000E+0	0,000E+0	0,000E+0	0,000E+0	0,000E+0	0,000E+0	0,000E+0	0,000E+0	7	0001
10,004	0,000	0,000	0,000E+0	0,000E+0	0,000E+0	0,000E+0	0,000E+0	0,000E+0	0,000E+0	0,000E+0	7	0001
11,005	0,000	0,000	0,000E+0	0,000E+0	0,000E+0	0,000E+0	0,000E+0	0,000E+0	0,000E+0	0,000E+0	7	0001
12,006	0,000	0,000	0,000E+0	0,000E+0	0,000E+0	0,000E+0	0,000E+0	0,000E+0	0,000E+0	0,000E+0	7	0001
13,006	0,000	0,000	0,000E+0	0,000E+0	0,000E+0	0,000E+0	0,000E+0	0,000E+0	0,000E+0	0,000E+0	7	0001
14,007	0,000	0,000	0,000E+0	0,000E+0	0,000E+0	0,000E+0	0,000E+0	0,000E+0	0,000E+0	0,000E+0	7	0001
15,007	0,000	0,000	0,000E+0	0,000E+0	0,000E+0	0,000E+0	0,000E+0	0,000E+0	0,000E+0	0,000E+0	7	0001
16,007	0,000	0,000	0,000E+0	0,000E+0	0,000E+0	0,000E+0	0,000E+0	0,000E+0	0,000E+0	0,000E+0	7	0001
17,006	0,000	0,000	0,000E+0	0,000E+0	0,000E+0	0,000E+0	0,000E+0	0,000E+0	0,000E+0	0,000E+0	7	0001
18,007	0,000	0,000	0,000E+0	0,000E+0	0,000E+0	0,000E+0	0,000E+0	0,000E+0	0,000E+0	0,000E+0	7	0001
19,007	0,000	0,000	0,000E+0	0,000E+0	0,000E+0	0,000E+0	0,000E+0	0,000E+0	0,000E+0	0,000E+0	7	0001
20,007	0,000	0,000	0,000E+0	0,000E+0	0,000E+0	0,000E+0	0,000E+0	0,000E+0	0,000E+0	0,000E+0	7	0001
21,007	0,000	0,000	0,000E+0	0,000E+0	0,000E+0	0,000E+0	0,000E+0	0,000E+0	0,000E+0	0,000E+0	7	0001
22,007	0,000	0,000	0,000E+0	0,000E+0	0,000E+0	0,000E+0	0,000E+0	0,000E+0	0,000E+0	0,000E+0	7	0001
23,007	0,000	0,000	0,000E+0	0,000E+0	0,000E+0	0,000E+0	0,000E+0	0,000E+0	0,000E+0	0,000E+0	7	0001
24,007	0,000	0,000	0,000E+0	0,000E+0	0,000E+0	0,000E+0	0,000E+0	0,000E+0	0,000E+0	0,000E+0	7	0001
25,007	0,000	0,000	0,000E+0	0,000E+0	0,000E+0	0,000E+0	0,000E+0	0,000E+0	0,000E+0	0,000E+0	7	0001
26,008	0,000	0,000	0,000E+0	0,000E+0	0,000E+0	0,000E+0	0,000E+0	0,000E+0	0,000E+0	0,000E+0	7	0001
27,008	0,000	0,000	0,000E+0	0,000E+0	0,000E+0	0,000E+0	0,000E+0	0,000E+0	0,000E+0	0,000E+0	7	0001
28,009	0,000	0,000	0,000E+0	0,000E+0	0,000E+0	0,000E+0	0,000E+0	0,000E+0	0,000E+0	0,000E+0	7	0001
29,008	0,000	0,200	2,000E-1	0,000E+0	3,490E+0	2,038E+1	0,000E+0	6,030E-2	1,872E-1	0,000E+0	7	0001
30,009	27,900	28,400	5,630E+1	0,000E+0	2,900E+1	4,921E+1	0,000E+0	3,752E+0	3,746E+0	0,000E+0	7	0001
31,009	30,200	54,300	8,450E+1	0,000E+0	9,368E+1	6,043E+1	0,000E+0	2,005E+0	5,134E+0	0,000E+0	7	0001
32,009	45,000	56,100	1,011E+2	0,000E+0	1,673E+2	1,672E+2	0,000E+0	6,131E-1	6,075E-1	0,000E+0	7	0001
33,009	45,000	56,100	1,011E+2	0,000E+0	1,673E+2	1,672E+2	0,000E+0	6,131E-1	6,075E-1	0,000E+0	7	0001
34,009	11,300	10,800	2,210E+1	0,000E+0	1,740E+2	1,738E+2	0,000E+0	1,104E-1	1,094E-1	0,000E+0	7	0001
35,009	14,300	13,300	2,760E+1	0,000E+0	1,663E+2	1,661E+2	0,000E+0	1,478E-1	1,453E-1	0,000E+0	7	0001
36,008	14,300	13,300	2,760E+1	0,000E+0	1,663E+2	1,661E+2	0,000E+0	1,478E-1	1,453E-1	0,000E+0	7	0001
37,009	18,500	17,500	3,600E+1	0,000E+0	1,711E+2	1,712E+2	0,000E+0	1,761E-1	1,754E-1	0,000E+0	7	0001
38,010	14,700	13,700	2,840E+1	0,000E+0	1,706E+2	1,705E+2	0,000E+0	1,438E-1	1,414E-1	0,000E+0	7	0001
39,010	15,400	14,600	3,000E+1	0,000E+0	1,707E+2	1,702E+2	0,000E+0	1,496E-1	1,491E-1	0,000E+0	7	0001
40,010	15,600	14,600	3,020E+1	0,000E+0	1,710E+2	1,710E+2	0,000E+0	1,506E-1	1,492E-1	0,000E+0	7	0001
41,010	15,200	14,200	2,940E+1	0,000E+0	1,708E+2	1,706E+2	0,000E+0	1,488E-1	1,462E-1	0,000E+0	7	0001
42,011	15,700	14,600	3,030E+1	0,000E+0	1,710E+2	1,708E+2	0,000E+0	1,528E-1	1,498E-1	0,000E+0	7	0001
43,010	15,700	14,600	3,030E+1	0,000E+0	1,710E+2	1,708E+2	0,000E+0	1,528E-1	1,498E-1	0,000E+0	7	0001
44,012	14,900	14,000	2,890E+1	0,000E+0	1,720E+2	1,721E+2	0,000E+0	1,458E-1	1,442E-1	0,000E+0	7	0001
45,012	15,100	14,300	2,940E+1	0,000E+0	1,717E+2	1,714E+2	0,000E+0	1,488E-1	1,477E-1	0,000E+0	7	0001
46,012	15,500	14,500	3,000E+1	0,000E+0	1,721E+2	1,718E+2	0,000E+0	1,506E-1	1,493E-1	0,000E+0	7	0001
47,012	14,900	13,900	2,880E+1	0,000E+0	1,716E+2	1,714E+2	0,000E+0	1,462E-1	1,435E-1	0,000E+0	7	0001
48,012	15,100	14,200	2,930E+1	0,000E+0	1,717E+2	1,714E+2	0,000E+0	1,479E-1	1,464E-1	0,000E+0	7	0001
49,012	15,100	14,200	2,930E+1	0,000E+0	1,717E+2	1,714E+2	0,000E+0	1,479E-1	1,464E-1	0,000E+0	7	0001
50,011	15,100	14,200	2,930E+1	0,000E+0	1,717E+2	1,714E+2	0,000E+0	1,479E-1	1,464E-1	0,000E+0	7	0001
51,012	15,100	14,200	2,930E+1	0,000E+0	1,717E+2	1,714E+2	0,000E+0	1,479E-1	1,464E-1	0,000E+0	7	0001
52,012	15,000	14,100	2,910E+1	0,000E+0	1,716E+2	1,715E+2	0,000E+0	1,468E-1	1,454E-1	0,000E+0	7	0001
53,012	15,000	14,100	2,910E+1	0,000E+0	1,713E+2	1,716E+2	0,000E+0	1,469E-1	1,453E-1	0,000E+0	7	0001
54,013	15,200	14,100	2,930E+1	0,000E+0	1,715E+2	1,714E+2	0,000E+0	1,482E-1	1,460E-1	0,000E+0	7	0001
55,013	15,200	14,100	2,930E+1	0,000E+0	1,716E+2	1,714E+2	0,000E+0	1,482E-1	1,459E-1	0,000E+0	7	0001
56,014	14,900	13,900	2,880E+1	0,000E+0	1,714E+2	1,713E+2	0,000E+0	1,460E-1	1,448E-1	0,000E+0	7	0001
57,014	14,900	13,900	2,880E+1	0,000E+0	1,714E+2	1,713E+2	0,000E+0	1,460E-1	1,448E-1	0,000E+0	7	0001
58,014	11,200	10,400	2,160E+1	0,000E+0	1,660E+2	1,659E+2	0,000E+0	1,182E-1	1,173E-1	0,000E+0	7	0001
59,014	6,500	5,700	1,220E+1	0,000E+0	1,507E+2	1,506E+2	0,000E+0	8,190E-2	8,120E-2	0,000E+0	7	0001
60,014	7,100	6,300	1,340E+1	0,000E+0	1,448E+2	1,449E+2	0,000E+0	9,410E-2	9,370E-2	0,000E+0	7	0001
61,014	12,400	11,100	2,350E+1	0,000E+0	1,508E+2	1,509E+2	0,000E+0	1,515E-1	1,506E-1	0,000E+0	7	0001
62,013	16,400	14,700	3,110E+1	0,000E+0	1,586E+2	1,585E+2	0,000E+0	1,799E-1	1,779E-1	0,000E+0	7	0001
63,014	16,400	14,700	3,110E+1	0,000E+0	1,586E+2	1,585E+2	0,000E+0	1,799E-1	1,779E-1	0,000E+0	7	0001
64,014	11,500	10,600	2,210E+1	0,000E+0	1,571E+2	1,575E+2	0,000E+0	1,316E-1	1,314E-1	0,000E+0	7	0001
65,014	11,900	10,800	2,270E+1	0,000E+0	1,564E+2	1,565E+2	0,000E+0	1,362E-1	1,356E-1	0,000E+0	7	0001
66,014	12,800	11,500	2,430E+1	0,000E+0	1,576E+2	1,573E+2	0,000E+0	1,446E-1	1,421E-1	0,000E+0	7	0001
67,014	12,300	11,200	2,350E+1	0,000E+0	1,577E+2	1,575E+2	0,000E+0	1,394E-1	1,386E-1	0,000E+0	7	0001
68,014	12,100	10,900	2,300E+1	0,000E+0	1,575E+2	1,570E+2	0,000E+0	1,376E-1	1,361E-1	0,000E+0	7	0001
69,013	12,100	10,900	2,300E+1	0,000E+0	1,575E+2	1,570E+2	0,000E+0	1,376E-1	1,361E-1	0,000E+0	7	0001
70,014	12,500	11,500	2,400E+1	0,000E+0	1,576E+2	1,579E+2	0,000E+0	1,421E-1	1,419E-1	0,000E+0	7	0001
71,015	12,200	11,000	2,320E+1	0,000E+0	1,572E+2	1,574E+2	0,000E+0	1,387E-1	1,372E-1	0,000E+0	7	0001
72,015	12,200	11,000	2,320E+1	0,000E+0	1,572E+2	1,574E+2	0,000E+0	1,387E-1	1,372E-1	0,000E+0	7	0001
73,015	15,300	14,000	2,930E+1	0,000E+0	1,614E+2	1,609E+2	0,000E+0	1,651E-1	1,647E-1	0,000E+0	7	0001
74,015	14,200	13,000	2,720E+1	0,000E+0	1,632E+2	1,630E+2	0,000E+0	1,518E-1	1,506E-1	0,000E+0	7	0001
75,015	14,200	13,000	2,720E+1	0,000E+0	1,632E+2	1,630E+2	0,000E+0	1,518E-1	1,506E-1	0,000E+0	7	0001
76,014	14,200	13,000	2,720E+1	0,000E+0	1,632E+2	1,630E+2	0,000E+0	1,518E-1	1,506E-1	0,000E+0	7	0001
77,015	13,400	12,300	2,570E+1	0,000E+0	1,620E+2	1,616E+2	0,000E+0	1,454E-1	1,437E-1	0,000E+0	7	0001
78,016	13,000	12,000	2,500E+1	0,000E+0	1,619E+2	1,618E+2	0,000E+0	1,412E-1	1,403E-1	0,000E+0	7	0001
79,016	12,900	11,700	2,460E+1	0,000E+0	1,616E+2	1,615E+2	0,000E+0	1,405E-1	1,386E-1	0,000E+0	7	0001
80,017	13,100	12,100	2,520E+1	0,000E+0	1,617E+2	1,617E+2	0,000E+0	1,423E-1	1,412E-1	0,000E+0	7	0001
81,017	13,300	12,000	2,530E+1	0,000E+0	1,618E+2	1,617E+2	0,000E+0	1,438E-1	1,410E-1	0,000E+0	7	0001
82,017	13,300	12,200	2,550E+1	0,000E+0	1,619E+2	1,619E+2	0,000E+0	1,444E-1	1,429E-1	0,000E+0	7	0001
83,017	13,100	12,000	2,510E+1	0,000E+0	1,618E+2	1,619E+2	0,000E+0	1,419E-1	1,403E-1	0,000E+0	7	0001
84,017	12,900	12,000	2,490E+1	0,000E+0	1,615E+2	1,619E+2	0,000E+0	1,408E-1	1,404E-1	0,000E+0	7	0001
85,017	13,200	12,000	2,520E+1	0,000E+0	1,619E+2	1,617E+2	0,000E+0	1,426E-1	1,410E-1	0,000E+0	7	0001
86,017	13,000	11,900	2,490E+1	0,000E+0	1,617E+2	1,616E+2	0,000E+0	1,417E-1	1,403E-1	0,000E+0	7	0001
87,017	13,000	11,900	2,490E+1	0,000E+0	1,617E+2	1,616E+2	0,000E+0	1,417E-1	1,403E-1	0,000E+0	7	0001
88,016	12,900	11,900	2,480E+1	0,000E+0	1,617E+2	1,615E+2	0,000E+0	1,401E-1	1,394E-1	0,000E+0	7	0001
89,018	11,900	10,800	2,270E+1	0,000E+0	1,599E+2	1,598E+2	0,000E+0	1,319E-1	1,299E-1	0,000E+0	7	0001
90,018	11,900	10,800	2,270E+1	0,000E+0	1,599E+2	1,598E+2	0,000E+0	1,319E-1	1,299E-1	0,000E+0	7	0001
91,018	10,300	9,300	1,960E+1	0,000E+0	1,559E+2	1,555E+2	0,000E+0	1,203E-1	1,190E-1	0,000E+0	7	0001
92,018	11,100	10,000	2,110E+1	0,000E+0	1,550E+2	1,549E+2	0,000E+0	1,303E-1	1,293E-1	0,000E+0	7	0001
93,018	11,100	10,000	2,110E+1	0,000E+0	1,550E+2	1,549E+2	0,000E+0	1,303E-1	1,293E-1	0,000E+0	7	0001
94,018	12,000	10,900	2,290E+1	0,000E+0	1,573E+2	1,574E+2	0,000E+0	1,371E-1	1,358E-1	0,000E+0	7	0001
95,017	12,000	10,900	2,290E+1	0,000E+0	1,571E+2	1,569E+2	0,000E+0	1,369E-1	1,360E-1	0,000E+0	7	0001
96,018	12,000	10,900	2,290E+1	0,000E+0	1,571E+2	1,569E+2	0,000E+0	1,369E-1	1,360E-1	0,000E+0	7	0001
97,018	12,200	11,200	2,340E+1	0,000E+0	1,571E+2	1,577E+2	0,000E+0	1,391E-1	1,397E-1	0,000E+0	7	0001
98,019	12,200	11,100	2,330E+1	0,000E+0	1,574E+2	1,573E+2	0,000E+0	1,390E-1	1,376E-1	0,000E+0	7	0001
99,019	12,200	11,100	2,330E+1	0,000E+0	1,574E+2	1,573E+2	0,000E+0	1,390E-1	1,376E-1	0,000E+0	7	0001
100,019	12,200	11,100	2,330E+1	0,000E+0	1,574E+2	1,573E+2	0,000E+0	1,390E-1	1,376E-1	0,000E+0	7	0001
101,019	12,300	11,200	2,350E+1	0,000E+0	1,578E+2	1,574E+2	0,000E+0	1,398E-1	1,370E-1	0,000E+0	7	0001
102,018	12,300	11,400	2,370E+1	0,000E+0	1,574E+2	1,576E+2	0,000E+0	1,401E-1	1,405E-1	0,000E+0	7	0001
103,019	12,400	11,300	2,370E+1	0,000E+0	1,575E+2	1,575E+2	0,000E+0	1,405E-1	1,392E-1	0,000E+0	7	0001
104,019	12,400	11,300	2,370E+1	0,000E+0	1,575E+2	1,575E+2	0,000E+0	1,405E-1	1,392E-1	0,000E+0	7	0001
105,019	12,200	11,100	2,330E+1	0,000E+0	1,571E+2	1,575E+2	0,000E+0	1,388E-1	1,382E-1	0,000E+0	7	0001
106,019	12,200	11,100	2,330E+1	0,000E+0	1,571E+2	1,575E+2	0,000E+0	1,388E-1	1,382E-1	0,000E+0	7	0001
107,020	12,100	11,100	2,320E+1	0,000E+0	1,572E+2	1,574E+2	0,000E+0	1,385E-1	1,376E-1	0,000E+0	7	0001
108,020	12,100	11,200	2,330E+1	0,000E+0	1,577E+2	1,572E+2	0,000E+0	1,381E-1	1,380E-1	0,000E+0	7	0001
109,020	12,200	11,100	2,330E+1	0,000E+0	1,572E+2	1,574E+2	0,000E+0	1,394E-1	1,377E-1	0,000E+0	7	0001
110,020	12,100	10,900	2,300E+1	0,000E+0	1,572E+2	1,573E+2	0,000E+0	1,377E-1	1,358E-1	0,000E+0	7	0001
111,020	12,200	11,100	2,330E+1	0,000E+0	1,572E+2	1,573E+2	0,000E+0	1,395E-1	1,380E-1	0,000E+0	7	0001
112,020	12,200	11,100	2,330E+1	0,000E+0	1,572E+2	1,573E+2	0,000E+0	1,395E-1	1,380E-1	0,000E+0	7	0001
113,020	12,400	11,100	2,350E+1	0,000E+0	1,576E+2	1,573E+2	0,000E+0	1,405E-1	1,386E-1	0,000E+0	7	0001
114,019	12,200	11,100	2,330E+1	0,000E+0	1,578E+2	1,573E+2	0,000E+0	1,390E-1	1,369E-1	0,000E+0	7	0001
115,020	12,400	11,500	2,390E+1	0,000E+0	1,572E+2	1,576E+2	0,000E+0	1,414E-1	1,418E-1	0,000E+0	7	0001
116,020	12,500	11,500	2,400E+1	0,000E+0	1,577E+2	1,578E+2	0,000E+0	1,415E-1	1,414E-1	0,000E+0	7	0001
117,020	12,300	11,200	2,350E+1	0,000E+0	1,575E+2	1,577E+2	0,000E+0	1,395E-1	1,384E-1	0,000E+0	7	0001
118,021	12,600	11,200	2,380E+1	0,000E+0	1,582E+2	1,577E+2	0,000E+0	1,425E-1	1,389E-1	0,000E+0	7	0001
119,021	12,600	11,400	2,400E+1	0,000E+0	1,578E+2	1,580E+2	0,000E+0	1,422E-1	1,410E-1	0,000E+0	7	0001
120,021	12,500	11,300	2,380E+1	0,000E+0	1,576E+2	1,577E+2	0,000E+0	1,421E-1	1,400E-1	0,000E+0	7	0001
121,020	12,700	11,500	2,420E+1	0,000E+0	1,579E+2	1,581E+2	0,000E+0	1,438E-1	1,415E-1	0,000E+0	7	0001
122,021	12,800	11,700	2,450E+1	0,000E+0	1,580E+2	1,576E+2	0,000E+0	1,449E-1	1,436E-1	0,000E+0	7	0001
123,021	12,800	11,700	2,450E+1	0,000E+0	1,580E+2	1,576E+2	0,000E+0	1,449E-1	1,436E-1	0,000E+0	7	0001
124,021	12,800	11,700	2,450E+1	0,000E+0	1,580E+2	1,576E+2	0,000E+0	1,449E-1	1,436E-1	0,000E+0	7	0001
125,021	12,800	11,700	2,450E+1	0,000E+0	1,577E+2	1,578E+2	0,000E+0	1,447E-1	1,440E-1	0,000E+0	7	0001
126,021	12,900	11,500	2,440E+1	0,000E+0	1,576E+2	1,578E+2	0,000E+0	1,459E-1	1,431E-1	0,000E+0	7	0001
127,022	12,900	11,500	2,440E+1	0,000E+0	1,577E+2	1,581E+2	0,000E+0	1,456E-1	1,417E-1	0,000E+0	7	0001
128,021	12,900	11,800	2,470E+1	0,000E+0	1,579E+2	1,576E+2	0,000E+0	1,455E-1	1,443E-1	0,000E+0	7	0001
129,022	13,100	12,000	2,510E+1	0,000E+0	1,578E+2	1,581E+2	0,000E+0	1,471E-1	1,455E-1	0,000E+0	7	0001
130,023	13,200	11,900	2,510E+1	0,000E+0	1,580E+2	1,577E+2	0,000E+0	1,488E-1	1,447E-1	0,000E+0	7	0001
131,023	13,200	11,900	2,510E+1	0,000E+0	1,585E+2	1,577E+2	0,000E+0	1,476E-1	1,455E-1	0,000E+0	7	0001
132,023	13,400	11,900	2,530E+1	0,000E+0	1,579E+2	1,579E+2	0,000E+0	1,499E-1	1,464E-1	0,000E+0	7	0001
133,023	13,100	12,000	2,510E+1	0,000E+0	1,579E+2	1,580E+2	0,000E+0	1,469E-1	1,465E-1	0,000E+0	7	0001
134,023	13,200	12,100	2,530E+1	0,000E+0	1,580E+2	1,582E+2	0,000E+0	1,489E-1	1,466E-1	0,000E+0	7	0001
135,022	13,200	12,100	2,530E+1	0,000E+0	1,580E+2	1,582E+2	0,000E+0	1,489E-1	1,466E-1	0,000E+0	7	0001
136,023	13,300	12,100	2,540E+1	0,000E+0	1,582E+2	1,581E+2	0,000E+0	1,496E-1	1,482E-1	0,000E+0	7	0001
137,023	13,300	11,900	2,520E+1	0,000E+0	1,581E+2	1,581E+2	0,000E+0	1,494E-1	1,466E-1	0,000E+0	7	0001
138,023	13,400	12,200	2,560E+1	0,000E+0	1,580E+2	1,582E+2	0,000E+0	1,510E-1	1,505E-1	0,000E+0	7	0001
139,023	13,500	12,200	2,570E+1	0,000E+0	1,586E+2	1,582E+2	0,000E+0	1,511E-1	1,480E-1	0,000E+0	7	0001
140,022	13,600	12,100	2,570E+1	0,000E+0	1,581E+2	1,581E+2	0,000E+0	1,517E-1	1,487E-1	0,000E+0	7	0001
141,024	13,700	12,500	2,620E+1	0,000E+0	1,581E+2	1,585E+2	0,000E+0	1,540E-1	1,530E-1	0,000E+0	7	0001
142,024	14,000	12,800	2,680E+1	0,000E+0	1,586E+2	1,585E+2	0,000E+0	1,556E-1	1,540E-1	0,000E+0	7	0001
143,024	14,000	12,700	2,670E+1	0,000E+0	1,586E+2	1,587E+2	0,000E+0	1,559E-1	1,537E-1	0,000E+0	7	0001
144,024	13,800	12,800	2,660E+1	0,000E+0	1,587E+2	1,589E+2	0,000E+0	1,539E-1	1,540E-1	0,000E+0	7	0001
145,024	14,100	12,600	2,670E+1	0,000E+0	1,589E+2	1,588E+2	0,000E+0	1,571E-1	1,543E-1	0,000E+0	7	0001
146,024	14,100	12,600	2,670E+1	0,000E+0	1,589E+2	1,588E+2	0,000E+0	1,571E-1	1,543E-1	0,000E+0	7	0001
147,023	14,300	12,600	2,690E+1	0,000E+0	1,590E+2	1,586E+2	0,000E+0	1,581E-1	1,528E-1	0,000E+0	7	0001
148,024	14,200	12,900	2,710E+1	0,000E+0	1,586E+2	1,585E+2	0,000E+0	1,579E-1	1,556E-1	0,000E+0	7	0001
149,024	14,500	12,700	2,720E+1	0,000E+0	1,592E+2	1,585E+2	0,000E+0	1,592E-1	1,530E-1	0,000E+0	7	0001
150,024	14,300	12,900	2,720E+1	0,000E+0	1,586E+2	1,589E+2	0,000E+0	1,591E-1	1,575E-1	0,000E+0	7	0001
151,024	14,300	13,200	2,750E+1	0,000E+0	1,588E+2	1,588E+2	0,000E+0	1,589E-1	1,583E-1	0,000E+0	7	0001
152,024	14,300	13,200	2,750E+1	0,000E+0	1,588E+2	1,588E+2	0,000E+0	1,589E-1	1,583E-1	0,000E+0	7	0001
153,024	14,600	13,500	2,810E+1	0,000E+0	1,589E+2	1,591E+2	0,000E+0	1,617E-1	1,620E-1	0,000E+0	7	0001
154,023	15,900	14,300	3,020E+1	0,000E+0	1,592E+2	1,591E+2	0,000E+0	1,734E-1	1,712E-1	0,000E+0	7	0001
155,024	16,700	15,500	3,220E+1	0,000E+0	1,597E+2	1,599E+2	0,000E+0	1,802E-1	1,812E-1	0,000E+0	7	0001
156,024	17,400	15,800	3,320E+1	0,000E+0	1,599E+2	1,598E+2	0,000E+0	1,863E-1	1,852E-1	0,000E+0	7	0001
157,024	17,400	15,800	3,320E+1	0,000E+0	1,599E+2	1,598E+2	0,000E+0	1,863E-1	1,852E-1	0,000E+0	7	0001
158,025	18,200	16,900	3,510E+1	0,000E+0	1,603E+2	1,598E+2	0,000E+0	1,927E-1	1,933E-1	0,000E+0	7	0001
159,026	20,700	18,800	3,950E+1	0,000E+0	1,607E+2	1,607E+2	0,000E+0	2,169E-1	2,121E-1	0,000E+0	7	0001
160,026	22,200	20,600	4,280E+1	0,000E+0	1,611E+2	1,611E+2	0,000E+0	2,335E-1	2,303E-1	0,000E+0	7	0001
161,025	23,400	22,400	4,580E+1	0,000E+0	1,617E+2	1,615E+2	0,000E+0	2,447E-1	2,444E-1	0,000E+0	7	0001
162,026	24,600	24,000	4,860E+1	0,000E+0	1,620E+2	1,621E+2	0,000E+0	2,575E-1	2,581E-1	0,000E+0	7	0001
163,026	26,100	25,600	5,170E+1	0,000E+0	1,626E+2	1,627E+2	0,000E+0	2,721E-1	2,730E-1	0,000E+0	7	0001
164,026	26,100	25,600	5,170E+1	0,000E+0	1,626E+2	1,627E+2	0,000E+0	2,721E-1	2,730E-1	0,000E+0	7	0001
165,026	28,300	27,200	5,550E+1	0,000E+0	1,634E+2	1,625E+2	0,000E+0	2,928E-1	2,871E-1	0,000E+0	7	0001
166,027	29,400	28,800	5,820E+1	0,000E+0	1,635E+2	1,634E+2	0,000E+0	3,071E-1	3,037E-1	0,000E+0	7	0001
167,027	30,700	29,200	5,990E+1	0,000E+0	1,647E+2	1,632E+2	0,000E+0	3,164E-1	3,049E-1	0,000E+0	7	0001
168,027	31,000	31,400	6,240E+1	0,000E+0	1,639E+2	1,643E+2	0,000E+0	3,246E-1	3,262E-1	0,000E+0	7	0001
169,027	32,000	32,900	6,490E+1	0,000E+0	1,640E+2	1,643E+2	0,000E+0	3,362E-1	3,389E-1	0,000E+0	7	0001
170,027	33,000	33,800	6,680E+1	0,000E+0	1,643E+2	1,645E+2	0,000E+0	3,475E-1	3,489E-1	0,000E+0	7	0001
171,028	33,700	34,400	6,810E+1	0,000E+0	1,637E+2	1,646E+2	0,000E+0	3,563E-1	3,559E-1	0,000E+0	7	0001
172,028	34,200	35,000	6,920E+1	0,000E+0	1,651E+2	1,646E+2	0,000E+0	3,573E-1	3,568E-1	0,000E+0	7	0001
173,027	35,100	35,600	7,070E+1	0,000E+0	1,650E+2	1,648E+2	0,000E+0	3,683E-1	3,637E-1	0,000E+0	7	0001
174,028	35,100	35,600	7,070E+1	0,000E+0	1,650E+2	1,648E+2	0,000E+0	3,683E-1	3,637E-1	0,000E+0	7	0001
175,028	35,600	36,100	7,170E+1	0,000E+0	1,651E+2	1,647E+2	0,000E+0	3,727E-1	3,674E-1	0,000E+0	7	0001
176,028	36,300	37,000	7,330E+1	0,000E+0	1,655E+2	1,648E+2	0,000E+0	3,806E-1	3,764E-1	0,000E+0	7	0001
177,028	37,000	37,400	7,440E+1	0,000E+0	1,658E+2	1,647E+2	0,000E+0	3,876E-1	3,793E-1	0,000E+0	7	0001
178,028	37,600	37,200	7,480E+1	0,000E+0	1,662E+2	1,644E+2	0,000E+0	3,916E-1	3,787E-1	0,000E+0	7	0001
179,028	37,800	37,600	7,540E+1	0,000E+0	1,661E+2	1,644E+2	0,000E+0	3,957E-1	3,822E-1	0,000E+0	7	0001
180,027	37,200	38,400	7,560E+1	0,000E+0	1,651E+2	1,654E+2	0,000E+0	3,955E-1	3,906E-1	0,000E+0	7	0001
181,028	37,900	38,600	7,650E+1	0,000E+0	1,658E+2	1,652E+2	0,000E+0	3,991E-1	3,918E-1	0,000E+0	7	0001
182,028	38,000	39,000	7,700E+1	0,000E+0	1,657E+2	1,652E+2	0,000E+0	3,996E-1	3,936E-1	0,000E+0	7	0001
183,028	37,600	39,300	7,690E+1	0,000E+0	1,653E+2	1,656E+2	0,000E+0	3,974E-1	3,978E-1	0,000E+0	7	0001
184,028	37,900	39,900	7,780E+1	0,000E+0	1,657E+2	1,656E+2	0,000E+0	4,003E-1	4,009E-1	0,000E+0	7	0001
185,029	37,900	39,900	7,780E+1	0,000E+0	1,657E+2	1,656E+2	0,000E+0	4,003E-1	4,009E-1	0,000E+0	7	0001
186,029	38,400	39,600	7,800E+1	0,000E+0	1,655E+2	1,653E+2	0,000E+0	4,064E-1	4,009E-1	0,000E+0	7	0001
187,028	38,700	39,300	7,800E+1	0,000E+0	1,658E+2	1,649E+2	0,000E+0	4,079E-1	3,989E-1	0,000E+0	7	0001
188,029	38,300	39,900	7,820E+1	0,000E+0	1,658E+2	1,656E+2	0,000E+0	4,041E-1	4,008E-1	0,000E+0	7	0001
189,029	38,200	40,200	7,840E+1	0,000E+0	1,652E+2	1,658E+2	0,000E+0	4,063E-1	4,052E-1	0,000E+0	7	0001
190,030	39,200	39,200	7,840E+1	0,000E+0	1,665E+2	1,647E+2	0,000E+0	4,094E-1	3,948E-1	0,000E+0	7	0001
191,031	39,400	39,500	7,890E+1	0,000E+0	1,667E+2	1,649E+2	0,000E+0	4,118E-1	3,983E-1	0,000E+0	7	0001
192,031	38,800	39,900	7,870E+1	0,000E+0	1,663E+2	1,653E+2	0,000E+0	4,077E-1	4,014E-1	0,000E+0	7	0001
193,033	39,400	39,400	7,880E+1	0,000E+0	1,662E+2	1,649E+2	0,000E+0	4,132E-1	3,996E-1	0,000E+0	7	0001
194,033	38,400	40,600	7,900E+1	0,000E+0	1,651E+2	1,659E+2	0,000E+0	4,098E-1	4,096E-1	0,000E+0	7	0001
195,033	39,200	39,700	7,890E+1	0,000E+0	1,664E+2	1,649E+2	0,000E+0	4,106E-1	4,015E-1	0,000E+0	7	0001
196,033	38,800	39,700	7,850E+1	0,000E+0	1,662E+2	1,652E+2	0,000E+0	4,077E-1	3,999E-1	0,000E+0	7	0001
197,033	38,800	39,700	7,850E+1	0,000E+0	1,662E+2	1,652E+2	0,000E+0	4,077E-1	3,999E-1	0,000E+0	7	0001
198,033	39,200	40,300	7,950E+1	0,000E+0	1,665E+2	1,654E+2	0,000E+0	4,133E-1	4,046E-1	0,000E+0	7	0001
199,033	39,300	40,500	7,980E+1	0,000E+0	1,663E+2	1,656E+2	0,000E+0	4,139E-1	4,067E-1	0,000E+0	7	0001
200,034	39,000	40,300	7,930E+1	0,000E+0	1,661E+2	1,654E+2	0,000E+0	4,119E-1	4,062E-1	0,000E+0	7	0001
201,034	38,900	40,600	7,950E+1	0,000E+0	1,655E+2	1,655E+2	0,000E+0	4,129E-1	4,102E-1	0,000E+0	7	0001
202,035	38,700	40,500	7,920E+1	0,000E+0	1,656E+2	1,659E+2	0,000E+0	4,108E-1	4,086E-1	0,000E+0	7	0001
203,035	38,700	40,500	7,920E+1	0,000E+0	1,656E+2	1,659E+2	0,000E+0	4,108E-1	4,086E-1	0,000E+0	7	0001
204,036	38,600	40,900	7,950E+1	0,000E+0	1,659E+2	1,660E+2	0,000E+0	4,077E-1	4,086E-1	0,000E+0	7	0001
205,036	39,200	40,300	7,950E+1	0,000E+0	1,661E+2	1,653E+2	0,000E+0	4,147E-1	4,067E-1	0,000E+0	7	0001
206,036	38,500	40,600	7,910E+1	0,000E+0	1,661E+2	1,656E+2	0,000E+0	4,073E-1	4,074E-1	0,000E+0	7	0001
207,037	39,000	40,400	7,940E+1	0,000E+0	1,655E+2	1,655E+2	0,000E+0	4,136E-1	4,087E-1	0,000E+0	7	0001
208,037	39,600	39,900	7,950E+1	0,000E+0	1,668E+2	1,649E+2	0,000E+0	4,154E-1	4,032E-1	0,000E+0	7	0001
209,037	39,600	39,900	7,950E+1	0,000E+0	1,668E+2	1,649E+2	0,000E+0	4,154E-1	4,032E-1	0,000E+0	7	0001
210,037	39,300	40,400	7,970E+1	0,000E+0	1,661E+2	1,653E+2	0,000E+0	4,140E-1	4,073E-1	0,000E+0	7	0001
211,037	39,400	39,800	7,920E+1	0,000E+0	1,661E+2	1,648E+2	0,000E+0	4,141E-1	4,055E-1	0,000E+0	7	0001
212,038	39,400	39,900	7,930E+1	0,000E+0	1,659E+2	1,649E+2	0,000E+0	4,161E-1	4,060E-1	0,000E+0	7	0001
213,037	39,800	40,100	7,990E+1	0,000E+0	1,662E+2	1,648E+2	0,000E+0	4,149E-1	4,131E-1	0,000E+0	7	0001
214,038	39,600	40,800	8,040E+1	0,000E+0	1,665E+2	1,654E+2	0,000E+0	4,166E-1	4,094E-1	0,000E+0	7	0001
215,039	39,600	40,800	8,040E+1	0,000E+0	1,665E+2	1,654E+2	0,000E+0	4,166E-1	4,094E-1	0,000E+0	7	0001
216,039	38,900	40,700	7,960E+1	0,000E+0	1,655E+2	1,657E+2	0,000E+0	4,134E-1	4,110E-1	0,000E+0	7	0001
217,039	39,200	40,500	7,970E+1	0,000E+0	1,661E+2	1,655E+2	0,000E+0	4,133E-1	4,075E-1	0,000E+0	7	0001
218,039	39,300	40,100	7,940E+1	0,000E+0	1,663E+2	1,652E+2	0,000E+0	4,142E-1	4,066E-1	0,000E+0	7	0001
219,039	38,300	41,200	7,950E+1	0,000E+0	1,641E+2	1,666E+2	0,000E+0	4,159E-1	4,169E-1	0,000E+0	7	0001
220,039	38,800	41,100	7,990E+1	0,000E+0	1,660E+2	1,662E+2	0,000E+0	4,105E-1	4,106E-1	0,000E+0	7	0001
221,039	38,800	41,100	7,990E+1	0,000E+0	1,660E+2	1,662E+2	0,000E+0	4,105E-1	4,106E-1	0,000E+0	7	0001
222,039	38,800	41,100	7,990E+1	0,000E+0	1,660E+2	1,662E+2	0,000E+0	4,105E-1	4,106E-1	0,000E+0	7	0001
223,039	38,800	41,100	7,990E+1	0,000E+0	1,660E+2	1,662E+2	0,000E+0	4,105E-1	4,106E-1	0,000E+0	7	0001
224,039	38,600	40,800	7,940E+1	0,000E+0	1,653E+2	1,659E+2	0,000E+0	4,109E-1	4,119E-1	0,000E+0	7	0001
225,040	38,600	40,800	7,940E+1	0,000E+0	1,653E+2	1,659E+2	0,000E+0	4,109E-1	4,119E-1	0,000E+0	7	0001
226,040	38,600	40,800	7,940E+1	0,000E+0	1,653E+2	1,659E+2	0,000E+0	4,109E-1	4,119E-1	0,000E+0	7	0001
227,040	39,700	40,000	7,970E+1	0,000E+0	1,665E+2	1,651E+2	0,000E+0	4,171E-1	4,040E-1	0,000E+0	7	0001
228,040	39,700	40,000	7,970E+1	0,000E+0	1,665E+2	1,651E+2	0,000E+0	4,171E-1	4,040E-1	0,000E+0	7	0001
229,040	39,700	40,000	7,970E+1	0,000E+0	1,665E+2	1,651E+2	0,000E+0	4,171E-1	4,040E-1	0,000E+0	7	0001
230,040	39,300	40,400	7,970E+1	0,000E+0	1,658E+2	1,653E+2	0,000E+0	4,154E-1	4,078E-1	0,000E+0	7	0001
231,040	39,300	40,400	7,970E+1	0,000E+0	1,658E+2	1,653E+2	0,000E+0	4,154E-1	4,078E-1	0,000E+0	7	0001
232,039	39,100	40,500	7,960E+1	0,000E+0	1,653E+2	1,656E+2	0,000E+0	4,167E-1	4,108E-1	0,000E+0	7	0001
233,040	39,000	40,100	7,910E+1	0,000E+0	1,662E+2	1,653E+2	0,000E+0	4,107E-1	4,042E-1	0,000E+0	7	0001
234,040	38,800	40,700	7,950E+1	0,000E+0	1,659E+2	1,657E+2	0,000E+0	4,106E-1	4,089E-1	0,000E+0	7	0001
235,040	39,200	40,500	7,970E+1	0,000E+0	1,660E+2	1,656E+2	0,000E+0	4,129E-1	4,076E-1	0,000E+0	7	0001
236,041	39,000	40,900	7,990E+1	0,000E+0	1,658E+2	1,657E+2	0,000E+0	4,117E-1	4,106E-1	0,000E+0	7	0001
237,041	39,000	40,600	7,960E+1	0,000E+0	1,659E+2	1,657E+2	0,000E+0	4,137E-1	4,085E-1	0,000E+0	7	0001
238,042	39,900	39,800	7,970E+1	0,000E+0	1,672E+2	1,643E+2	0,000E+0	4,173E-1	4,014E-1	0,000E+0	7	0001
239,041	39,900	39,800	7,970E+1	0,000E+0	1,672E+2	1,643E+2	0,000E+0	4,173E-1	4,014E-1	0,000E+0	7	0001
240,043	39,700	40,300	8,000E+1	0,000E+0	1,668E+2	1,653E+2	0,000E+0	4,165E-1	4,061E-1	0,000E+0	7	0001
241,043	39,700	40,300	8,000E+1	0,000E+0	1,668E+2	1,653E+2	0,000E+0	4,165E-1	4,061E-1	0,000E+0	7	0001
242,043	39,500	40,300	7,980E+1	0,000E+0	1,663E+2	1,652E+2	0,000E+0	4,170E-1	4,075E-1	0,000E+0	7	0001
243,043	39,200	40,400	7,960E+1	0,000E+0	1,664E+2	1,655E+2	0,000E+0	4,136E-1	4,072E-1	0,000E+0	7	0001
244,043	39,800	40,000	7,980E+1	0,000E+0	1,667E+2	1,649E+2	0,000E+0	4,184E-1	4,052E-1	0,000E+0	7	0001
245,043	39,800	40,100	7,990E+1	0,000E+0	1,664E+2	1,652E+2	0,000E+0	4,183E-1	4,061E-1	0,000E+0	6	0001
246,043	39,300	40,400	7,970E+1	0,000E+0	1,659E+2	1,656E+2	0,000E+0	4,175E-1	4,097E-1	0,000E+0	6	0001
247,043	39,000	40,600	7,960E+1	0,000E+0	1,659E+2	1,658E+2	0,000E+0	4,139E-1	4,105E-1	0,000E+0	6	0001
248,044	39,200	40,600	7,980E+1	0,000E+0	1,663E+2	1,657E+2	0,000E+0	4,136E-1	4,078E-1	0,000E+0	6	0001
249,045	39,200	40,800	8,000E+1	0,000E+0	1,655E+2	1,661E+2	0,000E+0	4,167E-1	4,128E-1	0,000E+0	6	0001
250,045	39,200	40,800	8,000E+1	0,000E+0	1,655E+2	1,661E+2	0,000E+0	4,167E-1	4,128E-1	0,000E+0	6	0001
251,044	39,200	40,800	8,000E+1	0,000E+0	1,655E+2	1,661E+2	0,000E+0	4,167E-1	4,128E-1	0,000E+0	6	0001
252,045	39,200	40,800	8,000E+1	0,000E+0	1,655E+2	1,661E+2	0,000E+0	4,167E-1	4,128E-1	0,000E+0	6	0001
253,045	39,200	40,800	8,000E+1	0,000E+0	1,655E+2	1,661E+2	0,000E+0	4,167E-1	4,128E-1	0,000E+0	6	0001
254,045	39,100	40,700	7,980E+1	0,000E+0	1,663E+2	1,656E+2	0,000E+0	4,125E-1	4,097E-1	0,000E+0	6	0001
255,045	39,100	40,700	7,980E+1	0,000E+0	1,663E+2	1,656E+2	0,000E+0	4,125E-1	4,097E-1	0,000E+0	6	0001
256,045	39,100	40,700	7,980E+1	0,000E+0	1,663E+2	1,656E+2	0,000E+0	4,125E-1	4,097E-1	0,000E+0	6	0001
257,045	40,100	39,900	8,000E+1	0,000E+0	1,670E+2	1,649E+2	0,000E+0	4,182E-1	4,016E-1	0,000E+0	6	0001
258,044	40,100	39,900	8,000E+1	0,000E+0	1,670E+2	1,649E+2	0,000E+0	4,182E-1	4,016E-1	0,000E+0	6	0001
259,045	39,500	40,100	7,960E+1	0,000E+0	1,664E+2	1,653E+2	0,000E+0	4,141E-1	4,057E-1	0,000E+0	6	0001
260,045	39,200	40,500	7,970E+1	0,000E+0	1,660E+2	1,656E+2	0,000E+0	4,142E-1	4,085E-1	0,000E+0	6	0001
261,045	39,200	40,500	7,970E+1	0,000E+0	1,660E+2	1,655E+2	0,000E+0	4,147E-1	4,083E-1	0,000E+0	6	0001
262,045	39,200	40,500	7,970E+1	0,000E+0	1,660E+2	1,659E+2	0,000E+0	4,147E-1	4,099E-1	0,000E+0	6	0001
263,045	39,000	40,400	7,940E+1	0,000E+0	1,660E+2	1,658E+2	0,000E+0	4,116E-1	4,070E-1	0,000E+0	6	0001
264,045	38,700	41,300	8,000E+1	0,000E+0	1,657E+2	1,663E+2	0,000E+0	4,098E-1	4,128E-1	0,000E+0	6	0001
265,044	39,500	40,300	7,980E+1	0,000E+0	1,664E+2	1,652E+2	0,000E+0	4,160E-1	4,071E-1	0,000E+0	6	0001
266,045	39,800	40,400	8,020E+1	0,000E+0	1,666E+2	1,650E+2	0,000E+0	4,184E-1	4,072E-1	0,000E+0	5	0001
267,045	39,800	40,400	8,020E+1	0,000E+0	1,666E+2	1,650E+2	0,000E+0	4,184E-1	4,072E-1	0,000E+0	5	0001
268,045	39,800	40,400	8,020E+1	0,000E+0	1,666E+2	1,650E+2	0,000E+0	4,184E-1	4,072E-1	0,000E+0	5	0001
269,045	39,800	40,400	8,020E+1	0,000E+0	1,666E+2	1,650E+2	0,000E+0	4,184E-1	4,072E-1	0,000E+0	5	0001
270,045	39,800	40,400	8,020E+1	0,000E+0	1,666E+2	1,650E+2	0,000E+0	4,184E-1	4,072E-1	0,000E+0	5	0001
271,045	39,600	40,300	7,990E+1	0,000E+0	1,663E+2	1,655E+2	0,000E+0	4,161E-1	4,074E-1	0,000E+0	5	0001
272,046	39,400	40,300	7,970E+1	0,000E+0	1,665E+2	1,653E+2	0,000E+0	4,151E-1	4,067E-1	0,000E+0	5	0001
273,046	39,400	40,300	7,970E+1	0,000E+0	1,665E+2	1,653E+2	0,000E+0	4,151E-1	4,067E-1	0,000E+0	5	0001
274,046	38,900	40,900	7,980E+1	0,000E+0	1,660E+2	1,659E+2	0,000E+0	4,108E-1	4,103E-1	0,000E+0	5	0001
275,046	38,900	40,900	7,980E+1	0,000E+0	1,660E+2	1,659E+2	0,000E+0	4,108E-1	4,103E-1	0,000E+0	5	0001
276,046	38,900	40,900	7,980E+1	0,000E+0	1,660E+2	1,659E+2	0,000E+0	4,108E-1	4,103E-1	0,000E+0	5	0001
277,046	39,400	40,200	7,960E+1	0,000E+0	1,661E+2	1,652E+2	0,000E+0	4,154E-1	4,074E-1	0,000E+0	5	0001
278,046	39,400	40,200	7,960E+1	0,000E+0	1,661E+2	1,652E+2	0,000E+0	4,154E-1	4,074E-1	0,000E+0	5	0001
279,047	39,300	40,300	7,960E+1	0,000E+0	1,661E+2	1,654E+2	0,000E+0	4,138E-1	4,062E-1	0,000E+0	5	0001
280,047	39,300	40,300	7,960E+1	0,000E+0	1,661E+2	1,654E+2	0,000E+0	4,138E-1	4,062E-1	0,000E+0	5	0001
281,047	39,000	40,600	7,960E+1	0,000E+0	1,661E+2	1,657E+2	0,000E+0	4,108E-1	4,075E-1	0,000E+0	4	0001
282,047	39,400	40,600	8,000E+1	0,000E+0	1,663E+2	1,656E+2	0,000E+0	4,149E-1	4,079E-1	0,000E+0	4	0001
283,047	39,100	40,900	8,000E+1	0,000E+0	1,653E+2	1,659E+2	0,000E+0	4,159E-1	4,147E-1	0,000E+0	4	0001
284,046	39,100	40,900	8,000E+1	0,000E+0	1,653E+2	1,659E+2	0,000E+0	4,159E-1	4,147E-1	0,000E+0	4	0001
285,047	38,900	40,600	7,950E+1	0,000E+0	1,658E+2	1,659E+2	0,000E+0	4,114E-1	4,087E-1	0,000E+0	4	0001
286,047	38,900	40,600	7,950E+1	0,000E+0	1,658E+2	1,659E+2	0,000E+0	4,114E-1	4,087E-1	0,000E+0	4	0001
287,048	38,900	40,600	7,950E+1	0,000E+0	1,658E+2	1,659E+2	0,000E+0	4,114E-1	4,087E-1	0,000E+0	4	0001
288,048	38,900	40,600	7,950E+1	0,000E+0	1,658E+2	1,659E+2	0,000E+0	4,114E-1	4,087E-1	0,000E+0	4	0001
289,048	38,700	41,000	7,970E+1	0,000E+0	1,655E+2	1,661E+2	0,000E+0	4,118E-1	4,081E-1	0,000E+0	4	0001
290,048	38,700	41,000	7,970E+1	0,000E+0	1,655E+2	1,661E+2	0,000E+0	4,118E-1	4,081E-1	0,000E+0	4	0001
291,047	38,700	41,000	7,970E+1	0,000E+0	1,655E+2	1,661E+2	0,000E+0	4,118E-1	4,081E-1	0,000E+0	4	0001
292,048	39,200	40,800	8,000E+1	0,000E+0	1,660E+2	1,656E+2	0,000E+0	4,144E-1	4,120E-1	0,000E+0	4	0001
293,048	39,200	40,800	8,000E+1	0,000E+0	1,660E+2	1,656E+2	0,000E+0	4,144E-1	4,120E-1	0,000E+0	4	0001
294,048	39,200	40,800	8,000E+1	0,000E+0	1,660E+2	1,656E+2	0,000E+0	4,144E-1	4,120E-1	0,000E+0	4	0001
295,048	39,200	40,800	8,000E+1	0,000E+0	1,660E+2	1,656E+2	0,000E+0	4,144E-1	4,120E-1	0,000E+0	4	0001
296,048	39,000	41,000	8,000E+1	0,000E+0	1,656E+2	1,657E+2	0,000E+0	4,146E-1	4,130E-1	0,000E+0	4	0001
297,048	39,200	40,800	8,000E+1	0,000E+0	1,664E+2	1,656E+2	0,000E+0	4,147E-1	4,098E-1	0,000E+0	4	0001
298,047	39,100	40,500	7,960E+1	0,000E+0	1,652E+2	1,660E+2	0,000E+0	4,166E-1	4,135E-1	0,000E+0	4	0001
299,048	39,100	40,500	7,960E+1	0,000E+0	1,652E+2	1,660E+2	0,000E+0	4,166E-1	4,135E-1	0,000E+0	4	0001
300,049	39,100	40,900	8,000E+1	0,000E+0	1,659E+2	1,658E+2	0,000E+0	4,144E-1	4,119E-1	0,000E+0	3	0001
301,050	39,100	40,600	7,970E+1	0,000E+0	1,662E+2	1,658E+2	0,000E+0	4,140E-1	4,059E-1	0,000E+0	3	0001
302,050	39,600	40,300	7,990E+1	0,000E+0	1,661E+2	1,654E+2	0,000E+0	4,188E-1	4,086E-1	0,000E+0	3	0001
303,050	39,400	40,600	8,000E+1	0,000E+0	1,658E+2	1,658E+2	0,000E+0	4,199E-1	4,119E-1	0,000E+0	3	0001
304,050	39,000	40,800	7,980E+1	0,000E+0	1,652E+2	1,658E+2	0,000E+0	4,159E-1	4,129E-1	0,000E+0	3	0001
305,050	39,100	40,800	7,990E+1	0,000E+0	1,659E+2	1,658E+2	0,000E+0	4,143E-1	4,118E-1	0,000E+0	3	0001
306,050	39,100	40,800	7,990E+1	0,000E+0	1,659E+2	1,658E+2	0,000E+0	4,143E-1	4,118E-1	0,000E+0	3	0001
307,050	39,100	40,800	7,990E+1	0,000E+0	1,659E+2	1,658E+2	0,000E+0	4,143E-1	4,118E-1	0,000E+0	3	0001
308,051	39,500	40,300	7,980E+1	0,000E+0	1,666E+2	1,655E+2	0,000E+0	4,163E-1	4,072E-1	0,000E+0	3	0001
309,051	39,500	40,300	7,980E+1	0,000E+0	1,666E+2	1,655E+2	0,000E+0	4,163E-1	4,072E-1	0,000E+0	3	0001
310,051	39,400	40,900	8,030E+1	0,000E+0	1,661E+2	1,661E+2	0,000E+0	4,181E-1	4,143E-1	0,000E+0	3	0001
312,052	39,200	40,700	7,990E+1	0,000E+0	1,657E+2	1,658E+2	0,000E+0	4,169E-1	4,130E-1	0,000E+0	3	0001
312,052	39,200	40,700	7,990E+1	0,000E+0	1,657E+2	1,658E+2	0,000E+0	4,169E-1	4,130E-1	0,000E+0	3	0001
313,053	39,200	40,700	7,990E+1	0,000E+0	1,657E+2	1,658E+2	0,000E+0	4,169E-1	4,130E-1	0,000E+0	3	0001
314,053	39,200	40,700	7,990E+1	0,000E+0	1,657E+2	1,658E+2	0,000E+0	4,169E-1	4,130E-1	0,000E+0	3	0001
315,054	39,200	40,700	7,990E+1	0,000E+0	1,657E+2	1,658E+2	0,000E+0	4,169E-1	4,130E-1	0,000E+0	3	0001
316,055	39,200	40,700	7,990E+1	0,000E+0	1,657E+2	1,658E+2	0,000E+0	4,169E-1	4,130E-1	0,000E+0	3	0001
317,054	39,200	40,700	7,990E+1	0,000E+0	1,663E+2	1,660E+2	0,000E+0	4,145E-1	4,100E-1	0,000E+0	3	0001
318,055	39,000	40,800	7,980E+1	0,000E+0	1,659E+2	1,657E+2	0,000E+0	4,142E-1	4,118E-1	0,000E+0	3	0001
319,055	39,100	41,300	8,040E+1	0,000E+0	1,657E+2	1,659E+2	0,000E+0	4,138E-1	4,148E-1	0,000E+0	3	0001
320,055	39,500	40,900	8,040E+1	0,000E+0	1,664E+2	1,655E+2	0,000E+0	4,150E-1	4,113E-1	0,000E+0	3	0001
321,055	39,400	40,400	7,980E+1	0,000E+0	1,664E+2	1,651E+2	0,000E+0	4,151E-1	4,065E-1	0,000E+0	3	0001
322,056	39,300	40,500	7,980E+1	0,000E+0	1,666E+2	1,653E+2	0,000E+0	4,136E-1	4,060E-1	0,000E+0	3	0001
323,057	39,300	40,800	8,010E+1	0,000E+0	1,658E+2	1,658E+2	0,000E+0	4,155E-1	4,111E-1	0,000E+0	3	0001
324,056	39,200	40,600	7,980E+1	0,000E+0	1,660E+2	1,655E+2	0,000E+0	4,137E-1	4,077E-1	0,000E+0	3	0001
325,057	39,700	40,500	8,020E+1	0,000E+0	1,663E+2	1,650E+2	0,000E+0	4,186E-1	4,083E-1	0,000E+0	3	0001
326,057	39,100	40,400	7,950E+1	0,000E+0	1,659E+2	1,657E+2	0,000E+0	4,139E-1	4,083E-1	0,000E+0	3	0001
327,057	39,100	40,400	7,950E+1	0,000E+0	1,659E+2	1,657E+2	0,000E+0	4,139E-1	4,083E-1	0,000E+0	3	0001
328,057	39,800	40,400	8,020E+1	0,000E+0	1,666E+2	1,652E+2	0,000E+0	4,177E-1	4,067E-1	0,000E+0	3	0001
329,057	39,400	40,700	8,010E+1	0,000E+0	1,660E+2	1,654E+2	0,000E+0	4,181E-1	4,110E-1	0,000E+0	2	0001
330,057	39,000	40,900	7,990E+1	0,000E+0	1,659E+2	1,656E+2	0,000E+0	4,146E-1	4,112E-1	0,000E+0	2	0001
331,057	39,000	41,200	8,020E+1	0,000E+0	1,646E+2	1,661E+2	0,000E+0	4,174E-1	4,169E-1	0,000E+0	2	0001
332,057	39,200	40,800	8,000E+1	0,000E+0	1,662E+2	1,656E+2	0,000E+0	4,145E-1	4,100E-1	0,000E+0	2	0001
333,057	39,000	40,600	7,960E+1	0,000E+0	1,659E+2	1,657E+2	0,000E+0	4,146E-1	4,102E-1	0,000E+0	2	0001
334,057	39,200	41,000	8,020E+1	0,000E+0	1,655E+2	1,656E+2	0,000E+0	4,175E-1	4,138E-1	0,000E+0	2	0001
335,057	39,800	40,300	8,010E+1	0,000E+0	1,667E+2	1,647E+2	0,000E+0	4,184E-1	4,065E-1	0,000E+0	2	0001
336,056	39,400	40,500	7,990E+1	0,000E+0	1,660E+2	1,654E+2	0,000E+0	4,169E-1	4,094E-1	0,000E+0	2	0001
337,057	38,800	41,100	7,990E+1	0,000E+0	1,657E+2	1,662E+2	0,000E+0	4,114E-1	4,110E-1	0,000E+0	2	0001
338,057	38,800	41,100	7,990E+1	0,000E+0	1,657E+2	1,662E+2	0,000E+0	4,114E-1	4,110E-1	0,000E+0	2	0001
339,058	39,600	40,300	7,990E+1	0,000E+0	1,657E+2	1,651E+2	0,000E+0	4,190E-1	4,080E-1	0,000E+0	2	0001
340,058	39,600	40,300	7,990E+1	0,000E+0	1,657E+2	1,651E+2	0,000E+0	4,190E-1	4,080E-1	0,000E+0	2	0001
341,058	39,300	40,700	8,000E+1	0,000E+0	1,663E+2	1,655E+2	0,000E+0	4,143E-1	4,088E-1	0,000E+0	2	0001
342,059	39,100	40,500	7,960E+1	0,000E+0	1,656E+2	1,656E+2	0,000E+0	4,161E-1	4,100E-1	0,000E+0	2	0001
343,058	39,400	40,800	8,020E+1	0,000E+0	1,658E+2	1,655E+2	0,000E+0	4,180E-1	4,095E-1	0,000E+0	2	0001
344,059	39,600	40,800	8,040E+1	0,000E+0	1,662E+2	1,650E+2	0,000E+0	4,187E-1	4,115E-1	0,000E+0	2	0001
345,059	39,800	40,700	8,050E+1	0,000E+0	1,664E+2	1,648E+2	0,000E+0	4,178E-1	4,098E-1	0,000E+0	2	0001
346,059	39,800	40,700	8,050E+1	0,000E+0	1,664E+2	1,648E+2	0,000E+0	4,178E-1	4,098E-1	0,000E+0	2	0001
347,059	39,800	40,700	8,050E+1	0,000E+0	1,664E+2	1,648E+2	0,000E+0	4,178E-1	4,098E-1	0,000E+0	2	0001
348,059	39,000	40,900	7,990E+1	0,000E+0	1,656E+2	1,657E+2	0,000E+0	4,149E-1	4,120E-1	0,000E+0	2	0001
349,059	39,300	40,400	7,970E+1	0,000E+0	1,658E+2	1,654E+2	0,000E+0	4,159E-1	4,075E-1	0,000E+0	2	0001
350,058	39,200	40,800	8,000E+1	0,000E+0	1,657E+2	1,652E+2	0,000E+0	4,171E-1	4,126E-1	0,000E+0	2	0001
351,059	38,200	41,100	7,930E+1	0,000E+0	1,653E+2	1,662E+2	0,000E+0	4,069E-1	4,124E-1	0,000E+0	2	0001
352,059	39,100	40,800	7,990E+1	0,000E+0	1,647E+2	1,655E+2	0,000E+0	4,189E-1	4,152E-1	0,000E+0	2	0001
353,059	39,200	40,700	7,990E+1	0,000E+0	1,660E+2	1,655E+2	0,000E+0	4,143E-1	4,095E-1	0,000E+0	2	0001
354,059	39,500	40,400	7,990E+1	0,000E+0	1,661E+2	1,651E+2	0,000E+0	4,174E-1	4,101E-1	0,000E+0	2	0001
355,059	31,500	31,700	6,320E+1	0,000E+0	1,641E+2	1,645E+2	0,000E+0	3,320E-1	3,299E-1	0,000E+0	2	0001
356,059	28,800	28,000	5,680E+1	0,000E+0	1,632E+2	1,632E+2	0,000E+0	2,995E-1	2,950E-1	0,000E+0	2	0001
357,059	28,800	28,000	5,680E+1	0,000E+0	1,632E+2	1,632E+2	0,000E+0	2,995E-1	2,950E-1	0,000E+0	2	0001
358,060	28,300	27,900	5,620E+1	0,000E+0	1,630E+2	1,631E+2	0,000E+0	2,967E-1	2,934E-1	0,000E+0	2	0001
359,060	26,900	25,000	5,190E+1	0,000E+0	1,630E+2	1,622E+2	0,000E+0	2,790E-1	2,692E-1	0,000E+0	2	0001
360,060	25,200	24,300	4,950E+1	0,000E+0	1,622E+2	1,624E+2	0,000E+0	2,641E-1	2,591E-1	0,000E+0	2	0001
361,060	24,500	23,300	4,780E+1	0,000E+0	1,623E+2	1,620E+2	0,000E+0	2,553E-1	2,527E-1	0,000E+0	2	0001
362,059	23,900	22,500	4,640E+1	0,000E+0	1,620E+2	1,617E+2	0,000E+0	2,498E-1	2,459E-1	0,000E+0	2	0001
363,060	23,200	21,600	4,480E+1	0,000E+0	1,620E+2	1,619E+2	0,000E+0	2,414E-1	2,369E-1	0,000E+0	2	0001
364,061	23,200	21,600	4,480E+1	0,000E+0	1,620E+2	1,619E+2	0,000E+0	2,414E-1	2,369E-1	0,000E+0	2	0001
365,061	21,600	19,800	4,140E+1	0,000E+0	1,617E+2	1,612E+2	0,000E+0	2,251E-1	2,210E-1	0,000E+0	2	0001
366,061	21,000	19,400	4,040E+1	0,000E+0	1,610E+2	1,610E+2	0,000E+0	2,214E-1	2,194E-1	0,000E+0	2	0001
367,061	20,700	18,900	3,960E+1	0,000E+0	1,610E+2	1,606E+2	0,000E+0	2,171E-1	2,148E-1	0,000E+0	2	0001
368,062	20,100	18,600	3,870E+1	0,000E+0	1,607E+2	1,605E+2	0,000E+0	2,113E-1	2,101E-1	0,000E+0	2	0001
369,061	19,900	18,400	3,830E+1	0,000E+0	1,606E+2	1,605E+2	0,000E+0	2,103E-1	2,100E-1	0,000E+0	2	0001
370,063	19,900	18,400	3,830E+1	0,000E+0	1,606E+2	1,605E+2	0,000E+0	2,103E-1	2,100E-1	0,000E+0	2	0001
371,063	12,100	11,100	2,320E+1	0,000E+0	1,592E+2	1,591E+2	0,000E+0	1,360E-1	1,352E-1	0,000E+0	2	0001
372,063	10,800	9,800	2,060E+1	0,000E+0	1,562E+2	1,563E+2	0,000E+0	1,250E-1	1,243E-1	0,000E+0	2	0001
373,063	4,900	4,200	9,100E+0	0,000E+0	1,361E+2	1,363E+2	0,000E+0	7,530E-2	7,480E-2	0,000E+0	2	0001
374,064	0,200	0,100	3,000E-1	0,000E+0	9,002E+1	9,000E+1	0,000E+0	0,000E+0	0,000E+0	0,000E+0	2	0001
375,064	0,200	0,200	4,000E-1	0,000E+0	6,953E+1	6,947E+1	0,000E+0	0,000E+0	0,000E+0	0,000E+0	2	0001
376,063	0,200	0,200	4,000E-1	0,000E+0	6,953E+1	6,947E+1	0,000E+0	0,000E+0	0,000E+0	0,000E+0	2	0001
377,064	0,000	0,000	0,000E+0	0,000E+0	4,466E+1	4,465E+1	0,000E+0	0,000E+0	0,000E+0	0,000E+0	2	0001
378,065	0,000	0,000	0,000E+0	0,000E+0	3,159E+1	3,138E+1	0,000E+0	0,000E+0	0,000E+0	0,000E+0	2	0001
379,065	0,000	0,000	0,000E+0	0,000E+0	2,079E+1	2,054E+1	0,000E+0	0,000E+0	0,000E+0	0,000E+0	2	0001
