t	PL(A)	PL(B)	PL(T)	PL(E)	V(A)	V(B)	V(E)	I(A)	I(B)	I(E)	n_bracos	n_res
218,046	10,200	9,400	1,960E+1	0,000E+0	1,535E+2	1,538E+2	0,000E+0	1,207E-1	1,218E-1	0,000E+0	0	0111
0,012	10,100	9,300	1,940E+1	0,000E+0	1,532E+2	1,537E+2	0,000E+0	1,209E-1	1,216E-1	0,000E+0	0	0111
1,011	10,300	9,300	1,960E+1	0,000E+0	1,532E+2	1,536E+2	0,000E+0	1,223E-1	1,221E-1	0,000E+0	0	0111
2,011	10,200	9,400	1,960E+1	0,000E+0	1,536E+2	1,537E+2	0,000E+0	1,216E-1	1,221E-1	0,000E+0	0	0111
3,011	10,300	9,400	1,970E+1	0,000E+0	1,533E+2	1,538E+2	0,000E+0	1,224E-1	1,233E-1	0,000E+0	0	0111
4,011	10,300	9,300	1,960E+1	0,000E+0	1,534E+2	1,536E+2	0,000E+0	1,229E-1	1,227E-1	0,000E+0	0	0111
5,011	10,300	9,300	1,960E+1	0,000E+0	1,534E+2	1,536E+2	0,000E+0	1,220E-1	1,213E-1	0,000E+0	0	0111
6,011	10,300	9,100	1,940E+1	0,000E+0	1,537E+2	1,535E+2	0,000E+0	1,219E-1	1,196E-1	0,000E+0	0	0111
7,011	10,300	9,100	1,940E+1	0,000E+0	1,537E+2	1,535E+2	0,000E+0	1,219E-1	1,196E-1	0,000E+0	0	0111
8,011	9,100	8,300	1,740E+1	0,000E+0	1,487E+2	1,493E+2	0,000E+0	1,148E-1	1,158E-1	0,000E+0	0	0111
9,011	0,000	0,000	0,000E+0	0,000E+0	9,914E+1	9,904E+1	0,000E+0	0,000E+0	0,000E+0	0,000E+0	0	0111
10,011	0,000	0,000	0,000E+0	0,000E+0	8,257E+1	8,250E+1	0,000E+0	0,000E+0	0,000E+0	0,000E+0	0	0111
11,011	0,000	0,000	0,000E+0	0,000E+0	6,761E+1	6,757E+1	0,000E+0	0,000E+0	0,000E+0	0,000E+0	0	0111
12,011	0,000	0,000	0,000E+0	0,000E+0	5,427E+1	5,425E+1	0,000E+0	0,000E+0	0,000E+0	0,000E+0	0	0111
13,011	0,000	0,000	0,000E+0	0,000E+0	3,433E+1	3,419E+1	0,000E+0	0,000E+0	0,000E+0	0,000E+0	0	0111
14,011	0,000	0,000	0,000E+0	0,000E+0	2,503E+1	2,507E+1	0,000E+0	0,000E+0	0,000E+0	0,000E+0	0	0111
15,011	0,000	0,000	0,000E+0	0,000E+0	2,503E+1	2,507E+1	0,000E+0	0,000E+0	0,000E+0	0,000E+0	0	0111
16,012	0,000	0,000	0,000E+0	0,000E+0	1,217E+1	1,226E+1	0,000E+0	0,000E+0	0,000E+0	0,000E+0	0	0111
17,012	0,000	0,000	0,000E+0	0,000E+0	1,217E+1	1,226E+1	0,000E+0	0,000E+0	0,000E+0	0,000E+0	0	0111
