t	PL(A)	PL(B)	PL(T)	PL(E)	V(A)	V(B)	V(E)	I(A)	I(B)	I(E)	n_bracos	n_res
0,003	0,000	0,000	0,000E+0	0,000E+0	0,000E+0	0,000E+0	0,000E+0	0,000E+0	0,000E+0	0,000E+0	7	1001
0,004	0,000	0,000	0,000E+0	0,000E+0	0,000E+0	0,000E+0	0,000E+0	0,000E+0	0,000E+0	0,000E+0	7	1001
1,004	0,000	0,000	0,000E+0	0,000E+0	0,000E+0	0,000E+0	0,000E+0	0,000E+0	0,000E+0	0,000E+0	7	1001
2,005	0,000	0,000	0,000E+0	0,000E+0	0,000E+0	0,000E+0	0,000E+0	0,000E+0	0,000E+0	0,000E+0	7	1001
3,005	0,000	0,000	0,000E+0	0,000E+0	0,000E+0	0,000E+0	0,000E+0	0,000E+0	0,000E+0	0,000E+0	7	1001
4,005	0,000	0,000	0,000E+0	0,000E+0	0,000E+0	0,000E+0	0,000E+0	0,000E+0	0,000E+0	0,000E+0	7	1001
5,005	0,000	0,000	0,000E+0	0,000E+0	0,000E+0	0,000E+0	0,000E+0	0,000E+0	0,000E+0	0,000E+0	7	1001
6,005	0,000	0,000	0,000E+0	0,000E+0	0,000E+0	0,000E+0	0,000E+0	0,000E+0	0,000E+0	0,000E+0	7	1001
7,005	0,000	0,000	0,000E+0	0,000E+0	0,000E+0	0,000E+0	0,000E+0	0,000E+0	0,000E+0	0,000E+0	7	1001
8,005	0,000	0,000	0,000E+0	0,000E+0	0,000E+0	0,000E+0	0,000E+0	0,000E+0	0,000E+0	0,000E+0	7	1001
9,005	0,000	0,000	0,000E+0	0,000E+0	0,000E+0	0,000E+0	0,000E+0	0,000E+0	0,000E+0	0,000E+0	7	1001
10,006	0,000	0,000	0,000E+0	0,000E+0	0,000E+0	0,000E+0	0,000E+0	0,000E+0	0,000E+0	0,000E+0	7	1001
11,006	0,000	0,000	0,000E+0	0,000E+0	0,000E+0	0,000E+0	0,000E+0	0,000E+0	0,000E+0	0,000E+0	7	1001
12,006	0,000	0,000	0,000E+0	0,000E+0	0,000E+0	0,000E+0	0,000E+0	0,000E+0	0,000E+0	0,000E+0	7	1001
13,006	0,000	0,000	0,000E+0	0,000E+0	0,000E+0	0,000E+0	0,000E+0	0,000E+0	0,000E+0	0,000E+0	7	1001
14,006	0,000	0,000	0,000E+0	0,000E+0	0,000E+0	0,000E+0	0,000E+0	0,000E+0	0,000E+0	0,000E+0	7	1001
15,006	0,000	0,000	0,000E+0	0,000E+0	0,000E+0	0,000E+0	0,000E+0	0,000E+0	0,000E+0	0,000E+0	7	1001
16,006	0,000	0,000	0,000E+0	0,000E+0	0,000E+0	0,000E+0	0,000E+0	0,000E+0	0,000E+0	0,000E+0	7	1001
17,006	0,000	0,000	0,000E+0	0,000E+0	0,000E+0	0,000E+0	0,000E+0	0,000E+0	0,000E+0	0,000E+0	7	1001
18,006	0,000	0,000	0,000E+0	0,000E+0	0,000E+0	0,000E+0	0,000E+0	0,000E+0	0,000E+0	0,000E+0	7	1001
19,006	0,000	0,000	0,000E+0	0,000E+0	0,000E+0	0,000E+0	0,000E+0	0,000E+0	0,000E+0	0,000E+0	7	1001
20,006	0,000	0,000	0,000E+0	0,000E+0	0,000E+0	0,000E+0	0,000E+0	0,000E+0	0,000E+0	0,000E+0	7	1001
21,007	0,000	0,000	0,000E+0	0,000E+0	0,000E+0	0,000E+0	0,000E+0	0,000E+0	0,000E+0	0,000E+0	7	1001
22,007	0,000	0,000	0,000E+0	0,000E+0	0,000E+0	0,000E+0	0,000E+0	0,000E+0	0,000E+0	0,000E+0	7	1001
23,007	0,000	0,000	0,000E+0	0,000E+0	0,000E+0	0,000E+0	0,000E+0	0,000E+0	0,000E+0	0,000E+0	7	1001
24,007	0,000	0,000	0,000E+0	0,000E+0	0,000E+0	0,000E+0	0,000E+0	0,000E+0	0,000E+0	0,000E+0	7	1001
25,007	0,000	0,000	0,000E+0	0,000E+0	0,000E+0	0,000E+0	0,000E+0	0,000E+0	0,000E+0	0,000E+0	7	1001
26,007	0,000	0,000	0,000E+0	0,000E+0	0,000E+0	0,000E+0	0,000E+0	0,000E+0	0,000E+0	0,000E+0	7	1001
27,007	0,100	0,000	1,000E-1	0,000E+0	1,002E+1	1,710E+1	0,000E+0	9,410E-2	0,000E+0	0,000E+0	7	1001
28,007	0,100	0,000	1,000E-1	0,000E+0	1,002E+1	1,710E+1	0,000E+0	9,410E-2	0,000E+0	0,000E+0	7	1001
29,008	0,900	4,200	5,100E+0	0,000E+0	4,151E+1	5,253E+1	0,000E+0	8,996E-1	8,166E-1	0,000E+0	7	1001
30,008	0,000	0,000	0,000E+0	0,000E+0	1,606E+1	1,587E+1	0,000E+0	0,000E+0	0,000E+0	0,000E+0	7	1001
31,009	0,000	0,000	0,000E+0	0,000E+0	1,061E+1	1,074E+1	0,000E+0	0,000E+0	0,000E+0	0,000E+0	7	1001
32,009	0,000	0,000	0,000E+0	0,000E+0	3,990E+0	3,860E+0	0,000E+0	0,000E+0	0,000E+0	0,000E+0	7	1001
33,009	0,000	0,000	0,000E+0	0,000E+0	3,990E+0	3,860E+0	0,000E+0	0,000E+0	0,000E+0	0,000E+0	7	1001
34,009	6,900	10,000	1,690E+1	0,000E+0	1,674E+1	4,176E+1	0,000E+0	1,796E+0	2,175E+0	0,000E+0	7	1001
35,009	31,500	54,600	8,610E+1	0,000E+0	9,436E+1	6,296E+1	0,000E+0	2,057E+0	5,055E+0	0,000E+0	7	1001
36,009	38,900	47,500	8,640E+1	0,000E+0	1,407E+2	1,401E+2	0,000E+0	6,405E-1	6,305E-1	0,000E+0	7	1001
37,010	20,900	23,300	4,420E+1	0,000E+0	1,807E+2	1,805E+2	0,000E+0	2,677E-1	2,669E-1	0,000E+0	7	1001
38,010	8,100	7,300	1,540E+1	0,000E+0	1,660E+2	1,657E+2	0,000E+0	8,800E-2	8,680E-2	0,000E+0	7	1001
39,010	8,800	8,000	1,680E+1	0,000E+0	1,602E+2	1,602E+2	0,000E+0	1,001E-1	9,950E-2	0,000E+0	7	1001
40,011	18,500	17,000	3,550E+1	0,000E+0	1,690E+2	1,688E+2	0,000E+0	1,825E-1	1,804E-1	0,000E+0	7	1001
41,011	15,400	14,300	2,970E+1	0,000E+0	1,720E+2	1,717E+2	0,000E+0	1,512E-1	1,488E-1	0,000E+0	7	1001
42,013	13,300	12,300	2,560E+1	0,000E+0	1,706E+2	1,703E+2	0,000E+0	1,340E-1	1,320E-1	0,000E+0	7	1001
43,012	13,600	12,800	2,640E+1	0,000E+0	1,696E+2	1,698E+2	0,000E+0	1,381E-1	1,368E-1	0,000E+0	7	1001
44,012	14,700	13,800	2,850E+1	0,000E+0	1,705E+2	1,704E+2	0,000E+0	1,467E-1	1,453E-1	0,000E+0	7	1001
45,012	14,700	13,800	2,850E+1	0,000E+0	1,705E+2	1,704E+2	0,000E+0	1,467E-1	1,453E-1	0,000E+0	7	1001
46,012	7,300	6,500	1,380E+1	0,000E+0	1,568E+2	1,566E+2	0,000E+0	8,760E-2	8,670E-2	0,000E+0	7	1001
47,013	2,100	1,500	3,600E+0	0,000E+0	1,290E+2	1,291E+2	0,000E+0	3,620E-2	3,620E-2	0,000E+0	7	1001
48,013	2,000	1,400	3,400E+0	0,000E+0	1,152E+2	1,152E+2	0,000E+0	4,030E-2	4,000E-2	0,000E+0	7	1001
49,014	5,400	4,400	9,800E+0	0,000E+0	1,237E+2	1,236E+2	0,000E+0	9,280E-2	9,240E-2	0,000E+0	7	1001
50,013	15,600	13,600	2,920E+1	0,000E+0	1,423E+2	1,425E+2	0,000E+0	2,064E-1	2,045E-1	0,000E+0	7	1001
51,013	15,600	13,600	2,920E+1	0,000E+0	1,423E+2	1,425E+2	0,000E+0	2,064E-1	2,045E-1	0,000E+0	7	1001
52,013	9,500	8,500	1,800E+1	0,000E+0	1,475E+2	1,477E+2	0,000E+0	1,222E-1	1,218E-1	0,000E+0	7	1001
53,014	9,000	7,900	1,690E+1	0,000E+0	1,451E+2	1,454E+2	0,000E+0	1,178E-1	1,174E-1	0,000E+0	7	1001
54,014	10,300	9,100	1,940E+1	0,000E+0	1,454E+2	1,456E+2	0,000E+0	1,353E-1	1,346E-1	0,000E+0	7	1001
55,014	24,000	22,700	4,670E+1	0,000E+0	1,509E+2	1,507E+2	0,000E+0	2,908E-1	2,885E-1	0,000E+0	7	1001
56,014	23,600	22,200	4,580E+1	0,000E+0	1,539E+2	1,541E+2	0,000E+0	2,737E-1	2,732E-1	0,000E+0	7	1001
57,014	23,600	22,200	4,580E+1	0,000E+0	1,539E+2	1,541E+2	0,000E+0	2,737E-1	2,732E-1	0,000E+0	7	1001
58,014	24,500	23,400	4,790E+1	0,000E+0	1,542E+2	1,543E+2	0,000E+0	2,845E-1	2,841E-1	0,000E+0	7	1001
59,014	25,500	24,600	5,010E+1	0,000E+0	1,544E+2	1,546E+2	0,000E+0	2,962E-1	2,964E-1	0,000E+0	7	1001
60,015	27,200	26,400	5,360E+1	0,000E+0	1,547E+2	1,550E+2	0,000E+0	3,151E-1	3,144E-1	0,000E+0	7	1001
61,015	28,200	27,600	5,580E+1	0,000E+0	1,551E+2	1,554E+2	0,000E+0	3,288E-1	3,279E-1	0,000E+0	7	1001
62,015	29,200	28,600	5,780E+1	0,000E+0	1,556E+2	1,556E+2	0,000E+0	3,390E-1	3,367E-1	0,000E+0	7	1001
63,015	29,200	28,600	5,780E+1	0,000E+0	1,556E+2	1,556E+2	0,000E+0	3,390E-1	3,367E-1	0,000E+0	7	1001
64,015	31,000	30,900	6,190E+1	0,000E+0	1,561E+2	1,560E+2	0,000E+0	3,626E-1	3,610E-1	0,000E+0	7	1001
65,015	31,900	32,100	6,400E+1	0,000E+0	1,563E+2	1,566E+2	0,000E+0	3,717E-1	3,715E-1	0,000E+0	7	1001
66,016	32,700	32,900	6,560E+1	0,000E+0	1,565E+2	1,568E+2	0,000E+0	3,813E-1	3,797E-1	0,000E+0	7	1001
67,017	33,500	33,400	6,690E+1	0,000E+0	1,568E+2	1,566E+2	0,000E+0	3,899E-1	3,859E-1	0,000E+0	7	1001
68,018	33,800	34,200	6,800E+1	0,000E+0	1,568E+2	1,569E+2	0,000E+0	3,957E-1	3,960E-1	0,000E+0	7	1001
69,017	34,900	35,600	7,050E+1	0,000E+0	1,571E+2	1,574E+2	0,000E+0	4,092E-1	4,076E-1	0,000E+0	7	1001
70,017	35,500	35,900	7,140E+1	0,000E+0	1,574E+2	1,571E+2	0,000E+0	4,155E-1	4,122E-1	0,000E+0	7	1001
71,017	35,600	36,500	7,210E+1	0,000E+0	1,573E+2	1,575E+2	0,000E+0	4,176E-1	4,173E-1	0,000E+0	7	1001
72,017	36,000	37,100	7,310E+1	0,000E+0	1,574E+2	1,577E+2	0,000E+0	4,235E-1	4,239E-1	0,000E+0	7	1001
73,017	36,100	37,600	7,370E+1	0,000E+0	1,572E+2	1,575E+2	0,000E+0	4,254E-1	4,269E-1	0,000E+0	7	1001
74,017	36,100	37,600	7,370E+1	0,000E+0	1,572E+2	1,575E+2	0,000E+0	4,254E-1	4,269E-1	0,000E+0	7	1001
75,018	36,800	38,100	7,490E+1	0,000E+0	1,580E+2	1,581E+2	0,000E+0	4,345E-1	4,332E-1	0,000E+0	7	1001
76,018	37,300	38,700	7,600E+1	0,000E+0	1,579E+2	1,584E+2	0,000E+0	4,390E-1	4,396E-1	0,000E+0	7	1001
77,018	37,300	38,700	7,600E+1	0,000E+0	1,584E+2	1,587E+2	0,000E+0	4,413E-1	4,388E-1	0,000E+0	7	1001
78,019	37,400	38,900	7,630E+1	0,000E+0	1,582E+2	1,585E+2	0,000E+0	4,416E-1	4,415E-1	0,000E+0	7	1001
79,020	37,800	39,100	7,690E+1	0,000E+0	1,583E+2	1,581E+2	0,000E+0	4,458E-1	4,439E-1	0,000E+0	7	1001
80,021	37,900	39,500	7,740E+1	0,000E+0	1,583E+2	1,584E+2	0,000E+0	4,471E-1	4,467E-1	0,000E+0	7	1001
81,022	37,700	39,500	7,720E+1	0,000E+0	1,580E+2	1,582E+2	0,000E+0	4,467E-1	4,464E-1	0,000E+0	7	1001
82,022	37,900	39,900	7,780E+1	0,000E+0	1,582E+2	1,584E+2	0,000E+0	4,494E-1	4,502E-1	0,000E+0	7	1001
83,022	38,100	39,500	7,760E+1	0,000E+0	1,582E+2	1,583E+2	0,000E+0	4,508E-1	4,469E-1	0,000E+0	7	1001
84,022	38,100	39,500	7,760E+1	0,000E+0	1,582E+2	1,583E+2	0,000E+0	4,508E-1	4,469E-1	0,000E+0	7	1001
85,022	38,200	39,900	7,810E+1	0,000E+0	1,580E+2	1,583E+2	0,000E+0	4,513E-1	4,506E-1	0,000E+0	7	1001
86,023	38,400	40,200	7,860E+1	0,000E+0	1,583E+2	1,584E+2	0,000E+0	4,536E-1	4,536E-1	0,000E+0	7	1001
87,023	38,600	39,900	7,850E+1	0,000E+0	1,583E+2	1,582E+2	0,000E+0	4,562E-1	4,517E-1	0,000E+0	7	1001
88,023	38,300	40,300	7,860E+1	0,000E+0	1,579E+2	1,585E+2	0,000E+0	4,529E-1	4,547E-1	0,000E+0	7	1001
89,024	38,500	40,200	7,870E+1	0,000E+0	1,580E+2	1,581E+2	0,000E+0	4,555E-1	4,538E-1	0,000E+0	7	1001
90,023	38,500	40,400	7,890E+1	0,000E+0	1,580E+2	1,583E+2	0,000E+0	4,558E-1	4,570E-1	0,000E+0	7	1001
91,023	38,600	40,200	7,880E+1	0,000E+0	1,582E+2	1,581E+2	0,000E+0	4,569E-1	4,549E-1	0,000E+0	7	1001
92,023	38,900	40,400	7,930E+1	0,000E+0	1,583E+2	1,583E+2	0,000E+0	4,591E-1	4,567E-1	0,000E+0	7	1001
93,023	38,600	40,300	7,890E+1	0,000E+0	1,578E+2	1,581E+2	0,000E+0	4,576E-1	4,564E-1	0,000E+0	7	1001
94,023	38,600	40,400	7,900E+1	0,000E+0	1,580E+2	1,583E+2	0,000E+0	4,569E-1	4,558E-1	0,000E+0	7	1001
95,023	38,700	40,600	7,930E+1	0,000E+0	1,581E+2	1,582E+2	0,000E+0	4,589E-1	4,571E-1	0,000E+0	7	1001
96,023	38,700	40,600	7,930E+1	0,000E+0	1,581E+2	1,582E+2	0,000E+0	4,589E-1	4,571E-1	0,000E+0	7	1001
97,023	38,400	40,600	7,900E+1	0,000E+0	1,580E+2	1,584E+2	0,000E+0	4,559E-1	4,572E-1	0,000E+0	7	1001
98,024	38,400	40,600	7,900E+1	0,000E+0	1,580E+2	1,584E+2	0,000E+0	4,559E-1	4,572E-1	0,000E+0	7	1001
99,024	38,700	40,800	7,950E+1	0,000E+0	1,581E+2	1,584E+2	0,000E+0	4,586E-1	4,585E-1	0,000E+0	7	1001
100,024	38,900	40,500	7,940E+1	0,000E+0	1,581E+2	1,582E+2	0,000E+0	4,595E-1	4,582E-1	0,000E+0	7	1001
101,024	38,700	40,500	7,920E+1	0,000E+0	1,584E+2	1,584E+2	0,000E+0	4,579E-1	4,563E-1	0,000E+0	7	1001
102,024	38,800	40,600	7,940E+1	0,000E+0	1,583E+2	1,582E+2	0,000E+0	4,594E-1	4,564E-1	0,000E+0	7	1001
103,024	38,900	40,900	7,980E+1	0,000E+0	1,585E+2	1,587E+2	0,000E+0	4,611E-1	4,595E-1	0,000E+0	7	1001
104,024	38,900	40,400	7,930E+1	0,000E+0	1,586E+2	1,584E+2	0,000E+0	4,596E-1	4,567E-1	0,000E+0	7	1001
105,024	39,000	40,700	7,970E+1	0,000E+0	1,581E+2	1,583E+2	0,000E+0	4,607E-1	4,587E-1	0,000E+0	7	1001
106,024	39,000	40,600	7,960E+1	0,000E+0	1,582E+2	1,582E+2	0,000E+0	4,618E-1	4,577E-1	0,000E+0	7	1001
107,024	39,000	40,600	7,960E+1	0,000E+0	1,581E+2	1,582E+2	0,000E+0	4,598E-1	4,578E-1	0,000E+0	7	1001
108,024	38,800	40,800	7,960E+1	0,000E+0	1,579E+2	1,583E+2	0,000E+0	4,608E-1	4,601E-1	0,000E+0	7	1001
109,024	38,900	40,900	7,980E+1	0,000E+0	1,584E+2	1,585E+2	0,000E+0	4,600E-1	4,594E-1	0,000E+0	7	1001
110,024	38,800	40,700	7,950E+1	0,000E+0	1,581E+2	1,582E+2	0,000E+0	4,611E-1	4,611E-1	0,000E+0	7	1001
111,024	38,800	40,700	7,950E+1	0,000E+0	1,581E+2	1,582E+2	0,000E+0	4,611E-1	4,611E-1	0,000E+0	7	1001
112,024	38,800	40,600	7,940E+1	0,000E+0	1,584E+2	1,584E+2	0,000E+0	4,590E-1	4,580E-1	0,000E+0	7	1001
113,024	38,900	40,800	7,970E+1	0,000E+0	1,581E+2	1,581E+2	0,000E+0	4,622E-1	4,606E-1	0,000E+0	7	1001
114,024	39,000	41,000	8,000E+1	0,000E+0	1,581E+2	1,584E+2	0,000E+0	4,629E-1	4,627E-1	0,000E+0	7	1001
115,024	39,000	40,800	7,980E+1	0,000E+0	1,582E+2	1,583E+2	0,000E+0	4,618E-1	4,597E-1	0,000E+0	7	1001
116,024	38,800	40,900	7,970E+1	0,000E+0	1,582E+2	1,584E+2	0,000E+0	4,599E-1	4,601E-1	0,000E+0	7	1001
117,024	39,000	40,800	7,980E+1	0,000E+0	1,581E+2	1,583E+2	0,000E+0	4,603E-1	4,591E-1	0,000E+0	7	1001
118,025	39,000	40,800	7,980E+1	0,000E+0	1,581E+2	1,583E+2	0,000E+0	4,603E-1	4,591E-1	0,000E+0	7	1001
119,025	39,100	40,800	7,990E+1	0,000E+0	1,581E+2	1,582E+2	0,000E+0	4,623E-1	4,610E-1	0,000E+0	7	1001
120,025	38,800	40,900	7,970E+1	0,000E+0	1,581E+2	1,582E+2	0,000E+0	4,608E-1	4,612E-1	0,000E+0	7	1001
121,026	38,800	40,900	7,970E+1	0,000E+0	1,581E+2	1,582E+2	0,000E+0	4,608E-1	4,612E-1	0,000E+0	7	1001
122,026	38,800	40,900	7,970E+1	0,000E+0	1,581E+2	1,582E+2	0,000E+0	4,608E-1	4,612E-1	0,000E+0	7	1001
123,026	38,800	40,900	7,970E+1	0,000E+0	1,581E+2	1,582E+2	0,000E+0	4,608E-1	4,612E-1	0,000E+0	7	1001
124,026	38,900	40,700	7,960E+1	0,000E+0	1,582E+2	1,584E+2	0,000E+0	4,611E-1	4,594E-1	0,000E+0	7	1001
125,027	38,900	40,700	7,960E+1	0,000E+0	1,582E+2	1,584E+2	0,000E+0	4,611E-1	4,594E-1	0,000E+0	7	1001
126,028	38,900	40,700	7,960E+1	0,000E+0	1,582E+2	1,584E+2	0,000E+0	4,611E-1	4,594E-1	0,000E+0	7	1001
127,028	38,900	40,700	7,960E+1	0,000E+0	1,582E+2	1,584E+2	0,000E+0	4,611E-1	4,594E-1	0,000E+0	7	1001
128,028	39,000	40,800	7,980E+1	0,000E+0	1,582E+2	1,582E+2	0,000E+0	4,631E-1	4,609E-1	0,000E+0	7	1001
129,028	38,800	41,000	7,980E+1	0,000E+0	1,581E+2	1,586E+2	0,000E+0	4,603E-1	4,622E-1	0,000E+0	7	1001
130,028	38,800	41,000	7,980E+1	0,000E+0	1,581E+2	1,586E+2	0,000E+0	4,603E-1	4,622E-1	0,000E+0	7	1001
131,028	38,900	40,700	7,960E+1	0,000E+0	1,581E+2	1,582E+2	0,000E+0	4,611E-1	4,598E-1	0,000E+0	7	1001
132,028	39,000	40,600	7,960E+1	0,000E+0	1,584E+2	1,582E+2	0,000E+0	4,610E-1	4,586E-1	0,000E+0	7	1001
133,029	39,100	40,800	7,990E+1	0,000E+0	1,584E+2	1,582E+2	0,000E+0	4,630E-1	4,604E-1	0,000E+0	6	1001
134,029	39,000	40,900	7,990E+1	0,000E+0	1,581E+2	1,584E+2	0,000E+0	4,627E-1	4,608E-1	0,000E+0	6	1001
135,029	39,000	40,700	7,970E+1	0,000E+0	1,581E+2	1,583E+2	0,000E+0	4,621E-1	4,595E-1	0,000E+0	6	1001
136,030	39,100	40,800	7,990E+1	0,000E+0	1,579E+2	1,584E+2	0,000E+0	4,624E-1	4,598E-1	0,000E+0	6	1001
137,030	39,100	40,800	7,990E+1	0,000E+0	1,579E+2	1,584E+2	0,000E+0	4,624E-1	4,598E-1	0,000E+0	6	1001
138,030	39,100	40,800	7,990E+1	0,000E+0	1,579E+2	1,584E+2	0,000E+0	4,624E-1	4,598E-1	0,000E+0	6	1001
139,030	39,100	40,800	7,990E+1	0,000E+0	1,579E+2	1,584E+2	0,000E+0	4,624E-1	4,598E-1	0,000E+0	6	1001
140,030	39,100	40,700	7,980E+1	0,000E+0	1,581E+2	1,581E+2	0,000E+0	4,612E-1	4,590E-1	0,000E+0	6	1001
141,030	39,100	40,700	7,980E+1	0,000E+0	1,581E+2	1,581E+2	0,000E+0	4,612E-1	4,590E-1	0,000E+0	6	1001
142,030	39,100	40,800	7,990E+1	0,000E+0	1,583E+2	1,583E+2	0,000E+0	4,630E-1	4,612E-1	0,000E+0	6	1001
143,030	39,000	40,600	7,960E+1	0,000E+0	1,584E+2	1,582E+2	0,000E+0	4,612E-1	4,590E-1	0,000E+0	6	1001
144,031	39,000	40,600	7,960E+1	0,000E+0	1,584E+2	1,582E+2	0,000E+0	4,612E-1	4,590E-1	0,000E+0	6	1001
145,031	39,000	40,600	7,960E+1	0,000E+0	1,584E+2	1,582E+2	0,000E+0	4,612E-1	4,590E-1	0,000E+0	6	1001
146,031	39,000	40,600	7,960E+1	0,000E+0	1,584E+2	1,582E+2	0,000E+0	4,612E-1	4,590E-1	0,000E+0	6	1001
147,031	39,100	40,600	7,970E+1	0,000E+0	1,582E+2	1,581E+2	0,000E+0	4,635E-1	4,584E-1	0,000E+0	6	1001
148,031	39,100	40,600	7,970E+1	0,000E+0	1,582E+2	1,581E+2	0,000E+0	4,635E-1	4,584E-1	0,000E+0	6	1001
149,032	38,900	40,900	7,980E+1	0,000E+0	1,580E+2	1,585E+2	0,000E+0	4,607E-1	4,588E-1	0,000E+0	6	1001
150,031	39,100	40,700	7,980E+1	0,000E+0	1,580E+2	1,584E+2	0,000E+0	4,615E-1	4,585E-1	0,000E+0	5	1001
151,031	39,100	40,500	7,960E+1	0,000E+0	1,584E+2	1,583E+2	0,000E+0	4,620E-1	4,581E-1	0,000E+0	5	1001
152,031	39,100	40,800	7,990E+1	0,000E+0	1,585E+2	1,587E+2	0,000E+0	4,606E-1	4,589E-1	0,000E+0	5	1001
153,031	39,100	40,800	7,990E+1	0,000E+0	1,585E+2	1,587E+2	0,000E+0	4,606E-1	4,589E-1	0,000E+0	5	1001
154,031	39,100	40,800	7,990E+1	0,000E+0	1,585E+2	1,587E+2	0,000E+0	4,606E-1	4,589E-1	0,000E+0	5	1001
155,031	38,800	40,800	7,960E+1	0,000E+0	1,584E+2	1,586E+2	0,000E+0	4,605E-1	4,608E-1	0,000E+0	5	1001
156,032	38,800	40,800	7,960E+1	0,000E+0	1,584E+2	1,586E+2	0,000E+0	4,605E-1	4,608E-1	0,000E+0	5	1001
157,032	39,000	40,700	7,970E+1	0,000E+0	1,584E+2	1,583E+2	0,000E+0	4,614E-1	4,597E-1	0,000E+0	5	1001
158,033	39,000	40,700	7,970E+1	0,000E+0	1,584E+2	1,583E+2	0,000E+0	4,614E-1	4,597E-1	0,000E+0	5	1001
159,033	39,000	40,700	7,970E+1	0,000E+0	1,584E+2	1,583E+2	0,000E+0	4,614E-1	4,597E-1	0,000E+0	5	1001
160,033	39,000	40,700	7,970E+1	0,000E+0	1,584E+2	1,583E+2	0,000E+0	4,614E-1	4,597E-1	0,000E+0	5	1001
161,033	39,100	40,500	7,960E+1	0,000E+0	1,581E+2	1,582E+2	0,000E+0	4,617E-1	4,581E-1	0,000E+0	5	1001
162,033	39,100	40,500	7,960E+1	0,000E+0	1,581E+2	1,582E+2	0,000E+0	4,617E-1	4,581E-1	0,000E+0	5	1001
163,033	39,200	40,800	8,000E+1	0,000E+0	1,580E+2	1,581E+2	0,000E+0	4,641E-1	4,609E-1	0,000E+0	5	1001
164,034	38,700	40,900	7,960E+1	0,000E+0	1,582E+2	1,583E+2	0,000E+0	4,608E-1	4,616E-1	0,000E+0	5	1001
165,034	38,900	40,700	7,960E+1	0,000E+0	1,581E+2	1,582E+2	0,000E+0	4,607E-1	4,597E-1	0,000E+0	5	1001
166,034	39,200	40,800	8,000E+1	0,000E+0	1,581E+2	1,581E+2	0,000E+0	4,626E-1	4,602E-1	0,000E+0	5	1001
167,035	38,900	40,700	7,960E+1	0,000E+0	1,579E+2	1,582E+2	0,000E+0	4,607E-1	4,588E-1	0,000E+0	5	1001
168,036	38,800	41,000	7,980E+1	0,000E+0	1,578E+2	1,583E+2	0,000E+0	4,609E-1	4,632E-1	0,000E+0	5	1001
169,037	39,100	40,900	8,000E+1	0,000E+0	1,580E+2	1,584E+2	0,000E+0	4,626E-1	4,606E-1	0,000E+0	5	1001
170,037	39,100	40,900	8,000E+1	0,000E+0	1,580E+2	1,584E+2	0,000E+0	4,626E-1	4,606E-1	0,000E+0	5	1001
171,038	39,200	40,700	7,990E+1	0,000E+0	1,581E+2	1,582E+2	0,000E+0	4,621E-1	4,595E-1	0,000E+0	5	1001
172,038	38,900	40,900	7,980E+1	0,000E+0	1,581E+2	1,582E+2	0,000E+0	4,605E-1	4,605E-1	0,000E+0	4	1001
173,039	39,000	40,700	7,970E+1	0,000E+0	1,582E+2	1,582E+2	0,000E+0	4,616E-1	4,597E-1	0,000E+0	4	1001
174,039	38,900	40,800	7,970E+1	0,000E+0	1,580E+2	1,581E+2	0,000E+0	4,616E-1	4,608E-1	0,000E+0	4	1001
175,039	38,900	40,800	7,970E+1	0,000E+0	1,580E+2	1,581E+2	0,000E+0	4,616E-1	4,608E-1	0,000E+0	4	1001
176,039	38,900	40,800	7,970E+1	0,000E+0	1,580E+2	1,581E+2	0,000E+0	4,616E-1	4,608E-1	0,000E+0	4	1001
177,039	39,000	40,900	7,990E+1	0,000E+0	1,579E+2	1,581E+2	0,000E+0	4,626E-1	4,614E-1	0,000E+0	4	1001
178,040	39,000	40,900	7,990E+1	0,000E+0	1,579E+2	1,581E+2	0,000E+0	4,626E-1	4,614E-1	0,000E+0	4	1001
179,040	39,100	40,800	7,990E+1	0,000E+0	1,581E+2	1,581E+2	0,000E+0	4,639E-1	4,614E-1	0,000E+0	4	1001
180,041	39,100	40,800	7,990E+1	0,000E+0	1,581E+2	1,581E+2	0,000E+0	4,639E-1	4,614E-1	0,000E+0	4	1001
181,040	39,100	40,800	7,990E+1	0,000E+0	1,581E+2	1,581E+2	0,000E+0	4,639E-1	4,614E-1	0,000E+0	4	1001
182,040	39,100	40,800	7,990E+1	0,000E+0	1,581E+2	1,581E+2	0,000E+0	4,639E-1	4,614E-1	0,000E+0	4	1001
183,040	39,200	40,800	8,000E+1	0,000E+0	1,583E+2	1,581E+2	0,000E+0	4,636E-1	4,608E-1	0,000E+0	4	1001
184,040	39,200	40,800	8,000E+1	0,000E+0	1,582E+2	1,584E+2	0,000E+0	4,642E-1	4,594E-1	0,000E+0	4	1001
185,041	39,200	40,800	8,000E+1	0,000E+0	1,582E+2	1,584E+2	0,000E+0	4,642E-1	4,594E-1	0,000E+0	4	1001
186,041	39,000	40,800	7,980E+1	0,000E+0	1,581E+2	1,581E+2	0,000E+0	4,626E-1	4,605E-1	0,000E+0	4	1001
187,041	38,700	41,000	7,970E+1	0,000E+0	1,580E+2	1,584E+2	0,000E+0	4,592E-1	4,604E-1	0,000E+0	3	1001
188,041	39,000	41,000	8,000E+1	0,000E+0	1,581E+2	1,580E+2	0,000E+0	4,608E-1	4,614E-1	0,000E+0	3	1001
189,041	39,200	41,000	8,020E+1	0,000E+0	1,581E+2	1,581E+2	0,000E+0	4,646E-1	4,627E-1	0,000E+0	3	1001
190,042	39,000	40,800	7,980E+1	0,000E+0	1,581E+2	1,583E+2	0,000E+0	4,621E-1	4,616E-1	0,000E+0	3	1001
191,042	39,000	40,800	7,980E+1	0,000E+0	1,581E+2	1,583E+2	0,000E+0	4,621E-1	4,616E-1	0,000E+0	3	1001
192,042	39,000	40,800	7,980E+1	0,000E+0	1,581E+2	1,583E+2	0,000E+0	4,621E-1	4,616E-1	0,000E+0	3	1001
193,043	39,000	40,800	7,980E+1	0,000E+0	1,581E+2	1,583E+2	0,000E+0	4,621E-1	4,616E-1	0,000E+0	3	1001
194,042	39,000	40,800	7,980E+1	0,000E+0	1,581E+2	1,583E+2	0,000E+0	4,621E-1	4,616E-1	0,000E+0	3	1001
195,042	39,000	40,900	7,990E+1	0,000E+0	1,580E+2	1,582E+2	0,000E+0	4,632E-1	4,615E-1	0,000E+0	3	1001
196,042	39,000	40,900	7,990E+1	0,000E+0	1,580E+2	1,582E+2	0,000E+0	4,632E-1	4,615E-1	0,000E+0	3	1001
197,043	39,000	40,900	7,990E+1	0,000E+0	1,580E+2	1,582E+2	0,000E+0	4,632E-1	4,615E-1	0,000E+0	3	1001
198,043	39,000	41,200	8,020E+1	0,000E+0	1,581E+2	1,583E+2	0,000E+0	4,633E-1	4,632E-1	0,000E+0	3	1001
199,043	39,000	41,200	8,020E+1	0,000E+0	1,581E+2	1,583E+2	0,000E+0	4,633E-1	4,632E-1	0,000E+0	3	1001
200,044	39,100	40,900	8,000E+1	0,000E+0	1,581E+2	1,582E+2	0,000E+0	4,623E-1	4,605E-1	0,000E+0	3	1001
201,044	39,100	40,900	8,000E+1	0,000E+0	1,581E+2	1,582E+2	0,000E+0	4,623E-1	4,605E-1	0,000E+0	3	1001
202,044	39,300	40,800	8,010E+1	0,000E+0	1,579E+2	1,582E+2	0,000E+0	4,654E-1	4,613E-1	0,000E+0	3	1001
203,044	39,000	40,600	7,960E+1	0,000E+0	1,579E+2	1,583E+2	0,000E+0	4,618E-1	4,581E-1	0,000E+0	2	1001
204,044	39,100	41,000	8,010E+1	0,000E+0	1,581E+2	1,582E+2	0,000E+0	4,641E-1	4,621E-1	0,000E+0	2	1001
205,044	38,900	40,800	7,970E+1	0,000E+0	1,581E+2	1,583E+2	0,000E+0	4,617E-1	4,600E-1	0,000E+0	2	1001
206,044	39,200	41,000	8,020E+1	0,000E+0	1,582E+2	1,583E+2	0,000E+0	4,640E-1	4,626E-1	0,000E+0	2	1001
207,044	39,200	41,000	8,020E+1	0,000E+0	1,582E+2	1,583E+2	0,000E+0	4,640E-1	4,626E-1	0,000E+0	2	1001
208,044	39,200	41,000	8,020E+1	0,000E+0	1,582E+2	1,583E+2	0,000E+0	4,640E-1	4,626E-1	0,000E+0	2	1001
209,045	39,200	41,000	8,020E+1	0,000E+0	1,582E+2	1,583E+2	0,000E+0	4,640E-1	4,626E-1	0,000E+0	2	1001
210,045	38,900	40,900	7,980E+1	0,000E+0	1,579E+2	1,582E+2	0,000E+0	4,617E-1	4,607E-1	0,000E+0	2	1001
211,045	38,900	40,900	7,980E+1	0,000E+0	1,579E+2	1,582E+2	0,000E+0	4,617E-1	4,607E-1	0,000E+0	2	1001
212,045	38,900	40,900	7,980E+1	0,000E+0	1,579E+2	1,582E+2	0,000E+0	4,617E-1	4,607E-1	0,000E+0	2	1001
213,046	38,900	40,900	7,980E+1	0,000E+0	1,579E+2	1,582E+2	0,000E+0	4,617E-1	4,607E-1	0,000E+0	2	1001
214,046	39,000	40,800	7,980E+1	0,000E+0	1,583E+2	1,584E+2	0,000E+0	4,624E-1	4,599E-1	0,000E+0	2	1001
215,047	39,000	40,800	7,980E+1	0,000E+0	1,583E+2	1,584E+2	0,000E+0	4,624E-1	4,599E-1	0,000E+0	2	1001
216,046	39,000	40,800	7,980E+1	0,000E+0	1,580E+2	1,580E+2	0,000E+0	4,629E-1	4,597E-1	0,000E+0	2	1001
217,046	39,000	40,800	7,980E+1	0,000E+0	1,580E+2	1,580E+2	0,000E+0	4,629E-1	4,597E-1	0,000E+0	2	1001
218,046	39,300	40,800	8,010E+1	0,000E+0	1,580E+2	1,582E+2	0,000E+0	4,661E-1	4,628E-1	0,000E+0	1	1001
219,046	39,000	40,800	7,980E+1	0,000E+0	1,579E+2	1,580E+2	0,000E+0	4,628E-1	4,614E-1	0,000E+0	1	1001
220,046	39,100	41,000	8,010E+1	0,000E+0	1,580E+2	1,579E+2	0,000E+0	4,634E-1	4,621E-1	0,000E+0	1	1001
221,046	39,000	40,800	7,980E+1	0,000E+0	1,578E+2	1,581E+2	0,000E+0	4,615E-1	4,594E-1	0,000E+0	1	1001
222,047	39,000	40,800	7,980E+1	0,000E+0	1,578E+2	1,581E+2	0,000E+0	4,615E-1	4,594E-1	0,000E+0	1	1001
223,047	39,000	40,800	7,980E+1	0,000E+0	1,578E+2	1,581E+2	0,000E+0	4,615E-1	4,594E-1	0,000E+0	1	1001
224,047	39,000	40,800	7,980E+1	0,000E+0	1,578E+2	1,581E+2	0,000E+0	4,615E-1	4,594E-1	0,000E+0	1	1001
225,047	39,000	40,800	7,980E+1	0,000E+0	1,578E+2	1,581E+2	0,000E+0	4,615E-1	4,594E-1	0,000E+0	1	1001
226,047	39,100	41,000	8,010E+1	0,000E+0	1,581E+2	1,577E+2	0,000E+0	4,642E-1	4,628E-1	0,000E+0	1	1001
227,047	39,100	41,000	8,010E+1	0,000E+0	1,581E+2	1,577E+2	0,000E+0	4,642E-1	4,628E-1	0,000E+0	1	1001
228,048	39,100	41,000	8,010E+1	0,000E+0	1,581E+2	1,577E+2	0,000E+0	4,642E-1	4,628E-1	0,000E+0	1	1001
229,048	39,200	40,800	8,000E+1	0,000E+0	1,579E+2	1,580E+2	0,000E+0	4,637E-1	4,605E-1	0,000E+0	1	1001
230,049	39,200	40,800	8,000E+1	0,000E+0	1,579E+2	1,580E+2	0,000E+0	4,637E-1	4,605E-1	0,000E+0	1	1001
231,049	39,200	41,000	8,020E+1	0,000E+0	1,580E+2	1,579E+2	0,000E+0	4,651E-1	4,621E-1	0,000E+0	1	1001
232,049	39,200	41,000	8,020E+1	0,000E+0	1,580E+2	1,579E+2	0,000E+0	4,651E-1	4,621E-1	0,000E+0	1	1001
233,049	39,200	40,800	8,000E+1	0,000E+0	1,579E+2	1,579E+2	0,000E+0	4,623E-1	4,608E-1	0,000E+0	0	1001
234,050	39,200	40,800	8,000E+1	0,000E+0	1,579E+2	1,579E+2	0,000E+0	4,623E-1	4,608E-1	0,000E+0	0	1001
235,050	39,100	40,900	8,000E+1	0,000E+0	1,576E+2	1,579E+2	0,000E+0	4,640E-1	4,621E-1	0,000E+0	0	1001
236,050	38,800	41,000	7,980E+1	0,000E+0	1,579E+2	1,582E+2	0,000E+0	4,620E-1	4,621E-1	0,000E+0	0	1001
237,050	39,100	40,900	8,000E+1	0,000E+0	1,581E+2	1,579E+2	0,000E+0	4,635E-1	4,607E-1	0,000E+0	0	1001
238,052	39,100	40,900	8,000E+1	0,000E+0	1,581E+2	1,579E+2	0,000E+0	4,635E-1	4,607E-1	0,000E+0	0	1001
239,051	39,100	40,900	8,000E+1	0,000E+0	1,581E+2	1,579E+2	0,000E+0	4,635E-1	4,607E-1	0,000E+0	0	1001
240,051	39,100	40,900	8,000E+1	0,000E+0	1,581E+2	1,579E+2	0,000E+0	4,635E-1	4,607E-1	0,000E+0	0	1001
241,051	39,100	40,800	7,990E+1	0,000E+0	1,577E+2	1,579E+2	0,000E+0	4,622E-1	4,607E-1	0,000E+0	0	1001
242,051	39,100	40,800	7,990E+1	0,000E+0	1,577E+2	1,579E+2	0,000E+0	4,622E-1	4,607E-1	0,000E+0	0	1001
243,052	39,100	40,800	7,990E+1	0,000E+0	1,577E+2	1,579E+2	0,000E+0	4,622E-1	4,607E-1	0,000E+0	0	1001
244,052	39,000	40,800	7,980E+1	0,000E+0	1,577E+2	1,579E+2	0,000E+0	4,620E-1	4,618E-1	0,000E+0	0	1001
245,052	39,000	40,800	7,980E+1	0,000E+0	1,577E+2	1,579E+2	0,000E+0	4,620E-1	4,618E-1	0,000E+0	0	1001
246,052	38,800	40,900	7,970E+1	0,000E+0	1,579E+2	1,582E+2	0,000E+0	4,610E-1	4,598E-1	0,000E+0	0	1001
247,053	38,800	40,900	7,970E+1	0,000E+0	1,579E+2	1,582E+2	0,000E+0	4,610E-1	4,598E-1	0,000E+0	0	1001
248,053	39,000	41,100	8,010E+1	0,000E+0	1,580E+2	1,581E+2	0,000E+0	4,628E-1	4,622E-1	0,000E+0	0	1001
249,054	39,100	41,100	8,020E+1	0,000E+0	1,578E+2	1,580E+2	0,000E+0	4,635E-1	4,628E-1	0,000E+0	0	1001
250,054	39,200	40,900	8,010E+1	0,000E+0	1,579E+2	1,580E+2	0,000E+0	4,639E-1	4,622E-1	0,000E+0	0	1001
251,055	39,200	40,500	7,970E+1	0,000E+0	1,581E+2	1,578E+2	0,000E+0	4,650E-1	4,585E-1	0,000E+0	0	1010
252,055	39,100	41,100	8,020E+1	0,000E+0	1,578E+2	1,582E+2	0,000E+0	4,621E-1	4,634E-1	0,000E+0	0	1010
253,055	39,100	40,800	7,990E+1	0,000E+0	1,582E+2	1,582E+2	0,000E+0	4,633E-1	4,595E-1	0,000E+0	0	1010
254,055	38,800	40,900	7,970E+1	0,000E+0	1,578E+2	1,582E+2	0,000E+0	4,614E-1	4,605E-1	0,000E+0	0	1010
255,056	39,000	40,900	7,990E+1	0,000E+0	1,579E+2	1,580E+2	0,000E+0	4,622E-1	4,606E-1	0,000E+0	0	1010
256,056	38,900	41,100	8,000E+1	0,000E+0	1,579E+2	1,583E+2	0,000E+0	4,628E-1	4,623E-1	0,000E+0	0	1010
257,056	39,100	41,000	8,010E+1	0,000E+0	1,579E+2	1,580E+2	0,000E+0	4,639E-1	4,616E-1	0,000E+0	0	1010
258,057	39,200	40,800	8,000E+1	0,000E+0	1,581E+2	1,581E+2	0,000E+0	4,638E-1	4,594E-1	0,000E+0	0	1010
259,057	39,000	40,900	7,990E+1	0,000E+0	1,580E+2	1,582E+2	0,000E+0	4,630E-1	4,623E-1	0,000E+0	0	1010
260,058	39,000	40,900	7,990E+1	0,000E+0	1,580E+2	1,582E+2	0,000E+0	4,630E-1	4,623E-1	0,000E+0	0	1010
261,058	38,900	41,200	8,010E+1	0,000E+0	1,579E+2	1,582E+2	0,000E+0	4,622E-1	4,623E-1	0,000E+0	0	1010
262,059	39,000	40,900	7,990E+1	0,000E+0	1,579E+2	1,580E+2	0,000E+0	4,623E-1	4,616E-1	0,000E+0	0	1010
263,059	39,100	40,800	7,990E+1	0,000E+0	1,579E+2	1,581E+2	0,000E+0	4,626E-1	4,605E-1	0,000E+0	0	1010
264,059	39,100	40,800	7,990E+1	0,000E+0	1,579E+2	1,581E+2	0,000E+0	4,626E-1	4,605E-1	0,000E+0	0	1010
265,059	39,100	40,800	7,990E+1	0,000E+0	1,579E+2	1,581E+2	0,000E+0	4,626E-1	4,605E-1	0,000E+0	0	1010
266,059	39,100	40,800	7,990E+1	0,000E+0	1,579E+2	1,581E+2	0,000E+0	4,626E-1	4,605E-1	0,000E+0	0	1010
267,059	39,300	40,600	7,990E+1	0,000E+0	1,576E+2	1,580E+2	0,000E+0	4,643E-1	4,595E-1	0,000E+0	0	1010
268,059	39,300	40,600	7,990E+1	0,000E+0	1,576E+2	1,580E+2	0,000E+0	4,643E-1	4,595E-1	0,000E+0	0	1010
269,060	39,300	40,600	7,990E+1	0,000E+0	1,576E+2	1,580E+2	0,000E+0	4,643E-1	4,595E-1	0,000E+0	0	1010
270,060	39,300	40,600	7,990E+1	0,000E+0	1,576E+2	1,580E+2	0,000E+0	4,643E-1	4,595E-1	0,000E+0	0	1010
271,060	39,000	40,800	7,980E+1	0,000E+0	1,579E+2	1,579E+2	0,000E+0	4,633E-1	4,616E-1	0,000E+0	0	1010
272,061	39,000	40,800	7,980E+1	0,000E+0	1,579E+2	1,579E+2	0,000E+0	4,633E-1	4,616E-1	0,000E+0	0	1010
273,061	39,100	41,000	8,010E+1	0,000E+0	1,578E+2	1,580E+2	0,000E+0	4,649E-1	4,637E-1	0,000E+0	0	1010
274,062	39,100	41,000	8,010E+1	0,000E+0	1,578E+2	1,580E+2	0,000E+0	4,649E-1	4,637E-1	0,000E+0	0	1010
275,062	39,000	40,900	7,990E+1	0,000E+0	1,580E+2	1,579E+2	0,000E+0	4,629E-1	4,608E-1	0,000E+0	0	1010
276,063	39,300	40,800	8,010E+1	0,000E+0	1,579E+2	1,578E+2	0,000E+0	4,643E-1	4,613E-1	0,000E+0	1	1010
277,062	39,000	41,000	8,000E+1	0,000E+0	1,579E+2	1,583E+2	0,000E+0	4,639E-1	4,628E-1	0,000E+0	1	1010
278,062	39,000	41,000	8,000E+1	0,000E+0	1,581E+2	1,581E+2	0,000E+0	4,624E-1	4,624E-1	0,000E+0	1	1010
279,062	38,900	40,900	7,980E+1	0,000E+0	1,577E+2	1,580E+2	0,000E+0	4,610E-1	4,608E-1	0,000E+0	1	1010
280,063	38,900	40,900	7,980E+1	0,000E+0	1,577E+2	1,580E+2	0,000E+0	4,610E-1	4,608E-1	0,000E+0	1	1010
281,063	38,900	40,900	7,980E+1	0,000E+0	1,577E+2	1,580E+2	0,000E+0	4,610E-1	4,608E-1	0,000E+0	1	1010
282,063	38,900	40,900	7,980E+1	0,000E+0	1,577E+2	1,580E+2	0,000E+0	4,610E-1	4,608E-1	0,000E+0	1	1010
283,063	39,000	40,900	7,990E+1	0,000E+0	1,579E+2	1,580E+2	0,000E+0	4,617E-1	4,609E-1	0,000E+0	1	1010
284,064	39,000	40,900	7,990E+1	0,000E+0	1,579E+2	1,580E+2	0,000E+0	4,617E-1	4,609E-1	0,000E+0	1	1010
285,065	39,000	40,900	7,990E+1	0,000E+0	1,579E+2	1,580E+2	0,000E+0	4,617E-1	4,609E-1	0,000E+0	1	1010
286,064	39,000	40,900	7,990E+1	0,000E+0	1,579E+2	1,580E+2	0,000E+0	4,617E-1	4,609E-1	0,000E+0	1	1010
287,064	39,200	40,800	8,000E+1	0,000E+0	1,579E+2	1,579E+2	0,000E+0	4,639E-1	4,618E-1	0,000E+0	1	1010
288,064	39,200	40,800	8,000E+1	0,000E+0	1,579E+2	1,579E+2	0,000E+0	4,639E-1	4,618E-1	0,000E+0	1	1010
289,064	39,000	41,100	8,010E+1	0,000E+0	1,579E+2	1,584E+2	0,000E+0	4,620E-1	4,621E-1	0,000E+0	1	1010
290,065	39,000	41,100	8,010E+1	0,000E+0	1,579E+2	1,584E+2	0,000E+0	4,620E-1	4,621E-1	0,000E+0	1	1010
291,065	39,000	41,100	8,010E+1	0,000E+0	1,578E+2	1,581E+2	0,000E+0	4,632E-1	4,656E-1	0,000E+0	2	1010
292,065	39,000	40,900	7,990E+1	0,000E+0	1,581E+2	1,582E+2	0,000E+0	4,621E-1	4,612E-1	0,000E+0	2	1010
293,065	38,900	41,000	7,990E+1	0,000E+0	1,579E+2	1,582E+2	0,000E+0	4,623E-1	4,612E-1	0,000E+0	2	1010
294,066	38,900	41,000	7,990E+1	0,000E+0	1,581E+2	1,581E+2	0,000E+0	4,614E-1	4,611E-1	0,000E+0	2	1010
295,066	38,900	41,000	7,990E+1	0,000E+0	1,581E+2	1,581E+2	0,000E+0	4,614E-1	4,611E-1	0,000E+0	2	1010
296,066	38,900	41,000	7,990E+1	0,000E+0	1,581E+2	1,581E+2	0,000E+0	4,614E-1	4,611E-1	0,000E+0	2	1010
297,066	38,900	41,000	7,990E+1	0,000E+0	1,581E+2	1,581E+2	0,000E+0	4,614E-1	4,611E-1	0,000E+0	2	1010
298,066	38,900	41,000	7,990E+1	0,000E+0	1,581E+2	1,581E+2	0,000E+0	4,614E-1	4,611E-1	0,000E+0	2	1010
299,068	39,000	41,000	8,000E+1	0,000E+0	1,582E+2	1,583E+2	0,000E+0	4,635E-1	4,620E-1	0,000E+0	2	1010
300,067	39,000	41,000	8,000E+1	0,000E+0	1,582E+2	1,583E+2	0,000E+0	4,635E-1	4,620E-1	0,000E+0	2	1010
301,067	39,000	41,000	8,000E+1	0,000E+0	1,582E+2	1,583E+2	0,000E+0	4,635E-1	4,620E-1	0,000E+0	2	1010
302,067	39,000	40,800	7,980E+1	0,000E+0	1,580E+2	1,580E+2	0,000E+0	4,619E-1	4,612E-1	0,000E+0	2	1010
303,067	39,000	40,800	7,980E+1	0,000E+0	1,580E+2	1,580E+2	0,000E+0	4,619E-1	4,612E-1	0,000E+0	2	1010
304,068	39,000	40,900	7,990E+1	0,000E+0	1,580E+2	1,580E+2	0,000E+0	4,626E-1	4,605E-1	0,000E+0	2	1010
305,068	39,000	40,900	7,990E+1	0,000E+0	1,580E+2	1,580E+2	0,000E+0	4,626E-1	4,605E-1	0,000E+0	2	1010
306,068	39,200	41,000	8,020E+1	0,000E+0	1,580E+2	1,578E+2	0,000E+0	4,643E-1	4,627E-1	0,000E+0	2	1010
307,069	39,000	41,200	8,020E+1	0,000E+0	1,582E+2	1,584E+2	0,000E+0	4,624E-1	4,635E-1	0,000E+0	3	1010
308,069	39,000	40,800	7,980E+1	0,000E+0	1,582E+2	1,582E+2	0,000E+0	4,619E-1	4,602E-1	0,000E+0	3	1010
309,069	39,000	40,900	7,990E+1	0,000E+0	1,581E+2	1,580E+2	0,000E+0	4,614E-1	4,611E-1	0,000E+0	3	1010
310,069	39,000	40,900	7,990E+1	0,000E+0	1,581E+2	1,580E+2	0,000E+0	4,614E-1	4,611E-1	0,000E+0	3	1010
311,069	39,000	40,900	7,990E+1	0,000E+0	1,581E+2	1,580E+2	0,000E+0	4,614E-1	4,611E-1	0,000E+0	3	1010
312,070	39,000	40,900	7,990E+1	0,000E+0	1,581E+2	1,580E+2	0,000E+0	4,614E-1	4,611E-1	0,000E+0	3	1010
313,069	39,000	40,900	7,990E+1	0,000E+0	1,581E+2	1,580E+2	0,000E+0	4,614E-1	4,611E-1	0,000E+0	3	1010
314,069	39,000	40,900	7,990E+1	0,000E+0	1,581E+2	1,580E+2	0,000E+0	4,614E-1	4,611E-1	0,000E+0	3	1010
315,069	39,100	41,000	8,010E+1	0,000E+0	1,581E+2	1,584E+2	0,000E+0	4,636E-1	4,613E-1	0,000E+0	3	1010
316,070	39,100	41,000	8,010E+1	0,000E+0	1,581E+2	1,584E+2	0,000E+0	4,636E-1	4,613E-1	0,000E+0	3	1010
317,071	39,100	41,000	8,010E+1	0,000E+0	1,581E+2	1,584E+2	0,000E+0	4,636E-1	4,613E-1	0,000E+0	3	1010
318,071	39,000	41,000	8,000E+1	0,000E+0	1,578E+2	1,580E+2	0,000E+0	4,628E-1	4,619E-1	0,000E+0	3	1010
319,071	39,000	41,000	8,000E+1	0,000E+0	1,578E+2	1,580E+2	0,000E+0	4,628E-1	4,619E-1	0,000E+0	3	1010
320,072	38,800	41,100	7,990E+1	0,000E+0	1,578E+2	1,581E+2	0,000E+0	4,613E-1	4,634E-1	0,000E+0	3	1010
321,072	38,800	41,100	7,990E+1	0,000E+0	1,578E+2	1,581E+2	0,000E+0	4,613E-1	4,634E-1	0,000E+0	3	1010
322,072	38,900	40,800	7,970E+1	0,000E+0	1,580E+2	1,579E+2	0,000E+0	4,614E-1	4,610E-1	0,000E+0	4	1010
323,072	39,100	40,900	8,000E+1	0,000E+0	1,581E+2	1,582E+2	0,000E+0	4,635E-1	4,601E-1	0,000E+0	4	1010
324,073	39,200	41,100	8,030E+1	0,000E+0	1,582E+2	1,581E+2	0,000E+0	4,631E-1	4,612E-1	0,000E+0	4	1010
325,073	39,200	40,700	7,990E+1	0,000E+0	1,581E+2	1,579E+2	0,000E+0	4,652E-1	4,607E-1	0,000E+0	4	1010
326,073	39,200	40,700	7,990E+1	0,000E+0	1,581E+2	1,579E+2	0,000E+0	4,652E-1	4,607E-1	0,000E+0	4	1010
327,073	39,200	40,700	7,990E+1	0,000E+0	1,581E+2	1,579E+2	0,000E+0	4,652E-1	4,607E-1	0,000E+0	4	1010
328,073	39,200	40,700	7,990E+1	0,000E+0	1,581E+2	1,579E+2	0,000E+0	4,652E-1	4,607E-1	0,000E+0	4	1010
329,074	39,200	40,700	7,990E+1	0,000E+0	1,581E+2	1,579E+2	0,000E+0	4,652E-1	4,607E-1	0,000E+0	4	1010
330,073	39,200	41,000	8,020E+1	0,000E+0	1,581E+2	1,581E+2	0,000E+0	4,641E-1	4,626E-1	0,000E+0	4	1010
331,073	39,200	41,000	8,020E+1	0,000E+0	1,581E+2	1,581E+2	0,000E+0	4,641E-1	4,626E-1	0,000E+0	4	1010
332,074	39,200	41,000	8,020E+1	0,000E+0	1,581E+2	1,581E+2	0,000E+0	4,641E-1	4,626E-1	0,000E+0	4	1010
333,074	38,900	40,800	7,970E+1	0,000E+0	1,581E+2	1,583E+2	0,000E+0	4,619E-1	4,603E-1	0,000E+0	4	1010
334,075	38,900	40,800	7,970E+1	0,000E+0	1,581E+2	1,583E+2	0,000E+0	4,619E-1	4,603E-1	0,000E+0	4	1010
335,075	39,100	40,700	7,980E+1	0,000E+0	1,583E+2	1,584E+2	0,000E+0	4,632E-1	4,602E-1	0,000E+0	4	1010
336,075	39,100	40,700	7,980E+1	0,000E+0	1,583E+2	1,584E+2	0,000E+0	4,632E-1	4,602E-1	0,000E+0	4	1010
337,075	39,000	41,100	8,010E+1	0,000E+0	1,582E+2	1,584E+2	0,000E+0	4,623E-1	4,627E-1	0,000E+0	4	1010
338,075	39,000	41,100	8,010E+1	0,000E+0	1,582E+2	1,584E+2	0,000E+0	4,623E-1	4,627E-1	0,000E+0	5	1010
339,075	38,900	41,100	8,000E+1	0,000E+0	1,583E+2	1,586E+2	0,000E+0	4,621E-1	4,637E-1	0,000E+0	5	1010
340,075	39,000	40,700	7,970E+1	0,000E+0	1,585E+2	1,583E+2	0,000E+0	4,623E-1	4,582E-1	0,000E+0	5	1010
341,075	39,000	40,700	7,970E+1	0,000E+0	1,585E+2	1,583E+2	0,000E+0	4,623E-1	4,582E-1	0,000E+0	5	1010
342,075	39,000	40,700	7,970E+1	0,000E+0	1,585E+2	1,583E+2	0,000E+0	4,623E-1	4,582E-1	0,000E+0	5	1010
343,076	39,000	40,700	7,970E+1	0,000E+0	1,585E+2	1,583E+2	0,000E+0	4,623E-1	4,582E-1	0,000E+0	5	1010
344,075	39,000	40,700	7,970E+1	0,000E+0	1,585E+2	1,583E+2	0,000E+0	4,623E-1	4,582E-1	0,000E+0	5	1010
345,075	39,100	41,000	8,010E+1	0,000E+0	1,578E+2	1,582E+2	0,000E+0	4,638E-1	4,626E-1	0,000E+0	5	1010
346,075	39,100	41,000	8,010E+1	0,000E+0	1,578E+2	1,582E+2	0,000E+0	4,638E-1	4,626E-1	0,000E+0	5	1010
347,075	39,100	41,000	8,010E+1	0,000E+0	1,578E+2	1,582E+2	0,000E+0	4,638E-1	4,626E-1	0,000E+0	5	1010
348,075	39,100	41,000	8,010E+1	0,000E+0	1,578E+2	1,582E+2	0,000E+0	4,638E-1	4,626E-1	0,000E+0	5	1010
349,076	39,300	40,800	8,010E+1	0,000E+0	1,581E+2	1,579E+2	0,000E+0	4,653E-1	4,605E-1	0,000E+0	5	1010
350,076	38,800	41,000	7,980E+1	0,000E+0	1,582E+2	1,585E+2	0,000E+0	4,609E-1	4,616E-1	0,000E+0	5	1010
351,076	38,800	41,000	7,980E+1	0,000E+0	1,582E+2	1,585E+2	0,000E+0	4,609E-1	4,616E-1	0,000E+0	5	1010
352,076	38,900	40,800	7,970E+1	0,000E+0	1,581E+2	1,582E+2	0,000E+0	4,605E-1	4,596E-1	0,000E+0	5	1010
353,076	39,100	40,700	7,980E+1	0,000E+0	1,580E+2	1,582E+2	0,000E+0	4,642E-1	4,607E-1	0,000E+0	5	1010
354,076	38,900	41,000	7,990E+1	0,000E+0	1,581E+2	1,584E+2	0,000E+0	4,628E-1	4,618E-1	0,000E+0	5	1010
355,076	38,900	41,100	8,000E+1	0,000E+0	1,580E+2	1,582E+2	0,000E+0	4,622E-1	4,613E-1	0,000E+0	5	1010
356,077	39,000	41,200	8,020E+1	0,000E+0	1,578E+2	1,580E+2	0,000E+0	4,638E-1	4,645E-1	0,000E+0	5	1010
357,077	38,800	40,900	7,970E+1	0,000E+0	1,578E+2	1,579E+2	0,000E+0	4,612E-1	4,618E-1	0,000E+0	5	1010
358,078	39,000	41,000	8,000E+1	0,000E+0	1,579E+2	1,579E+2	0,000E+0	4,626E-1	4,624E-1	0,000E+0	5	1010
359,079	39,000	41,100	8,010E+1	0,000E+0	1,577E+2	1,579E+2	0,000E+0	4,630E-1	4,623E-1	0,000E+0	5	1010
360,080	39,000	41,000	8,000E+1	0,000E+0	1,579E+2	1,580E+2	0,000E+0	4,633E-1	4,621E-1	0,000E+0	5	1010
361,080	39,100	40,700	7,980E+1	0,000E+0	1,580E+2	1,581E+2	0,000E+0	4,640E-1	4,594E-1	0,000E+0	5	1010
362,080	16,600	16,300	3,290E+1	0,000E+0	1,510E+2	1,514E+2	0,000E+0	2,360E-1	2,407E-1	0,000E+0	5	1010
363,080	1,100	0,700	1,800E+0	0,000E+0	1,080E+2	1,080E+2	0,000E+0	3,030E-2	2,960E-2	0,000E+0	5	1010
364,080	1,100	0,700	1,800E+0	0,000E+0	1,080E+2	1,080E+2	0,000E+0	3,030E-2	2,960E-2	0,000E+0	5	1010
