t	IF	IR	VF	VR	VelSP	VelRE
0,013	0,000	0,100	3,000E-1	2,400E+1	0,000E+0	0,000E+0
0,062	0,000	0,100	3,000E-1	2,400E+1	0,000E+0	0,000E+0
1,062	0,000	0,100	3,000E-1	2,400E+1	0,000E+0	0,000E+0
2,061	0,000	0,100	3,000E-1	2,400E+1	0,000E+0	0,000E+0
3,062	0,000	0,100	3,000E-1	2,400E+1	0,000E+0	0,000E+0
4,061	0,000	0,100	3,000E-1	2,400E+1	0,000E+0	0,000E+0
5,061	0,000	0,100	3,000E-1	2,400E+1	0,000E+0	0,000E+0
6,062	0,000	0,100	3,000E-1	2,400E+1	0,000E+0	0,000E+0
7,063	0,000	0,100	3,000E-1	2,400E+1	0,000E+0	0,000E+0
8,064	0,000	0,100	3,000E-1	2,400E+1	0,000E+0	0,000E+0
9,063	0,000	0,100	3,000E-1	2,400E+1	0,000E+0	0,000E+0
10,064	0,000	0,100	3,000E-1	2,400E+1	0,000E+0	0,000E+0
11,063	0,000	0,100	3,000E-1	2,400E+1	0,000E+0	0,000E+0
12,063	0,000	0,100	3,000E-1	2,400E+1	0,000E+0	0,000E+0
13,063	0,000	0,100	3,000E-1	2,400E+1	0,000E+0	0,000E+0
14,063	0,000	0,100	3,000E-1	2,400E+1	0,000E+0	0,000E+0
15,065	0,000	0,100	3,000E-1	2,400E+1	0,000E+0	0,000E+0
16,064	0,000	0,100	3,000E-1	2,400E+1	0,000E+0	0,000E+0
17,065	0,000	0,100	3,000E-1	2,400E+1	3,500E+3	0,000E+0
18,064	0,000	0,100	3,000E-1	2,400E+1	3,500E+3	0,000E+0
19,065	0,000	0,100	3,000E-1	2,400E+1	3,500E+3	0,000E+0
20,065	0,000	0,100	3,000E-1	2,400E+1	3,500E+3	0,000E+0
21,065	0,000	0,100	3,000E-1	2,400E+1	3,500E+3	0,000E+0
22,066	0,000	0,100	3,000E-1	2,400E+1	3,500E+3	0,000E+0
23,065	0,000	0,100	3,000E-1	2,400E+1	3,500E+3	0,000E+0
24,065	0,000	0,100	3,000E-1	2,400E+1	3,500E+3	0,000E+0
25,065	0,000	0,100	3,000E-1	2,400E+1	3,500E+3	3,660E+2
26,066	0,000	0,100	3,000E-1	2,400E+1	3,500E+3	3,098E+3
27,068	0,000	0,100	3,000E-1	2,400E+1	3,500E+3	3,844E+3
28,067	0,000	0,100	3,000E-1	2,400E+1	3,500E+3	3,542E+3
29,068	0,000	0,100	3,000E-1	2,400E+1	3,500E+3	3,294E+3
30,067	0,000	0,100	3,000E-1	2,400E+1	3,500E+3	3,335E+3
31,067	0,000	0,100	3,000E-1	2,400E+1	3,500E+3	3,537E+3
32,067	0,000	0,100	3,000E-1	2,400E+1	3,500E+3	3,536E+3
33,067	0,000	0,100	3,000E-1	2,400E+1	3,500E+3	3,479E+3
34,068	0,000	0,100	3,000E-1	2,400E+1	2,700E+3	3,272E+3
35,067	0,000	0,100	3,000E-1	2,400E+1	2,700E+3	2,838E+3
36,068	0,000	0,100	3,000E-1	2,400E+1	2,700E+3	2,411E+3
37,067	0,000	0,100	3,000E-1	2,400E+1	2,700E+3	2,181E+3
38,067	0,000	0,100	3,000E-1	2,400E+1	2,700E+3	2,552E+3
39,067	0,000	0,100	3,000E-1	2,400E+1	2,700E+3	2,765E+3
40,067	0,000	0,100	3,000E-1	2,400E+1	2,700E+3	2,784E+3
41,068	0,000	0,100	3,000E-1	2,400E+1	2,700E+3	2,706E+3
42,067	0,000	0,100	3,000E-1	2,400E+1	2,700E+3	2,664E+3
43,068	0,000	0,100	3,000E-1	2,400E+1	2,700E+3	2,673E+3
44,067	0,000	0,100	3,000E-1	2,400E+1	2,700E+3	2,620E+3
45,068	0,000	0,100	3,000E-1	2,400E+1	2,700E+3	2,667E+3
46,068	0,100	0,100	5,750E+0	2,400E+1	2,700E+3	2,701E+3
47,068	0,100	0,100	5,890E+0	2,400E+1	2,700E+3	2,701E+3
48,070	0,100	0,100	5,890E+0	2,400E+1	2,700E+3	2,689E+3
49,069	0,117	0,100	6,770E+0	2,400E+1	2,700E+3	2,682E+3
50,069	0,129	0,100	7,530E+0	2,400E+1	2,700E+3	2,685E+3
51,070	0,129	0,100	7,530E+0	2,400E+1	2,700E+3	2,719E+3
52,070	0,140	0,100	7,400E+0	2,400E+1	2,700E+3	2,694E+3
53,070	0,129	0,100	7,370E+0	2,400E+1	2,700E+3	2,712E+3
54,070	0,129	0,100	7,370E+0	2,400E+1	2,700E+3	2,702E+3
55,071	0,132	0,100	7,530E+0	2,400E+1	2,700E+3	2,699E+3
56,070	0,134	0,100	7,660E+0	2,400E+1	2,700E+3	2,707E+3
57,070	0,134	0,100	7,660E+0	2,400E+1	2,700E+3	2,694E+3
58,070	0,136	0,100	7,750E+0	2,400E+1	2,700E+3	2,704E+3
59,070	0,138	0,100	7,820E+0	2,400E+1	2,700E+3	2,709E+3
60,071	0,138	0,100	7,820E+0	2,400E+1	2,700E+3	2,705E+3
61,070	0,139	0,100	7,880E+0	2,400E+1	2,700E+3	2,705E+3
62,072	0,140	0,100	7,950E+0	2,400E+1	2,700E+3	2,708E+3
63,071	0,140	0,100	7,950E+0	2,400E+1	2,700E+3	2,705E+3
64,071	0,141	0,100	8,020E+0	2,400E+1	2,700E+3	2,702E+3
65,071	0,142	0,100	8,040E+0	2,400E+1	2,700E+3	2,701E+3
66,072	0,142	0,100	8,040E+0	2,400E+1	2,700E+3	2,705E+3
67,073	0,142	0,100	8,090E+0	2,400E+1	2,700E+3	2,693E+3
68,072	0,143	0,100	8,120E+0	2,400E+1	2,700E+3	2,701E+3
69,073	0,143	0,100	8,120E+0	2,400E+1	2,700E+3	2,694E+3
70,072	0,144	0,100	8,150E+0	2,400E+1	2,700E+3	2,705E+3
71,072	0,144	0,100	8,180E+0	2,400E+1	2,700E+3	2,703E+3
72,073	0,144	0,100	8,180E+0	2,400E+1	2,700E+3	2,690E+3
73,075	0,144	0,100	8,190E+0	2,400E+1	2,700E+3	2,704E+3
74,074	0,145	0,100	8,210E+0	2,400E+1	2,700E+3	2,699E+3
75,075	0,145	0,100	8,210E+0	2,400E+1	2,700E+3	2,698E+3
76,074	0,145	0,100	8,230E+0	2,400E+1	2,700E+3	2,703E+3
77,074	0,145	0,100	8,240E+0	2,400E+1	2,700E+3	2,699E+3
78,075	0,145	0,100	8,240E+0	2,400E+1	2,700E+3	2,703E+3
79,075	0,146	0,100	8,260E+0	2,400E+1	2,700E+3	2,702E+3
80,076	0,146	0,100	8,270E+0	2,400E+1	2,700E+3	2,706E+3
81,076	0,146	0,100	8,270E+0	2,400E+1	2,700E+3	2,711E+3
82,077	0,146	0,100	8,270E+0	2,400E+1	2,700E+3	2,704E+3
83,076	0,146	0,100	8,290E+0	2,400E+1	2,700E+3	2,697E+3
84,076	0,146	0,100	8,290E+0	2,400E+1	2,700E+3	2,701E+3
85,077	0,146	0,100	8,290E+0	2,400E+1	2,700E+3	2,704E+3
86,077	0,146	0,100	8,290E+0	2,400E+1	2,700E+3	2,703E+3
87,077	0,146	0,100	8,290E+0	2,400E+1	2,700E+3	2,692E+3
88,078	0,146	0,100	8,290E+0	2,400E+1	2,700E+3	2,695E+3
89,077	0,146	0,100	8,300E+0	2,400E+1	2,700E+3	2,698E+3
90,079	0,146	0,100	8,300E+0	2,400E+1	2,700E+3	2,706E+3
91,079	0,146	0,100	8,300E+0	2,400E+1	2,700E+3	2,703E+3
92,079	0,147	0,100	8,320E+0	2,400E+1	2,700E+3	2,696E+3
93,079	0,147	0,100	8,320E+0	2,400E+1	2,700E+3	2,698E+3
94,079	0,147	0,100	8,320E+0	2,400E+1	2,700E+3	2,700E+3
95,080	0,147	0,100	8,320E+0	2,400E+1	2,700E+3	2,703E+3
96,079	0,147	0,100	8,310E+0	2,400E+1	2,700E+3	2,705E+3
97,080	0,147	0,100	8,310E+0	2,400E+1	2,700E+3	2,703E+3
98,079	0,147	0,100	8,310E+0	2,400E+1	2,700E+3	2,701E+3
99,079	0,147	0,100	8,310E+0	2,400E+1	2,700E+3	2,697E+3
100,079	0,147	0,100	8,310E+0	2,400E+1	2,700E+3	2,701E+3
101,080	0,147	0,100	8,310E+0	2,400E+1	2,700E+3	2,699E+3
102,081	0,147	0,100	8,310E+0	2,400E+1	2,700E+3	2,697E+3
103,080	0,147	0,100	8,310E+0	2,400E+1	2,700E+3	2,700E+3
104,081	0,147	0,100	8,310E+0	2,400E+1	2,700E+3	2,702E+3
105,080	0,147	0,100	8,310E+0	2,400E+1	2,700E+3	2,701E+3
106,080	0,147	0,100	8,310E+0	2,400E+1	2,700E+3	2,705E+3
107,081	0,147	0,100	8,310E+0	2,400E+1	2,700E+3	2,710E+3
108,081	0,147	0,100	8,320E+0	2,400E+1	2,700E+3	2,701E+3
109,082	0,147	0,100	8,320E+0	2,400E+1	2,700E+3	2,703E+3
110,081	0,147	0,100	8,320E+0	2,400E+1	2,700E+3	2,702E+3
111,082	0,147	0,100	8,320E+0	2,400E+1	2,700E+3	2,703E+3
112,081	0,147	0,100	8,330E+0	2,400E+1	2,700E+3	2,701E+3
113,081	0,147	0,100	8,330E+0	2,400E+1	2,700E+3	2,702E+3
114,082	0,147	0,100	8,330E+0	2,400E+1	2,700E+3	2,699E+3
115,081	0,147	0,100	8,330E+0	2,400E+1	2,700E+3	2,701E+3
116,081	0,147	0,100	8,330E+0	2,400E+1	2,700E+3	2,698E+3
117,082	0,147	0,100	8,330E+0	2,400E+1	2,700E+3	2,712E+3
118,083	0,147	0,100	8,330E+0	2,400E+1	2,700E+3	2,705E+3
119,084	0,147	0,100	8,330E+0	2,400E+1	2,700E+3	2,700E+3
120,083	0,147	0,100	8,330E+0	2,400E+1	2,700E+3	2,689E+3
121,084	0,147	0,100	8,330E+0	2,400E+1	2,700E+3	2,702E+3
122,083	0,147	0,100	8,330E+0	2,400E+1	2,700E+3	2,699E+3
123,083	0,147	0,100	8,330E+0	2,400E+1	2,700E+3	2,705E+3
124,083	0,147	0,100	8,330E+0	2,400E+1	2,700E+3	2,711E+3
125,084	0,147	0,100	8,330E+0	2,400E+1	2,700E+3	2,699E+3
126,085	0,147	0,100	8,350E+0	2,400E+1	2,700E+3	2,709E+3
127,085	0,147	0,100	8,350E+0	2,400E+1	2,700E+3	2,697E+3
128,086	0,147	0,100	8,350E+0	2,400E+1	2,700E+3	2,697E+3
129,086	0,147	0,100	8,340E+0	2,400E+1	2,700E+3	2,706E+3
130,086	0,147	0,100	8,340E+0	2,400E+1	2,700E+3	2,697E+3
131,086	0,147	0,100	8,350E+0	2,400E+1	2,700E+3	2,692E+3
132,086	0,147	0,100	8,350E+0	2,400E+1	2,700E+3	2,705E+3
133,088	0,147	0,100	8,350E+0	2,400E+1	2,700E+3	2,702E+3
134,087	0,147	0,100	8,360E+0	2,400E+1	2,700E+3	2,701E+3
135,087	0,147	0,100	8,350E+0	2,400E+1	2,700E+3	2,700E+3
136,087	0,147	0,100	8,350E+0	2,400E+1	2,700E+3	2,701E+3
137,087	0,147	0,100	8,350E+0	2,400E+1	2,700E+3	2,704E+3
138,089	0,147	0,100	8,360E+0	2,400E+1	2,700E+3	2,704E+3
139,088	0,147	0,100	8,360E+0	2,400E+1	2,700E+3	2,694E+3
140,088	0,147	0,100	8,360E+0	2,400E+1	2,700E+3	2,703E+3
141,088	0,147	0,100	8,360E+0	2,400E+1	2,700E+3	2,696E+3
142,089	0,147	0,100	8,360E+0	2,400E+1	2,700E+3	2,700E+3
143,088	0,147	0,100	8,360E+0	2,400E+1	2,700E+3	2,699E+3
144,089	0,147	0,100	8,350E+0	2,400E+1	2,700E+3	2,699E+3
145,088	0,147	0,100	8,360E+0	2,400E+1	2,700E+3	2,710E+3
146,089	0,147	0,100	8,360E+0	2,400E+1	2,700E+3	2,711E+3
147,088	0,147	0,100	8,360E+0	2,400E+1	2,700E+3	2,705E+3
148,088	0,147	0,100	8,360E+0	2,400E+1	2,700E+3	2,704E+3
149,089	0,147	0,100	8,360E+0	2,400E+1	2,700E+3	2,702E+3
150,089	0,147	0,100	8,350E+0	2,400E+1	2,700E+3	2,703E+3
151,091	0,147	0,100	8,360E+0	2,400E+1	2,700E+3	2,702E+3
152,090	0,148	0,100	8,370E+0	2,400E+1	2,700E+3	2,713E+3
153,090	0,147	0,100	8,370E+0	2,400E+1	2,700E+3	2,700E+3
154,091	0,147	0,100	8,360E+0	2,400E+1	2,700E+3	2,700E+3
155,091	0,148	0,100	8,370E+0	2,400E+1	2,700E+3	2,696E+3
156,091	0,148	0,100	8,370E+0	2,400E+1	2,700E+3	2,704E+3
157,091	0,148	0,100	8,360E+0	2,400E+1	2,700E+3	2,700E+3
158,091	0,148	0,100	8,360E+0	2,400E+1	2,700E+3	2,705E+3
159,091	0,148	0,100	8,360E+0	2,400E+1	2,700E+3	2,698E+3
160,091	0,148	0,100	8,360E+0	2,400E+1	2,700E+3	2,705E+3
161,092	0,148	0,100	8,360E+0	2,400E+1	2,700E+3	2,703E+3
162,091	0,148	0,100	8,360E+0	2,400E+1	2,700E+3	2,700E+3
163,092	0,148	0,100	8,360E+0	2,400E+1	2,700E+3	2,694E+3
164,092	0,148	0,100	8,360E+0	2,400E+1	2,700E+3	2,703E+3
165,092	0,148	0,100	8,360E+0	2,400E+1	2,700E+3	2,689E+3
166,094	0,148	0,100	8,360E+0	2,400E+1	2,700E+3	2,706E+3
167,093	0,148	0,100	8,370E+0	2,400E+1	2,700E+3	2,700E+3
168,094	0,148	0,100	8,370E+0	2,400E+1	2,700E+3	2,701E+3
169,093	0,148	0,100	8,360E+0	2,400E+1	2,700E+3	2,697E+3
170,093	0,148	0,100	8,370E+0	2,400E+1	2,700E+3	2,704E+3
171,094	0,148	0,100	8,370E+0	2,400E+1	2,700E+3	2,708E+3
172,093	0,148	0,100	8,370E+0	2,400E+1	2,700E+3	2,700E+3
173,094	0,148	0,100	8,360E+0	2,400E+1	2,700E+3	2,701E+3
174,094	0,148	0,100	8,360E+0	2,400E+1	2,700E+3	2,696E+3
175,094	0,148	0,100	8,370E+0	2,400E+1	2,700E+3	2,708E+3
176,094	0,148	0,100	8,370E+0	2,400E+1	2,700E+3	2,700E+3
177,094	0,148	0,100	8,370E+0	2,400E+1	2,700E+3	2,701E+3
178,095	0,148	0,100	8,360E+0	2,400E+1	2,700E+3	2,702E+3
179,094	0,148	0,100	8,360E+0	2,400E+1	2,700E+3	2,707E+3
180,095	0,148	0,100	8,360E+0	2,400E+1	2,700E+3	2,703E+3
181,094	0,148	0,100	8,360E+0	2,400E+1	2,700E+3	2,711E+3
182,094	0,148	0,100	8,360E+0	2,400E+1	2,700E+3	2,704E+3
183,094	0,148	0,100	8,370E+0	2,400E+1	2,700E+3	2,703E+3
184,094	0,148	0,100	8,370E+0	2,400E+1	2,700E+3	2,694E+3
185,095	0,148	0,100	8,370E+0	2,400E+1	2,700E+3	2,700E+3
186,094	0,148	0,100	8,370E+0	2,400E+1	2,700E+3	2,699E+3
187,095	0,148	0,100	8,360E+0	2,400E+1	2,700E+3	2,698E+3
188,094	0,148	0,100	8,370E+0	2,400E+1	2,700E+3	2,707E+3
189,094	0,148	0,100	8,370E+0	2,400E+1	2,700E+3	2,705E+3
190,095	0,148	0,100	8,360E+0	2,400E+1	2,700E+3	2,707E+3
191,096	0,148	0,100	8,360E+0	2,400E+1	2,700E+3	2,700E+3
192,097	0,148	0,100	8,360E+0	2,400E+1	2,700E+3	2,704E+3
193,097	0,148	0,100	8,360E+0	2,400E+1	2,700E+3	2,708E+3
194,096	0,148	0,100	8,370E+0	2,400E+1	2,700E+3	2,700E+3
195,098	0,148	0,100	8,360E+0	2,400E+1	2,700E+3	2,702E+3
196,097	0,148	0,100	8,360E+0	2,400E+1	2,700E+3	2,697E+3
197,097	0,148	0,100	8,360E+0	2,400E+1	2,700E+3	2,702E+3
198,098	0,148	0,100	8,360E+0	2,400E+1	2,700E+3	2,697E+3
199,097	0,148	0,100	8,360E+0	2,400E+1	2,700E+3	2,697E+3
200,098	0,148	0,100	8,360E+0	2,400E+1	2,700E+3	2,698E+3
201,098	0,148	0,100	8,370E+0	2,400E+1	2,700E+3	2,704E+3
202,100	0,148	0,100	8,370E+0	2,400E+1	2,700E+3	2,701E+3
203,099	0,148	0,100	8,370E+0	2,400E+1	2,700E+3	2,699E+3
204,099	0,148	0,100	8,370E+0	2,400E+1	2,700E+3	2,707E+3
205,101	0,148	0,100	8,370E+0	2,400E+1	2,700E+3	2,701E+3
206,100	0,148	0,100	8,370E+0	2,400E+1	2,700E+3	2,705E+3
207,101	0,148	0,100	8,370E+0	2,400E+1	2,700E+3	2,693E+3
208,100	0,148	0,100	8,370E+0	2,400E+1	2,700E+3	2,702E+3
209,100	0,148	0,100	8,370E+0	2,400E+1	2,700E+3	2,695E+3
210,101	0,148	0,100	8,370E+0	2,400E+1	2,700E+3	2,701E+3
211,101	0,148	0,100	8,370E+0	2,400E+1	2,700E+3	2,699E+3
212,102	0,148	0,100	8,370E+0	2,400E+1	2,700E+3	2,699E+3
213,101	0,148	0,100	8,370E+0	2,400E+1	2,700E+3	2,693E+3
214,102	0,148	0,100	8,370E+0	2,400E+1	2,700E+3	2,697E+3
215,101	0,148	0,100	8,370E+0	2,400E+1	2,700E+3	2,702E+3
216,101	0,148	0,100	8,370E+0	2,400E+1	2,700E+3	2,700E+3
217,102	0,148	0,100	8,370E+0	2,400E+1	2,700E+3	2,701E+3
218,102	0,148	0,100	8,370E+0	2,400E+1	2,700E+3	2,697E+3
219,104	0,148	0,100	8,370E+0	2,400E+1	2,700E+3	2,705E+3
220,104	0,148	0,100	8,370E+0	2,400E+1	2,700E+3	2,700E+3
221,106	0,148	0,100	8,370E+0	2,400E+1	2,700E+3	2,708E+3
222,106	0,148	0,100	8,370E+0	2,400E+1	2,700E+3	2,700E+3
223,107	0,148	0,100	8,370E+0	2,400E+1	2,700E+3	2,705E+3
224,106	0,148	0,100	8,370E+0	2,400E+1	2,700E+3	2,706E+3
225,107	0,148	0,100	8,370E+0	2,400E+1	2,700E+3	2,710E+3
226,107	0,148	0,100	8,380E+0	2,400E+1	2,700E+3	2,700E+3
227,107	0,148	0,100	8,380E+0	2,400E+1	2,700E+3	2,696E+3
228,107	0,148	0,100	8,370E+0	2,400E+1	2,700E+3	2,699E+3
229,108	0,148	0,100	8,370E+0	2,400E+1	2,700E+3	2,703E+3
230,107	0,148	0,100	8,370E+0	2,400E+1	2,700E+3	2,703E+3
231,108	0,148	0,100	8,370E+0	2,400E+1	2,700E+3	2,697E+3
232,107	0,148	0,100	8,370E+0	2,400E+1	2,700E+3	2,704E+3
233,107	0,148	0,100	8,370E+0	2,400E+1	2,700E+3	2,710E+3
234,107	0,148	0,100	8,370E+0	2,400E+1	2,700E+3	2,695E+3
235,108	0,148	0,100	8,380E+0	2,400E+1	2,700E+3	2,704E+3
236,109	0,148	0,100	8,380E+0	2,400E+1	2,700E+3	2,702E+3
237,108	0,148	0,100	8,370E+0	2,400E+1	2,700E+3	2,703E+3
238,109	0,148	0,100	8,370E+0	2,400E+1	2,700E+3	2,701E+3
239,108	0,148	0,100	8,370E+0	2,400E+1	2,700E+3	2,698E+3
240,108	0,148	0,100	8,370E+0	2,400E+1	2,700E+3	2,701E+3
241,108	0,148	0,100	8,370E+0	2,400E+1	2,700E+3	2,700E+3
242,108	0,148	0,100	8,370E+0	2,400E+1	2,700E+3	2,703E+3
243,108	0,148	0,100	8,380E+0	2,400E+1	2,700E+3	2,681E+3
244,108	0,148	0,100	8,380E+0	2,400E+1	2,700E+3	2,701E+3
245,108	0,148	0,100	8,370E+0	2,400E+1	2,700E+3	2,703E+3
246,108	0,148	0,100	8,370E+0	2,400E+1	2,700E+3	2,703E+3
247,109	0,148	0,100	8,370E+0	2,400E+1	2,700E+3	2,707E+3
248,108	0,148	0,100	8,370E+0	2,400E+1	2,700E+3	2,700E+3
249,109	0,148	0,100	8,370E+0	2,400E+1	2,700E+3	2,701E+3
250,108	0,148	0,100	8,380E+0	2,400E+1	2,700E+3	2,707E+3
251,109	0,148	0,100	8,380E+0	2,400E+1	2,700E+3	2,708E+3
252,110	0,148	0,100	8,380E+0	2,400E+1	2,700E+3	2,704E+3
253,111	0,148	0,100	8,380E+0	2,400E+1	2,700E+3	2,699E+3
254,112	0,148	0,100	8,380E+0	2,400E+1	2,700E+3	2,701E+3
255,112	0,148	0,100	8,380E+0	2,400E+1	2,700E+3	2,698E+3
256,114	0,148	0,100	8,380E+0	2,400E+1	2,700E+3	2,706E+3
257,113	0,148	0,100	8,380E+0	2,400E+1	2,700E+3	2,702E+3
258,114	0,148	0,100	8,380E+0	2,400E+1	2,700E+3	2,702E+3
259,113	0,148	0,100	8,380E+0	2,400E+1	2,700E+3	2,692E+3
260,113	0,148	0,100	8,380E+0	2,400E+1	2,700E+3	2,700E+3
261,113	0,148	0,100	8,380E+0	2,400E+1	2,700E+3	2,707E+3
262,113	0,148	0,100	8,380E+0	2,400E+1	2,700E+3	2,699E+3
263,115	0,148	0,100	8,380E+0	2,400E+1	2,700E+3	2,702E+3
264,115	0,148	0,100	8,380E+0	2,400E+1	2,700E+3	2,704E+3
265,117	0,148	0,100	8,380E+0	2,400E+1	2,700E+3	2,699E+3
266,116	0,148	0,100	8,380E+0	2,400E+1	2,700E+3	2,701E+3
267,116	0,148	0,100	8,380E+0	2,400E+1	2,700E+3	2,701E+3
268,116	0,148	0,100	8,380E+0	2,400E+1	2,700E+3	2,697E+3
269,117	0,148	0,100	8,380E+0	2,400E+1	2,700E+3	2,692E+3
270,118	0,148	0,100	8,380E+0	2,400E+1	2,700E+3	2,711E+3
271,117	0,148	0,100	8,380E+0	2,400E+1	2,700E+3	2,703E+3
272,118	0,148	0,100	8,380E+0	2,400E+1	2,700E+3	2,701E+3
273,118	0,148	0,100	8,380E+0	2,400E+1	2,700E+3	2,701E+3
274,118	0,148	0,100	8,380E+0	2,400E+1	2,700E+3	2,708E+3
275,119	0,148	0,100	8,380E+0	2,400E+1	2,700E+3	2,697E+3
276,118	0,148	0,100	8,380E+0	2,400E+1	2,700E+3	2,700E+3
277,119	0,148	0,100	8,380E+0	2,400E+1	2,700E+3	2,695E+3
278,118	0,148	0,100	8,380E+0	2,400E+1	2,700E+3	2,700E+3
279,119	0,148	0,100	8,370E+0	2,400E+1	2,700E+3	2,699E+3
280,118	0,148	0,100	8,370E+0	2,400E+1	2,700E+3	2,714E+3
281,118	0,148	0,100	8,370E+0	2,400E+1	2,700E+3	2,710E+3
282,119	0,148	0,100	8,380E+0	2,400E+1	2,700E+3	2,698E+3
283,119	0,148	0,100	8,380E+0	2,400E+1	2,700E+3	2,707E+3
284,120	0,148	0,100	8,380E+0	2,400E+1	2,700E+3	2,704E+3
285,119	0,148	0,100	8,380E+0	2,400E+1	2,700E+3	2,703E+3
286,119	0,148	0,100	8,380E+0	2,400E+1	2,700E+3	2,699E+3
287,120	0,148	0,100	8,380E+0	2,400E+1	2,700E+3	2,702E+3
288,119	0,148	0,100	8,380E+0	2,400E+1	2,700E+3	2,701E+3
289,120	0,148	0,100	8,380E+0	2,400E+1	2,700E+3	2,702E+3
290,119	0,148	0,100	8,380E+0	2,400E+1	2,700E+3	2,699E+3
291,119	0,148	0,100	8,380E+0	2,400E+1	2,700E+3	2,702E+3
292,119	0,148	0,100	8,380E+0	2,400E+1	2,700E+3	2,700E+3
293,119	0,148	0,100	8,380E+0	2,400E+1	2,700E+3	2,700E+3
294,120	0,148	0,100	8,380E+0	2,400E+1	2,700E+3	2,700E+3
295,119	0,148	0,100	8,380E+0	2,400E+1	2,700E+3	2,703E+3
296,120	0,148	0,100	8,380E+0	2,400E+1	2,700E+3	2,702E+3
297,119	0,148	0,100	8,380E+0	2,400E+1	2,700E+3	2,700E+3
298,119	0,148	0,100	8,380E+0	2,400E+1	2,700E+3	2,702E+3
299,119	0,148	0,100	8,380E+0	2,400E+1	2,700E+3	2,701E+3
300,119	0,148	0,100	8,380E+0	2,400E+1	2,700E+3	2,704E+3
301,120	0,148	0,100	8,380E+0	2,400E+1	2,700E+3	2,699E+3
302,119	0,148	0,100	8,380E+0	2,400E+1	2,700E+3	2,692E+3
303,120	0,148	0,100	8,380E+0	2,400E+1	2,700E+3	2,708E+3
304,121	0,148	0,100	8,380E+0	2,400E+1	2,700E+3	2,705E+3
305,121	0,148	0,100	8,380E+0	2,400E+1	2,700E+3	2,703E+3
306,122	0,148	0,100	8,380E+0	2,400E+1	2,700E+3	2,694E+3
307,122	0,148	0,100	8,380E+0	2,400E+1	2,700E+3	2,703E+3
308,123	0,148	0,100	8,380E+0	2,400E+1	2,700E+3	2,692E+3
309,122	0,148	0,100	8,380E+0	2,400E+1	2,700E+3	2,700E+3
310,122	0,148	0,100	8,380E+0	2,400E+1	2,700E+3	2,700E+3
311,123	0,148	0,100	8,380E+0	2,400E+1	2,700E+3	2,701E+3
312,123	0,148	0,100	8,380E+0	2,400E+1	2,700E+3	2,706E+3
313,123	0,148	0,100	8,380E+0	2,400E+1	2,700E+3	2,704E+3
314,123	0,148	0,100	8,380E+0	2,400E+1	2,700E+3	2,701E+3
315,123	0,148	0,100	8,380E+0	2,400E+1	2,700E+3	2,701E+3
316,124	0,148	0,100	8,380E+0	2,400E+1	2,700E+3	2,707E+3
317,124	0,148	0,100	8,380E+0	2,400E+1	2,700E+3	2,703E+3
318,125	0,148	0,100	8,380E+0	2,400E+1	2,700E+3	2,705E+3
319,124	0,148	0,100	8,380E+0	2,400E+1	2,700E+3	2,706E+3
320,124	0,148	0,100	8,380E+0	2,400E+1	2,700E+3	2,707E+3
321,126	0,148	0,100	8,380E+0	2,400E+1	2,700E+3	2,704E+3
322,126	0,148	0,100	8,380E+0	2,400E+1	2,700E+3	2,698E+3
323,126	0,148	0,100	8,380E+0	2,400E+1	2,700E+3	2,701E+3
324,126	0,148	0,100	8,380E+0	2,400E+1	2,700E+3	2,708E+3
325,126	0,148	0,100	8,380E+0	2,400E+1	2,700E+3	2,698E+3
326,127	0,148	0,100	8,380E+0	2,400E+1	2,700E+3	2,704E+3
327,127	0,148	0,100	8,380E+0	2,400E+1	2,700E+3	2,702E+3
328,129	0,148	0,100	8,380E+0	2,400E+1	2,700E+3	2,704E+3
329,128	0,148	0,100	8,380E+0	2,400E+1	2,700E+3	2,700E+3
330,128	0,148	0,100	8,380E+0	2,400E+1	2,700E+3	2,699E+3
331,130	0,148	0,100	8,380E+0	2,400E+1	2,700E+3	2,702E+3
332,130	0,148	0,100	8,380E+0	2,400E+1	2,700E+3	2,697E+3
333,131	0,148	0,100	8,380E+0	2,400E+1	2,700E+3	2,705E+3
334,130	0,148	0,100	8,380E+0	2,400E+1	2,700E+3	2,705E+3
335,131	0,148	0,100	8,380E+0	2,400E+1	2,700E+3	2,700E+3
336,130	0,148	0,100	8,380E+0	2,400E+1	2,700E+3	2,700E+3
337,130	0,148	0,100	8,380E+0	2,400E+1	2,700E+3	2,706E+3
338,131	0,148	0,100	8,380E+0	2,400E+1	2,700E+3	2,704E+3
339,130	0,148	0,100	8,380E+0	2,400E+1	2,700E+3	2,704E+3
340,131	0,148	0,100	8,380E+0	2,400E+1	2,700E+3	2,695E+3
341,130	0,148	0,100	8,380E+0	2,400E+1	2,700E+3	2,704E+3
342,130	0,148	0,100	8,380E+0	2,400E+1	2,700E+3	2,706E+3
343,130	0,148	0,100	8,380E+0	2,400E+1	2,700E+3	2,693E+3
344,130	0,148	0,100	8,380E+0	2,400E+1	2,700E+3	2,704E+3
345,131	0,148	0,100	8,380E+0	2,400E+1	2,700E+3	2,700E+3
346,130	0,148	0,100	8,380E+0	2,400E+1	2,700E+3	2,707E+3
347,131	0,148	0,100	8,380E+0	2,400E+1	2,700E+3	2,709E+3
348,131	0,148	0,100	8,380E+0	2,400E+1	2,700E+3	2,706E+3
349,132	0,148	0,100	8,380E+0	2,400E+1	2,700E+3	2,703E+3
350,132	0,148	0,100	8,380E+0	2,400E+1	2,700E+3	2,705E+3
351,132	0,148	0,100	8,380E+0	2,400E+1	2,700E+3	2,706E+3
352,134	0,148	0,100	8,380E+0	2,400E+1	2,700E+3	2,701E+3
353,134	0,148	0,100	8,390E+0	2,400E+1	2,700E+3	2,702E+3
354,136	0,148	0,100	8,390E+0	2,400E+1	2,700E+3	2,705E+3
355,135	0,148	0,100	8,390E+0	2,400E+1	2,700E+3	2,697E+3
356,135	0,148	0,100	8,380E+0	2,400E+1	2,700E+3	2,700E+3
357,135	0,148	0,100	8,380E+0	2,400E+1	2,700E+3	2,705E+3
358,135	0,148	0,100	8,380E+0	2,400E+1	2,700E+3	2,705E+3
359,136	0,148	0,100	8,380E+0	2,400E+1	2,700E+3	2,709E+3
360,135	0,148	0,100	8,380E+0	2,400E+1	2,700E+3	2,706E+3
361,135	0,148	0,100	8,380E+0	2,400E+1	2,700E+3	2,701E+3
362,136	0,148	0,100	8,380E+0	2,400E+1	2,700E+3	2,702E+3
363,137	0,148	0,100	8,380E+0	2,400E+1	2,700E+3	2,702E+3
364,137	0,148	0,100	8,380E+0	2,400E+1	2,700E+3	2,701E+3
365,139	0,148	0,100	8,380E+0	2,400E+1	2,700E+3	2,702E+3
366,138	0,148	0,100	8,380E+0	2,400E+1	2,700E+3	2,704E+3
367,139	0,148	0,100	8,380E+0	2,400E+1	2,700E+3	2,699E+3
368,138	0,148	0,100	8,380E+0	2,400E+1	2,700E+3	2,700E+3
369,138	0,148	0,100	8,380E+0	2,400E+1	2,700E+3	2,698E+3
370,139	0,148	0,100	8,380E+0	2,400E+1	2,700E+3	2,695E+3
371,138	0,148	0,100	8,380E+0	2,400E+1	2,700E+3	2,701E+3
372,140	0,148	0,100	8,380E+0	2,400E+1	2,700E+3	2,701E+3
373,140	0,148	0,100	8,390E+0	2,400E+1	2,700E+3	2,704E+3
374,142	0,148	0,100	8,390E+0	2,400E+1	2,700E+3	2,699E+3
375,141	0,148	0,100	8,380E+0	2,400E+1	2,700E+3	2,704E+3
376,141	0,148	0,100	8,380E+0	2,400E+1	2,700E+3	2,700E+3
377,143	0,148	0,100	8,390E+0	2,400E+1	2,700E+3	2,696E+3
378,142	0,148	0,100	8,390E+0	2,400E+1	2,700E+3	2,697E+3
379,143	0,148	0,100	8,380E+0	2,400E+1	2,700E+3	2,708E+3
380,142	0,148	0,100	8,380E+0	2,400E+1	2,700E+3	2,689E+3
381,142	0,148	0,100	8,390E+0	2,400E+1	2,700E+3	2,700E+3
382,143	0,148	0,100	8,390E+0	2,400E+1	2,700E+3	2,705E+3
383,143	0,148	0,100	8,390E+0	2,400E+1	2,700E+3	2,702E+3
384,144	0,148	0,100	8,380E+0	2,400E+1	2,700E+3	2,705E+3
385,144	0,148	0,100	8,390E+0	2,400E+1	2,700E+3	2,701E+3
386,145	0,148	0,100	8,390E+0	2,400E+1	2,700E+3	2,694E+3
387,146	0,148	0,100	8,390E+0	2,400E+1	2,700E+3	2,692E+3
388,145	0,148	0,100	8,390E+0	2,400E+1	2,700E+3	2,699E+3
389,145	0,148	0,100	8,390E+0	2,400E+1	2,700E+3	2,695E+3
390,147	0,148	0,100	8,390E+0	2,400E+1	2,700E+3	2,692E+3
391,146	0,148	0,100	8,380E+0	2,400E+1	2,700E+3	2,696E+3
392,147	0,148	0,100	8,380E+0	2,400E+1	2,700E+3	2,700E+3
393,146	0,148	0,100	8,390E+0	2,400E+1	2,700E+3	2,701E+3
394,147	0,148	0,100	8,390E+0	2,400E+1	2,700E+3	2,700E+3
395,148	0,148	0,100	8,390E+0	2,400E+1	2,700E+3	2,703E+3
396,147	0,148	0,100	8,380E+0	2,400E+1	2,700E+3	2,704E+3
397,147	0,148	0,100	8,380E+0	2,400E+1	2,700E+3	2,694E+3
398,147	0,148	0,100	8,390E+0	2,400E+1	2,700E+3	2,705E+3
399,147	0,148	0,100	8,390E+0	2,400E+1	2,700E+3	2,700E+3
400,147	0,148	0,100	8,390E+0	2,400E+1	2,700E+3	2,707E+3
401,147	0,148	0,100	8,390E+0	2,400E+1	2,700E+3	2,699E+3
402,148	0,148	0,100	8,390E+0	2,400E+1	2,700E+3	2,702E+3
403,149	0,148	0,100	8,390E+0	2,400E+1	2,700E+3	2,700E+3
404,149	0,148	0,100	8,380E+0	2,400E+1	2,700E+3	2,707E+3
405,150	0,148	0,100	8,380E+0	2,400E+1	2,700E+3	2,698E+3
406,149	0,148	0,100	8,380E+0	2,400E+1	2,700E+3	2,698E+3
407,150	0,148	0,100	8,390E+0	2,400E+1	2,700E+3	2,700E+3
408,149	0,148	0,100	8,390E+0	2,400E+1	2,700E+3	2,701E+3
409,149	0,148	0,100	8,390E+0	2,400E+1	2,700E+3	2,706E+3
410,150	0,148	0,100	8,390E+0	2,400E+1	2,700E+3	2,702E+3
411,149	0,148	0,100	8,390E+0	2,400E+1	2,700E+3	2,683E+3
412,151	0,148	0,100	8,390E+0	2,400E+1	2,700E+3	2,700E+3
413,150	0,148	0,100	8,380E+0	2,400E+1	2,700E+3	2,701E+3
414,150	0,148	0,100	8,380E+0	2,400E+1	2,700E+3	2,697E+3
415,150	0,148	0,100	8,390E+0	2,400E+1	2,700E+3	2,704E+3
416,150	0,148	0,100	8,390E+0	2,400E+1	2,700E+3	2,701E+3
417,151	0,148	0,100	8,390E+0	2,400E+1	2,700E+3	2,708E+3
418,151	0,148	0,100	8,380E+0	2,400E+1	2,700E+3	2,702E+3
419,151	0,148	0,100	8,400E+0	2,400E+1	2,700E+3	2,700E+3
420,151	0,148	0,100	8,390E+0	2,400E+1	2,700E+3	2,701E+3
421,151	0,148	0,100	8,390E+0	2,400E+1	2,700E+3	2,707E+3
422,151	0,148	0,100	8,390E+0	2,400E+1	2,700E+3	2,699E+3
423,152	0,148	0,100	8,390E+0	2,400E+1	2,700E+3	2,699E+3
424,152	0,148	0,100	8,390E+0	2,400E+1	2,700E+3	2,697E+3
425,153	0,148	0,100	8,390E+0	2,400E+1	2,700E+3	2,704E+3
426,152	0,148	0,100	8,390E+0	2,400E+1	2,700E+3	2,702E+3
427,152	0,148	0,100	8,380E+0	2,400E+1	2,700E+3	2,708E+3
428,152	0,148	0,100	8,380E+0	2,400E+1	2,700E+3	2,702E+3
429,152	0,148	0,100	8,390E+0	2,400E+1	2,700E+3	2,697E+3
430,153	0,148	0,100	8,390E+0	2,400E+1	2,700E+3	2,707E+3
431,152	0,148	0,100	8,390E+0	2,400E+1	2,700E+3	2,695E+3
432,153	0,148	0,100	8,390E+0	2,400E+1	2,700E+3	2,698E+3
433,152	0,148	0,100	8,390E+0	2,400E+1	2,700E+3	2,698E+3
434,152	0,148	0,100	8,380E+0	2,400E+1	2,700E+3	2,703E+3
435,152	0,148	0,100	8,380E+0	2,400E+1	2,700E+3	2,702E+3
436,153	0,148	0,100	8,390E+0	2,400E+1	2,700E+3	2,699E+3
437,154	0,148	0,100	8,390E+0	2,400E+1	2,700E+3	2,702E+3
438,153	0,148	0,100	8,390E+0	2,400E+1	2,700E+3	2,694E+3
439,154	0,148	0,100	8,390E+0	2,400E+1	2,700E+3	2,707E+3
440,153	0,148	0,100	8,390E+0	2,400E+1	2,700E+3	2,695E+3
441,153	0,148	0,100	8,390E+0	2,400E+1	2,700E+3	2,704E+3
442,153	0,148	0,100	8,390E+0	2,400E+1	2,700E+3	2,700E+3
443,154	0,148	0,100	8,390E+0	2,400E+1	2,700E+3	2,707E+3
444,153	0,148	0,100	8,390E+0	2,400E+1	2,700E+3	2,705E+3
445,153	0,148	0,100	8,390E+0	2,400E+1	2,700E+3	2,701E+3
446,154	0,148	0,100	8,390E+0	2,400E+1	2,700E+3	2,698E+3
447,153	0,148	0,100	8,390E+0	2,400E+1	2,700E+3	2,701E+3
448,154	0,148	0,100	8,380E+0	2,400E+1	2,700E+3	2,692E+3
449,153	0,148	0,100	8,390E+0	2,400E+1	2,700E+3	2,699E+3
450,153	0,148	0,100	8,390E+0	2,400E+1	2,700E+3	2,700E+3
451,153	0,148	0,100	8,400E+0	2,400E+1	2,700E+3	2,702E+3
452,153	0,148	0,100	8,400E+0	2,400E+1	2,700E+3	2,697E+3
453,154	0,148	0,100	8,390E+0	2,400E+1	2,700E+3	2,703E+3
454,153	0,148	0,100	8,390E+0	2,400E+1	2,700E+3	2,699E+3
455,154	0,148	0,100	8,390E+0	2,400E+1	2,700E+3	2,696E+3
456,153	0,148	0,100	8,390E+0	2,400E+1	2,700E+3	2,704E+3
457,154	0,148	0,100	8,390E+0	2,400E+1	2,700E+3	2,696E+3
458,154	0,148	0,100	8,390E+0	2,400E+1	2,700E+3	2,703E+3
459,155	0,148	0,100	8,390E+0	2,400E+1	2,700E+3	2,704E+3
460,155	0,148	0,100	8,390E+0	2,400E+1	2,700E+3	2,704E+3
461,156	0,148	0,100	8,390E+0	2,400E+1	2,700E+3	2,702E+3
462,158	0,148	0,100	8,390E+0	2,400E+1	2,700E+3	2,707E+3
463,157	0,148	0,100	8,390E+0	2,400E+1	2,700E+3	2,695E+3
464,158	0,148	0,100	8,390E+0	2,400E+1	2,700E+3	2,699E+3
465,157	0,148	0,100	8,390E+0	2,400E+1	2,700E+3	2,693E+3
466,157	0,148	0,100	8,390E+0	2,400E+1	2,700E+3	2,698E+3
467,157	0,148	0,100	8,390E+0	2,400E+1	2,700E+3	2,701E+3
468,157	0,148	0,100	8,390E+0	2,400E+1	2,700E+3	2,702E+3
469,158	0,148	0,100	8,400E+0	2,400E+1	2,700E+3	2,702E+3
470,158	0,148	0,100	8,400E+0	2,400E+1	2,700E+3	2,694E+3
471,159	0,148	0,100	8,400E+0	2,400E+1	2,700E+3	2,704E+3
472,158	0,148	0,100	8,390E+0	2,400E+1	2,700E+3	2,703E+3
473,158	0,148	0,100	8,390E+0	2,400E+1	2,700E+3	2,697E+3
474,159	0,148	0,100	8,390E+0	2,400E+1	2,700E+3	2,704E+3
475,158	0,148	0,100	8,390E+0	2,400E+1	2,700E+3	2,708E+3
476,159	0,148	0,100	8,390E+0	2,400E+1	2,700E+3	2,693E+3
477,159	0,148	0,100	8,390E+0	2,400E+1	2,700E+3	2,702E+3
478,159	0,148	0,100	8,390E+0	2,400E+1	2,700E+3	2,703E+3
479,160	0,148	0,100	8,390E+0	2,400E+1	2,700E+3	2,702E+3
480,160	0,148	0,100	8,390E+0	2,400E+1	2,700E+3	2,698E+3
481,161	0,148	0,100	8,390E+0	2,400E+1	2,700E+3	2,683E+3
482,160	0,148	0,100	8,390E+0	2,400E+1	2,700E+3	2,699E+3
483,162	0,148	0,100	8,390E+0	2,400E+1	2,700E+3	2,691E+3
484,161	0,148	0,100	8,390E+0	2,400E+1	2,700E+3	2,692E+3
485,162	0,148	0,100	8,390E+0	2,400E+1	2,700E+3	2,706E+3
486,161	0,148	0,100	8,390E+0	2,400E+1	2,700E+3	2,703E+3
487,162	0,148	0,100	8,390E+0	2,400E+1	2,700E+3	2,706E+3
488,161	0,148	0,100	8,390E+0	2,400E+1	2,700E+3	2,695E+3
489,162	0,148	0,100	8,390E+0	2,400E+1	2,700E+3	2,702E+3
490,162	0,148	0,100	8,390E+0	2,400E+1	2,700E+3	2,711E+3
491,163	0,148	0,100	8,400E+0	2,400E+1	2,700E+3	2,705E+3
492,162	0,148	0,100	8,400E+0	2,400E+1	2,700E+3	2,705E+3
493,163	0,148	0,100	8,390E+0	2,400E+1	2,700E+3	2,694E+3
494,162	0,148	0,100	8,390E+0	2,400E+1	2,700E+3	2,705E+3
495,162	0,148	0,100	8,390E+0	2,400E+1	2,700E+3	2,707E+3
496,162	0,148	0,100	8,390E+0	2,400E+1	2,700E+3	2,700E+3
497,163	0,148	0,100	8,390E+0	2,400E+1	2,700E+3	2,700E+3
498,163	0,148	0,100	8,390E+0	2,400E+1	2,700E+3	2,700E+3
499,164	0,148	0,100	8,390E+0	2,400E+1	2,700E+3	2,698E+3
500,163	0,148	0,100	8,390E+0	2,400E+1	2,700E+3	2,692E+3
501,163	0,148	0,100	8,390E+0	2,400E+1	2,700E+3	2,701E+3
502,163	0,148	0,100	8,390E+0	2,400E+1	2,700E+3	2,709E+3
503,164	0,148	0,100	8,390E+0	2,400E+1	2,700E+3	2,699E+3
504,166	0,148	0,100	8,390E+0	2,400E+1	2,700E+3	2,699E+3
505,165	0,148	0,100	8,390E+0	2,400E+1	2,700E+3	2,702E+3
506,167	0,148	0,100	8,390E+0	2,400E+1	2,700E+3	2,712E+3
507,166	0,148	0,100	8,390E+0	2,400E+1	2,700E+3	2,696E+3
508,166	0,148	0,100	8,390E+0	2,400E+1	2,700E+3	2,700E+3
509,166	0,148	0,100	8,390E+0	2,400E+1	2,700E+3	2,693E+3
510,166	0,148	0,100	8,390E+0	2,400E+1	2,700E+3	2,699E+3
511,168	0,148	0,100	8,390E+0	2,400E+1	2,700E+3	2,703E+3
512,167	0,148	0,100	8,390E+0	2,400E+1	2,700E+3	2,705E+3
513,168	0,148	0,100	8,390E+0	2,400E+1	2,700E+3	2,698E+3
514,167	0,148	0,100	8,400E+0	2,400E+1	2,700E+3	2,702E+3
515,167	0,148	0,100	8,400E+0	2,400E+1	2,700E+3	2,710E+3
516,168	0,148	0,100	8,390E+0	2,400E+1	2,700E+3	2,706E+3
517,169	0,148	0,100	8,390E+0	2,400E+1	2,700E+3	2,718E+3
518,168	0,148	0,100	8,390E+0	2,400E+1	2,700E+3	2,703E+3
519,169	0,148	0,100	8,390E+0	2,400E+1	2,700E+3	2,697E+3
520,169	0,148	0,100	8,390E+0	2,400E+1	2,700E+3	2,693E+3
521,169	0,148	0,100	8,400E+0	2,400E+1	2,700E+3	2,698E+3
522,170	0,148	0,100	8,400E+0	2,400E+1	2,700E+3	2,704E+3
523,169	0,148	0,100	8,390E+0	2,400E+1	2,700E+3	2,699E+3
524,169	0,148	0,100	8,400E+0	2,400E+1	2,700E+3	2,704E+3
525,170	0,148	0,100	8,400E+0	2,400E+1	2,700E+3	2,703E+3
526,171	0,148	0,100	8,390E+0	2,400E+1	2,700E+3	2,699E+3
527,171	0,148	0,100	8,390E+0	2,400E+1	2,700E+3	2,698E+3
528,172	0,148	0,100	8,400E+0	2,400E+1	2,700E+3	2,709E+3
529,172	0,148	0,100	8,400E+0	2,400E+1	2,700E+3	2,696E+3
530,172	0,148	0,100	8,390E+0	2,400E+1	2,700E+3	2,698E+3
531,173	0,148	0,100	8,390E+0	2,400E+1	2,700E+3	2,709E+3
532,173	0,148	0,100	8,390E+0	2,400E+1	2,700E+3	2,704E+3
533,173	0,148	0,100	8,400E+0	2,400E+1	3,000E+3	2,896E+3
534,173	0,148	0,100	8,300E+0	2,400E+1	3,000E+3	3,009E+3
535,173	0,144	0,100	8,300E+0	2,400E+1	3,000E+3	3,007E+3
536,175	0,144	0,100	8,180E+0	2,400E+1	3,000E+3	3,009E+3
537,174	0,144	0,100	8,160E+0	2,400E+1	3,000E+3	2,998E+3
538,175	0,143	0,100	8,160E+0	2,400E+1	3,000E+3	3,005E+3
539,174	0,143	0,100	8,140E+0	2,400E+1	3,000E+3	2,997E+3
540,175	0,143	0,100	8,110E+0	2,400E+1	3,000E+3	3,001E+3
541,176	0,143	0,100	8,110E+0	2,400E+1	3,000E+3	2,994E+3
542,177	0,142	0,100	8,090E+0	2,400E+1	3,000E+3	3,003E+3
543,178	0,142	0,100	8,070E+0	2,400E+1	3,000E+3	2,997E+3
544,177	0,141	0,100	8,070E+0	2,400E+1	3,000E+3	3,000E+3
545,178	0,141	0,100	8,040E+0	2,400E+1	3,000E+3	2,998E+3
546,177	0,141	0,100	8,020E+0	2,400E+1	3,000E+3	2,991E+3
547,178	0,141	0,100	8,020E+0	2,400E+1	3,000E+3	2,996E+3
548,177	0,141	0,100	8,020E+0	2,400E+1	3,000E+3	2,993E+3
549,177	0,141	0,100	8,000E+0	2,400E+1	3,000E+3	3,000E+3
550,178	0,141	0,100	8,000E+0	2,400E+1	3,000E+3	3,013E+3
551,178	0,141	0,100	7,990E+0	2,400E+1	3,000E+3	3,007E+3
552,179	0,141	0,100	7,990E+0	2,400E+1	3,000E+3	3,017E+3
553,178	0,141	0,100	7,990E+0	2,400E+1	3,000E+3	2,998E+3
554,178	0,140	0,100	7,980E+0	2,400E+1	3,000E+3	3,001E+3
555,179	0,140	0,100	7,980E+0	2,400E+1	3,000E+3	2,998E+3
556,180	0,140	0,100	7,980E+0	2,400E+1	3,000E+3	3,001E+3
557,181	0,140	0,100	7,970E+0	2,400E+1	3,000E+3	2,995E+3
558,180	0,140	0,100	7,970E+0	2,400E+1	3,000E+3	3,000E+3
559,181	0,140	0,100	7,970E+0	2,400E+1	3,000E+3	2,993E+3
560,180	0,140	0,100	7,960E+0	2,400E+1	3,000E+3	3,006E+3
561,180	0,140	0,100	7,960E+0	2,400E+1	3,000E+3	3,006E+3
562,181	0,140	0,100	7,960E+0	2,400E+1	3,000E+3	2,995E+3
563,181	0,140	0,100	7,950E+0	2,400E+1	3,000E+3	2,989E+3
564,183	0,140	0,100	7,960E+0	2,400E+1	3,000E+3	2,994E+3
565,182	0,140	0,100	7,960E+0	2,400E+1	3,000E+3	2,958E+3
566,183	0,140	0,100	7,960E+0	2,400E+1	3,000E+3	3,007E+3
567,182	0,140	0,100	7,960E+0	2,400E+1	3,000E+3	2,993E+3
568,182	0,140	0,100	7,960E+0	2,400E+1	3,000E+3	2,995E+3
569,182	0,140	0,100	7,950E+0	2,400E+1	3,000E+3	2,994E+3
570,182	0,140	0,100	7,950E+0	2,400E+1	3,000E+3	3,006E+3
571,184	0,140	0,100	7,950E+0	2,400E+1	3,000E+3	3,003E+3
572,183	0,140	0,100	7,950E+0	2,400E+1	3,000E+3	3,003E+3
573,184	0,140	0,100	7,950E+0	2,400E+1	3,000E+3	3,010E+3
574,183	0,140	0,100	7,950E+0	2,400E+1	3,000E+3	3,013E+3
575,183	0,140	0,100	7,950E+0	2,400E+1	3,000E+3	3,001E+3
576,185	0,140	0,100	7,940E+0	2,400E+1	3,000E+3	3,009E+3
577,184	0,140	0,100	7,940E+0	2,400E+1	3,000E+3	2,992E+3
578,185	0,140	0,100	7,940E+0	2,400E+1	3,000E+3	3,003E+3
579,184	0,140	0,100	7,950E+0	2,400E+1	3,000E+3	3,010E+3
580,184	0,140	0,100	7,950E+0	2,400E+1	3,000E+3	2,998E+3
581,184	0,140	0,100	7,950E+0	2,400E+1	3,000E+3	3,003E+3
582,184	0,140	0,100	7,950E+0	2,400E+1	3,000E+3	2,992E+3
583,185	0,140	0,100	7,950E+0	2,400E+1	3,000E+3	2,999E+3
584,185	0,140	0,100	7,940E+0	2,400E+1	3,000E+3	2,996E+3
585,186	0,140	0,100	7,950E+0	2,400E+1	3,000E+3	3,009E+3
586,185	0,140	0,100	7,950E+0	2,400E+1	3,000E+3	3,002E+3
587,186	0,140	0,100	7,950E+0	2,400E+1	3,000E+3	2,995E+3
588,187	0,140	0,100	7,950E+0	2,400E+1	3,000E+3	2,997E+3
589,187	0,140	0,100	7,950E+0	2,400E+1	3,000E+3	2,998E+3
590,189	0,140	0,100	7,940E+0	2,400E+1	3,000E+3	3,001E+3
591,188	0,140	0,100	7,940E+0	2,400E+1	3,000E+3	3,004E+3
592,190	0,140	0,100	7,940E+0	2,400E+1	3,000E+3	3,009E+3
593,190	0,140	0,100	7,940E+0	2,400E+1	3,000E+3	3,001E+3
594,190	0,140	0,100	7,940E+0	2,400E+1	3,000E+3	2,997E+3
595,190	0,140	0,100	7,940E+0	2,400E+1	3,000E+3	3,007E+3
596,190	0,140	0,100	7,940E+0	2,400E+1	3,000E+3	2,997E+3
597,192	0,140	0,100	7,940E+0	2,400E+1	3,000E+3	3,001E+3
598,191	0,140	0,100	7,940E+0	2,400E+1	3,000E+3	2,997E+3
599,193	0,140	0,100	7,940E+0	2,400E+1	3,000E+3	2,998E+3
600,193	0,140	0,100	7,940E+0	2,400E+1	3,000E+3	2,997E+3
601,194	0,140	0,100	7,940E+0	2,400E+1	3,000E+3	2,995E+3
602,194	0,140	0,100	7,940E+0	2,400E+1	3,000E+3	3,007E+3
603,194	0,140	0,100	7,940E+0	2,400E+1	3,000E+3	2,995E+3
604,196	0,140	0,100	7,940E+0	2,400E+1	3,000E+3	3,000E+3
605,195	0,140	0,100	7,950E+0	2,400E+1	3,000E+3	2,991E+3
606,197	0,140	0,100	7,950E+0	2,400E+1	3,000E+3	2,998E+3
607,197	0,140	0,100	7,950E+0	2,400E+1	3,000E+3	3,005E+3
608,198	0,140	0,100	7,950E+0	2,400E+1	3,000E+3	2,992E+3
609,198	0,140	0,100	7,950E+0	2,400E+1	3,000E+3	2,991E+3
610,198	0,140	0,100	7,950E+0	2,400E+1	3,000E+3	2,998E+3
611,199	0,140	0,100	7,940E+0	2,400E+1	3,000E+3	2,998E+3
612,199	0,140	0,100	7,940E+0	2,400E+1	3,000E+3	3,006E+3
613,200	0,140	0,100	7,950E+0	2,400E+1	3,000E+3	3,002E+3
614,199	0,140	0,100	7,950E+0	2,400E+1	3,000E+3	3,004E+3
615,199	0,140	0,100	7,940E+0	2,400E+1	3,000E+3	2,989E+3
616,199	0,140	0,100	7,940E+0	2,400E+1	3,000E+3	3,009E+3
617,199	0,140	0,100	7,940E+0	2,400E+1	3,000E+3	3,007E+3
618,200	0,140	0,100	7,940E+0	2,400E+1	3,000E+3	2,994E+3
619,200	0,140	0,100	7,940E+0	2,400E+1	3,000E+3	3,009E+3
620,202	0,140	0,100	7,950E+0	2,400E+1	3,000E+3	2,994E+3
621,201	0,140	0,100	7,950E+0	2,400E+1	3,000E+3	3,003E+3
622,201	0,140	0,100	7,940E+0	2,400E+1	3,000E+3	3,002E+3
623,201	0,140	0,100	7,950E+0	2,400E+1	3,000E+3	2,999E+3
624,201	0,140	0,100	7,950E+0	2,400E+1	3,000E+3	2,992E+3
625,202	0,140	0,100	7,950E+0	2,400E+1	3,000E+3	3,007E+3
626,201	0,140	0,100	7,950E+0	2,400E+1	3,000E+3	2,995E+3
627,202	0,140	0,100	7,940E+0	2,400E+1	3,000E+3	3,004E+3
628,201	0,140	0,100	7,940E+0	2,400E+1	3,000E+3	2,996E+3
629,202	0,140	0,100	7,940E+0	2,400E+1	3,000E+3	2,996E+3
630,203	0,140	0,100	7,940E+0	2,400E+1	3,000E+3	3,004E+3
631,204	0,140	0,100	7,940E+0	2,400E+1	3,000E+3	3,000E+3
632,205	0,140	0,100	7,940E+0	2,400E+1	3,000E+3	3,006E+3
633,204	0,140	0,100	7,940E+0	2,400E+1	3,000E+3	3,005E+3
634,204	0,140	0,100	7,940E+0	2,400E+1	3,000E+3	3,013E+3
635,204	0,140	0,100	7,940E+0	2,400E+1	3,000E+3	2,991E+3
636,204	0,140	0,100	7,950E+0	2,400E+1	3,000E+3	3,007E+3
637,206	0,140	0,100	7,940E+0	2,400E+1	3,000E+3	2,987E+3
638,205	0,140	0,100	7,940E+0	2,400E+1	3,000E+3	2,995E+3
639,206	0,140	0,100	7,940E+0	2,400E+1	3,000E+3	3,003E+3
640,206	0,140	0,100	7,940E+0	2,400E+1	3,000E+3	3,013E+3
641,207	0,140	0,100	7,940E+0	2,400E+1	3,000E+3	3,000E+3
642,207	0,140	0,100	7,940E+0	2,400E+1	3,000E+3	2,994E+3
643,208	0,140	0,100	7,940E+0	2,400E+1	3,000E+3	2,995E+3
644,207	0,140	0,100	7,940E+0	2,400E+1	3,000E+3	3,004E+3
645,207	0,140	0,100	7,940E+0	2,400E+1	3,000E+3	3,003E+3
646,208	0,140	0,100	7,940E+0	2,400E+1	3,000E+3	2,997E+3
647,207	0,140	0,100	7,940E+0	2,400E+1	3,000E+3	3,001E+3
648,208	0,140	0,100	7,940E+0	2,400E+1	3,000E+3	3,001E+3
649,207	0,140	0,100	7,940E+0	2,400E+1	3,000E+3	3,006E+3
650,208	0,140	0,100	7,940E+0	2,400E+1	3,000E+3	3,000E+3
651,208	0,140	0,100	7,940E+0	2,400E+1	3,000E+3	3,007E+3
652,208	0,140	0,100	7,940E+0	2,400E+1	3,000E+3	3,004E+3
653,209	0,140	0,100	7,940E+0	2,400E+1	3,000E+3	3,003E+3
654,208	0,139	0,100	7,940E+0	2,400E+1	3,000E+3	2,992E+3
655,209	0,139	0,100	7,940E+0	2,400E+1	3,000E+3	3,002E+3
656,208	0,139	0,100	7,940E+0	2,400E+1	3,000E+3	3,016E+3
657,208	0,140	0,100	7,940E+0	2,400E+1	3,000E+3	2,998E+3
658,208	0,140	0,100	7,940E+0	2,400E+1	3,000E+3	2,997E+3
659,208	0,140	0,100	7,940E+0	2,400E+1	3,000E+3	3,003E+3
660,210	0,140	0,100	7,940E+0	2,400E+1	3,000E+3	3,001E+3
661,209	0,140	0,100	7,950E+0	2,400E+1	3,000E+3	3,001E+3
662,210	0,139	0,100	7,930E+0	2,400E+1	3,000E+3	3,007E+3
663,209	0,139	0,100	7,930E+0	2,400E+1	3,000E+3	3,007E+3
664,209	0,139	0,100	7,930E+0	2,400E+1	3,000E+3	2,995E+3
665,209	0,139	0,100	7,930E+0	2,400E+1	3,000E+3	2,992E+3
666,209	0,140	0,100	7,950E+0	2,400E+1	3,000E+3	2,999E+3
667,210	0,140	0,100	7,950E+0	2,400E+1	3,000E+3	2,998E+3
668,210	0,140	0,100	7,940E+0	2,400E+1	3,000E+3	2,994E+3
669,210	0,140	0,100	7,950E+0	2,400E+1	3,000E+3	3,001E+3
670,210	0,140	0,100	7,950E+0	2,400E+1	3,000E+3	2,995E+3
671,212	0,140	0,100	7,940E+0	2,400E+1	3,000E+3	3,001E+3
672,212	0,140	0,100	7,950E+0	2,400E+1	3,000E+3	3,002E+3
673,213	0,140	0,100	7,950E+0	2,400E+1	3,000E+3	3,003E+3
674,212	0,140	0,100	7,950E+0	2,400E+1	3,000E+3	2,990E+3
675,212	0,140	0,100	7,950E+0	2,400E+1	3,000E+3	3,007E+3
676,214	0,140	0,100	7,950E+0	2,400E+1	3,000E+3	3,000E+3
677,213	0,140	0,100	7,940E+0	2,400E+1	3,000E+3	3,006E+3
678,214	0,140	0,100	7,940E+0	2,400E+1	3,000E+3	3,000E+3
679,214	0,140	0,100	7,940E+0	2,400E+1	3,000E+3	3,004E+3
680,215	0,140	0,100	7,950E+0	2,400E+1	3,000E+3	2,994E+3
681,216	0,140	0,100	7,950E+0	2,400E+1	3,000E+3	3,007E+3
682,216	0,140	0,100	7,950E+0	2,400E+1	3,000E+3	3,006E+3
683,217	0,140	0,100	7,940E+0	2,400E+1	3,000E+3	2,997E+3
684,217	0,140	0,100	7,940E+0	2,400E+1	3,000E+3	2,994E+3
685,218	0,140	0,100	7,940E+0	2,400E+1	3,000E+3	3,000E+3
686,217	0,140	0,100	7,940E+0	2,400E+1	3,000E+3	2,997E+3
687,217	0,140	0,100	7,940E+0	2,400E+1	3,000E+3	3,003E+3
688,218	0,140	0,100	7,950E+0	2,400E+1	3,000E+3	2,992E+3
689,217	0,140	0,100	7,950E+0	2,400E+1	3,000E+3	2,998E+3
690,218	0,140	0,100	7,940E+0	2,400E+1	3,000E+3	3,007E+3
691,217	0,140	0,100	7,940E+0	2,400E+1	3,000E+3	2,999E+3
692,217	0,140	0,100	7,940E+0	2,400E+1	3,000E+3	3,002E+3
693,218	0,140	0,100	7,950E+0	2,400E+1	3,000E+3	2,986E+3
694,218	0,140	0,100	7,950E+0	2,400E+1	3,000E+3	3,003E+3
695,219	0,140	0,100	7,950E+0	2,400E+1	3,000E+3	3,002E+3
696,218	0,140	0,100	7,950E+0	2,400E+1	3,000E+3	2,996E+3
697,220	0,140	0,100	7,950E+0	2,400E+1	3,000E+3	2,991E+3
698,219	0,140	0,100	7,950E+0	2,400E+1	3,000E+3	3,004E+3
699,219	0,140	0,100	7,950E+0	2,400E+1	3,000E+3	2,995E+3
700,219	0,140	0,100	7,950E+0	2,400E+1	3,000E+3	3,010E+3
701,219	0,140	0,100	7,940E+0	2,400E+1	3,000E+3	2,995E+3
702,220	0,140	0,100	7,950E+0	2,400E+1	3,000E+3	3,004E+3
703,219	0,140	0,100	7,950E+0	2,400E+1	3,000E+3	3,001E+3
704,220	0,140	0,100	7,950E+0	2,400E+1	3,000E+3	3,003E+3
705,219	0,140	0,100	7,950E+0	2,400E+1	3,000E+3	2,999E+3
706,220	0,140	0,100	7,950E+0	2,400E+1	3,000E+3	3,006E+3
707,221	0,140	0,100	7,950E+0	2,400E+1	3,000E+3	3,001E+3
708,220	0,140	0,100	7,940E+0	2,400E+1	3,000E+3	3,004E+3
709,220	0,140	0,100	7,950E+0	2,400E+1	3,000E+3	3,001E+3
710,220	0,140	0,100	7,950E+0	2,400E+1	3,000E+3	3,007E+3
711,220	0,140	0,100	7,950E+0	2,400E+1	3,000E+3	2,998E+3
712,221	0,140	0,100	7,950E+0	2,400E+1	3,000E+3	2,996E+3
713,220	0,140	0,100	7,950E+0	2,400E+1	3,000E+3	3,006E+3
714,220	0,140	0,100	7,950E+0	2,400E+1	3,000E+3	3,001E+3
715,221	0,140	0,100	7,950E+0	2,400E+1	3,000E+3	3,003E+3
716,220	0,140	0,100	7,950E+0	2,400E+1	3,000E+3	2,995E+3
717,220	0,140	0,100	7,950E+0	2,400E+1	3,000E+3	3,004E+3
718,220	0,140	0,100	7,950E+0	2,400E+1	3,000E+3	3,010E+3
719,220	0,140	0,100	7,950E+0	2,400E+1	3,000E+3	3,001E+3
720,221	0,140	0,100	7,950E+0	2,400E+1	3,000E+3	3,005E+3
721,221	0,140	0,100	7,950E+0	2,400E+1	3,000E+3	2,998E+3
722,222	0,140	0,100	7,950E+0	2,400E+1	3,000E+3	2,992E+3
723,221	0,140	0,100	7,950E+0	2,400E+1	3,000E+3	3,015E+3
724,221	0,140	0,100	7,950E+0	2,400E+1	3,000E+3	3,000E+3
725,222	0,140	0,100	7,950E+0	2,400E+1	3,000E+3	2,994E+3
726,222	0,140	0,100	7,950E+0	2,400E+1	3,000E+3	2,991E+3
727,223	0,140	0,100	7,950E+0	2,400E+1	3,000E+3	3,013E+3
728,222	0,140	0,100	7,950E+0	2,400E+1	3,000E+3	3,000E+3
729,223	0,140	0,100	7,950E+0	2,400E+1	3,000E+3	2,995E+3
730,222	0,140	0,100	7,940E+0	2,400E+1	3,000E+3	3,012E+3
731,222	0,140	0,100	7,940E+0	2,400E+1	3,000E+3	3,015E+3
732,223	0,140	0,100	7,950E+0	2,400E+1	3,000E+3	3,006E+3
733,222	0,140	0,100	7,940E+0	2,400E+1	3,000E+3	3,004E+3
734,223	0,140	0,100	7,940E+0	2,400E+1	3,000E+3	2,996E+3
735,222	0,140	0,100	7,950E+0	2,400E+1	3,000E+3	2,999E+3
736,222	0,140	0,100	7,950E+0	2,400E+1	3,000E+3	2,998E+3
737,223	0,140	0,100	7,950E+0	2,400E+1	3,000E+3	2,998E+3
738,222	0,140	0,100	7,950E+0	2,400E+1	3,000E+3	3,004E+3
739,223	0,140	0,100	7,950E+0	2,400E+1	3,000E+3	2,996E+3
740,222	0,140	0,100	7,950E+0	2,400E+1	3,000E+3	3,009E+3
741,222	0,140	0,100	7,950E+0	2,400E+1	3,000E+3	3,000E+3
742,222	0,140	0,100	7,950E+0	2,400E+1	3,000E+3	3,007E+3
743,223	0,140	0,100	7,950E+0	2,400E+1	3,000E+3	3,007E+3
744,225	0,140	0,100	7,950E+0	2,400E+1	3,000E+3	2,999E+3
745,225	0,140	0,100	7,950E+0	2,400E+1	3,000E+3	3,003E+3
746,225	0,140	0,100	7,950E+0	2,400E+1	3,000E+3	3,007E+3
747,226	0,140	0,100	7,950E+0	2,400E+1	3,000E+3	2,994E+3
748,226	0,140	0,100	7,950E+0	2,400E+1	3,000E+3	3,001E+3
749,227	0,140	0,100	7,950E+0	2,400E+1	3,000E+3	3,013E+3
750,228	0,140	0,100	7,950E+0	2,400E+1	3,000E+3	3,006E+3
751,227	0,140	0,100	7,950E+0	2,400E+1	3,000E+3	2,997E+3
752,227	0,140	0,100	7,950E+0	2,400E+1	3,000E+3	2,997E+3
753,227	0,140	0,100	7,950E+0	2,400E+1	3,000E+3	3,000E+3
754,227	0,140	0,100	7,950E+0	2,400E+1	3,000E+3	2,991E+3
755,228	0,140	0,100	7,950E+0	2,400E+1	3,000E+3	2,995E+3
756,227	0,140	0,100	7,950E+0	2,400E+1	3,000E+3	2,998E+3
757,228	0,140	0,100	7,960E+0	2,400E+1	3,000E+3	3,004E+3
758,227	0,140	0,100	7,960E+0	2,400E+1	3,000E+3	2,996E+3
759,227	0,140	0,100	7,950E+0	2,400E+1	3,000E+3	3,000E+3
760,229	0,140	0,100	7,950E+0	2,400E+1	3,000E+3	2,995E+3
761,228	0,140	0,100	7,950E+0	2,400E+1	3,000E+3	2,999E+3
762,229	0,140	0,100	7,950E+0	2,400E+1	3,000E+3	3,000E+3
763,228	0,140	0,100	7,950E+0	2,400E+1	3,000E+3	3,006E+3
764,229	0,140	0,100	7,950E+0	2,400E+1	3,000E+3	2,996E+3
765,229	0,140	0,100	7,950E+0	2,400E+1	3,000E+3	2,996E+3
766,230	0,140	0,100	7,950E+0	2,400E+1	3,000E+3	2,997E+3
767,231	0,140	0,100	7,950E+0	2,400E+1	3,000E+3	3,001E+3
768,230	0,140	0,100	7,950E+0	2,400E+1	3,000E+3	3,009E+3
769,231	0,140	0,100	7,950E+0	2,400E+1	3,000E+3	3,001E+3
770,230	0,140	0,100	7,950E+0	2,400E+1	3,000E+3	2,989E+3
771,230	0,140	0,100	7,950E+0	2,400E+1	3,000E+3	3,001E+3
772,230	0,140	0,100	7,950E+0	2,400E+1	3,000E+3	2,994E+3
773,230	0,140	0,100	7,950E+0	2,400E+1	3,000E+3	2,985E+3
774,231	0,140	0,100	7,950E+0	2,400E+1	3,000E+3	3,002E+3
775,230	0,140	0,100	7,950E+0	2,400E+1	3,000E+3	3,002E+3
776,230	0,140	0,100	7,950E+0	2,400E+1	3,000E+3	3,000E+3
777,231	0,140	0,100	7,950E+0	2,400E+1	3,000E+3	3,003E+3
778,232	0,140	0,100	7,950E+0	2,400E+1	3,000E+3	3,002E+3
779,233	0,140	0,100	7,950E+0	2,400E+1	3,000E+3	2,995E+3
780,233	0,140	0,100	7,950E+0	2,400E+1	3,000E+3	2,999E+3
781,234	0,140	0,100	7,950E+0	2,400E+1	3,000E+3	3,003E+3
782,233	0,140	0,100	7,950E+0	2,400E+1	3,000E+3	2,994E+3
783,233	0,140	0,100	7,950E+0	2,400E+1	3,000E+3	3,012E+3
784,233	0,140	0,100	7,950E+0	2,400E+1	3,000E+3	3,003E+3
785,233	0,140	0,100	7,950E+0	2,400E+1	3,000E+3	2,991E+3
786,235	0,140	0,100	7,950E+0	2,400E+1	3,000E+3	3,003E+3
787,234	0,140	0,100	7,950E+0	2,400E+1	3,000E+3	2,997E+3
788,235	0,140	0,100	7,950E+0	2,400E+1	3,000E+3	2,996E+3
789,234	0,140	0,100	7,950E+0	2,400E+1	3,000E+3	2,998E+3
790,234	0,140	0,100	7,950E+0	2,400E+1	3,000E+3	3,000E+3
791,235	0,140	0,100	7,950E+0	2,400E+1	3,000E+3	3,010E+3
792,235	0,140	0,100	7,950E+0	2,400E+1	3,000E+3	2,990E+3
793,237	0,140	0,100	7,950E+0	2,400E+1	3,000E+3	2,997E+3
794,236	0,140	0,100	7,950E+0	2,400E+1	3,000E+3	2,995E+3
795,237	0,140	0,100	7,950E+0	2,400E+1	3,000E+3	2,997E+3
796,236	0,140	0,100	7,950E+0	2,400E+1	3,000E+3	3,001E+3
797,237	0,140	0,100	7,950E+0	2,400E+1	3,000E+3	2,989E+3
798,237	0,140	0,100	7,950E+0	2,400E+1	3,000E+3	2,994E+3
799,238	0,140	0,100	7,950E+0	2,400E+1	3,000E+3	3,001E+3
800,239	0,140	0,100	7,950E+0	2,400E+1	3,000E+3	2,994E+3
801,238	0,140	0,100	7,950E+0	2,400E+1	3,000E+3	3,001E+3
802,240	0,140	0,100	7,950E+0	2,400E+1	3,000E+3	3,002E+3
803,239	0,140	0,100	7,950E+0	2,400E+1	3,000E+3	3,003E+3
804,239	0,140	0,100	7,960E+0	2,400E+1	3,000E+3	3,004E+3
805,241	0,140	0,100	7,960E+0	2,400E+1	3,000E+3	3,006E+3
806,241	0,140	0,100	7,950E+0	2,400E+1	3,000E+3	2,993E+3
807,242	0,140	0,100	7,950E+0	2,400E+1	3,000E+3	2,991E+3
808,241	0,140	0,100	7,950E+0	2,400E+1	3,000E+3	3,009E+3
809,242	0,140	0,100	7,950E+0	2,400E+1	3,000E+3	3,013E+3
810,241	0,140	0,100	7,950E+0	2,400E+1	3,000E+3	2,995E+3
811,241	0,140	0,100	7,960E+0	2,400E+1	3,000E+3	3,003E+3
812,242	0,140	0,100	7,960E+0	2,400E+1	3,000E+3	2,996E+3
813,241	0,140	0,100	7,950E+0	2,400E+1	3,000E+3	3,006E+3
814,242	0,140	0,100	7,950E+0	2,400E+1	3,000E+3	2,998E+3
815,241	0,140	0,100	7,950E+0	2,400E+1	3,000E+3	2,992E+3
816,242	0,140	0,100	7,950E+0	2,400E+1	3,000E+3	3,011E+3
817,242	0,140	0,100	7,950E+0	2,400E+1	3,000E+3	3,010E+3
818,243	0,140	0,100	7,950E+0	2,400E+1	3,000E+3	3,001E+3
819,244	0,140	0,100	7,950E+0	2,400E+1	3,000E+3	3,000E+3
820,244	0,140	0,100	7,950E+0	2,400E+1	3,000E+3	3,000E+3
821,246	0,140	0,100	7,950E+0	2,400E+1	3,000E+3	3,000E+3
822,245	0,140	0,100	7,950E+0	2,400E+1	3,000E+3	2,995E+3
823,245	0,140	0,100	7,950E+0	2,400E+1	3,000E+3	3,008E+3
824,245	0,140	0,100	7,950E+0	2,400E+1	3,000E+3	2,996E+3
825,245	0,140	0,100	7,950E+0	2,400E+1	3,000E+3	3,002E+3
826,247	0,140	0,100	7,950E+0	2,400E+1	3,000E+3	3,004E+3
827,247	0,140	0,100	7,950E+0	2,400E+1	3,000E+3	3,003E+3
828,247	0,140	0,100	7,950E+0	2,400E+1	3,000E+3	2,995E+3
829,247	0,140	0,100	7,950E+0	2,400E+1	3,000E+3	3,003E+3
830,247	0,140	0,100	7,950E+0	2,400E+1	3,000E+3	3,000E+3
831,247	0,140	0,100	7,950E+0	2,400E+1	3,000E+3	3,004E+3
832,247	0,140	0,100	7,950E+0	2,400E+1	3,000E+3	2,995E+3
833,249	0,140	0,100	7,950E+0	2,400E+1	3,000E+3	3,006E+3
834,248	0,140	0,100	7,950E+0	2,400E+1	3,000E+3	2,992E+3
835,249	0,140	0,100	7,950E+0	2,400E+1	3,000E+3	3,007E+3
836,248	0,140	0,100	7,950E+0	2,400E+1	3,000E+3	2,991E+3
837,249	0,140	0,100	7,950E+0	2,400E+1	3,000E+3	3,004E+3
838,249	0,140	0,100	7,950E+0	2,400E+1	3,000E+3	3,006E+3
839,250	0,140	0,100	7,950E+0	2,400E+1	3,000E+3	3,000E+3
840,251	0,140	0,100	7,950E+0	2,400E+1	3,000E+3	2,999E+3
841,251	0,140	0,100	7,950E+0	2,400E+1	3,000E+3	3,007E+3
842,252	0,140	0,100	7,950E+0	2,400E+1	3,000E+3	2,996E+3
843,251	0,140	0,100	7,950E+0	2,400E+1	3,000E+3	3,007E+3
844,251	0,140	0,100	7,950E+0	2,400E+1	3,000E+3	2,993E+3
845,251	0,140	0,100	7,950E+0	2,400E+1	3,000E+3	3,003E+3
846,252	0,140	0,100	7,950E+0	2,400E+1	3,000E+3	3,007E+3
847,251	0,140	0,100	7,950E+0	2,400E+1	3,000E+3	3,015E+3
848,251	0,140	0,100	7,950E+0	2,400E+1	3,000E+3	3,008E+3
849,252	0,140	0,100	7,950E+0	2,400E+1	3,000E+3	2,998E+3
850,251	0,140	0,100	7,950E+0	2,400E+1	3,000E+3	3,001E+3
851,251	0,140	0,100	7,950E+0	2,400E+1	3,000E+3	3,004E+3
852,251	0,140	0,100	7,950E+0	2,400E+1	3,000E+3	2,999E+3
853,251	0,140	0,100	7,950E+0	2,400E+1	3,000E+3	3,006E+3
854,251	0,140	0,100	7,960E+0	2,400E+1	3,000E+3	3,002E+3
855,252	0,140	0,100	7,960E+0	2,400E+1	3,000E+3	3,001E+3
856,251	0,140	0,100	7,950E+0	2,400E+1	3,000E+3	3,004E+3
857,252	0,140	0,100	7,950E+0	2,400E+1	3,000E+3	2,995E+3
858,252	0,140	0,100	7,950E+0	2,400E+1	3,000E+3	2,998E+3
859,252	0,140	0,100	7,950E+0	2,400E+1	3,000E+3	2,996E+3
860,253	0,140	0,100	7,950E+0	2,400E+1	3,000E+3	2,994E+3
861,252	0,140	0,100	7,960E+0	2,400E+1	3,000E+3	2,995E+3
862,253	0,140	0,100	7,960E+0	2,400E+1	3,000E+3	3,001E+3
863,254	0,140	0,100	7,960E+0	2,400E+1	3,000E+3	3,004E+3
864,255	0,140	0,100	7,960E+0	2,400E+1	3,000E+3	3,003E+3
865,256	0,140	0,100	7,960E+0	2,400E+1	3,000E+3	3,001E+3
866,255	0,140	0,100	7,950E+0	2,400E+1	3,000E+3	3,000E+3
867,257	0,140	0,100	7,950E+0	2,400E+1	3,000E+3	3,003E+3
868,256	0,140	0,100	7,950E+0	2,400E+1	3,000E+3	2,996E+3
869,256	0,140	0,100	7,950E+0	2,400E+1	3,000E+3	2,999E+3
870,256	0,140	0,100	7,950E+0	2,400E+1	3,000E+3	2,991E+3
871,256	0,140	0,100	7,950E+0	2,400E+1	3,000E+3	2,997E+3
872,257	0,140	0,100	7,950E+0	2,400E+1	3,000E+3	2,999E+3
873,257	0,140	0,100	7,950E+0	2,400E+1	3,000E+3	2,998E+3
874,259	0,140	0,100	7,950E+0	2,400E+1	3,000E+3	3,008E+3
875,258	0,140	0,100	7,960E+0	2,400E+1	3,000E+3	2,990E+3
876,260	0,140	0,100	7,960E+0	2,400E+1	3,000E+3	3,002E+3
877,259	0,140	0,100	7,960E+0	2,400E+1	3,000E+3	2,996E+3
878,259	0,140	0,100	7,950E+0	2,400E+1	3,000E+3	2,998E+3
879,259	0,140	0,100	7,950E+0	2,400E+1	3,000E+3	3,009E+3
880,260	0,140	0,100	7,960E+0	2,400E+1	3,000E+3	2,999E+3
881,261	0,160	0,100	9,200E+0	2,400E+1	3,000E+3	2,969E+3
882,260	0,162	0,100	9,200E+0	2,400E+1	3,000E+3	2,995E+3
883,260	0,162	0,100	9,250E+0	2,400E+1	3,000E+3	2,998E+3
884,260	0,161	0,100	9,180E+0	2,400E+1	3,000E+3	2,983E+3
885,260	0,167	0,100	9,180E+0	2,400E+1	3,000E+3	2,980E+3
886,261	0,167	0,100	9,470E+0	2,400E+1	3,000E+3	3,022E+3
887,262	0,168	0,100	9,450E+0	2,400E+1	3,000E+3	2,998E+3
888,262	0,169	0,100	9,450E+0	2,400E+1	3,000E+3	2,976E+3
889,264	0,169	0,100	9,630E+0	2,400E+1	3,000E+3	2,998E+3
890,264	0,172	0,100	9,730E+0	2,400E+1	3,000E+3	3,004E+3
891,264	0,171	0,100	9,730E+0	2,400E+1	3,000E+3	3,009E+3
892,265	0,171	0,100	9,690E+0	2,400E+1	3,000E+3	2,989E+3
893,265	0,172	0,100	9,740E+0	2,400E+1	3,000E+3	3,003E+3
894,266	0,173	0,100	9,740E+0	2,400E+1	3,000E+3	3,003E+3
895,265	0,173	0,100	9,780E+0	2,400E+1	3,000E+3	3,000E+3
896,265	0,173	0,100	9,810E+0	2,400E+1	3,000E+3	3,003E+3
897,265	0,173	0,100	9,810E+0	2,400E+1	3,000E+3	2,995E+3
898,265	0,173	0,100	9,810E+0	2,400E+1	3,000E+3	3,001E+3
899,267	0,174	0,100	9,830E+0	2,400E+1	3,000E+3	3,001E+3
900,266	0,174	0,100	9,830E+0	2,400E+1	3,000E+3	2,997E+3
901,267	0,174	0,100	9,850E+0	2,400E+1	3,000E+3	2,993E+3
902,267	0,174	0,100	9,860E+0	2,400E+1	3,000E+3	3,006E+3
903,268	0,174	0,100	9,860E+0	2,400E+1	3,000E+3	3,017E+3
904,268	0,174	0,100	9,850E+0	2,400E+1	3,000E+3	3,006E+3
905,269	0,174	0,100	9,860E+0	2,400E+1	3,000E+3	2,997E+3
906,271	0,174	0,100	9,870E+0	2,400E+1	3,000E+3	3,003E+3
907,270	0,174	0,100	9,870E+0	2,400E+1	3,000E+3	3,003E+3
908,271	0,175	0,100	9,880E+0	2,400E+1	3,000E+3	3,003E+3
909,270	0,175	0,100	9,880E+0	2,400E+1	3,000E+3	3,000E+3
910,270	0,175	0,100	9,900E+0	2,400E+1	3,000E+3	2,995E+3
911,270	0,175	0,100	9,890E+0	2,400E+1	3,000E+3	2,994E+3
912,270	0,175	0,100	9,890E+0	2,400E+1	3,000E+3	3,002E+3
913,271	0,175	0,100	9,890E+0	2,400E+1	3,000E+3	2,991E+3
914,271	0,175	0,100	9,890E+0	2,400E+1	3,000E+3	3,007E+3
915,273	0,175	0,100	9,890E+0	2,400E+1	3,000E+3	3,003E+3
916,272	0,175	0,100	9,890E+0	2,400E+1	3,000E+3	2,997E+3
917,272	0,175	0,100	9,900E+0	2,400E+1	3,000E+3	2,998E+3
918,274	0,175	0,100	9,890E+0	2,400E+1	3,000E+3	3,003E+3
919,273	0,175	0,100	9,890E+0	2,400E+1	3,000E+3	2,997E+3
920,275	0,175	0,100	9,900E+0	2,400E+1	3,000E+3	3,002E+3
921,274	0,175	0,100	9,900E+0	2,400E+1	3,000E+3	2,994E+3
922,275	0,175	0,100	9,900E+0	2,400E+1	3,000E+3	2,987E+3
923,274	0,175	0,100	9,910E+0	2,400E+1	3,000E+3	3,004E+3
924,274	0,175	0,100	9,910E+0	2,400E+1	3,000E+3	2,997E+3
925,274	0,175	0,100	9,910E+0	2,400E+1	3,000E+3	2,997E+3
926,275	0,175	0,100	9,910E+0	2,400E+1	3,000E+3	3,013E+3
927,276	0,175	0,100	9,910E+0	2,400E+1	3,000E+3	3,004E+3
928,275	0,175	0,100	9,910E+0	2,400E+1	3,000E+3	3,008E+3
929,277	0,175	0,100	9,910E+0	2,400E+1	3,000E+3	3,001E+3
930,276	0,175	0,100	9,910E+0	2,400E+1	3,000E+3	3,003E+3
931,277	0,175	0,100	9,910E+0	2,400E+1	3,000E+3	2,997E+3
932,277	0,175	0,100	9,910E+0	2,400E+1	3,000E+3	3,002E+3
933,277	0,175	0,100	9,910E+0	2,400E+1	3,000E+3	3,006E+3
934,278	0,175	0,100	9,910E+0	2,400E+1	3,000E+3	3,004E+3
935,277	0,175	0,100	9,910E+0	2,400E+1	3,000E+3	2,995E+3
936,278	0,175	0,100	9,910E+0	2,400E+1	3,000E+3	3,009E+3
937,277	0,175	0,100	9,920E+0	2,400E+1	3,000E+3	3,013E+3
938,277	0,175	0,100	9,920E+0	2,400E+1	3,000E+3	3,005E+3
939,277	0,175	0,100	9,920E+0	2,400E+1	3,000E+3	2,992E+3
940,277	0,175	0,100	9,920E+0	2,400E+1	3,000E+3	3,001E+3
941,278	0,175	0,100	9,920E+0	2,400E+1	3,000E+3	2,998E+3
942,277	0,175	0,100	9,930E+0	2,400E+1	3,000E+3	2,996E+3
943,279	0,175	0,100	9,930E+0	2,400E+1	3,000E+3	3,003E+3
944,278	0,175	0,100	9,930E+0	2,400E+1	3,000E+3	3,004E+3
945,280	0,175	0,100	9,930E+0	2,400E+1	3,000E+3	3,001E+3
946,279	0,175	0,100	9,930E+0	2,400E+1	3,000E+3	3,006E+3
947,279	0,175	0,100	9,920E+0	2,400E+1	3,000E+3	2,991E+3
948,280	0,175	0,100	9,920E+0	2,400E+1	3,000E+3	2,998E+3
949,280	0,175	0,100	9,920E+0	2,400E+1	3,000E+3	3,008E+3
950,281	0,175	0,100	9,920E+0	2,400E+1	3,000E+3	2,996E+3
951,281	0,175	0,100	9,930E+0	2,400E+1	3,000E+3	2,994E+3
952,283	0,175	0,100	9,930E+0	2,400E+1	3,000E+3	2,992E+3
953,282	0,175	0,100	9,930E+0	2,400E+1	3,000E+3	3,000E+3
954,283	0,175	0,100	9,930E+0	2,400E+1	3,000E+3	3,003E+3
955,285	0,175	0,100	9,930E+0	2,400E+1	3,000E+3	3,008E+3
956,285	0,175	0,100	9,930E+0	2,400E+1	3,000E+3	2,995E+3
957,286	0,175	0,100	9,920E+0	2,400E+1	3,000E+3	2,998E+3
958,285	0,175	0,100	9,920E+0	2,400E+1	3,000E+3	3,004E+3
959,285	0,175	0,100	9,920E+0	2,400E+1	3,000E+3	3,011E+3
960,285	0,175	0,100	9,920E+0	2,400E+1	3,000E+3	3,008E+3
961,285	0,175	0,100	9,930E+0	2,400E+1	3,000E+3	2,994E+3
962,286	0,175	0,100	9,940E+0	2,400E+1	3,000E+3	3,006E+3
963,285	0,175	0,100	9,940E+0	2,400E+1	3,000E+3	3,006E+3
964,286	0,175	0,100	9,930E+0	2,400E+1	3,000E+3	3,004E+3
965,285	0,175	0,100	9,930E+0	2,400E+1	3,000E+3	2,998E+3
966,285	0,175	0,100	9,930E+0	2,400E+1	3,000E+3	3,000E+3
967,285	0,175	0,100	9,930E+0	2,400E+1	3,000E+3	3,000E+3
968,286	0,175	0,100	9,930E+0	2,400E+1	3,000E+3	2,986E+3
969,287	0,175	0,100	9,940E+0	2,400E+1	3,000E+3	3,004E+3
970,287	0,175	0,100	9,940E+0	2,400E+1	3,000E+3	3,002E+3
971,289	0,175	0,100	9,940E+0	2,400E+1	3,000E+3	3,004E+3
972,289	0,175	0,100	9,940E+0	2,400E+1	3,000E+3	2,995E+3
973,289	0,175	0,100	9,930E+0	2,400E+1	3,000E+3	2,997E+3
974,289	0,175	0,100	9,940E+0	2,400E+1	3,000E+3	2,999E+3
975,289	0,175	0,100	9,940E+0	2,400E+1	3,000E+3	2,985E+3
976,290	0,175	0,100	9,940E+0	2,400E+1	3,000E+3	3,006E+3
977,289	0,175	0,100	9,940E+0	2,400E+1	3,000E+3	3,006E+3
978,289	0,175	0,100	9,930E+0	2,400E+1	3,000E+3	2,994E+3
979,290	0,175	0,100	9,930E+0	2,400E+1	3,000E+3	2,995E+3
980,289	0,175	0,100	9,930E+0	2,400E+1	3,000E+3	2,996E+3
981,291	0,175	0,100	9,930E+0	2,400E+1	3,000E+3	3,006E+3
982,290	0,175	0,100	9,940E+0	2,400E+1	3,000E+3	2,999E+3
983,290	0,175	0,100	9,940E+0	2,400E+1	3,000E+3	2,994E+3
984,291	0,175	0,100	9,940E+0	2,400E+1	3,000E+3	2,991E+3
985,291	0,175	0,100	9,940E+0	2,400E+1	3,000E+3	2,992E+3
986,292	0,175	0,100	9,940E+0	2,400E+1	3,000E+3	2,992E+3
987,291	0,175	0,100	9,940E+0	2,400E+1	3,000E+3	3,007E+3
988,291	0,175	0,100	9,940E+0	2,400E+1	3,000E+3	3,000E+3
989,291	0,175	0,100	9,940E+0	2,400E+1	3,000E+3	2,998E+3
990,291	0,175	0,100	9,940E+0	2,400E+1	3,000E+3	2,989E+3
991,291	0,175	0,100	9,940E+0	2,400E+1	3,000E+3	2,997E+3
992,291	0,175	0,100	9,940E+0	2,400E+1	3,000E+3	2,991E+3
993,291	0,175	0,100	9,940E+0	2,400E+1	3,000E+3	2,989E+3
994,291	0,175	0,100	9,940E+0	2,400E+1	3,000E+3	2,993E+3
995,292	0,175	0,100	9,940E+0	2,400E+1	3,000E+3	2,998E+3
996,291	0,175	0,100	9,940E+0	2,400E+1	3,000E+3	3,006E+3
997,291	0,175	0,100	9,940E+0	2,400E+1	3,000E+3	2,999E+3
998,291	0,175	0,100	9,950E+0	2,400E+1	3,000E+3	3,004E+3
999,291	0,175	0,100	9,950E+0	2,400E+1	3,000E+3	3,004E+3
1000,292	0,175	0,100	9,940E+0	2,400E+1	3,000E+3	3,002E+3
1001,291	0,175	0,100	9,940E+0	2,400E+1	3,000E+3	2,997E+3
1002,292	0,175	0,100	9,940E+0	2,400E+1	3,000E+3	3,003E+3
1003,292	0,175	0,100	9,940E+0	2,400E+1	3,000E+3	3,010E+3
1004,292	0,175	0,100	9,940E+0	2,400E+1	3,000E+3	2,995E+3
1005,292	0,175	0,100	9,940E+0	2,400E+1	3,000E+3	3,004E+3
1006,292	0,175	0,100	9,940E+0	2,400E+1	3,000E+3	3,001E+3
1007,294	0,175	0,100	9,950E+0	2,400E+1	3,000E+3	3,006E+3
1008,293	0,175	0,100	9,950E+0	2,400E+1	3,000E+3	3,003E+3
1009,294	0,175	0,100	9,950E+0	2,400E+1	3,000E+3	3,001E+3
1010,293	0,175	0,100	9,950E+0	2,400E+1	3,000E+3	3,010E+3
1011,293	0,175	0,100	9,950E+0	2,400E+1	3,000E+3	3,000E+3
1012,293	0,175	0,100	9,950E+0	2,400E+1	3,000E+3	2,994E+3
1013,293	0,175	0,100	9,950E+0	2,400E+1	3,000E+3	2,995E+3
1014,295	0,175	0,100	9,950E+0	2,400E+1	3,000E+3	3,002E+3
1015,294	0,175	0,100	9,950E+0	2,400E+1	3,000E+3	3,004E+3
1016,295	0,175	0,100	9,950E+0	2,400E+1	3,000E+3	2,996E+3
1017,294	0,175	0,100	9,950E+0	2,400E+1	3,000E+3	2,996E+3
1018,294	0,175	0,100	9,950E+0	2,400E+1	3,000E+3	2,998E+3
1019,294	0,175	0,100	9,960E+0	2,400E+1	3,000E+3	3,003E+3
1020,295	0,175	0,100	9,960E+0	2,400E+1	3,000E+3	3,010E+3
1021,297	0,175	0,100	9,960E+0	2,400E+1	3,000E+3	3,004E+3
1022,296	0,175	0,100	9,960E+0	2,400E+1	3,000E+3	3,006E+3
1023,298	0,175	0,100	9,960E+0	2,400E+1	3,000E+3	3,001E+3
1024,297	0,175	0,100	9,960E+0	2,400E+1	3,000E+3	2,996E+3
1025,297	0,175	0,100	9,960E+0	2,400E+1	3,000E+3	2,998E+3
1026,298	0,175	0,100	9,960E+0	2,400E+1	3,000E+3	2,997E+3
1027,298	0,175	0,100	9,960E+0	2,400E+1	3,000E+3	3,007E+3
1028,299	0,175	0,100	9,960E+0	2,400E+1	3,000E+3	2,992E+3
1029,298	0,175	0,100	9,960E+0	2,400E+1	3,000E+3	2,988E+3
1030,299	0,175	0,100	9,960E+0	2,400E+1	3,000E+3	3,003E+3
1031,298	0,175	0,100	9,960E+0	2,400E+1	3,000E+3	3,007E+3
1032,298	0,175	0,100	9,960E+0	2,400E+1	3,000E+3	3,004E+3
1033,299	0,175	0,100	9,970E+0	2,400E+1	3,000E+3	3,000E+3
1034,298	0,175	0,100	9,970E+0	2,400E+1	3,000E+3	2,994E+3
1035,299	0,175	0,100	9,960E+0	2,400E+1	3,000E+3	2,996E+3
1036,298	0,175	0,100	9,960E+0	2,400E+1	3,000E+3	3,002E+3
1037,298	0,175	0,100	9,960E+0	2,400E+1	3,000E+3	3,007E+3
1038,299	0,175	0,100	9,960E+0	2,400E+1	3,000E+3	3,004E+3
1039,299	0,175	0,100	9,960E+0	2,400E+1	3,000E+3	3,005E+3
1040,300	0,175	0,100	9,970E+0	2,400E+1	3,000E+3	3,004E+3
1041,301	0,175	0,100	9,970E+0	2,400E+1	3,000E+3	2,997E+3
1042,300	0,175	0,100	9,970E+0	2,400E+1	3,000E+3	3,005E+3
1043,300	0,175	0,100	9,970E+0	2,400E+1	3,000E+3	2,997E+3
1044,300	0,175	0,100	9,970E+0	2,400E+1	3,000E+3	2,997E+3
1045,301	0,175	0,100	9,970E+0	2,400E+1	3,000E+3	3,003E+3
1046,300	0,175	0,100	9,970E+0	2,400E+1	3,000E+3	2,984E+3
1047,301	0,175	0,100	9,970E+0	2,400E+1	3,000E+3	3,007E+3
1048,300	0,175	0,100	9,970E+0	2,400E+1	3,000E+3	3,003E+3
1049,300	0,175	0,100	9,970E+0	2,400E+1	3,000E+3	3,000E+3
1050,301	0,175	0,100	9,970E+0	2,400E+1	3,000E+3	3,013E+3
1051,301	0,175	0,100	9,970E+0	2,400E+1	3,000E+3	3,003E+3
1052,303	0,175	0,100	9,970E+0	2,400E+1	3,000E+3	3,007E+3
1053,302	0,175	0,100	9,970E+0	2,400E+1	3,000E+3	2,998E+3
1054,303	0,175	0,100	9,970E+0	2,400E+1	3,000E+3	3,006E+3
1055,302	0,175	0,100	9,970E+0	2,400E+1	3,000E+3	2,993E+3
1056,302	0,175	0,100	9,970E+0	2,400E+1	3,000E+3	3,003E+3
1057,303	0,175	0,100	9,970E+0	2,400E+1	3,000E+3	3,007E+3
1058,303	0,175	0,100	9,970E+0	2,400E+1	3,000E+3	3,002E+3
1059,304	0,175	0,100	9,980E+0	2,400E+1	3,000E+3	3,007E+3
1060,304	0,175	0,100	9,980E+0	2,400E+1	3,000E+3	3,002E+3
1061,304	0,175	0,100	9,970E+0	2,400E+1	3,000E+3	3,003E+3
1062,304	0,175	0,100	9,970E+0	2,400E+1	3,000E+3	2,997E+3
1063,306	0,175	0,100	9,970E+0	2,400E+1	3,000E+3	3,004E+3
1064,305	0,175	0,100	9,970E+0	2,400E+1	3,000E+3	2,992E+3
1065,305	0,175	0,100	9,970E+0	2,400E+1	3,000E+3	3,002E+3
1066,305	0,175	0,100	9,970E+0	2,400E+1	3,000E+3	3,000E+3
1067,306	0,175	0,100	9,970E+0	2,400E+1	3,000E+3	2,998E+3
1068,307	0,175	0,100	9,970E+0	2,400E+1	3,000E+3	3,016E+3
1069,306	0,175	0,100	9,970E+0	2,400E+1	3,000E+3	2,995E+3
1070,306	0,175	0,100	9,980E+0	2,400E+1	3,000E+3	2,998E+3
1071,307	0,175	0,100	9,980E+0	2,400E+1	3,000E+3	3,003E+3
1072,307	0,175	0,100	9,980E+0	2,400E+1	3,000E+3	3,001E+3
1073,309	0,175	0,100	9,980E+0	2,400E+1	3,000E+3	3,005E+3
1074,309	0,175	0,100	9,990E+0	2,400E+1	3,000E+3	2,997E+3
1075,310	0,175	0,100	9,990E+0	2,400E+1	3,000E+3	3,006E+3
1076,309	0,175	0,100	9,980E+0	2,400E+1	3,000E+3	3,001E+3
1077,310	0,175	0,100	9,980E+0	2,400E+1	3,000E+3	3,001E+3
1078,310	0,175	0,100	9,980E+0	2,400E+1	3,000E+3	3,002E+3
1079,310	0,175	0,100	9,980E+0	2,400E+1	3,000E+3	3,006E+3
1080,311	0,175	0,100	9,980E+0	2,400E+1	3,000E+3	2,994E+3
1081,311	0,175	0,100	9,980E+0	2,400E+1	3,000E+3	2,994E+3
1082,311	0,175	0,100	9,990E+0	2,400E+1	3,000E+3	3,000E+3
1083,312	0,175	0,100	9,990E+0	2,400E+1	3,000E+3	3,000E+3
1084,311	0,175	0,100	9,990E+0	2,400E+1	3,000E+3	3,005E+3
1085,312	0,175	0,100	9,990E+0	2,400E+1	3,000E+3	3,004E+3
1086,311	0,175	0,100	9,990E+0	2,400E+1	3,000E+3	2,985E+3
1087,311	0,175	0,100	9,990E+0	2,400E+1	3,000E+3	3,004E+3
1088,312	0,175	0,100	9,990E+0	2,400E+1	3,000E+3	3,000E+3
1089,312	0,175	0,100	9,980E+0	2,400E+1	3,000E+3	3,001E+3
1090,313	0,175	0,100	9,980E+0	2,400E+1	3,000E+3	3,001E+3
1091,312	0,175	0,100	9,990E+0	2,400E+1	3,000E+3	3,007E+3
1092,313	0,175	0,100	9,990E+0	2,400E+1	3,000E+3	3,000E+3
1093,312	0,175	0,100	9,990E+0	2,400E+1	3,000E+3	3,000E+3
1094,312	0,175	0,100	9,990E+0	2,400E+1	3,000E+3	2,997E+3
1095,312	0,175	0,100	9,990E+0	2,400E+1	3,000E+3	3,003E+3
1096,312	0,175	0,100	9,990E+0	2,400E+1	3,000E+3	2,995E+3
1097,313	0,175	0,100	9,990E+0	2,400E+1	3,000E+3	3,003E+3
1098,312	0,175	0,100	1,000E+1	2,400E+1	3,000E+3	3,000E+3
1099,313	0,175	0,100	1,000E+1	2,400E+1	3,000E+3	2,992E+3
1100,312	0,175	0,100	9,990E+0	2,400E+1	3,000E+3	2,999E+3
1101,312	0,175	0,100	1,000E+1	2,400E+1	3,000E+3	3,009E+3
1102,312	0,175	0,100	1,000E+1	2,400E+1	3,000E+3	2,996E+3
1103,312	0,175	0,100	1,000E+1	2,400E+1	3,000E+3	3,013E+3
1104,313	0,175	0,100	1,000E+1	2,400E+1	3,000E+3	2,994E+3
1105,312	0,175	0,100	9,990E+0	2,400E+1	3,000E+3	3,010E+3
1106,313	0,175	0,100	9,990E+0	2,400E+1	3,000E+3	3,005E+3
1107,312	0,175	0,100	1,000E+1	2,400E+1	3,000E+3	3,004E+3
1108,312	0,175	0,100	1,000E+1	2,400E+1	3,000E+3	3,003E+3
1109,313	0,175	0,100	1,000E+1	2,400E+1	3,000E+3	2,993E+3
1110,313	0,175	0,100	1,000E+1	2,400E+1	3,000E+3	2,995E+3
1111,314	0,175	0,100	1,000E+1	2,400E+1	3,000E+3	2,997E+3
1112,313	0,175	0,100	1,000E+1	2,400E+1	3,000E+3	2,997E+3
1113,313	0,175	0,100	1,000E+1	2,400E+1	3,000E+3	2,998E+3
1114,313	0,175	0,100	1,000E+1	2,400E+1	3,000E+3	3,008E+3
1115,313	0,175	0,100	1,000E+1	2,400E+1	3,000E+3	2,994E+3
1116,314	0,175	0,100	1,000E+1	2,400E+1	3,000E+3	2,994E+3
1117,313	0,175	0,100	1,000E+1	2,400E+1	3,000E+3	2,998E+3
1118,314	0,175	0,100	1,001E+1	2,400E+1	3,000E+3	2,990E+3
1119,313	0,175	0,100	1,001E+1	2,400E+1	3,000E+3	2,998E+3
1120,314	0,175	0,100	1,000E+1	2,400E+1	3,000E+3	2,992E+3
1121,314	0,175	0,100	1,000E+1	2,400E+1	3,000E+3	3,001E+3
1122,314	0,175	0,100	1,000E+1	2,400E+1	3,000E+3	3,003E+3
1123,314	0,175	0,100	1,000E+1	2,400E+1	3,000E+3	3,005E+3
1124,314	0,175	0,100	1,000E+1	2,400E+1	3,000E+3	3,005E+3
1125,314	0,175	0,100	1,000E+1	2,400E+1	3,000E+3	3,014E+3
1126,316	0,175	0,100	1,000E+1	2,400E+1	3,000E+3	3,004E+3
1127,315	0,175	0,100	1,000E+1	2,400E+1	3,000E+3	3,000E+3
1128,316	0,175	0,100	1,000E+1	2,400E+1	3,000E+3	2,997E+3
1129,315	0,175	0,100	1,000E+1	2,400E+1	3,000E+3	3,004E+3
1130,317	0,175	0,100	1,001E+1	2,400E+1	3,000E+3	2,992E+3
1131,316	0,175	0,100	1,001E+1	2,400E+1	3,000E+3	2,997E+3
1132,316	0,175	0,100	1,001E+1	2,400E+1	3,000E+3	3,001E+3
1133,316	0,175	0,100	1,001E+1	2,400E+1	3,000E+3	3,004E+3
1134,316	0,175	0,100	1,001E+1	2,400E+1	3,000E+3	2,995E+3
1135,316	0,175	0,100	1,001E+1	2,400E+1	3,000E+3	2,998E+3
1136,317	0,175	0,100	1,001E+1	2,400E+1	3,000E+3	2,997E+3
1137,316	0,175	0,100	1,001E+1	2,400E+1	3,000E+3	2,997E+3
1138,316	0,175	0,100	1,001E+1	2,400E+1	3,000E+3	2,997E+3
1139,317	0,175	0,100	1,001E+1	2,400E+1	3,000E+3	2,995E+3
1140,317	0,175	0,100	1,001E+1	2,400E+1	3,000E+3	3,001E+3
1141,318	0,175	0,100	1,002E+1	2,400E+1	3,000E+3	2,999E+3
1142,318	0,175	0,100	1,001E+1	2,400E+1	3,000E+3	3,007E+3
1143,318	0,175	0,100	1,001E+1	2,400E+1	3,000E+3	3,001E+3
1144,318	0,175	0,100	1,001E+1	2,400E+1	3,000E+3	3,016E+3
1145,318	0,175	0,100	1,001E+1	2,400E+1	3,000E+3	2,994E+3
1146,318	0,175	0,100	1,002E+1	2,400E+1	3,000E+3	2,997E+3
1147,319	0,175	0,100	1,002E+1	2,400E+1	3,000E+3	3,006E+3
1148,318	0,175	0,100	1,001E+1	2,400E+1	3,000E+3	2,995E+3
1149,319	0,175	0,100	1,001E+1	2,400E+1	3,000E+3	3,004E+3
1150,318	0,175	0,100	1,001E+1	2,400E+1	3,000E+3	3,007E+3
1151,318	0,175	0,100	1,001E+1	2,400E+1	3,000E+3	2,997E+3
1152,319	0,175	0,100	1,001E+1	2,400E+1	3,000E+3	2,991E+3
1153,318	0,175	0,100	1,002E+1	2,400E+1	3,000E+3	3,002E+3
1154,319	0,175	0,100	1,002E+1	2,400E+1	3,000E+3	2,999E+3
1155,318	0,175	0,100	1,002E+1	2,400E+1	3,000E+3	3,019E+3
1156,318	0,175	0,100	1,002E+1	2,400E+1	3,000E+3	2,994E+3
1157,318	0,175	0,100	1,002E+1	2,400E+1	3,000E+3	3,007E+3
1158,318	0,175	0,100	1,003E+1	2,400E+1	3,000E+3	3,001E+3
1159,320	0,175	0,100	1,003E+1	2,400E+1	3,000E+3	2,998E+3
1160,320	0,175	0,100	1,003E+1	2,400E+1	3,000E+3	2,996E+3
1161,322	0,175	0,100	1,003E+1	2,400E+1	3,000E+3	2,997E+3
1162,321	0,175	0,100	1,002E+1	2,400E+1	3,000E+3	2,996E+3
1163,322	0,175	0,100	1,002E+1	2,400E+1	3,000E+3	2,985E+3
1164,322	0,175	0,100	1,002E+1	2,400E+1	3,000E+3	2,996E+3
1165,322	0,175	0,100	1,002E+1	2,400E+1	3,000E+3	3,001E+3
1166,323	0,175	0,100	1,002E+1	2,400E+1	3,000E+3	3,000E+3
1167,322	0,175	0,100	1,003E+1	2,400E+1	3,000E+3	2,995E+3
1168,323	0,175	0,100	1,003E+1	2,400E+1	3,000E+3	3,010E+3
1169,323	0,175	0,100	1,002E+1	2,400E+1	3,000E+3	2,998E+3
1170,323	0,175	0,100	1,002E+1	2,400E+1	3,000E+3	3,005E+3
1171,324	0,175	0,100	1,003E+1	2,400E+1	3,000E+3	2,990E+3
1172,323	0,175	0,100	1,003E+1	2,400E+1	3,000E+3	2,997E+3
1173,323	0,175	0,100	1,003E+1	2,400E+1	3,000E+3	3,001E+3
1174,323	0,175	0,100	1,003E+1	2,400E+1	3,000E+3	2,996E+3
1175,323	0,175	0,100	1,003E+1	2,400E+1	3,000E+3	3,005E+3
1176,324	0,175	0,100	1,003E+1	2,400E+1	3,000E+3	2,996E+3
1177,323	0,175	0,100	1,003E+1	2,400E+1	3,000E+3	3,006E+3
1178,324	0,175	0,100	1,003E+1	2,400E+1	3,000E+3	2,988E+3
1179,323	0,175	0,100	1,003E+1	2,400E+1	3,000E+3	3,006E+3
1180,323	0,175	0,100	1,003E+1	2,400E+1	3,000E+3	2,998E+3
1181,323	0,175	0,100	1,003E+1	2,400E+1	3,000E+3	3,007E+3
1182,323	0,175	0,100	1,003E+1	2,400E+1	3,000E+3	3,009E+3
1183,324	0,175	0,100	1,003E+1	2,400E+1	3,000E+3	3,010E+3
1184,323	0,175	0,100	1,003E+1	2,400E+1	3,000E+3	2,994E+3
1185,324	0,175	0,100	1,003E+1	2,400E+1	3,000E+3	3,003E+3
1186,323	0,175	0,100	1,003E+1	2,400E+1	3,000E+3	3,007E+3
1187,323	0,175	0,100	1,003E+1	2,400E+1	3,000E+3	2,997E+3
1188,324	0,175	0,100	1,003E+1	2,400E+1	3,000E+3	2,997E+3
1189,324	0,175	0,100	1,003E+1	2,400E+1	3,000E+3	3,004E+3
1190,325	0,175	0,100	1,003E+1	2,400E+1	3,000E+3	2,990E+3
1191,324	0,175	0,100	1,003E+1	2,400E+1	3,000E+3	2,996E+3
1192,326	0,175	0,100	1,003E+1	2,400E+1	3,000E+3	3,004E+3
1193,325	0,175	0,100	1,003E+1	2,400E+1	3,000E+3	2,990E+3
1194,325	0,175	0,100	1,003E+1	2,400E+1	3,000E+3	3,004E+3
1195,325	0,175	0,100	1,004E+1	2,400E+1	3,000E+3	2,998E+3
1196,325	0,175	0,100	1,004E+1	2,400E+1	3,000E+3	3,007E+3
1197,327	0,175	0,100	1,004E+1	2,400E+1	3,000E+3	2,997E+3
1198,326	0,175	0,100	1,004E+1	2,400E+1	3,000E+3	2,998E+3
1199,327	0,175	0,100	1,004E+1	2,400E+1	3,000E+3	2,997E+3
1200,327	0,175	0,100	1,004E+1	2,400E+1	3,000E+3	2,994E+3
1201,327	0,175	0,100	1,004E+1	2,400E+1	3,000E+3	3,000E+3
1202,327	0,175	0,100	1,004E+1	2,400E+1	3,000E+3	2,994E+3
1203,328	0,175	0,100	1,004E+1	2,400E+1	3,000E+3	2,998E+3
1204,327	0,175	0,100	1,004E+1	2,400E+1	3,000E+3	3,013E+3
1205,328	0,175	0,100	1,005E+1	2,400E+1	3,000E+3	3,010E+3
1206,327	0,175	0,100	1,005E+1	2,400E+1	3,000E+3	2,991E+3
1207,327	0,175	0,100	1,004E+1	2,400E+1	3,000E+3	3,003E+3
1208,328	0,175	0,100	1,004E+1	2,400E+1	3,000E+3	3,000E+3
1209,328	0,175	0,100	1,004E+1	2,400E+1	3,000E+3	3,007E+3
1210,329	0,175	0,100	1,004E+1	2,400E+1	3,000E+3	3,010E+3
1211,328	0,175	0,100	1,004E+1	2,400E+1	3,000E+3	3,004E+3
1212,329	0,175	0,100	1,004E+1	2,400E+1	3,000E+3	3,009E+3
1213,328	0,175	0,100	1,004E+1	2,400E+1	3,000E+3	3,000E+3
1214,328	0,175	0,100	1,005E+1	2,400E+1	3,000E+3	3,006E+3
1215,328	0,175	0,100	1,004E+1	2,400E+1	3,000E+3	3,003E+3
1216,329	0,175	0,100	1,004E+1	2,400E+1	3,000E+3	2,998E+3
1217,331	0,175	0,100	1,005E+1	2,400E+1	3,000E+3	2,995E+3
1218,330	0,175	0,100	1,005E+1	2,400E+1	3,000E+3	3,000E+3
1219,330	0,175	0,100	1,005E+1	2,400E+1	3,000E+3	3,009E+3
1220,331	0,175	0,100	1,005E+1	2,400E+1	3,000E+3	3,005E+3
1221,331	0,175	0,100	1,005E+1	2,400E+1	3,000E+3	2,998E+3
1222,333	0,175	0,100	1,005E+1	2,400E+1	3,000E+3	2,992E+3
1223,332	0,175	0,100	1,005E+1	2,400E+1	3,000E+3	3,000E+3
1224,333	0,175	0,100	1,005E+1	2,400E+1	3,000E+3	2,924E+3
1225,333	0,192	0,100	1,100E+1	2,400E+1	3,000E+3	2,995E+3
1226,333	0,192	0,100	1,100E+1	2,400E+1	3,000E+3	2,998E+3
1227,334	0,195	0,100	1,121E+1	2,400E+1	3,000E+3	3,029E+3
1228,334	0,187	0,100	1,076E+1	2,400E+1	3,000E+3	3,013E+3
1229,335	0,187	0,100	1,076E+1	2,400E+1	3,000E+3	2,980E+3
1230,335	0,191	0,100	1,097E+1	2,400E+1	3,000E+3	3,007E+3
1231,336	0,191	0,100	1,095E+1	2,400E+1	3,000E+3	3,004E+3
1232,335	0,191	0,100	1,095E+1	2,400E+1	3,000E+3	3,003E+3
1233,335	0,191	0,100	1,091E+1	2,400E+1	3,000E+3	3,003E+3
1234,335	0,191	0,100	1,095E+1	2,400E+1	3,000E+3	3,006E+3
1235,335	0,191	0,100	1,095E+1	2,400E+1	3,000E+3	2,998E+3
1236,336	0,191	0,100	1,095E+1	2,400E+1	3,000E+3	2,998E+3
1237,335	0,191	0,100	1,095E+1	2,400E+1	3,000E+3	2,992E+3
1238,336	0,191	0,100	1,095E+1	2,400E+1	3,000E+3	2,995E+3
1239,335	0,192	0,100	1,097E+1	2,400E+1	3,000E+3	3,009E+3
1240,335	0,192	0,100	1,097E+1	2,400E+1	3,000E+3	3,001E+3
1241,336	0,192	0,100	1,097E+1	2,400E+1	3,000E+3	2,998E+3
1242,337	0,192	0,100	1,098E+1	2,400E+1	3,000E+3	3,006E+3
1243,338	0,192	0,100	1,097E+1	2,400E+1	3,000E+3	3,001E+3
1244,337	0,192	0,100	1,097E+1	2,400E+1	3,000E+3	3,001E+3
1245,338	0,192	0,100	1,098E+1	2,400E+1	3,000E+3	2,994E+3
1246,337	0,192	0,100	1,098E+1	2,400E+1	3,000E+3	2,998E+3
1247,338	0,192	0,100	1,098E+1	2,400E+1	3,000E+3	3,003E+3
1248,340	0,192	0,100	1,098E+1	2,400E+1	3,000E+3	3,001E+3
1249,339	0,192	0,100	1,098E+1	2,400E+1	3,000E+3	2,991E+3
1250,341	0,192	0,100	1,098E+1	2,400E+1	3,000E+3	2,992E+3
1251,340	0,192	0,100	1,098E+1	2,400E+1	3,000E+3	3,000E+3
1252,340	0,192	0,100	1,098E+1	2,400E+1	3,000E+3	3,006E+3
1253,340	0,192	0,100	1,098E+1	2,400E+1	3,000E+3	3,000E+3
1254,340	0,192	0,100	1,098E+1	2,400E+1	3,000E+3	2,995E+3
1255,341	0,192	0,100	1,098E+1	2,400E+1	3,000E+3	3,006E+3
1256,340	0,192	0,100	1,098E+1	2,400E+1	3,000E+3	3,003E+3
1257,341	0,192	0,100	1,098E+1	2,400E+1	3,000E+3	3,003E+3
1258,340	0,192	0,100	1,098E+1	2,400E+1	3,000E+3	2,997E+3
1259,340	0,192	0,100	1,098E+1	2,400E+1	3,000E+3	3,004E+3
1260,340	0,192	0,100	1,098E+1	2,400E+1	3,000E+3	3,008E+3
1261,340	0,192	0,100	1,098E+1	2,400E+1	3,000E+3	3,001E+3
1262,341	0,192	0,100	1,098E+1	2,400E+1	3,000E+3	3,000E+3
1263,340	0,191	0,100	1,098E+1	2,400E+1	3,000E+3	2,998E+3
1264,342	0,191	0,100	1,098E+1	2,400E+1	3,000E+3	2,994E+3
1265,341	0,191	0,100	1,098E+1	2,400E+1	3,000E+3	3,001E+3
1266,341	0,191	0,100	1,098E+1	2,400E+1	3,000E+3	2,994E+3
1267,341	0,191	0,100	1,098E+1	2,400E+1	3,000E+3	2,992E+3
1268,341	0,192	0,100	1,099E+1	2,400E+1	3,000E+3	2,995E+3
1269,343	0,192	0,100	1,099E+1	2,400E+1	3,000E+3	3,003E+3
1270,342	0,192	0,100	1,099E+1	2,400E+1	3,000E+3	3,010E+3
1271,344	0,191	0,100	1,099E+1	2,400E+1	3,000E+3	2,997E+3
1272,343	0,192	0,100	1,099E+1	2,400E+1	3,000E+3	3,007E+3
1273,343	0,191	0,100	1,099E+1	2,400E+1	3,000E+3	2,998E+3
1274,343	0,191	0,100	1,099E+1	2,400E+1	3,000E+3	3,001E+3
1275,345	0,192	0,100	1,099E+1	2,400E+1	3,000E+3	3,009E+3
1276,345	0,191	0,100	1,098E+1	2,400E+1	3,000E+3	2,997E+3
1277,346	0,191	0,100	1,098E+1	2,400E+1	3,000E+3	2,994E+3
1278,345	0,191	0,100	1,098E+1	2,400E+1	3,000E+3	3,001E+3
1279,346	0,191	0,100	1,098E+1	2,400E+1	3,000E+3	2,995E+3
1280,346	0,191	0,100	1,098E+1	2,400E+1	3,000E+3	2,993E+3
1281,346	0,191	0,100	1,099E+1	2,400E+1	3,000E+3	3,002E+3
1282,347	0,191	0,100	1,099E+1	2,400E+1	3,000E+3	2,993E+3
1283,346	0,191	0,100	1,099E+1	2,400E+1	3,000E+3	2,998E+3
1284,346	0,191	0,100	1,099E+1	2,400E+1	3,000E+3	3,006E+3
1285,346	0,191	0,100	1,099E+1	2,400E+1	3,000E+3	3,016E+3
1286,347	0,191	0,100	1,099E+1	2,400E+1	3,000E+3	3,006E+3
1287,347	0,191	0,100	1,099E+1	2,400E+1	3,000E+3	2,994E+3
1288,347	0,191	0,100	1,099E+1	2,400E+1	3,000E+3	3,006E+3
1289,348	0,191	0,100	1,099E+1	2,400E+1	3,000E+3	2,997E+3
1290,348	0,191	0,100	1,099E+1	2,400E+1	3,000E+3	2,998E+3
1291,349	0,191	0,100	1,099E+1	2,400E+1	3,000E+3	3,010E+3
1292,349	0,191	0,100	1,100E+1	2,400E+1	3,000E+3	2,989E+3
1293,349	0,191	0,100	1,099E+1	2,400E+1	3,000E+3	3,001E+3
1294,350	0,191	0,100	1,099E+1	2,400E+1	3,000E+3	3,000E+3
1295,349	0,191	0,100	1,099E+1	2,400E+1	3,000E+3	3,005E+3
1296,351	0,191	0,100	1,099E+1	2,400E+1	3,000E+3	3,001E+3
1297,351	0,191	0,100	1,099E+1	2,400E+1	3,000E+3	3,010E+3
1298,351	0,191	0,100	1,099E+1	2,400E+1	3,000E+3	3,011E+3
1299,351	0,191	0,100	1,099E+1	2,400E+1	3,000E+3	2,998E+3
1300,352	0,191	0,100	1,100E+1	2,400E+1	3,000E+3	2,989E+3
1301,354	0,191	0,100	1,100E+1	2,400E+1	3,000E+3	3,001E+3
1302,353	0,191	0,100	1,100E+1	2,400E+1	3,000E+3	2,998E+3
1303,353	0,191	0,100	1,101E+1	2,400E+1	3,000E+3	3,000E+3
1304,353	0,191	0,100	1,101E+1	2,400E+1	3,000E+3	3,006E+3
1305,353	0,191	0,100	1,100E+1	2,400E+1	3,000E+3	3,004E+3
1306,355	0,191	0,100	1,100E+1	2,400E+1	3,000E+3	3,002E+3
1307,354	0,191	0,100	1,101E+1	2,400E+1	3,000E+3	3,000E+3
1308,356	0,191	0,100	1,100E+1	2,400E+1	3,000E+3	2,994E+3
1309,355	0,191	0,100	1,100E+1	2,400E+1	3,000E+3	2,994E+3
1310,355	0,191	0,100	1,100E+1	2,400E+1	3,000E+3	2,994E+3
1311,356	0,191	0,100	1,101E+1	2,400E+1	3,000E+3	2,998E+3
1312,355	0,191	0,100	1,101E+1	2,400E+1	3,000E+3	3,009E+3
1313,356	0,191	0,100	1,101E+1	2,400E+1	3,000E+3	2,995E+3
1314,356	0,191	0,100	1,101E+1	2,400E+1	3,000E+3	3,006E+3
1315,357	0,191	0,100	1,101E+1	2,400E+1	3,000E+3	2,997E+3
1316,357	0,191	0,100	1,101E+1	2,400E+1	3,000E+3	2,995E+3
1317,357	0,191	0,100	1,101E+1	2,400E+1	3,000E+3	2,991E+3
1318,359	0,191	0,100	1,101E+1	2,400E+1	3,000E+3	3,004E+3
1319,358	0,191	0,100	1,101E+1	2,400E+1	3,000E+3	3,007E+3
1320,359	0,191	0,100	1,101E+1	2,400E+1	3,000E+3	2,996E+3
1321,358	0,191	0,100	1,101E+1	2,400E+1	3,000E+3	3,004E+3
1322,359	0,191	0,100	1,102E+1	2,400E+1	3,000E+3	3,006E+3
1323,360	0,191	0,100	1,100E+1	2,400E+1	3,000E+3	2,995E+3
1324,360	0,191	0,100	1,100E+1	2,400E+1	3,000E+3	3,000E+3
1325,362	0,191	0,100	1,100E+1	2,400E+1	3,000E+3	3,004E+3
1326,361	0,191	0,100	1,100E+1	2,400E+1	3,000E+3	3,001E+3
1327,363	0,191	0,100	1,102E+1	2,400E+1	3,000E+3	3,004E+3
1328,362	0,191	0,100	1,102E+1	2,400E+1	3,000E+3	3,007E+3
1329,363	0,191	0,100	1,102E+1	2,400E+1	3,000E+3	3,007E+3
1330,363	0,191	0,100	1,102E+1	2,400E+1	3,000E+3	2,994E+3
1331,363	0,191	0,100	1,102E+1	2,400E+1	3,000E+3	2,996E+3
1332,364	0,191	0,100	1,102E+1	2,400E+1	3,000E+3	2,994E+3
1333,364	0,191	0,100	1,102E+1	2,400E+1	3,000E+3	3,000E+3
1334,363	0,191	0,100	1,103E+1	2,400E+1	3,000E+3	3,006E+3
1335,363	0,191	0,100	1,103E+1	2,400E+1	3,000E+3	3,006E+3
1336,363	0,191	0,100	1,103E+1	2,400E+1	3,000E+3	3,000E+3
1337,363	0,191	0,100	1,103E+1	2,400E+1	3,000E+3	3,004E+3
1338,364	0,191	0,100	1,103E+1	2,400E+1	3,000E+3	2,995E+3
1339,363	0,191	0,100	1,103E+1	2,400E+1	3,000E+3	2,997E+3
1340,365	0,191	0,100	1,103E+1	2,400E+1	3,000E+3	2,997E+3
1341,364	0,191	0,100	1,103E+1	2,400E+1	3,000E+3	3,003E+3
1342,364	0,191	0,100	1,103E+1	2,400E+1	3,000E+3	2,999E+3
1343,364	0,191	0,100	1,103E+1	2,400E+1	3,000E+3	3,004E+3
1344,364	0,191	0,100	1,103E+1	2,400E+1	3,000E+3	3,004E+3
1345,365	0,191	0,100	1,103E+1	2,400E+1	3,000E+3	2,989E+3
1346,364	0,191	0,100	1,103E+1	2,400E+1	3,000E+3	3,000E+3
1347,366	0,191	0,100	1,103E+1	2,400E+1	3,000E+3	3,009E+3
1348,366	0,191	0,100	1,104E+1	2,400E+1	3,000E+3	2,991E+3
1349,367	0,191	0,100	1,104E+1	2,400E+1	3,000E+3	3,007E+3
1350,366	0,191	0,100	1,104E+1	2,400E+1	3,000E+3	2,999E+3
1351,366	0,191	0,100	1,104E+1	2,400E+1	3,000E+3	3,003E+3
1352,366	0,191	0,100	1,104E+1	2,400E+1	3,000E+3	2,999E+3
1353,366	0,191	0,100	1,104E+1	2,400E+1	3,000E+3	3,003E+3
1354,367	0,191	0,100	1,104E+1	2,400E+1	3,000E+3	2,998E+3
1355,366	0,191	0,100	1,104E+1	2,400E+1	3,000E+3	3,010E+3
1356,366	0,191	0,100	1,104E+1	2,400E+1	3,000E+3	3,001E+3
1357,367	0,191	0,100	1,104E+1	2,400E+1	3,000E+3	3,000E+3
1358,367	0,191	0,100	1,104E+1	2,400E+1	3,000E+3	3,000E+3
1359,367	0,191	0,100	1,104E+1	2,400E+1	3,000E+3	3,003E+3
1360,368	0,191	0,100	1,104E+1	2,400E+1	3,000E+3	2,997E+3
1361,367	0,191	0,100	1,104E+1	2,400E+1	3,000E+3	3,002E+3
1362,368	0,191	0,100	1,105E+1	2,400E+1	3,000E+3	2,997E+3
1363,367	0,191	0,100	1,105E+1	2,400E+1	3,000E+3	2,995E+3
1364,367	0,191	0,100	1,105E+1	2,400E+1	3,000E+3	3,001E+3
1365,367	0,191	0,100	1,105E+1	2,400E+1	3,000E+3	2,999E+3
1366,367	0,191	0,100	1,105E+1	2,400E+1	3,000E+3	3,006E+3
1367,368	0,191	0,100	1,104E+1	2,400E+1	3,000E+3	2,994E+3
1368,367	0,191	0,100	1,104E+1	2,400E+1	3,000E+3	3,000E+3
1369,367	0,191	0,100	1,106E+1	2,400E+1	3,000E+3	2,995E+3
1370,367	0,191	0,100	1,106E+1	2,400E+1	3,000E+3	2,997E+3
1371,367	0,191	0,100	1,106E+1	2,400E+1	3,000E+3	3,001E+3
1372,367	0,191	0,100	1,106E+1	2,400E+1	3,000E+3	2,997E+3
1373,367	0,191	0,100	1,105E+1	2,400E+1	3,000E+3	3,007E+3
1374,368	0,191	0,100	1,105E+1	2,400E+1	3,000E+3	3,000E+3
1375,367	0,191	0,100	1,106E+1	2,400E+1	3,000E+3	2,992E+3
1376,368	0,191	0,100	1,106E+1	2,400E+1	3,000E+3	3,001E+3
1377,368	0,191	0,100	1,106E+1	2,400E+1	3,000E+3	2,996E+3
1378,368	0,191	0,100	1,106E+1	2,400E+1	3,000E+3	2,994E+3
1379,370	0,191	0,100	1,106E+1	2,400E+1	3,000E+3	3,002E+3
1380,369	0,191	0,100	1,106E+1	2,400E+1	3,000E+3	3,004E+3
1381,370	0,191	0,100	1,106E+1	2,400E+1	3,000E+3	3,003E+3
1382,369	0,191	0,100	1,106E+1	2,400E+1	3,000E+3	2,994E+3
1383,369	0,191	0,100	1,106E+1	2,400E+1	3,000E+3	3,007E+3
1384,369	0,191	0,100	1,107E+1	2,400E+1	3,000E+3	3,002E+3
1385,369	0,191	0,100	1,107E+1	2,400E+1	3,000E+3	3,000E+3
1386,370	0,191	0,100	1,107E+1	2,400E+1	3,000E+3	2,998E+3
1387,369	0,191	0,100	1,107E+1	2,400E+1	3,000E+3	2,994E+3
1388,370	0,191	0,100	1,107E+1	2,400E+1	3,000E+3	2,998E+3
1389,370	0,191	0,100	1,107E+1	2,400E+1	3,000E+3	3,002E+3
1390,371	0,191	0,100	1,107E+1	2,400E+1	3,000E+3	2,998E+3
1391,372	0,191	0,100	1,108E+1	2,400E+1	3,000E+3	3,004E+3
1392,372	0,191	0,100	1,108E+1	2,400E+1	3,000E+3	3,003E+3
1393,372	0,191	0,100	1,107E+1	2,400E+1	3,000E+3	3,008E+3
1394,373	0,191	0,100	1,107E+1	2,400E+1	3,000E+3	3,001E+3
1395,373	0,191	0,100	1,107E+1	2,400E+1	3,000E+3	2,996E+3
1396,374	0,191	0,100	1,108E+1	2,400E+1	3,000E+3	2,999E+3
1397,374	0,191	0,100	1,108E+1	2,400E+1	3,000E+3	2,994E+3
1398,374	0,191	0,100	1,108E+1	2,400E+1	3,000E+3	3,018E+3
1399,375	0,191	0,100	1,109E+1	2,400E+1	3,000E+3	3,005E+3
1400,374	0,191	0,100	1,109E+1	2,400E+1	3,000E+3	2,995E+3
1401,375	0,191	0,100	1,108E+1	2,400E+1	3,000E+3	2,998E+3
1402,375	0,191	0,100	1,108E+1	2,400E+1	3,000E+3	2,997E+3
1403,375	0,191	0,100	1,108E+1	2,400E+1	3,000E+3	2,996E+3
1404,375	0,191	0,100	1,108E+1	2,400E+1	3,000E+3	3,011E+3
1405,375	0,191	0,100	1,108E+1	2,400E+1	3,000E+3	2,995E+3
1406,376	0,191	0,100	1,108E+1	2,400E+1	3,000E+3	2,999E+3
1407,376	0,191	0,100	1,108E+1	2,400E+1	3,000E+3	3,004E+3
1408,376	0,191	0,100	1,109E+1	2,400E+1	3,000E+3	2,996E+3
1409,377	0,191	0,100	1,109E+1	2,400E+1	3,000E+3	3,000E+3
1410,376	0,191	0,100	1,108E+1	2,400E+1	3,000E+3	3,000E+3
1411,378	0,191	0,100	1,109E+1	2,400E+1	3,000E+3	3,002E+3
1412,377	0,191	0,100	1,109E+1	2,400E+1	3,000E+3	3,006E+3
1413,378	0,191	0,100	1,109E+1	2,400E+1	3,000E+3	3,000E+3
1414,378	0,191	0,100	1,109E+1	2,400E+1	3,000E+3	2,993E+3
1415,378	0,191	0,100	1,109E+1	2,400E+1	3,000E+3	2,995E+3
1416,380	0,191	0,100	1,109E+1	2,400E+1	3,000E+3	3,009E+3
1417,379	0,191	0,100	1,109E+1	2,400E+1	3,000E+3	2,997E+3
1418,380	0,191	0,100	1,109E+1	2,400E+1	3,000E+3	3,005E+3
1419,379	0,191	0,100	1,109E+1	2,400E+1	3,000E+3	3,011E+3
1420,379	0,191	0,100	1,109E+1	2,400E+1	3,000E+3	3,005E+3
1421,379	0,191	0,100	1,109E+1	2,400E+1	3,000E+3	2,998E+3
1422,379	0,191	0,100	1,109E+1	2,400E+1	3,000E+3	3,000E+3
1423,380	0,191	0,100	1,110E+1	2,400E+1	3,000E+3	3,002E+3
1424,379	0,191	0,100	1,110E+1	2,400E+1	3,000E+3	2,997E+3
1425,379	0,191	0,100	1,110E+1	2,400E+1	3,000E+3	3,005E+3
1426,379	0,191	0,100	1,110E+1	2,400E+1	3,000E+3	3,006E+3
1427,380	0,191	0,100	1,110E+1	2,400E+1	3,000E+3	2,996E+3
1428,381	0,191	0,100	1,110E+1	2,400E+1	3,000E+3	3,001E+3
1429,381	0,191	0,100	1,110E+1	2,400E+1	3,000E+3	3,013E+3
1430,383	0,191	0,100	1,110E+1	2,400E+1	3,000E+3	2,996E+3
1431,382	0,191	0,100	1,110E+1	2,400E+1	3,000E+3	3,006E+3
1432,383	0,191	0,100	1,110E+1	2,400E+1	3,000E+3	2,997E+3
1433,382	0,191	0,100	1,111E+1	2,400E+1	3,000E+3	3,000E+3
1434,383	0,191	0,100	1,112E+1	2,400E+1	3,000E+3	3,010E+3
1435,383	0,191	0,100	1,112E+1	2,400E+1	3,000E+3	3,002E+3
1436,383	0,191	0,100	1,111E+1	2,400E+1	3,000E+3	3,003E+3
1437,384	0,191	0,100	1,111E+1	2,400E+1	3,000E+3	3,000E+3
1438,383	0,191	0,100	1,112E+1	2,400E+1	3,000E+3	3,012E+3
1439,384	0,191	0,100	1,111E+1	2,400E+1	3,000E+3	2,998E+3
1440,384	0,191	0,100	1,111E+1	2,400E+1	3,000E+3	2,998E+3
1441,383	0,191	0,100	1,112E+1	2,400E+1	3,000E+3	2,997E+3
1442,385	0,191	0,100	1,112E+1	2,400E+1	3,000E+3	2,995E+3
1443,385	0,191	0,100	1,112E+1	2,400E+1	3,000E+3	3,000E+3
1444,384	0,191	0,100	1,112E+1	2,400E+1	3,000E+3	2,994E+3
1445,386	0,191	0,100	1,112E+1	2,400E+1	3,000E+3	3,006E+3
1446,385	0,191	0,100	1,112E+1	2,400E+1	3,000E+3	3,007E+3
1447,385	0,191	0,100	1,112E+1	2,400E+1	3,000E+3	2,999E+3
1448,385	0,191	0,100	1,112E+1	2,400E+1	3,000E+3	3,004E+3
1449,385	0,191	0,100	1,112E+1	2,400E+1	3,000E+3	3,005E+3
1450,387	0,191	0,100	1,112E+1	2,400E+1	3,000E+3	2,994E+3
1451,387	0,191	0,100	1,112E+1	2,400E+1	3,000E+3	2,995E+3
1452,389	0,191	0,100	1,112E+1	2,400E+1	3,000E+3	3,013E+3
1453,388	0,191	0,100	1,112E+1	2,400E+1	3,000E+3	2,997E+3
1454,388	0,191	0,100	1,113E+1	2,400E+1	3,000E+3	2,992E+3
1455,388	0,191	0,100	1,113E+1	2,400E+1	3,000E+3	3,004E+3
1456,388	0,191	0,100	1,112E+1	2,400E+1	3,000E+3	3,002E+3
1457,389	0,191	0,100	1,113E+1	2,400E+1	3,000E+3	2,986E+3
1458,388	0,191	0,100	1,113E+1	2,400E+1	3,000E+3	2,996E+3
1459,389	0,191	0,100	1,113E+1	2,400E+1	3,000E+3	2,991E+3
1460,388	0,191	0,100	1,113E+1	2,400E+1	3,000E+3	2,999E+3
1461,389	0,191	0,100	1,113E+1	2,400E+1	3,000E+3	3,000E+3
1462,390	0,191	0,100	1,113E+1	2,400E+1	3,000E+3	2,996E+3
1463,389	0,191	0,100	1,113E+1	2,400E+1	3,000E+3	3,001E+3
1464,390	0,191	0,100	1,113E+1	2,400E+1	3,000E+3	3,000E+3
1465,390	0,191	0,100	1,113E+1	2,400E+1	3,000E+3	2,998E+3
1466,390	0,191	0,100	1,114E+1	2,400E+1	3,000E+3	3,007E+3
1467,391	0,191	0,100	1,114E+1	2,400E+1	3,000E+3	2,992E+3
1468,391	0,191	0,100	1,114E+1	2,400E+1	3,000E+3	2,996E+3
1469,392	0,191	0,100	1,114E+1	2,400E+1	3,000E+3	2,998E+3
1470,391	0,191	0,100	1,113E+1	2,400E+1	3,000E+3	2,995E+3
1471,391	0,191	0,100	1,113E+1	2,400E+1	3,000E+3	3,006E+3
1472,392	0,191	0,100	1,114E+1	2,400E+1	3,000E+3	3,000E+3
1473,392	0,191	0,100	1,115E+1	2,400E+1	3,000E+3	3,003E+3
1474,392	0,191	0,100	1,115E+1	2,400E+1	3,000E+3	3,010E+3
1475,393	0,191	0,100	1,114E+1	2,400E+1	3,000E+3	2,998E+3
1476,392	0,191	0,100	1,114E+1	2,400E+1	3,000E+3	2,996E+3
1477,394	0,191	0,100	1,114E+1	2,400E+1	3,000E+3	2,996E+3
1478,393	0,191	0,100	1,114E+1	2,400E+1	3,000E+3	3,009E+3
1479,394	0,191	0,100	1,114E+1	2,400E+1	3,000E+3	2,998E+3
1480,393	0,191	0,100	1,114E+1	2,400E+1	3,000E+3	3,000E+3
1481,394	0,191	0,100	1,114E+1	2,400E+1	3,000E+3	2,998E+3
1482,393	0,191	0,100	1,115E+1	2,400E+1	3,000E+3	2,998E+3
1483,393	0,191	0,100	1,115E+1	2,400E+1	3,000E+3	3,003E+3
1484,395	0,191	0,100	1,115E+1	2,400E+1	3,000E+3	2,999E+3
1485,395	0,191	0,100	1,115E+1	2,400E+1	3,000E+3	2,994E+3
1486,396	0,191	0,100	1,115E+1	2,400E+1	3,000E+3	3,002E+3
1487,395	0,191	0,100	1,115E+1	2,400E+1	3,000E+3	3,002E+3
1488,396	0,191	0,100	1,115E+1	2,400E+1	3,000E+3	3,001E+3
1489,396	0,191	0,100	1,115E+1	2,400E+1	3,000E+3	3,000E+3
1490,396	0,191	0,100	1,115E+1	2,400E+1	3,000E+3	2,991E+3
1491,397	0,191	0,100	1,115E+1	2,400E+1	3,000E+3	2,991E+3
1492,397	0,191	0,100	1,115E+1	2,400E+1	3,000E+3	3,003E+3
1493,398	0,191	0,100	1,115E+1	2,400E+1	3,000E+3	3,003E+3
1494,399	0,191	0,100	1,115E+1	2,400E+1	3,000E+3	2,999E+3
1495,398	0,191	0,100	1,115E+1	2,400E+1	3,000E+3	3,001E+3
1496,400	0,191	0,100	1,116E+1	2,400E+1	3,000E+3	3,001E+3
1497,399	0,191	0,100	1,116E+1	2,400E+1	3,000E+3	2,995E+3
1498,401	0,191	0,100	1,116E+1	2,400E+1	3,000E+3	3,000E+3
1499,400	0,191	0,100	1,116E+1	2,400E+1	3,000E+3	3,004E+3
1500,400	0,191	0,100	1,116E+1	2,400E+1	3,000E+3	3,001E+3
1501,401	0,191	0,100	1,116E+1	2,400E+1	3,000E+3	2,990E+3
1502,401	0,191	0,100	1,116E+1	2,400E+1	3,000E+3	3,006E+3
1503,402	0,191	0,100	1,116E+1	2,400E+1	3,000E+3	3,001E+3
1504,401	0,191	0,100	1,116E+1	2,400E+1	3,000E+3	2,997E+3
1505,402	0,191	0,100	1,116E+1	2,400E+1	3,000E+3	2,995E+3
1506,401	0,191	0,100	1,116E+1	2,400E+1	3,000E+3	2,987E+3
1507,402	0,191	0,100	1,116E+1	2,400E+1	3,000E+3	3,000E+3
1508,402	0,191	0,100	1,116E+1	2,400E+1	3,000E+3	3,011E+3
1509,402	0,191	0,100	1,116E+1	2,400E+1	3,000E+3	3,001E+3
1510,403	0,191	0,100	1,117E+1	2,400E+1	3,000E+3	3,003E+3
1511,402	0,191	0,100	1,117E+1	2,400E+1	3,000E+3	3,018E+3
1512,403	0,191	0,100	1,117E+1	2,400E+1	3,000E+3	3,005E+3
1513,403	0,191	0,100	1,117E+1	2,400E+1	3,000E+3	3,000E+3
1514,403	0,191	0,100	1,117E+1	2,400E+1	3,000E+3	2,999E+3
1515,404	0,191	0,100	1,117E+1	2,400E+1	3,000E+3	3,000E+3
1516,403	0,191	0,100	1,117E+1	2,400E+1	3,000E+3	2,994E+3
1517,404	0,191	0,100	1,117E+1	2,400E+1	3,000E+3	3,000E+3
1518,404	0,191	0,100	1,117E+1	2,400E+1	3,000E+3	2,997E+3
1519,404	0,191	0,100	1,117E+1	2,400E+1	3,000E+3	2,992E+3
1520,404	0,191	0,100	1,117E+1	2,400E+1	3,000E+3	2,993E+3
1521,404	0,191	0,100	1,118E+1	2,400E+1	3,000E+3	2,997E+3
1522,406	0,191	0,100	1,118E+1	2,400E+1	3,000E+3	3,001E+3
1523,406	0,191	0,100	1,117E+1	2,400E+1	3,000E+3	2,999E+3
1524,407	0,191	0,100	1,119E+1	2,400E+1	3,000E+3	2,998E+3
1525,406	0,191	0,100	1,119E+1	2,400E+1	3,000E+3	2,995E+3
1526,406	0,191	0,100	1,119E+1	2,400E+1	3,000E+3	2,998E+3
1527,407	0,191	0,100	1,118E+1	2,400E+1	3,000E+3	3,001E+3
1528,406	0,191	0,100	1,118E+1	2,400E+1	3,000E+3	3,006E+3
1529,408	0,191	0,100	1,118E+1	2,400E+1	3,000E+3	3,001E+3
1530,407	0,191	0,100	1,119E+1	2,400E+1	3,000E+3	2,998E+3
1531,407	0,191	0,100	1,119E+1	2,400E+1	3,000E+3	2,985E+3
1532,407	0,191	0,100	1,119E+1	2,400E+1	3,000E+3	2,995E+3
1533,408	0,191	0,100	1,119E+1	2,400E+1	3,000E+3	2,998E+3
1534,409	0,191	0,100	1,119E+1	2,400E+1	3,000E+3	3,003E+3
1535,408	0,191	0,100	1,119E+1	2,400E+1	3,000E+3	2,995E+3
1536,409	0,191	0,100	1,118E+1	2,400E+1	3,000E+3	3,007E+3
1537,408	0,191	0,100	1,119E+1	2,400E+1	3,000E+3	3,006E+3
1538,408	0,191	0,100	1,119E+1	2,400E+1	3,000E+3	3,006E+3
1539,409	0,191	0,100	1,119E+1	2,400E+1	3,000E+3	2,999E+3
1540,408	0,191	0,100	1,119E+1	2,400E+1	3,000E+3	3,009E+3
1541,409	0,191	0,100	1,119E+1	2,400E+1	3,000E+3	2,997E+3
1542,408	0,191	0,100	1,119E+1	2,400E+1	3,000E+3	3,005E+3
1543,408	0,191	0,100	1,119E+1	2,400E+1	3,000E+3	2,993E+3
1544,409	0,191	0,100	1,119E+1	2,400E+1	3,000E+3	2,993E+3
1545,408	0,191	0,100	1,119E+1	2,400E+1	3,000E+3	3,006E+3
1546,410	0,191	0,100	1,120E+1	2,400E+1	3,000E+3	2,992E+3
1547,409	0,191	0,100	1,120E+1	2,400E+1	3,000E+3	2,998E+3
1548,409	0,191	0,100	1,119E+1	2,400E+1	3,000E+3	3,002E+3
1549,409	0,191	0,100	1,119E+1	2,400E+1	3,000E+3	2,992E+3
1550,409	0,191	0,100	1,119E+1	2,400E+1	3,000E+3	2,999E+3
1551,410	0,191	0,100	1,119E+1	2,400E+1	3,000E+3	2,989E+3
1552,410	0,191	0,100	1,119E+1	2,400E+1	3,000E+3	2,994E+3
1553,412	0,191	0,100	1,119E+1	2,400E+1	3,000E+3	3,001E+3
1554,412	0,191	0,100	1,120E+1	2,400E+1	3,000E+3	2,992E+3
1555,414	0,191	0,100	1,120E+1	2,400E+1	3,000E+3	3,002E+3
1556,414	0,191	0,100	1,120E+1	2,400E+1	3,000E+3	3,008E+3
1557,415	0,191	0,100	1,120E+1	2,400E+1	3,000E+3	3,006E+3
1558,415	0,191	0,100	1,120E+1	2,400E+1	3,000E+3	3,004E+3
1559,415	0,191	0,100	1,120E+1	2,400E+1	3,000E+3	2,993E+3
1560,416	0,191	0,100	1,120E+1	2,400E+1	3,000E+3	3,012E+3
1561,416	0,191	0,100	1,120E+1	2,400E+1	3,000E+3	2,996E+3
1562,417	0,191	0,100	1,121E+1	2,400E+1	3,000E+3	3,003E+3
1563,416	0,191	0,100	1,121E+1	2,400E+1	3,000E+3	3,000E+3
1564,416	0,191	0,100	1,121E+1	2,400E+1	3,000E+3	3,006E+3
1565,417	0,191	0,100	1,121E+1	2,400E+1	3,000E+3	3,003E+3
1566,416	0,191	0,100	1,121E+1	2,400E+1	3,000E+3	3,003E+3
1567,418	0,191	0,100	1,121E+1	2,400E+1	3,000E+3	3,003E+3
1568,417	0,191	0,100	1,121E+1	2,400E+1	3,000E+3	3,006E+3
1569,418	0,191	0,100	1,121E+1	2,400E+1	3,000E+3	3,007E+3
1570,418	0,191	0,100	1,121E+1	2,400E+1	3,000E+3	2,991E+3
1571,418	0,191	0,100	1,121E+1	2,400E+1	3,000E+3	3,009E+3
1572,419	0,191	0,100	1,121E+1	2,400E+1	3,000E+3	2,993E+3
1573,419	0,191	0,100	1,121E+1	2,400E+1	3,000E+3	2,999E+3
1574,420	0,191	0,100	1,121E+1	2,400E+1	3,000E+3	3,003E+3
1575,419	0,191	0,100	1,123E+1	2,400E+1	3,000E+3	2,997E+3
1576,420	0,191	0,100	1,122E+1	2,400E+1	3,000E+3	3,000E+3
1577,420	0,191	0,100	1,122E+1	2,400E+1	3,000E+3	3,003E+3
1578,421	0,191	0,100	1,122E+1	2,400E+1	3,000E+3	3,000E+3
1579,420	0,191	0,100	1,122E+1	2,400E+1	3,000E+3	2,989E+3
1580,421	0,191	0,100	1,122E+1	2,400E+1	3,000E+3	3,003E+3
1581,420	0,191	0,100	1,122E+1	2,400E+1	3,000E+3	2,996E+3
1582,420	0,191	0,100	1,123E+1	2,400E+1	3,000E+3	3,009E+3
1583,422	0,191	0,100	1,123E+1	2,400E+1	3,000E+3	2,999E+3
1584,421	0,191	0,100	1,122E+1	2,400E+1	3,000E+3	2,994E+3
1585,422	0,191	0,100	1,122E+1	2,400E+1	3,000E+3	3,014E+3
1586,421	0,191	0,100	1,122E+1	2,400E+1	3,000E+3	3,003E+3
1587,421	0,191	0,100	1,122E+1	2,400E+1	3,000E+3	3,006E+3
1588,421	0,191	0,100	1,122E+1	2,400E+1	3,000E+3	2,990E+3
1589,422	0,191	0,100	1,122E+1	2,400E+1	3,000E+3	3,003E+3
1590,424	0,191	0,100	1,122E+1	2,400E+1	3,000E+3	3,003E+3
1591,424	0,191	0,100	1,123E+1	2,400E+1	3,000E+3	3,007E+3
1592,425	0,191	0,100	1,123E+1	2,400E+1	3,000E+3	3,005E+3
1593,424	0,191	0,100	1,122E+1	2,400E+1	3,000E+3	3,008E+3
1594,424	0,191	0,100	1,123E+1	2,400E+1	3,000E+3	3,001E+3
1595,424	0,191	0,100	1,123E+1	2,400E+1	3,000E+3	3,006E+3
1596,424	0,191	0,100	1,123E+1	2,400E+1	3,000E+3	2,999E+3
1597,425	0,191	0,100	1,123E+1	2,400E+1	3,000E+3	3,005E+3
1598,424	0,191	0,100	1,123E+1	2,400E+1	3,000E+3	3,015E+3
1599,425	0,191	0,100	1,124E+1	2,400E+1	3,000E+3	2,994E+3
1600,424	0,191	0,100	1,124E+1	2,400E+1	3,000E+3	3,001E+3
1601,425	0,191	0,100	1,123E+1	2,400E+1	3,000E+3	3,004E+3
1602,424	0,191	0,100	1,124E+1	2,400E+1	3,000E+3	3,003E+3
1603,424	0,191	0,100	1,124E+1	2,400E+1	3,000E+3	3,006E+3
1604,425	0,191	0,100	1,124E+1	2,400E+1	3,000E+3	2,995E+3
1605,424	0,191	0,100	1,124E+1	2,400E+1	3,000E+3	3,001E+3
1606,426	0,191	0,100	1,124E+1	2,400E+1	3,000E+3	3,005E+3
1607,426	0,191	0,100	1,124E+1	2,400E+1	3,000E+3	3,013E+3
1608,426	0,191	0,100	1,124E+1	2,400E+1	3,000E+3	2,994E+3
1609,426	0,191	0,100	1,124E+1	2,400E+1	3,000E+3	2,998E+3
1610,426	0,191	0,100	1,124E+1	2,400E+1	3,000E+3	3,000E+3
1611,427	0,191	0,100	1,125E+1	2,400E+1	3,000E+3	3,003E+3
1612,426	0,191	0,100	1,125E+1	2,400E+1	3,000E+3	3,000E+3
1613,427	0,191	0,100	1,125E+1	2,400E+1	3,000E+3	3,009E+3
1614,426	0,191	0,100	1,124E+1	2,400E+1	3,000E+3	2,999E+3
1615,426	0,191	0,100	1,124E+1	2,400E+1	3,000E+3	2,995E+3
1616,426	0,191	0,100	1,124E+1	2,400E+1	3,000E+3	2,998E+3
1617,426	0,191	0,100	1,124E+1	2,400E+1	3,000E+3	2,997E+3
1618,427	0,191	0,100	1,124E+1	2,400E+1	3,000E+3	2,998E+3
1619,426	0,191	0,100	1,125E+1	2,400E+1	3,000E+3	3,001E+3
1620,426	0,191	0,100	1,125E+1	2,400E+1	3,000E+3	2,995E+3
1621,426	0,191	0,100	1,124E+1	2,400E+1	3,000E+3	2,996E+3
1622,426	0,191	0,100	1,125E+1	2,400E+1	3,000E+3	2,997E+3
1623,427	0,191	0,100	1,125E+1	2,400E+1	3,000E+3	2,998E+3
1624,426	0,191	0,100	1,125E+1	2,400E+1	3,000E+3	3,004E+3
1625,428	0,191	0,100	1,125E+1	2,400E+1	3,000E+3	3,001E+3
1626,427	0,191	0,100	1,125E+1	2,400E+1	3,000E+3	3,001E+3
1627,428	0,191	0,100	1,125E+1	2,400E+1	3,000E+3	3,006E+3
1628,429	0,191	0,100	1,125E+1	2,400E+1	3,000E+3	3,001E+3
1629,430	0,191	0,100	1,125E+1	2,400E+1	3,000E+3	3,000E+3
1630,432	0,191	0,100	1,126E+1	2,400E+1	3,000E+3	2,999E+3
1631,431	0,191	0,100	1,126E+1	2,400E+1	3,000E+3	3,001E+3
1632,432	0,191	0,100	1,126E+1	2,400E+1	3,000E+3	3,013E+3
1633,432	0,191	0,100	1,126E+1	2,400E+1	3,000E+3	3,001E+3
1634,433	0,191	0,100	1,126E+1	2,400E+1	3,000E+3	3,005E+3
1635,433	0,191	0,100	1,126E+1	2,400E+1	3,000E+3	3,007E+3
1636,434	0,191	0,100	1,126E+1	2,400E+1	3,000E+3	3,007E+3
1637,433	0,191	0,100	1,126E+1	2,400E+1	3,000E+3	2,998E+3
1638,435	0,191	0,100	1,126E+1	2,400E+1	3,000E+3	3,002E+3
1639,435	0,191	0,100	1,126E+1	2,400E+1	3,000E+3	3,006E+3
1640,436	0,191	0,100	1,127E+1	2,400E+1	3,000E+3	3,000E+3
1641,435	0,191	0,100	1,127E+1	2,400E+1	3,000E+3	2,992E+3
1642,435	0,191	0,100	1,126E+1	2,400E+1	3,000E+3	3,002E+3
1643,435	0,191	0,100	1,126E+1	2,400E+1	3,000E+3	3,007E+3
1644,436	0,191	0,100	1,126E+1	2,400E+1	3,000E+3	3,002E+3
1645,436	0,191	0,100	1,126E+1	2,400E+1	3,000E+3	3,006E+3
1646,436	0,191	0,100	1,126E+1	2,400E+1	3,000E+3	2,998E+3
1647,438	0,191	0,100	1,127E+1	2,400E+1	3,000E+3	3,001E+3
1648,437	0,191	0,100	1,127E+1	2,400E+1	3,000E+3	2,996E+3
1649,437	0,191	0,100	1,128E+1	2,400E+1	3,000E+3	2,999E+3
1650,437	0,191	0,100	1,128E+1	2,400E+1	3,000E+3	2,997E+3
1651,437	0,191	0,100	1,128E+1	2,400E+1	3,000E+3	3,005E+3
1652,438	0,191	0,100	1,127E+1	2,400E+1	3,000E+3	2,991E+3
1653,437	0,191	0,100	1,126E+1	2,400E+1	3,000E+3	3,007E+3
1654,437	0,191	0,100	1,126E+1	2,400E+1	3,000E+3	3,001E+3
1655,437	0,191	0,100	1,127E+1	2,400E+1	3,000E+3	3,004E+3
1656,439	0,191	0,100	1,127E+1	2,400E+1	3,000E+3	3,000E+3
1657,439	0,191	0,100	1,127E+1	2,400E+1	3,000E+3	2,997E+3
1658,438	0,191	0,100	1,127E+1	2,400E+1	3,000E+3	3,003E+3
1659,439	0,191	0,100	1,127E+1	2,400E+1	3,000E+3	2,997E+3
1660,438	0,191	0,100	1,128E+1	2,400E+1	3,000E+3	3,007E+3
1661,438	0,191	0,100	1,128E+1	2,400E+1	3,000E+3	2,994E+3
1662,438	0,191	0,100	1,128E+1	2,400E+1	3,000E+3	3,007E+3
1663,438	0,191	0,100	1,128E+1	2,400E+1	3,000E+3	2,999E+3
1664,439	0,191	0,100	1,128E+1	2,400E+1	3,000E+3	3,003E+3
1665,438	0,191	0,100	1,128E+1	2,400E+1	3,000E+3	3,000E+3
1666,440	0,191	0,100	1,128E+1	2,400E+1	3,000E+3	3,002E+3
1667,441	0,191	0,100	1,128E+1	2,400E+1	3,000E+3	3,004E+3
1668,440	0,191	0,100	1,128E+1	2,400E+1	3,000E+3	3,014E+3
1669,442	0,191	0,100	1,128E+1	2,400E+1	3,000E+3	3,009E+3
1670,441	0,191	0,100	1,128E+1	2,400E+1	3,000E+3	3,004E+3
1671,441	0,191	0,100	1,129E+1	2,400E+1	3,000E+3	3,002E+3
1672,441	0,191	0,100	1,129E+1	2,400E+1	3,000E+3	3,009E+3
1673,441	0,191	0,100	1,128E+1	2,400E+1	3,000E+3	3,000E+3
1674,442	0,191	0,100	1,129E+1	2,400E+1	3,000E+3	2,995E+3
1675,441	0,191	0,100	1,129E+1	2,400E+1	3,000E+3	3,002E+3
1676,443	0,191	0,100	1,129E+1	2,400E+1	3,000E+3	3,000E+3
1677,442	0,191	0,100	1,128E+1	2,400E+1	3,000E+3	3,001E+3
1678,443	0,191	0,100	1,128E+1	2,400E+1	3,000E+3	3,010E+3
1679,444	0,191	0,100	1,129E+1	2,400E+1	3,000E+3	2,999E+3
1680,444	0,191	0,100	1,129E+1	2,400E+1	3,000E+3	3,004E+3
1681,445	0,191	0,100	1,129E+1	2,400E+1	3,000E+3	3,000E+3
1682,444	0,191	0,100	1,129E+1	2,400E+1	3,000E+3	3,002E+3
1683,446	0,191	0,100	1,129E+1	2,400E+1	3,000E+3	3,000E+3
1684,445	0,191	0,100	1,129E+1	2,400E+1	3,000E+3	3,004E+3
1685,445	0,191	0,100	1,130E+1	2,400E+1	3,000E+3	3,003E+3
1686,445	0,191	0,100	1,129E+1	2,400E+1	3,000E+3	3,006E+3
1687,446	0,191	0,100	1,129E+1	2,400E+1	3,000E+3	3,004E+3
1688,447	0,191	0,100	1,130E+1	2,400E+1	3,000E+3	3,008E+3
1689,446	0,191	0,100	1,129E+1	2,400E+1	3,000E+3	3,004E+3
1690,447	0,190	0,100	1,129E+1	2,400E+1	3,000E+3	3,008E+3
1691,446	0,190	0,100	1,129E+1	2,400E+1	3,000E+3	3,001E+3
1692,446	0,190	0,100	1,130E+1	2,400E+1	3,000E+3	2,999E+3
1693,447	0,190	0,100	1,130E+1	2,400E+1	3,000E+3	3,000E+3
1694,446	0,191	0,100	1,130E+1	2,400E+1	3,000E+3	2,998E+3
1695,447	0,190	0,100	1,129E+1	2,400E+1	3,000E+3	3,002E+3
1696,446	0,190	0,100	1,129E+1	2,400E+1	3,000E+3	3,004E+3
1697,447	0,190	0,100	1,129E+1	2,400E+1	3,000E+3	2,998E+3
1698,446	0,191	0,100	1,131E+1	2,400E+1	3,000E+3	3,008E+3
1699,446	0,191	0,100	1,131E+1	2,400E+1	3,000E+3	2,997E+3
1700,447	0,191	0,100	1,130E+1	2,400E+1	3,000E+3	2,994E+3
1701,446	0,191	0,100	1,130E+1	2,400E+1	3,000E+3	2,999E+3
1702,447	0,191	0,100	1,130E+1	2,400E+1	3,000E+3	3,000E+3
1703,446	0,191	0,100	1,130E+1	2,400E+1	3,000E+3	3,004E+3
1704,446	0,191	0,100	1,131E+1	2,400E+1	3,000E+3	3,002E+3
1705,446	0,191	0,100	1,131E+1	2,400E+1	3,000E+3	3,003E+3
1706,446	0,191	0,100	1,131E+1	2,400E+1	3,000E+3	3,000E+3
1707,448	0,190	0,100	1,130E+1	2,400E+1	3,000E+3	3,016E+3
1708,447	0,190	0,100	1,130E+1	2,400E+1	3,000E+3	3,001E+3
1709,448	0,191	0,100	1,130E+1	2,400E+1	3,000E+3	2,997E+3
1710,447	0,191	0,100	1,131E+1	2,400E+1	3,000E+3	3,003E+3
1711,447	0,191	0,100	1,131E+1	2,400E+1	3,000E+3	3,005E+3
1712,448	0,191	0,100	1,131E+1	2,400E+1	3,000E+3	3,002E+3
1713,448	0,190	0,100	1,130E+1	2,400E+1	3,000E+3	2,995E+3
1714,449	0,190	0,100	1,130E+1	2,400E+1	3,000E+3	3,002E+3
1715,448	0,190	0,100	1,131E+1	2,400E+1	3,000E+3	2,994E+3
1716,450	0,191	0,150	1,131E+1	2,400E+1	3,000E+3	3,002E+3
1717,449	0,150	0,150	1,131E+1	2,400E+1	3,000E+3	3,056E+3
1718,449	0,150	0,150	8,960E+0	2,400E+1	3,000E+3	2,998E+3
1719,450	0,150	0,150	8,970E+0	2,400E+1	3,000E+3	2,997E+3
1720,450	0,150	0,150	8,970E+0	2,400E+1	3,000E+3	2,995E+3
1721,451	0,150	0,100	8,970E+0	2,400E+1	3,000E+3	3,165E+3
1722,450	0,100	0,100	6,080E+0	2,400E+1	3,000E+3	2,970E+3
1723,451	0,100	0,100	6,080E+0	2,400E+1	3,000E+3	2,999E+3
1724,450	0,100	0,100	6,080E+0	2,400E+1	3,000E+3	2,999E+3
1725,452	0,100	0,100	6,080E+0	2,400E+1	3,000E+3	3,007E+3
1726,451	0,100	0,100	6,080E+0	2,400E+1	3,000E+3	3,001E+3
1727,452	0,100	0,050	6,080E+0	2,400E+1	3,000E+3	3,057E+3
1728,453	0,050	0,050	3,190E+0	2,400E+1	3,000E+3	3,055E+3
1729,452	0,050	0,050	3,190E+0	2,400E+1	3,000E+3	2,983E+3
1730,453	0,050	0,050	3,190E+0	2,400E+1	3,000E+3	2,968E+3
1731,453	0,050	0,050	3,200E+0	2,400E+1	3,000E+3	2,997E+3
1732,453	0,050	0,050	3,200E+0	2,400E+1	3,000E+3	3,019E+3
1733,453	0,050	0,050	3,190E+0	2,400E+1	3,000E+3	2,987E+3
1734,454	0,017	0,050	3,000E-1	2,400E+1	3,000E+3	3,041E+3
1735,456	0,000	0,050	3,000E-1	2,400E+1	3,000E+3	3,038E+3
1736,455	0,000	0,050	3,000E-1	2,400E+1	3,000E+3	2,997E+3
1737,455	0,000	0,050	3,000E-1	2,400E+1	3,000E+3	2,975E+3
1738,456	0,000	0,050	3,000E-1	2,400E+1	0,000E+0	2,934E+3
1739,456	0,000	0,050	3,000E-1	2,400E+1	0,000E+0	2,512E+3
1740,457	0,000	0,050	3,000E-1	2,400E+1	0,000E+0	2,081E+3
1741,458	0,000	0,050	3,000E-1	2,400E+1	0,000E+0	1,690E+3
1742,457	0,000	0,050	3,000E-1	2,400E+1	0,000E+0	1,399E+3
