t	IF	IR	VF	VR	VelSP	VelRE
45,014	0,000	0,000	0,000E+0	2,400E+1	0,000E+0	2,657E+3
0,042	0,000	0,000	0,000E+0	2,400E+1	0,000E+0	0,000E+0
1,043	0,000	0,000	0,000E+0	2,400E+1	0,000E+0	0,000E+0
2,042	0,000	0,000	0,000E+0	2,400E+1	0,000E+0	0,000E+0
3,043	0,000	0,000	0,000E+0	2,400E+1	0,000E+0	0,000E+0
4,043	0,000	0,000	0,000E+0	2,400E+1	0,000E+0	0,000E+0
5,042	0,000	0,000	0,000E+0	2,400E+1	0,000E+0	0,000E+0
6,043	0,000	0,000	0,000E+0	2,400E+1	0,000E+0	0,000E+0
7,042	0,000	0,000	0,000E+0	2,400E+1	0,000E+0	0,000E+0
8,043	0,000	0,000	0,000E+0	2,400E+1	0,000E+0	0,000E+0
9,042	0,000	0,000	0,000E+0	2,400E+1	0,000E+0	0,000E+0
10,042	0,000	0,000	0,000E+0	2,400E+1	0,000E+0	0,000E+0
11,043	0,000	0,000	0,000E+0	2,400E+1	0,000E+0	0,000E+0
12,042	0,000	0,000	0,000E+0	2,400E+1	0,000E+0	0,000E+0
13,043	0,000	0,000	0,000E+0	2,400E+1	0,000E+0	0,000E+0
14,042	0,000	0,000	0,000E+0	2,400E+1	0,000E+0	0,000E+0
15,043	0,000	0,000	0,000E+0	2,400E+1	0,000E+0	0,000E+0
16,042	0,000	0,000	0,000E+0	2,400E+1	0,000E+0	0,000E+0
17,042	0,000	0,000	0,000E+0	2,400E+1	3,500E+3	0,000E+0
18,043	0,000	0,000	0,000E+0	2,400E+1	3,500E+3	0,000E+0
19,042	0,000	0,000	0,000E+0	2,400E+1	3,500E+3	0,000E+0
20,043	0,000	0,000	0,000E+0	2,400E+1	3,500E+3	0,000E+0
21,042	0,000	0,000	0,000E+0	2,400E+1	3,500E+3	0,000E+0
22,043	0,000	0,000	0,000E+0	2,400E+1	3,500E+3	0,000E+0
23,043	0,000	0,000	0,000E+0	2,400E+1	3,500E+3	0,000E+0
24,042	0,000	0,000	0,000E+0	2,400E+1	3,500E+3	0,000E+0
25,043	0,000	0,000	0,000E+0	2,400E+1	3,500E+3	1,207E+3
26,043	0,000	0,000	0,000E+0	2,400E+1	3,500E+3	3,904E+3
27,045	0,000	0,000	0,000E+0	2,400E+1	3,500E+3	3,736E+3
28,044	0,000	0,000	0,000E+0	2,400E+1	3,500E+3	3,449E+3
29,045	0,000	0,000	0,000E+0	2,400E+1	3,500E+3	3,289E+3
30,046	0,000	0,000	0,000E+0	2,400E+1	3,500E+3	3,436E+3
31,046	0,000	0,000	0,000E+0	2,400E+1	3,500E+3	3,550E+3
32,047	0,000	0,000	0,000E+0	2,400E+1	3,500E+3	3,502E+3
33,046	0,000	0,000	0,000E+0	2,400E+1	3,500E+3	3,486E+3
34,047	0,000	0,000	0,000E+0	2,400E+1	3,500E+3	3,498E+3
35,046	0,000	0,000	0,000E+0	2,400E+1	3,500E+3	3,505E+3
36,047	0,000	0,000	0,000E+0	2,400E+1	3,500E+3	3,499E+3
37,047	0,000	0,000	0,000E+0	2,400E+1	3,500E+3	3,497E+3
38,046	0,000	0,000	0,000E+0	2,400E+1	3,500E+3	3,504E+3
39,047	0,000	0,000	0,000E+0	2,400E+1	3,500E+3	3,511E+3
40,046	0,000	0,000	0,000E+0	2,400E+1	3,500E+3	3,513E+3
41,047	0,000	0,000	0,000E+0	2,400E+1	3,500E+3	3,500E+3
42,046	0,000	0,000	0,000E+0	2,400E+1	3,500E+3	3,497E+3
43,047	0,000	0,000	0,000E+0	2,400E+1	3,500E+3	3,518E+3
44,048	0,000	0,000	0,000E+0	2,400E+1	3,500E+3	3,525E+3
45,047	0,000	0,000	0,000E+0	2,400E+1	3,500E+3	3,502E+3
46,049	0,000	0,000	0,000E+0	2,400E+1	3,500E+3	3,494E+3
47,049	0,000	0,000	0,000E+0	2,400E+1	3,500E+3	3,498E+3
48,050	0,000	0,000	0,000E+0	2,400E+1	3,500E+3	3,494E+3
49,049	0,000	0,000	0,000E+0	2,400E+1	3,500E+3	3,494E+3
50,050	0,000	0,000	0,000E+0	2,400E+1	3,500E+3	3,495E+3
51,050	0,000	0,000	0,000E+0	2,400E+1	3,500E+3	3,498E+3
52,049	0,000	0,000	0,000E+0	2,400E+1	3,500E+3	3,486E+3
53,050	0,000	0,000	0,000E+0	2,400E+1	3,500E+3	3,505E+3
54,049	0,000	0,000	0,000E+0	2,400E+1	3,500E+3	3,485E+3
55,050	0,000	0,000	0,000E+0	2,400E+1	3,500E+3	3,498E+3
56,051	0,000	0,000	0,000E+0	2,400E+1	3,500E+3	3,529E+3
57,050	0,000	0,000	0,000E+0	2,400E+1	0,000E+0	3,316E+3
58,051	0,000	0,000	0,000E+0	2,400E+1	0,000E+0	2,759E+3
59,050	0,000	0,000	0,000E+0	2,400E+1	0,000E+0	2,233E+3
60,051	0,000	0,000	0,000E+0	2,400E+1	0,000E+0	2,055E+3
