t	IF	IR	VF	VR	VelSP	VelRE
0,000	0,000	0,000	0,000E+0	2,400E+1	0,000E+0
0,017	0,000	0,000	0,000E+0	2,400E+1	0,000E+0	0,000E+0
1,017	0,000	0,000	3,000E-1	2,400E+1	0,000E+0	0,000E+0
2,016	0,000	0,000	3,000E-1	2,400E+1	0,000E+0	0,000E+0
3,017	0,000	0,000	3,000E-1	2,400E+1	0,000E+0	0,000E+0
4,016	0,000	0,000	3,000E-1	2,400E+1	0,000E+0	0,000E+0
5,017	0,000	0,000	3,000E-1	2,400E+1	0,000E+0	0,000E+0
6,018	0,000	0,000	3,000E-1	2,400E+1	0,000E+0	0,000E+0
7,018	0,000	0,000	3,000E-1	2,400E+1	0,000E+0	0,000E+0
8,018	0,000	0,000	3,000E-1	2,400E+1	0,000E+0	0,000E+0
9,017	0,000	0,000	3,000E-1	2,400E+1	0,000E+0	0,000E+0
10,019	0,000	0,000	3,000E-1	2,400E+1	0,000E+0	0,000E+0
11,019	0,000	0,000	3,000E-1	2,400E+1	0,000E+0	0,000E+0
12,020	0,000	0,000	3,000E-1	2,400E+1	0,000E+0	0,000E+0
13,020	0,000	0,000	3,000E-1	2,400E+1	0,000E+0	0,000E+0
14,020	0,000	0,000	3,000E-1	2,400E+1	0,000E+0	0,000E+0
15,021	0,000	0,000	3,000E-1	2,400E+1	0,000E+0	0,000E+0
16,021	0,000	0,000	3,000E-1	2,400E+1	0,000E+0	0,000E+0
17,022	0,000	0,000	3,000E-1	2,400E+1	0,000E+0	0,000E+0
18,022	0,000	0,000	3,000E-1	2,400E+1	0,000E+0	0,000E+0
19,022	0,000	0,000	3,000E-1	2,400E+1	0,000E+0	0,000E+0
20,023	0,000	0,000	3,000E-1	2,400E+1	0,000E+0	0,000E+0
21,024	0,000	0,000	3,000E-1	2,400E+1	0,000E+0	0,000E+0
22,024	0,000	0,000	3,000E-1	2,400E+1	0,000E+0	0,000E+0
23,023	0,000	0,000	3,000E-1	2,400E+1	0,000E+0	0,000E+0
24,025	0,000	0,000	3,000E-1	2,400E+1	0,000E+0	0,000E+0
25,025	0,000	0,000	3,000E-1	2,400E+1	0,000E+0	0,000E+0
26,025	0,000	0,000	3,000E-1	2,400E+1	0,000E+0	0,000E+0
27,025	0,000	0,000	3,000E-1	2,400E+1	0,000E+0	0,000E+0
28,024	0,000	0,000	3,000E-1	2,400E+1	0,000E+0	0,000E+0
29,026	0,000	0,000	3,000E-1	2,400E+1	0,000E+0	0,000E+0
30,025	0,000	0,000	3,000E-1	2,400E+1	0,000E+0	0,000E+0
31,026	0,000	0,000	3,000E-1	2,400E+1	0,000E+0	0,000E+0
32,027	0,000	0,000	3,000E-1	2,400E+1	0,000E+0	0,000E+0
33,027	0,000	0,000	3,000E-1	2,400E+1	0,000E+0	0,000E+0
34,027	0,000	0,000	3,000E-1	2,400E+1	0,000E+0	0,000E+0
35,026	0,000	0,000	3,000E-1	2,400E+1	0,000E+0	0,000E+0
36,028	0,000	0,000	3,000E-1	2,400E+1	0,000E+0	0,000E+0
37,027	0,000	0,000	3,000E-1	2,400E+1	0,000E+0	0,000E+0
38,028	0,000	0,000	3,000E-1	2,400E+1	0,000E+0	0,000E+0
39,029	0,000	0,000	3,000E-1	2,400E+1	0,000E+0	0,000E+0
40,029	0,000	0,000	3,000E-1	2,400E+1	0,000E+0	0,000E+0
41,029	0,000	0,000	3,000E-1	2,400E+1	0,000E+0	0,000E+0
42,028	0,000	0,000	3,000E-1	2,400E+1	0,000E+0	0,000E+0
43,029	0,000	0,000	3,000E-1	2,400E+1	0,000E+0	0,000E+0
44,030	0,000	0,000	3,000E-1	2,400E+1	0,000E+0	0,000E+0
45,031	0,000	0,000	3,000E-1	2,400E+1	0,000E+0	0,000E+0
46,031	0,000	0,000	3,000E-1	2,400E+1	0,000E+0	0,000E+0
47,031	0,000	0,000	3,000E-1	2,400E+1	0,000E+0	0,000E+0
48,031	0,000	0,000	3,000E-1	2,400E+1	0,000E+0	0,000E+0
49,030	0,000	0,000	3,000E-1	2,400E+1	0,000E+0	0,000E+0
50,031	0,000	0,000	3,000E-1	2,400E+1	0,000E+0	0,000E+0
51,031	0,000	0,000	3,000E-1	2,400E+1	0,000E+0	0,000E+0
52,031	0,000	0,000	3,000E-1	2,400E+1	0,000E+0	0,000E+0
53,031	0,000	0,000	3,000E-1	2,400E+1	0,000E+0	0,000E+0
54,031	0,000	0,000	3,000E-1	2,400E+1	0,000E+0	0,000E+0
55,031	0,000	0,000	3,000E-1	2,400E+1	0,000E+0	0,000E+0
56,030	0,000	0,000	3,000E-1	2,400E+1	0,000E+0	0,000E+0
57,031	0,000	0,000	3,000E-1	2,400E+1	0,000E+0	0,000E+0
58,031	0,000	0,000	3,000E-1	2,400E+1	0,000E+0	0,000E+0
59,031	0,000	0,000	3,000E-1	2,400E+1	0,000E+0	0,000E+0
60,031	0,000	0,000	3,000E-1	2,400E+1	0,000E+0	0,000E+0
61,030	0,000	0,000	3,000E-1	2,400E+1	0,000E+0	0,000E+0
62,032	0,000	0,000	3,000E-1	2,400E+1	0,000E+0	0,000E+0
63,031	0,000	0,000	3,000E-1	2,400E+1	0,000E+0	0,000E+0
64,032	0,000	0,000	3,000E-1	2,400E+1	0,000E+0	0,000E+0
65,032	0,000	0,000	3,000E-1	2,400E+1	0,000E+0	0,000E+0
66,032	0,000	0,000	3,000E-1	2,400E+1	0,000E+0	0,000E+0
67,032	0,000	0,000	3,000E-1	2,400E+1	0,000E+0	0,000E+0
68,031	0,000	0,000	3,000E-1	2,400E+1	0,000E+0	0,000E+0
69,032	0,000	0,000	3,000E-1	2,400E+1	0,000E+0	0,000E+0
70,032	0,000	0,000	3,000E-1	2,400E+1	0,000E+0	0,000E+0
71,033	0,000	0,000	3,000E-1	2,400E+1	0,000E+0	0,000E+0
72,034	0,000	0,000	3,000E-1	2,400E+1	0,000E+0	0,000E+0
73,035	0,000	0,000	3,000E-1	2,400E+1	0,000E+0	0,000E+0
74,036	0,000	0,000	3,000E-1	2,400E+1	0,000E+0	0,000E+0
75,035	0,000	0,000	3,000E-1	2,400E+1	0,000E+0	0,000E+0
76,037	0,000	0,000	3,000E-1	2,400E+1	0,000E+0	0,000E+0
77,037	0,000	0,000	3,000E-1	2,400E+1	0,000E+0	0,000E+0
78,037	0,000	0,000	3,000E-1	2,400E+1	0,000E+0	0,000E+0
79,037	0,000	0,000	3,000E-1	2,400E+1	0,000E+0	0,000E+0
80,037	0,000	0,000	3,000E-1	2,400E+1	0,000E+0	0,000E+0
81,038	0,000	0,000	3,000E-1	2,400E+1	0,000E+0	0,000E+0
82,037	0,000	0,000	3,000E-1	2,400E+1	0,000E+0	0,000E+0
83,038	0,000	0,000	3,000E-1	2,400E+1	0,000E+0	0,000E+0
84,038	0,000	0,000	3,000E-1	2,400E+1	0,000E+0	0,000E+0
85,039	0,000	0,000	3,000E-1	2,400E+1	0,000E+0	0,000E+0
86,040	0,000	0,000	3,000E-1	2,400E+1	0,000E+0	0,000E+0
87,040	0,000	0,000	3,000E-1	2,400E+1	0,000E+0	0,000E+0
88,041	0,000	0,000	3,000E-1	2,400E+1	0,000E+0	0,000E+0
89,041	0,000	0,000	3,000E-1	2,400E+1	0,000E+0	0,000E+0
90,042	0,000	0,000	3,000E-1	2,400E+1	0,000E+0	0,000E+0
91,042	0,000	0,000	3,000E-1	2,400E+1	0,000E+0	0,000E+0
92,042	0,000	0,000	3,000E-1	2,400E+1	0,000E+0	0,000E+0
93,042	0,000	0,000	3,000E-1	2,400E+1	0,000E+0	0,000E+0
94,041	0,000	0,000	3,000E-1	2,400E+1	0,000E+0	0,000E+0
95,042	0,000	0,000	3,000E-1	2,400E+1	0,000E+0	0,000E+0
96,041	0,000	0,000	3,000E-1	2,400E+1	0,000E+0	0,000E+0
97,042	0,000	0,000	3,000E-1	2,400E+1	0,000E+0	0,000E+0
98,042	0,000	0,000	3,000E-1	2,400E+1	0,000E+0	0,000E+0
99,042	0,000	0,000	3,000E-1	2,400E+1	0,000E+0	0,000E+0
100,043	0,000	0,000	3,000E-1	2,400E+1	0,000E+0	0,000E+0
101,042	0,000	0,000	3,000E-1	2,400E+1	0,000E+0	0,000E+0
102,044	0,000	0,000	3,000E-1	2,400E+1	3,500E+3	0,000E+0
103,043	0,000	0,000	3,000E-1	2,400E+1	3,500E+3	0,000E+0
104,044	0,000	0,000	3,000E-1	2,400E+1	3,500E+3	0,000E+0
105,045	0,000	0,000	3,000E-1	2,400E+1	3,500E+3	0,000E+0
106,046	0,000	0,000	3,000E-1	2,400E+1	3,500E+3	0,000E+0
107,047	0,000	0,000	3,000E-1	2,400E+1	3,500E+3	0,000E+0
108,047	0,000	0,000	3,000E-1	2,400E+1	3,500E+3	0,000E+0
109,048	0,000	0,000	3,000E-1	2,400E+1	3,500E+3	0,000E+0
110,048	0,000	0,000	3,000E-1	2,400E+1	3,500E+3	0,000E+0
111,048	0,000	0,000	3,000E-1	2,400E+1	3,500E+3	0,000E+0
112,048	0,000	0,000	3,000E-1	2,400E+1	3,500E+3	0,000E+0
113,048	0,000	0,000	3,000E-1	2,400E+1	3,500E+3	0,000E+0
114,049	0,000	0,000	3,000E-1	2,400E+1	3,500E+3	0,000E+0
115,048	0,000	0,000	3,000E-1	2,400E+1	3,500E+3	0,000E+0
116,050	0,000	0,000	3,000E-1	2,400E+1	3,500E+3	0,000E+0
117,051	0,000	0,000	3,000E-1	2,400E+1	3,500E+3	0,000E+0
118,051	0,000	0,000	3,000E-1	2,400E+1	3,500E+3	0,000E+0
119,051	0,000	0,000	3,000E-1	2,400E+1	0,000E+0	0,000E+0
120,051	0,000	0,000	3,000E-1	2,400E+1	0,000E+0	0,000E+0
121,051	0,000	0,000	3,000E-1	2,400E+1	0,000E+0	0,000E+0
122,050	0,000	0,000	3,000E-1	2,400E+1	0,000E+0	0,000E+0
123,052	0,000	0,000	3,000E-1	2,400E+1	0,000E+0	0,000E+0
