t	IF	IR	VF	VR	VelSP	VelRE
0,000	0,000	0,000	0,000E+0	2,400E+1	0,000E+0
0,004	0,000	0,000	0,000E+0	2,400E+1	0,000E+0
1,004	0,000	0,000	3,000E-1	2,400E+1	0,000E+0
2,005	0,000	0,000	3,000E-1	2,400E+1	0,000E+0
3,005	0,000	0,000	3,000E-1	2,400E+1	0,000E+0
4,006	0,000	0,000	3,000E-1	2,400E+1	0,000E+0
5,006	0,000	0,000	3,000E-1	2,400E+1	0,000E+0
6,006	0,000	0,000	3,000E-1	2,400E+1	0,000E+0
7,006	0,000	0,000	3,000E-1	2,400E+1	0,000E+0
8,007	0,000	0,000	3,000E-1	2,400E+1	0,000E+0
9,008	0,000	0,000	3,000E-1	2,400E+1	0,000E+0
10,007	0,000	0,000	3,000E-1	2,400E+1	0,000E+0
11,007	0,000	0,000	3,000E-1	2,400E+1	0,000E+0
12,007	0,000	0,000	3,000E-1	2,400E+1	0,000E+0
13,007	0,000	0,000	3,000E-1	2,400E+1	0,000E+0
14,007	0,000	0,000	3,000E-1	2,400E+1	0,000E+0
15,007	0,000	0,000	3,000E-1	2,400E+1	0,000E+0
16,008	0,000	0,000	3,000E-1	2,400E+1	0,000E+0
17,008	0,000	0,000	3,000E-1	2,400E+1	0,000E+0
18,008	0,000	0,000	3,000E-1	2,400E+1	0,000E+0
19,009	0,000	0,000	3,000E-1	2,400E+1	0,000E+0
