136,034156	0,300000	50,000000	1,253977E-1
0,002693	0,300000	50,000000	1,253977E-1
0,002693	0,300000	50,000000	1,253977E-1
0,002693	0,300000	50,000000	1,253977E-1
0,002693	0,300000	50,000000	1,253977E-1
0,002693	0,300000	50,000000	1,253977E-1
0,002693	0,300000	50,000000	1,253977E-1
0,002693	0,000000	50,000000	1,253977E-1
0,002693	0,000000	50,000000	1,253977E-1
0,002693	0,000000	50,000000	1,300000E-2
0,002693	0,000000	50,000000	1,300000E-2
1,002983	0,000000	50,000000	1,300000E-2
1,002983	0,000000	50,000000	1,300000E-2
1,002983	0,000000	50,000000	1,380247E-2
1,002983	0,000000	50,000000	1,460494E-2
1,002983	0,000000	50,000000	1,540741E-2
1,002983	0,000000	50,000000	1,620988E-2
1,002983	0,000000	50,000000	1,620988E-2
1,002983	0,000000	50,000000	1,701235E-2
1,002983	0,000000	50,000000	1,701235E-2
1,002983	0,000000	50,000000	1,781481E-2
2,002416	0,000000	50,000000	1,861728E-2
2,002416	0,000000	50,000000	1,941975E-2
2,002416	0,000000	50,000000	1,941975E-2
2,002416	0,000000	50,000000	1,941975E-2
2,002416	0,000000	50,000000	2,022222E-2
2,002416	0,000000	50,000000	2,022222E-2
2,002416	0,000000	50,000000	2,022222E-2
2,002416	0,000000	50,000000	2,102469E-2
2,002416	0,000000	50,000000	2,182716E-2
2,002416	0,000000	50,000000	2,262963E-2
3,002822	0,000000	50,000000	2,343210E-2
3,002822	0,000000	50,000000	2,423457E-2
3,002822	0,000000	50,000000	2,503704E-2
3,002822	0,000000	50,000000	2,503704E-2
3,002822	0,000000	50,000000	2,503704E-2
3,002822	0,000000	50,000000	2,583951E-2
3,002822	0,000000	50,000000	2,664198E-2
3,002822	0,000000	50,000000	2,744444E-2
3,002822	0,000000	50,000000	2,744444E-2
3,002822	0,000000	50,000000	2,824691E-2
4,002276	0,000000	50,000000	2,824691E-2
4,002276	0,000000	50,000000	2,904938E-2
4,002276	0,000000	50,000000	2,985185E-2
4,002276	0,000000	50,000000	3,065432E-2
4,002276	0,000000	50,000000	3,145679E-2
4,002276	0,000000	50,000000	3,225926E-2
4,002276	0,000000	50,000000	3,306173E-2
4,002276	0,000000	50,000000	3,386420E-2
4,002276	0,000000	50,000000	3,466667E-2
4,002276	0,000000	50,000000	3,466667E-2
5,003708	0,000000	50,000000	3,546914E-2
5,003708	0,000000	50,000000	0,000000E+0
5,003708	0,000000	50,000000	0,000000E+0
5,003708	0,000000	50,000000	0,000000E+0
5,003708	0,000000	50,000000	0,000000E+0
5,003708	0,000000	50,000000	0,000000E+0
5,003708	0,000000	50,000000	0,000000E+0
5,003708	0,000000	50,000000	0,000000E+0
5,003708	0,000000	50,000000	0,000000E+0
5,003708	0,000000	50,000000	0,000000E+0
6,003094	0,000000	50,000000	0,000000E+0
6,003094	0,000000	50,000000	0,000000E+0
6,003094	0,000000	50,000000	0,000000E+0
6,003094	0,000000	50,000000	0,000000E+0
6,003094	0,000000	50,000000	0,000000E+0
6,003094	0,000000	50,000000	0,000000E+0
6,003094	0,000000	50,000000	0,000000E+0
6,003094	0,000000	50,000000	0,000000E+0
6,003094	0,000000	50,000000	0,000000E+0
6,003094	0,000000	50,000000	0,000000E+0
7,004188	0,000000	50,000000	0,000000E+0
7,004188	0,000000	50,000000	0,000000E+0
7,004188	0,000000	50,000000	0,000000E+0
7,004188	0,000000	50,000000	0,000000E+0
7,004188	0,000000	50,000000	0,000000E+0
7,004188	0,000000	50,000000	0,000000E+0
7,004188	0,000000	50,000000	0,000000E+0
7,004188	0,000000	50,000000	0,000000E+0
7,004188	0,000000	50,000000	0,000000E+0
7,004188	0,000000	50,000000	0,000000E+0
8,004627	0,000000	50,000000	0,000000E+0
8,004627	0,000000	50,000000	0,000000E+0
8,004627	0,000000	50,000000	0,000000E+0
8,004627	0,000000	50,000000	0,000000E+0
8,004627	0,000000	50,000000	0,000000E+0
8,004627	0,000000	50,000000	0,000000E+0
8,004627	0,000000	50,000000	0,000000E+0
8,004627	0,000000	50,000000	0,000000E+0
8,004627	0,000000	50,000000	0,000000E+0
8,004627	0,000000	50,000000	0,000000E+0
9,006040	0,000000	50,000000	0,000000E+0
9,006040	0,000000	50,000000	0,000000E+0
9,006040	0,000000	50,000000	0,000000E+0
9,006040	0,000000	50,000000	0,000000E+0
9,006040	0,000000	50,000000	0,000000E+0
9,006040	0,000000	50,000000	0,000000E+0
9,006040	0,000000	50,000000	0,000000E+0
9,006040	0,000000	50,000000	0,000000E+0
9,006040	0,000000	50,000000	0,000000E+0
9,006040	0,000000	50,000000	0,000000E+0
10,005460	0,000000	50,000000	0,000000E+0
10,005460	0,000000	50,000000	0,000000E+0
10,005460	0,000000	50,000000	0,000000E+0
10,005460	0,000000	50,000000	0,000000E+0
10,005460	0,000000	50,000000	0,000000E+0
10,005460	0,000000	50,000000	0,000000E+0
10,005460	0,000000	50,000000	0,000000E+0
10,005460	0,000000	50,000000	0,000000E+0
10,005460	0,000000	50,000000	0,000000E+0
10,005460	0,000000	50,000000	0,000000E+0
11,005904	0,000000	50,000000	0,000000E+0
11,005904	0,000000	50,000000	0,000000E+0
11,005904	0,000000	50,000000	0,000000E+0
11,005904	0,000000	50,000000	0,000000E+0
11,005904	0,000000	50,000000	0,000000E+0
11,005904	0,000000	50,000000	0,000000E+0
11,005904	0,000000	50,000000	0,000000E+0
11,005904	0,000000	50,000000	0,000000E+0
11,005904	0,000000	50,000000	0,000000E+0
11,005904	0,000000	50,000000	0,000000E+0
12,005304	0,000000	50,000000	0,000000E+0
12,005304	0,000000	50,000000	0,000000E+0
12,005304	0,000000	50,000000	0,000000E+0
12,005304	0,000000	50,000000	0,000000E+0
12,005304	0,000000	50,000000	0,000000E+0
12,005304	0,000000	50,000000	0,000000E+0
12,005304	0,000000	50,000000	0,000000E+0
12,005304	0,000000	50,000000	0,000000E+0
12,005304	0,000000	50,000000	0,000000E+0
12,005304	0,000000	50,000000	0,000000E+0
13,005739	0,000000	50,000000	0,000000E+0
13,005739	0,000000	50,000000	0,000000E+0
13,005739	0,000000	50,000000	0,000000E+0
13,005739	0,000000	50,000000	0,000000E+0
13,005739	0,000000	50,000000	0,000000E+0
13,005739	0,000000	50,000000	0,000000E+0
13,005739	0,000000	50,000000	0,000000E+0
13,005739	0,000000	50,000000	0,000000E+0
13,005739	0,000000	50,000000	0,000000E+0
13,005739	0,000000	50,000000	0,000000E+0
14,006160	0,000000	50,000000	0,000000E+0
14,006160	0,000000	50,000000	0,000000E+0
14,006160	0,000000	50,000000	0,000000E+0
14,006160	0,000000	50,000000	0,000000E+0
14,006160	0,000000	50,000000	0,000000E+0
14,006160	0,000000	50,000000	0,000000E+0
14,006160	0,000000	50,000000	0,000000E+0
14,006160	0,000000	50,000000	0,000000E+0
14,006160	0,000000	50,000000	0,000000E+0
14,006160	0,000000	50,000000	0,000000E+0
15,006584	0,000000	50,000000	0,000000E+0
15,006584	0,000000	50,000000	0,000000E+0
15,006584	0,000000	50,000000	0,000000E+0
15,006584	0,000000	50,000000	0,000000E+0
15,006584	0,000000	50,000000	0,000000E+0
15,006584	0,000000	50,000000	0,000000E+0
15,006584	0,000000	50,000000	0,000000E+0
15,006584	0,000000	50,000000	0,000000E+0
15,006584	0,000000	50,000000	0,000000E+0
15,006584	0,000000	50,000000	0,000000E+0
16,007018	0,000000	50,000000	0,000000E+0
16,007018	0,000000	50,000000	0,000000E+0
16,007018	0,000000	50,000000	0,000000E+0
16,007018	0,000000	50,000000	0,000000E+0
16,007018	0,000000	50,000000	0,000000E+0
16,007018	0,000000	50,000000	0,000000E+0
16,007018	0,000000	50,000000	0,000000E+0
16,007018	0,000000	50,000000	0,000000E+0
16,007018	0,000000	50,000000	0,000000E+0
16,007018	0,000000	50,000000	0,000000E+0
17,006450	0,000000	50,000000	0,000000E+0
17,006450	0,000000	50,000000	0,000000E+0
17,006450	0,000000	50,000000	0,000000E+0
17,006450	0,000000	50,000000	0,000000E+0
17,006450	0,000000	50,000000	0,000000E+0
17,006450	0,000000	50,000000	0,000000E+0
17,006450	0,000000	50,000000	0,000000E+0
17,006450	0,000000	50,000000	0,000000E+0
17,006450	0,000000	50,000000	0,000000E+0
17,006450	0,000000	50,000000	0,000000E+0
18,006867	0,000000	50,000000	0,000000E+0
18,006867	0,000000	50,000000	0,000000E+0
18,006867	0,000000	50,000000	0,000000E+0
18,006867	0,000000	50,000000	0,000000E+0
18,006867	0,000000	50,000000	0,000000E+0
18,006867	0,000000	50,000000	0,000000E+0
18,006867	0,000000	50,000000	0,000000E+0
18,006867	0,000000	50,000000	0,000000E+0
18,006867	0,000000	50,000000	0,000000E+0
18,006867	0,000000	50,000000	0,000000E+0
19,006273	0,000000	50,000000	0,000000E+0
19,006273	0,000000	50,000000	0,000000E+0
19,006273	0,000000	50,000000	0,000000E+0
19,006273	0,000000	50,000000	0,000000E+0
19,006273	0,000000	50,000000	0,000000E+0
19,006273	0,000000	50,000000	0,000000E+0
19,006273	0,000000	50,000000	0,000000E+0
19,006273	0,000000	50,000000	0,000000E+0
19,006273	0,000000	50,000000	0,000000E+0
19,006273	15,000000	50,000000	0,000000E+0
20,006716	15,000000	50,000000	0,000000E+0
20,006716	15,000000	50,000000	0,000000E+0
20,006716	15,000000	50,000000	0,000000E+0
20,006716	15,000000	50,000000	0,000000E+0
20,006716	15,000000	50,000000	0,000000E+0
20,006716	15,000000	50,000000	0,000000E+0
20,006716	15,000000	50,000000	0,000000E+0
20,006716	15,000000	50,000000	0,000000E+0
20,006716	15,000000	50,000000	0,000000E+0
20,006716	15,000000	50,000000	0,000000E+0
21,006124	15,000000	50,000000	0,000000E+0
21,006124	15,000000	50,000000	0,000000E+0
21,006124	15,000000	50,000000	0,000000E+0
21,006124	15,000000	50,000000	0,000000E+0
21,006124	15,000000	50,000000	0,000000E+0
21,006124	15,000000	50,000000	0,000000E+0
21,006124	15,000000	50,000000	0,000000E+0
21,006124	4,700000	50,000000	0,000000E+0
21,006124	4,700000	50,000000	0,000000E+0
21,006124	4,700000	50,000000	0,000000E+0
22,006561	4,700000	50,000000	0,000000E+0
22,006561	4,700000	50,000000	0,000000E+0
22,006561	4,700000	50,000000	0,000000E+0
22,006561	4,700000	50,000000	0,000000E+0
22,006561	4,700000	50,000000	0,000000E+0
22,006561	4,700000	50,000000	0,000000E+0
22,006561	4,700000	50,000000	0,000000E+0
22,006561	0,000000	50,000000	0,000000E+0
22,006561	0,000000	50,000000	0,000000E+0
22,006561	0,000000	50,000000	0,000000E+0
23,007983	0,000000	50,000000	0,000000E+0
23,007983	0,000000	50,000000	0,000000E+0
23,007983	0,000000	50,000000	0,000000E+0
23,007983	0,000000	50,000000	0,000000E+0
23,007983	0,000000	50,000000	0,000000E+0
23,007983	0,000000	50,000000	0,000000E+0
23,007983	0,000000	50,000000	0,000000E+0
23,007983	0,000000	50,000000	0,000000E+0
23,007983	0,000000	50,000000	0,000000E+0
23,007983	0,000000	50,000000	0,000000E+0
24,007399	0,000000	50,000000	0,000000E+0
24,007399	0,000000	50,000000	0,000000E+0
24,007399	0,000000	50,000000	0,000000E+0
24,007399	0,000000	50,000000	0,000000E+0
24,007399	0,000000	50,000000	0,000000E+0
24,007399	0,000000	50,000000	0,000000E+0
24,007399	0,000000	50,000000	0,000000E+0
24,007399	4,200000	50,000000	0,000000E+0
24,007399	4,200000	50,000000	0,000000E+0
24,007399	4,200000	50,000000	0,000000E+0
25,007811	4,200000	50,000000	0,000000E+0
25,007811	4,200000	50,000000	0,000000E+0
25,007811	4,200000	50,000000	0,000000E+0
25,007811	4,200000	50,000000	0,000000E+0
25,007811	4,200000	50,000000	0,000000E+0
25,007811	4,200000	50,000000	0,000000E+0
25,007811	4,200000	50,000000	0,000000E+0
25,007811	4,200000	50,000000	0,000000E+0
25,007811	4,200000	50,000000	0,000000E+0
25,007811	4,200000	50,000000	0,000000E+0
26,007240	87,500000	50,000000	0,000000E+0
26,007240	87,500000	50,000000	0,000000E+0
26,007240	87,500000	50,000000	0,000000E+0
26,007240	87,500000	50,000000	0,000000E+0
26,007240	87,500000	50,000000	0,000000E+0
26,007240	87,500000	50,000000	0,000000E+0
26,007240	87,500000	50,000000	0,000000E+0
26,007240	87,500000	50,000000	0,000000E+0
26,007240	87,500000	50,000000	0,000000E+0
26,007240	87,500000	50,000000	0,000000E+0
27,008684	87,500000	50,000000	0,000000E+0
27,008684	54,599998	50,000000	0,000000E+0
27,008684	54,599998	50,000000	0,000000E+0
27,008684	54,599998	50,000000	0,000000E+0
27,008684	54,599998	50,000000	0,000000E+0
27,008684	54,599998	50,000000	0,000000E+0
27,008684	54,599998	50,000000	0,000000E+0
27,008684	54,599998	50,000000	0,000000E+0
27,008684	54,599998	50,000000	0,000000E+0
27,008684	54,599998	50,000000	0,000000E+0
28,008100	54,599998	50,000000	0,000000E+0
28,008100	94,399994	50,000000	0,000000E+0
28,008100	94,399994	50,000000	0,000000E+0
28,008100	94,399994	50,000000	0,000000E+0
28,008100	94,399994	50,000000	0,000000E+0
28,008100	94,399994	50,000000	0,000000E+0
28,008100	94,399994	50,000000	0,000000E+0
28,008100	94,399994	50,000000	0,000000E+0
28,008100	94,399994	50,000000	0,000000E+0
28,008100	94,399994	50,000000	0,000000E+0
29,009537	94,399994	50,000000	0,000000E+0
29,009537	22,200001	50,000000	0,000000E+0
29,009537	22,200001	50,000000	0,000000E+0
29,009537	22,200001	50,000000	0,000000E+0
29,009537	22,200001	50,000000	0,000000E+0
29,009537	22,200001	50,000000	0,000000E+0
29,009537	22,200001	50,000000	0,000000E+0
29,009537	22,200001	50,000000	0,000000E+0
29,009537	22,200001	50,000000	0,000000E+0
29,009537	22,200001	50,000000	0,000000E+0
30,009936	22,200001	50,000000	0,000000E+0
30,009936	25,100000	50,000000	0,000000E+0
30,009936	25,100000	50,000000	0,000000E+0
30,009936	25,100000	50,000000	0,000000E+0
30,009936	25,100000	50,000000	0,000000E+0
30,009936	25,100000	50,000000	0,000000E+0
30,009936	25,100000	50,000000	0,000000E+0
30,009936	25,100000	50,000000	0,000000E+0
30,009936	25,100000	50,000000	0,000000E+0
30,009936	25,100000	50,000000	0,000000E+0
31,009374	25,100000	50,000000	0,000000E+0
31,009374	25,100000	50,000000	0,000000E+0
31,009374	25,100000	50,000000	0,000000E+0
31,009374	38,700001	50,000000	0,000000E+0
31,009374	38,700001	50,000000	0,000000E+0
31,009374	38,700001	50,000000	0,000000E+0
31,009374	38,700001	50,000000	0,000000E+0
31,009374	38,700001	50,000000	0,000000E+0
31,009374	38,700001	50,000000	0,000000E+0
31,009374	38,700001	50,000000	0,000000E+0
32,009808	38,700001	50,000000	0,000000E+0
32,009808	38,700001	50,000000	0,000000E+0
32,009808	38,700001	50,000000	0,000000E+0
32,009808	38,700001	50,000000	0,000000E+0
32,009808	38,700001	50,000000	0,000000E+0
32,009808	38,700001	50,000000	0,000000E+0
32,009808	38,700001	50,000000	0,000000E+0
32,009808	38,700001	50,000000	0,000000E+0
32,009808	38,700001	50,000000	0,000000E+0
32,009808	31,799999	50,000000	0,000000E+0
33,009295	31,799999	50,000000	0,000000E+0
33,009295	31,799999	50,000000	0,000000E+0
33,009295	31,799999	50,000000	0,000000E+0
33,009295	31,799999	50,000000	0,000000E+0
33,009295	31,799999	50,000000	0,000000E+0
33,009295	31,799999	50,000000	0,000000E+0
33,009295	31,799999	50,000000	0,000000E+0
33,009295	31,799999	50,000000	0,000000E+0
33,009295	31,799999	50,000000	0,000000E+0
33,009295	31,799999	50,000000	0,000000E+0
34,010663	32,599998	50,000000	0,000000E+0
34,010663	32,599998	50,000000	0,000000E+0
34,010663	32,599998	50,000000	0,000000E+0
34,010663	32,599998	50,000000	0,000000E+0
34,010663	32,599998	50,000000	0,000000E+0
34,010663	32,599998	50,000000	0,000000E+0
34,010663	32,599998	50,000000	0,000000E+0
34,010663	32,599998	50,000000	0,000000E+0
34,010663	32,599998	50,000000	0,000000E+0
34,010663	31,700001	50,000000	0,000000E+0
35,011142	31,700001	50,000000	0,000000E+0
35,011142	31,700001	50,000000	0,000000E+0
35,011142	31,700001	50,000000	0,000000E+0
35,011142	31,700001	50,000000	0,000000E+0
35,011142	31,700001	50,000000	0,000000E+0
35,011142	31,700001	50,000000	0,000000E+0
35,011142	31,700001	50,000000	0,000000E+0
35,011142	31,700001	50,000000	0,000000E+0
35,011142	31,700001	50,000000	0,000000E+0
35,011142	32,000000	50,000000	0,000000E+0
36,011500	32,000000	50,000000	0,000000E+0
36,011500	32,000000	50,000000	0,000000E+0
36,011500	32,000000	50,000000	0,000000E+0
36,011500	32,000000	50,000000	0,000000E+0
36,011500	32,000000	50,000000	0,000000E+0
36,011500	32,000000	50,000000	0,000000E+0
36,011500	32,000000	50,000000	0,000000E+0
36,011500	32,000000	50,000000	0,000000E+0
36,011500	32,000000	50,000000	0,000000E+0
36,011500	32,000000	50,000000	0,000000E+0
37,012998	32,000000	50,000000	0,000000E+0
37,012998	32,599998	50,000000	0,000000E+0
37,012998	32,599998	50,000000	0,000000E+0
37,012998	32,599998	50,000000	0,000000E+0
37,012998	32,599998	50,000000	0,000000E+0
37,012998	32,599998	50,000000	0,000000E+0
37,012998	32,599998	50,000000	0,000000E+0
37,012998	32,599998	50,000000	0,000000E+0
37,012998	32,599998	50,000000	0,000000E+0
37,012998	32,599998	50,000000	0,000000E+0
38,012340	32,599998	50,000000	0,000000E+0
38,012340	32,599998	50,000000	0,000000E+0
38,012340	32,599998	50,000000	0,000000E+0
38,012340	32,599998	50,000000	0,000000E+0
38,012340	32,599998	50,000000	0,000000E+0
38,012340	32,599998	50,000000	0,000000E+0
38,012340	32,099998	50,000000	0,000000E+0
38,012340	32,099998	50,000000	0,000000E+0
38,012340	32,099998	50,000000	0,000000E+0
38,012340	32,099998	50,000000	0,000000E+0
39,012842	32,099998	50,000000	0,000000E+0
39,012842	32,099998	50,000000	0,000000E+0
39,012842	32,099998	50,000000	0,000000E+0
39,012842	32,099998	50,000000	0,000000E+0
39,012842	23,799999	50,000000	0,000000E+0
39,012842	23,799999	50,000000	0,000000E+0
39,012842	23,799999	50,000000	0,000000E+0
39,012842	23,799999	50,000000	0,000000E+0
39,012842	23,799999	50,000000	0,000000E+0
39,012842	23,799999	50,000000	0,000000E+0
40,013291	23,799999	50,000000	0,000000E+0
40,013291	23,799999	50,000000	0,000000E+0
40,013291	23,799999	50,000000	0,000000E+0
40,013291	23,799999	50,000000	0,000000E+0
40,013291	23,799999	50,000000	0,000000E+0
40,013291	7,800000	50,000000	0,000000E+0
40,013291	7,800000	50,000000	0,000000E+0
40,013291	7,800000	50,000000	0,000000E+0
40,013291	7,800000	50,000000	0,000000E+0
40,013291	7,800000	50,000000	0,000000E+0
41,013634	7,800000	50,000000	0,000000E+0
41,013634	7,800000	50,000000	0,000000E+0
41,013634	7,800000	50,000000	0,000000E+0
41,013634	7,800000	50,000000	0,000000E+0
41,013634	7,800000	50,000000	0,000000E+0
41,013634	7,800000	50,000000	0,000000E+0
41,013634	6,100000	50,000000	0,000000E+0
41,013634	6,100000	50,000000	0,000000E+0
41,013634	6,100000	50,000000	0,000000E+0
41,013634	6,100000	50,000000	0,000000E+0
42,014040	6,100000	50,000000	0,000000E+0
42,014040	6,100000	50,000000	0,000000E+0
42,014040	6,100000	50,000000	0,000000E+0
42,014040	6,100000	50,000000	0,000000E+0
42,014040	6,100000	50,000000	0,000000E+0
42,014040	13,700001	50,000000	0,000000E+0
42,014040	13,700001	50,000000	0,000000E+0
42,014040	13,700001	50,000000	0,000000E+0
42,014040	13,700001	50,000000	0,000000E+0
42,014040	13,700001	50,000000	0,000000E+0
43,014514	13,700001	50,000000	0,000000E+0
43,014514	13,700001	50,000000	0,000000E+0
43,014514	13,700001	50,000000	0,000000E+0
43,014514	13,700001	50,000000	0,000000E+0
43,014514	13,700001	50,000000	0,000000E+0
43,014514	13,700001	50,000000	0,000000E+0
43,014514	13,700001	50,000000	0,000000E+0
43,014514	13,700001	50,000000	0,000000E+0
43,014514	13,700001	50,000000	0,000000E+0
43,014514	13,700001	50,000000	0,000000E+0
44,014942	13,700001	50,000000	0,000000E+0
44,014942	13,700001	50,000000	0,000000E+0
44,014942	13,700001	50,000000	0,000000E+0
44,014942	13,700001	50,000000	0,000000E+0
44,014942	13,700001	50,000000	0,000000E+0
44,014942	13,700001	50,000000	0,000000E+0
44,014942	24,600000	50,000000	0,000000E+0
44,014942	24,600000	50,000000	0,000000E+0
44,014942	24,600000	50,000000	0,000000E+0
44,014942	24,600000	50,000000	0,000000E+0
45,014349	24,600000	50,000000	0,000000E+0
45,014349	24,600000	50,000000	0,000000E+0
45,014349	24,600000	50,000000	0,000000E+0
45,014349	24,600000	50,000000	0,000000E+0
45,014349	24,600000	50,000000	0,000000E+0
45,014349	21,200001	50,000000	0,000000E+0
45,014349	21,200001	50,000000	0,000000E+0
45,014349	21,200001	50,000000	0,000000E+0
45,014349	21,200001	50,000000	0,000000E+0
45,014349	21,200001	50,000000	0,000000E+0
46,014768	21,200001	50,000000	0,000000E+0
46,014768	21,200001	50,000000	0,000000E+0
46,014768	21,200001	50,000000	0,000000E+0
46,014768	21,200001	50,000000	0,000000E+0
46,014768	21,200001	50,000000	0,000000E+0
46,014768	21,200001	50,000000	0,000000E+0
46,014768	21,200001	50,000000	0,000000E+0
46,014768	21,200001	50,000000	0,000000E+0
46,014768	21,200001	50,000000	0,000000E+0
46,014768	21,200001	50,000000	0,000000E+0
47,015171	21,200001	50,000000	0,000000E+0
47,015171	21,200001	50,000000	0,000000E+0
47,015171	21,200001	50,000000	0,000000E+0
47,015171	21,200001	50,000000	0,000000E+0
47,015171	21,200001	50,000000	0,000000E+0
47,015171	22,600000	50,000000	0,000000E+0
47,015171	22,600000	50,000000	0,000000E+0
47,015171	22,600000	50,000000	0,000000E+0
47,015171	22,600000	50,000000	0,000000E+0
47,015171	22,600000	50,000000	0,000000E+0
48,015604	22,600000	50,000000	0,000000E+0
48,015604	22,600000	50,000000	0,000000E+0
48,015604	22,600000	50,000000	0,000000E+0
48,015604	22,600000	50,000000	0,000000E+0
48,015604	22,099998	50,000000	0,000000E+0
48,015604	22,099998	50,000000	0,000000E+0
48,015604	22,099998	50,000000	0,000000E+0
48,015604	22,099998	50,000000	0,000000E+0
49,016022	22,099998	50,000000	0,000000E+0
49,016022	22,099998	50,000000	0,000000E+0
49,016022	22,099998	50,000000	0,000000E+0
49,016022	22,099998	50,000000	0,000000E+0
49,016022	22,099998	50,000000	0,000000E+0
49,016022	22,099998	50,000000	0,000000E+0
49,016022	22,099998	50,000000	0,000000E+0
49,016022	22,099998	50,000000	0,000000E+0
49,016022	22,099998	50,000000	0,000000E+0
49,016022	22,099998	50,000000	0,000000E+0
50,015463	22,099998	50,000000	0,000000E+0
50,015463	22,299999	50,000000	0,000000E+0
50,015463	22,299999	50,000000	0,000000E+0
50,015463	22,299999	50,000000	0,000000E+0
50,015463	22,299999	50,000000	0,000000E+0
50,015463	22,299999	50,000000	0,000000E+0
50,015463	22,299999	50,000000	0,000000E+0
50,015463	22,299999	50,000000	0,000000E+0
50,015463	22,299999	50,000000	0,000000E+0
50,015463	22,299999	50,000000	0,000000E+0
51,015907	22,400002	50,000000	0,000000E+0
51,015907	22,400002	50,000000	0,000000E+0
51,015907	22,400002	50,000000	0,000000E+0
51,015907	22,400002	50,000000	0,000000E+0
51,015907	22,400002	50,000000	0,000000E+0
51,015907	22,400002	50,000000	0,000000E+0
51,015907	22,400002	50,000000	0,000000E+0
51,015907	22,400002	50,000000	0,000000E+0
51,015907	22,400002	50,000000	0,000000E+0
51,015907	22,400002	50,000000	0,000000E+0
52,015302	22,400002	50,000000	0,000000E+0
52,015302	22,099998	50,000000	0,000000E+0
52,015302	22,099998	50,000000	0,000000E+0
52,015302	22,099998	50,000000	0,000000E+0
52,015302	22,099998	50,000000	0,000000E+0
52,015302	22,099998	50,000000	0,000000E+0
52,015302	22,099998	50,000000	0,000000E+0
52,015302	22,099998	50,000000	0,000000E+0
52,015302	22,099998	50,000000	0,000000E+0
52,015302	22,099998	50,000000	0,000000E+0
53,015876	22,099998	50,000000	0,000000E+0
53,015876	22,099998	50,000000	0,000000E+0
53,015876	22,099998	50,000000	0,000000E+0
53,015876	22,099998	50,000000	0,000000E+0
53,015876	22,099998	50,000000	0,000000E+0
53,015876	22,099998	50,000000	4,477778E-4
53,015876	22,099998	50,000000	4,477778E-4
53,015876	22,099998	50,000000	8,955556E-4
53,015876	22,099998	50,000000	1,343333E-3
53,015876	22,099998	50,000000	1,791111E-3
54,016128	22,099998	50,000000	1,791111E-3
54,016128	22,099998	50,000000	2,238889E-3
54,016128	22,099998	50,000000	2,686667E-3
54,016128	22,200001	50,000000	2,686667E-3
54,016128	22,200001	50,000000	3,107642E-3
54,016128	22,200001	50,000000	3,553814E-3
54,016128	22,200001	50,000000	3,553814E-3
54,016128	22,200001	50,000000	3,999987E-3
54,016128	22,200001	50,000000	4,446160E-3
54,016128	22,200001	50,000000	4,446160E-3
55,016722	22,200001	50,000000	4,446160E-3
55,016722	22,200001	50,000000	4,892333E-3
55,016722	22,200001	50,000000	4,892333E-3
55,016722	22,600000	50,000000	5,338506E-3
55,016722	22,600000	50,000000	5,677469E-3
55,016722	22,600000	50,000000	5,677469E-3
55,016722	22,600000	50,000000	6,117222E-3
55,016722	22,600000	50,000000	6,556975E-3
55,016722	22,600000	50,000000	6,996728E-3
55,016722	22,600000	50,000000	7,436481E-3
56,016997	22,600000	50,000000	7,876234E-3
56,016997	22,600000	50,000000	8,315987E-3
56,016997	22,600000	50,000000	8,315987E-3
56,016997	22,600000	50,000000	8,755740E-3
56,016997	22,600000	50,000000	8,755740E-3
56,016997	22,500000	50,000000	9,222296E-3
56,016997	22,500000	50,000000	9,222296E-3
56,016997	22,500000	50,000000	9,663654E-3
56,016997	22,500000	50,000000	1,010501E-2
56,016997	22,500000	50,000000	1,054637E-2
57,016407	22,500000	50,000000	1,098773E-2
57,016407	22,500000	50,000000	1,098773E-2
57,016407	22,500000	50,000000	1,142909E-2
57,016407	22,799999	50,000000	1,187044E-2
57,016407	22,799999	50,000000	1,223139E-2
57,016407	22,799999	50,000000	1,223139E-2
57,016407	22,799999	50,000000	1,266794E-2
57,016407	22,799999	50,000000	1,310448E-2
57,016407	22,799999	50,000000	1,310448E-2
58,016839	22,799999	50,000000	1,354102E-2
58,016839	22,799999	50,000000	1,397757E-2
58,016839	22,799999	50,000000	1,397757E-2
58,016839	22,600000	50,000000	1,441411E-2
58,016839	22,600000	50,000000	1,441411E-2
58,016839	22,600000	50,000000	1,490426E-2
58,016839	22,600000	50,000000	1,534401E-2
58,016839	22,600000	50,000000	1,534401E-2
58,016839	22,600000	50,000000	1,578377E-2
58,016839	22,600000	50,000000	1,622352E-2
59,016255	22,600000	50,000000	1,666327E-2
59,016255	22,600000	50,000000	1,710302E-2
59,016255	22,600000	50,000000	1,710302E-2
59,016255	22,600000	50,000000	1,754278E-2
59,016255	22,600000	50,000000	1,754278E-2
59,016255	22,600000	50,000000	1,798253E-2
59,016255	22,600000	50,000000	1,798253E-2
59,016255	22,600000	50,000000	1,842228E-2
59,016255	22,400000	50,000000	1,886204E-2
59,016255	22,400000	50,000000	1,886204E-2
60,017703	22,400000	50,000000	1,935539E-2
60,017703	22,400000	50,000000	1,979836E-2
60,017703	22,400000	50,000000	1,979836E-2
60,017703	22,400000	50,000000	2,024132E-2
60,017703	22,400000	50,000000	2,068428E-2
60,017703	22,400000	50,000000	2,112725E-2
60,017703	22,400000	50,000000	2,112725E-2
60,017703	22,400000	50,000000	2,157021E-2
60,017703	22,400000	50,000000	2,157021E-2
60,017703	22,400000	50,000000	2,201317E-2
61,017108	22,400000	50,000000	2,201317E-2
61,017108	22,799999	50,000000	2,201317E-2
61,017108	22,799999	50,000000	2,234893E-2
61,017108	22,799999	50,000000	2,278547E-2
61,017108	22,799999	50,000000	2,322201E-2
61,017108	22,799999	50,000000	2,365856E-2
61,017108	22,799999	50,000000	2,409510E-2
61,017108	22,799999	50,000000	2,409510E-2
61,017108	22,799999	50,000000	2,453164E-2
61,017108	22,700001	50,000000	2,496819E-2
62,017596	22,700001	50,000000	2,496819E-2
62,017596	22,700001	50,000000	2,543153E-2
62,017596	22,700001	50,000000	2,586968E-2
62,017596	22,700001	50,000000	2,586968E-2
62,017596	22,700001	50,000000	2,630783E-2
62,017596	22,700001	50,000000	2,630783E-2
62,017596	22,700001	50,000000	2,674597E-2
62,017596	22,700001	50,000000	2,718412E-2
62,017596	22,700001	50,000000	2,718412E-2
62,017596	22,700001	50,000000	2,762227E-2
63,018013	22,700001	50,000000	2,762227E-2
63,018013	22,900002	50,000000	2,806042E-2
63,018013	22,900002	50,000000	2,844496E-2
63,018013	22,900002	50,000000	2,887990E-2
63,018013	22,900002	50,000000	2,887990E-2
63,018013	22,900002	50,000000	2,931484E-2
63,018013	22,900002	50,000000	2,974978E-2
63,018013	22,900002	50,000000	2,974978E-2
63,018013	22,900002	50,000000	3,018472E-2
63,018013	22,900002	50,000000	3,018472E-2
64,017418	23,200001	50,000000	3,061965E-2
64,017418	23,200001	50,000000	3,061965E-2
64,017418	23,200001	50,000000	3,097418E-2
64,017418	23,200001	50,000000	3,140431E-2
64,017418	23,200001	50,000000	3,183443E-2
64,017418	23,200001	50,000000	3,226455E-2
64,017418	23,200001	50,000000	3,226455E-2
64,017418	23,200001	50,000000	3,269468E-2
64,017418	23,200001	50,000000	3,312480E-2
64,017418	23,200001	50,000000	3,312480E-2
65,017816	23,500000	50,000000	3,355493E-2
65,017816	23,500000	50,000000	3,390464E-2
65,017816	23,500000	50,000000	3,390464E-2
65,017816	23,500000	50,000000	3,432995E-2
65,017816	23,500000	50,000000	3,432995E-2
65,017816	23,500000	50,000000	3,432995E-2
65,017816	23,500000	50,000000	3,475526E-2
65,017816	23,500000	50,000000	3,518057E-2
65,017816	23,500000	50,000000	3,560588E-2
65,017816	23,500000	50,000000	3,560588E-2
66,017291	23,500000	50,000000	3,603118E-2
66,017291	23,500000	50,000000	3,645649E-2
66,017291	23,500000	50,000000	3,688180E-2
66,017291	23,500000	50,000000	3,730711E-2
66,017291	23,500000	50,000000	3,773242E-2
66,017291	23,500000	50,000000	3,773242E-2
66,017291	23,500000	50,000000	3,815773E-2
66,017291	23,500000	50,000000	3,858304E-2
66,017291	23,500000	50,000000	3,858304E-2
66,017291	23,500000	50,000000	3,900835E-2
67,017280	23,500000	50,000000	3,900835E-2
67,017280	23,500000	50,000000	3,900835E-2
67,017280	23,500000	50,000000	3,943365E-2
67,017280	23,500000	50,000000	3,985896E-2
67,017280	23,700001	50,000000	4,028427E-2
67,017280	23,700001	50,000000	4,065597E-2
67,017280	23,700001	50,000000	4,107807E-2
67,017280	23,700001	50,000000	4,107807E-2
67,017280	23,700001	50,000000	4,150017E-2
67,017280	23,700001	50,000000	4,150017E-2
68,017686	23,700001	50,000000	4,192227E-2
68,017686	23,700001	50,000000	4,234437E-2
68,017686	23,700001	50,000000	4,276647E-2
68,017686	23,700001	50,000000	4,276647E-2
68,017686	23,700001	50,000000	4,318857E-2
68,017686	23,900002	50,000000	4,318857E-2
68,017686	23,900002	50,000000	4,355706E-2
68,017686	23,900002	50,000000	4,397595E-2
68,017686	23,900002	50,000000	4,397595E-2
68,017686	23,900002	50,000000	4,439484E-2
69,018071	23,900002	50,000000	4,481373E-2
69,018071	23,900002	50,000000	4,523262E-2
69,018071	23,900002	50,000000	4,565151E-2
69,018071	23,900002	50,000000	4,565151E-2
69,018071	24,200001	50,000000	4,607039E-2
69,018071	24,200001	50,000000	4,640888E-2
69,018071	24,200001	50,000000	4,640888E-2
69,018071	24,200001	50,000000	4,682295E-2
69,018071	24,200001	50,000000	4,723702E-2
69,018071	24,200001	50,000000	4,723702E-2
70,017563	24,200001	50,000000	4,723702E-2
70,017563	24,200001	50,000000	4,765110E-2
70,017563	24,200001	50,000000	4,765110E-2
70,017563	24,200001	50,000000	4,806517E-2
70,017563	24,200001	50,000000	4,847925E-2
70,017563	24,600000	50,000000	4,847925E-2
70,017563	24,600000	50,000000	4,878611E-2
70,017563	24,600000	50,000000	4,919376E-2
70,017563	24,600000	50,000000	4,960142E-2
70,017563	24,600000	50,000000	5,000907E-2
71,017931	24,600000	50,000000	5,000907E-2
71,017931	24,600000	50,000000	5,041673E-2
71,017931	24,600000	50,000000	5,082438E-2
71,017931	24,600000	50,000000	5,082438E-2
71,017931	24,600000	50,000000	5,082438E-2
71,017931	24,600000	50,000000	5,123204E-2
71,017931	24,600000	50,000000	5,123204E-2
71,017931	24,600000	50,000000	5,163969E-2
71,017931	24,600000	50,000000	5,204734E-2
71,017931	24,600000	50,000000	5,245500E-2
72,018346	24,600000	50,000000	5,286265E-2
72,018346	24,600000	50,000000	5,286265E-2
72,018346	24,700001	50,000000	5,327031E-2
72,018346	24,700001	50,000000	5,365116E-2
72,018346	24,700001	50,000000	5,365116E-2
72,018346	24,700001	50,000000	5,405721E-2
72,018346	24,700001	50,000000	5,446326E-2
72,018346	24,700001	50,000000	5,446326E-2
72,018346	24,700001	50,000000	5,486931E-2
72,018346	24,700001	50,000000	5,486931E-2
73,018797	24,700001	50,000000	5,527536E-2
73,018797	24,700001	50,000000	5,527536E-2
73,018797	24,700001	50,000000	5,568141E-2
73,018797	24,900002	50,000000	5,608746E-2
73,018797	24,900002	50,000000	5,608746E-2
73,018797	24,900002	50,000000	5,643990E-2
73,018797	24,900002	50,000000	5,684274E-2
73,018797	24,900002	50,000000	5,724558E-2
73,018797	24,900002	50,000000	5,724558E-2
73,018797	24,900002	50,000000	5,764842E-2
74,019130	24,900002	50,000000	5,805126E-2
74,019130	24,900002	80,000000	5,805126E-2
74,019130	25,500000	80,000000	6,649484E-2
74,019130	25,500000	80,000000	6,649484E-2
74,019130	25,500000	80,000000	6,721834E-2
74,019130	25,500000	80,000000	6,721834E-2
74,019130	25,500000	80,000000	6,809304E-2
74,019130	25,500000	80,000000	6,809304E-2
74,019130	25,500000	80,000000	6,896773E-2
74,019130	25,500000	80,000000	6,984242E-2
75,018469	25,500000	80,000000	7,071711E-2
75,018469	25,500000	80,000000	7,071711E-2
75,018469	25,500000	80,000000	7,159180E-2
75,018469	26,099998	80,000000	7,246649E-2
75,018469	26,099998	80,000000	7,318037E-2
75,018469	26,099998	80,000000	7,404543E-2
75,018469	26,099998	80,000000	7,491049E-2
75,018469	26,099998	80,000000	7,491049E-2
75,018469	26,099998	80,000000	7,577555E-2
75,018469	26,099998	80,000000	7,577555E-2
76,019905	26,099998	80,000000	7,664062E-2
76,019905	26,099998	80,000000	7,664062E-2
76,019905	26,099998	80,000000	7,750568E-2
76,019905	26,099998	80,000000	7,750568E-2
76,019905	26,099998	80,000000	7,837074E-2
76,019905	27,700001	80,000000	7,923580E-2
76,019905	27,700001	80,000000	7,923580E-2
76,019905	27,700001	80,000000	7,967202E-2
76,019905	27,700001	80,000000	8,051141E-2
76,019905	27,700001	80,000000	8,135079E-2
77,019343	27,700001	80,000000	8,219017E-2
77,019343	27,700001	80,000000	8,219017E-2
77,019343	27,700001	80,000000	8,302955E-2
77,019343	27,700001	80,000000	8,386894E-2
77,019343	27,700001	80,000000	8,386894E-2
77,019343	27,700001	80,000000	8,470832E-2
77,019343	27,700001	80,000000	8,470832E-2
77,019343	27,700001	80,000000	8,470832E-2
77,019343	29,000000	80,000000	8,554770E-2
77,019343	29,000000	80,000000	8,603865E-2
78,020787	29,000000	80,000000	8,685717E-2
78,020787	29,000000	80,000000	8,685717E-2
78,020787	29,000000	80,000000	8,767569E-2
78,020787	29,000000	80,000000	8,849421E-2
78,020787	29,000000	80,000000	8,931273E-2
78,020787	29,000000	80,000000	8,931273E-2
78,020787	30,099998	80,000000	9,013125E-2
78,020787	30,099998	80,000000	9,013125E-2
78,020787	30,099998	80,000000	9,065494E-2
78,020787	30,099998	80,000000	9,065494E-2
79,020174	30,099998	80,000000	9,145580E-2
79,020174	30,099998	80,000000	9,145580E-2
79,020174	30,099998	80,000000	9,225667E-2
79,020174	30,099998	80,000000	9,305753E-2
79,020174	30,099998	80,000000	9,385839E-2
79,020174	30,099998	80,000000	9,385839E-2
79,020174	30,099998	80,000000	9,465926E-2
79,020174	31,700001	80,000000	9,546012E-2
79,020174	31,700001	80,000000	9,546012E-2
79,020174	31,700001	80,000000	9,583215E-2
80,020599	31,700001	80,000000	9,660733E-2
80,020599	31,700001	80,000000	9,660733E-2
80,020599	31,700001	80,000000	9,738252E-2
80,020599	31,700001	80,000000	9,815770E-2
80,020599	31,700001	80,000000	9,815770E-2
80,020599	31,700001	80,000000	9,893289E-2
80,020599	31,700001	80,000000	9,893289E-2
80,020599	31,700001	80,000000	9,893289E-2
80,020599	34,300003	80,000000	9,970807E-2
80,020599	34,300003	80,000000	9,970807E-2
81,021014	34,300003	80,000000	9,978639E-2
81,021014	34,300003	80,000000	1,005199E-1
81,021014	34,300003	80,000000	1,005199E-1
81,021014	34,300003	80,000000	1,012533E-1
81,021014	34,300003	80,000000	1,019868E-1
81,021014	34,300003	80,000000	1,019868E-1
81,021014	34,300003	80,000000	1,027202E-1
81,021014	34,300003	80,000000	1,034537E-1
81,021014	34,300003	80,000000	1,041871E-1
81,021014	34,300003	80,000000	1,041871E-1
82,020486	34,300003	80,000000	1,041871E-1
82,020486	35,199997	80,000000	1,049206E-1
82,020486	35,199997	80,000000	1,054128E-1
82,020486	35,199997	80,000000	1,054128E-1
82,020486	35,199997	80,000000	1,061318E-1
82,020486	35,199997	80,000000	1,068509E-1
82,020486	35,199997	80,000000	1,068509E-1
82,020486	35,199997	80,000000	1,075699E-1
82,020486	35,199997	80,000000	1,082889E-1
82,020486	35,199997	80,000000	1,090079E-1
83,020849	35,199997	80,000000	1,090079E-1
83,020849	35,199997	80,000000	1,097269E-1
83,020849	35,199997	80,000000	1,104459E-1
83,020849	35,199997	80,000000	1,111649E-1
83,020849	35,199997	80,000000	1,111649E-1
83,020849	39,500000	80,000000	1,118839E-1
83,020849	39,500000	80,000000	1,118839E-1
83,020849	39,500000	80,000000	1,114504E-1
83,020849	39,500000	80,000000	1,121004E-1
83,020849	39,500000	80,000000	1,127504E-1
84,020302	39,500000	80,000000	1,127504E-1
84,020302	39,500000	80,000000	1,134004E-1
84,020302	39,500000	80,000000	1,140504E-1
84,020302	39,500000	80,000000	1,147004E-1
84,020302	39,500000	80,000000	1,147004E-1
84,020302	43,599998	80,000000	1,153504E-1
84,020302	43,599998	80,000000	1,149015E-1
84,020302	43,599998	80,000000	1,149015E-1
84,020302	43,599998	80,000000	1,154857E-1
84,020302	43,599998	80,000000	1,154857E-1
85,020700	43,599998	80,000000	1,160699E-1
85,020700	43,599998	80,000000	1,160699E-1
85,020700	43,599998	80,000000	1,166541E-1
85,020700	43,599998	80,000000	1,172383E-1
85,020700	43,599998	80,000000	1,172383E-1
85,020700	46,300003	80,000000	1,178225E-1
85,020700	46,300003	80,000000	1,176831E-1
85,020700	46,300003	80,000000	1,176831E-1
85,020700	46,300003	80,000000	1,182239E-1
85,020700	46,300003	80,000000	1,187648E-1
86,020173	46,300003	80,000000	1,193057E-1
86,020173	46,300003	80,000000	1,193057E-1
86,020173	46,300003	80,000000	1,198465E-1
86,020173	46,300003	80,000000	1,203874E-1
86,020173	46,300003	80,000000	1,203874E-1
86,020173	46,300003	80,000000	1,203874E-1
86,020173	48,599998	80,000000	1,209282E-1
86,020173	48,599998	80,000000	1,209282E-1
86,020173	48,599998	80,000000	1,208527E-1
86,020173	48,599998	80,000000	1,213566E-1
87,020606	48,599998	80,000000	1,218606E-1
87,020606	48,599998	80,000000	1,223645E-1
87,020606	48,599998	80,000000	1,223645E-1
87,020606	48,599998	80,000000	1,228685E-1
87,020606	48,599998	80,000000	1,233724E-1
87,020606	48,599998	80,000000	1,238764E-1
87,020606	51,799999	80,000000	1,238764E-1
87,020606	51,799999	80,000000	1,235226E-1
87,020606	51,799999	80,000000	1,239752E-1
87,020606	51,799999	80,000000	1,239752E-1
88,020994	51,799999	80,000000	1,244278E-1
88,020994	51,799999	80,000000	1,244278E-1
88,020994	51,799999	80,000000	1,248804E-1
88,020994	51,799999	80,000000	1,248804E-1
88,020994	51,799999	80,000000	1,253330E-1
88,020994	51,799999	80,000000	1,257856E-1
88,020994	51,799999	80,000000	1,262382E-1
88,020994	51,799999	80,000000	1,262382E-1
88,020994	51,799999	80,000000	1,266908E-1
88,020994	51,799999	80,000000	1,271434E-1
89,020498	51,799999	80,000000	1,275960E-1
89,020498	51,799999	80,000000	1,280486E-1
89,020498	51,799999	80,000000	1,285011E-1
89,020498	51,799999	80,000000	1,285011E-1
89,020498	51,799999	80,000000	1,289537E-1
89,020498	51,799999	80,000000	1,289537E-1
89,020498	58,099998	80,000000	1,289537E-1
89,020498	58,099998	80,000000	1,277178E-1
89,020498	58,099998	80,000000	1,280693E-1
89,020498	58,099998	80,000000	1,284207E-1
90,021922	58,099998	80,000000	1,287722E-1
90,021922	58,099998	80,000000	1,287722E-1
90,021922	58,099998	80,000000	1,291237E-1
90,021922	58,099998	80,000000	1,294752E-1
90,021922	58,099998	80,000000	1,294752E-1
90,021922	61,500000	80,000000	1,298267E-1
90,021922	61,500000	80,000000	1,292669E-1
90,021922	61,500000	80,000000	1,295638E-1
90,021922	61,500000	80,000000	1,295638E-1
90,021922	61,500000	80,000000	1,295638E-1
91,021319	61,500000	80,000000	1,298607E-1
91,021319	61,500000	80,000000	1,298607E-1
91,021319	61,500000	80,000000	1,301576E-1
91,021319	61,500000	80,000000	1,304545E-1
91,021319	61,500000	80,000000	1,307514E-1
91,021319	61,500000	80,000000	1,307514E-1
91,021319	62,500000	80,000000	1,310483E-1
91,021319	62,500000	80,000000	1,310772E-1
91,021319	62,500000	80,000000	1,310772E-1
91,021319	62,500000	80,000000	1,313581E-1
92,021731	62,500000	80,000000	1,316390E-1
92,021731	62,500000	80,000000	1,319198E-1
92,021731	62,500000	80,000000	1,319198E-1
92,021731	62,500000	80,000000	1,322007E-1
92,021731	62,500000	80,000000	1,322007E-1
92,021731	64,399994	80,000000	1,324816E-1
92,021731	64,399994	80,000000	1,324816E-1
92,021731	64,399994	80,000000	1,322532E-1
92,021731	64,399994	80,000000	1,325035E-1
92,021731	64,399994	80,000000	1,327539E-1
93,021195	64,399994	80,000000	1,327539E-1
93,021195	64,399994	80,000000	1,330043E-1
93,021195	64,399994	80,000000	1,332547E-1
93,021195	64,399994	80,000000	1,335050E-1
93,021195	64,399994	80,000000	1,335050E-1
93,021195	64,399994	80,000000	1,337554E-1
93,021195	66,400002	80,000000	1,334697E-1
93,021195	66,400002	80,000000	1,334697E-1
93,021195	66,400002	80,000000	1,336880E-1
93,021195	66,400002	80,000000	1,336880E-1
94,021602	66,400002	80,000000	1,336880E-1
94,021602	66,400002	80,000000	1,336880E-1
94,021602	66,400002	80,000000	1,339063E-1
94,021602	66,400002	80,000000	1,341245E-1
94,021602	66,400002	80,000000	1,343428E-1
94,021602	66,400002	80,000000	1,343428E-1
94,021602	66,400002	80,000000	1,345611E-1
94,021602	66,400002	80,000000	1,347793E-1
94,021602	66,400002	80,000000	1,349976E-1
94,021602	68,199997	80,000000	1,349976E-1
95,021969	68,199997	80,000000	1,347334E-1
95,021969	68,199997	80,000000	1,349228E-1
95,021969	68,199997	80,000000	1,351122E-1
95,021969	68,199997	80,000000	1,351122E-1
95,021969	68,199997	80,000000	1,353016E-1
95,021969	68,199997	80,000000	1,353016E-1
95,021969	68,199997	80,000000	1,353016E-1
95,021969	68,199997	80,000000	1,354910E-1
95,021969	68,199997	80,000000	1,356804E-1
95,021969	68,199997	80,000000	1,358697E-1
96,022470	68,199997	80,000000	1,358697E-1
96,022470	69,599998	80,000000	1,360591E-1
96,022470	69,599998	80,000000	1,358733E-1
96,022470	69,599998	80,000000	1,360402E-1
96,022470	69,599998	80,000000	1,360402E-1
96,022470	69,599998	80,000000	1,362071E-1
96,022470	69,599998	80,000000	1,363740E-1
96,022470	69,599998	80,000000	1,363740E-1
96,022470	69,599998	80,000000	1,365409E-1
96,022470	69,599998	80,000000	1,365409E-1
97,022786	71,500000	80,000000	1,367078E-1
97,022786	71,500000	80,000000	1,367078E-1
97,022786	71,500000	80,000000	1,363655E-1
97,022786	71,500000	80,000000	1,365019E-1
97,022786	71,500000	80,000000	1,366383E-1
97,022786	71,500000	80,000000	1,367748E-1
97,022786	71,500000	80,000000	1,367748E-1
97,022786	71,500000	80,000000	1,369112E-1
97,022786	71,500000	80,000000	1,370476E-1
97,022786	71,500000	80,000000	1,370476E-1
98,023289	72,500000	80,000000	1,371840E-1
98,023289	72,500000	80,000000	1,370524E-1
98,023289	72,500000	80,000000	1,371728E-1
98,023289	72,500000	80,000000	1,371728E-1
98,023289	72,500000	80,000000	1,371728E-1
98,023289	72,500000	80,000000	1,372932E-1
98,023289	72,500000	80,000000	1,372932E-1
98,023289	72,500000	80,000000	1,374135E-1
98,023289	72,500000	80,000000	1,375339E-1
98,023289	72,500000	80,000000	1,376543E-1
99,023669	72,500000	80,000000	1,376543E-1
99,023669	72,500000	80,000000	1,377746E-1
99,023669	72,800003	80,000000	1,378950E-1
99,023669	72,800003	80,000000	1,378950E-1
99,023669	72,800003	80,000000	1,379350E-1
99,023669	72,800003	80,000000	1,380505E-1
99,023669	72,800003	80,000000	1,380505E-1
99,023669	72,800003	80,000000	1,381661E-1
99,023669	72,800003	80,000000	1,382816E-1
99,023669	72,800003	80,000000	1,382816E-1
100,024148	72,800003	80,000000	1,382816E-1
100,024148	72,800003	80,000000	1,383972E-1
100,024148	72,800003	80,000000	1,383972E-1
100,024148	72,800003	80,000000	1,385128E-1
100,024148	72,800003	80,000000	1,385128E-1
100,024148	74,000000	80,000000	1,386283E-1
100,024148	74,000000	80,000000	1,384222E-1
100,024148	74,000000	80,000000	1,385185E-1
100,024148	74,000000	80,000000	1,385185E-1
100,024148	74,000000	80,000000	1,386148E-1
101,023247	74,000000	80,000000	1,387111E-1
101,023247	74,000000	80,000000	1,387111E-1
101,023247	74,000000	80,000000	1,388074E-1
101,023247	74,000000	80,000000	1,389037E-1
101,023247	74,000000	80,000000	1,389037E-1
101,023247	74,800003	80,000000	1,387856E-1
101,023247	74,800003	80,000000	1,387856E-1
101,023247	74,800003	80,000000	1,388690E-1
101,023247	74,800003	80,000000	1,389525E-1
101,023247	74,800003	80,000000	1,390360E-1
102,024741	74,800003	80,000000	1,391194E-1
102,024741	74,800003	80,000000	1,391194E-1
102,024741	74,800003	80,000000	1,392029E-1
102,024741	75,199997	80,000000	1,392863E-1
102,024741	75,199997	80,000000	1,392863E-1
102,024741	75,199997	80,000000	1,392626E-1
102,024741	75,199997	80,000000	1,393396E-1
102,024741	75,199997	80,000000	1,393396E-1
102,024741	75,199997	80,000000	1,394167E-1
102,024741	75,199997	80,000000	1,394167E-1
103,025078	75,199997	80,000000	1,394937E-1
103,025078	75,199997	80,000000	1,394937E-1
103,025078	75,199997	80,000000	1,395707E-1
103,025078	75,199997	80,000000	1,396478E-1
103,025078	75,199997	80,000000	1,396478E-1
103,025078	75,699997	80,000000	1,397248E-1
103,025078	75,699997	80,000000	1,396678E-1
103,025078	75,699997	80,000000	1,397368E-1
103,025078	75,699997	80,000000	1,397368E-1
103,025078	75,699997	80,000000	1,398059E-1
104,025520	75,699997	80,000000	1,398749E-1
104,025520	75,699997	80,000000	1,398749E-1
104,025520	75,699997	80,000000	1,399439E-1
104,025520	75,699997	80,000000	1,399439E-1
104,025520	75,699997	80,000000	1,400129E-1
104,025520	75,699997	80,000000	1,400129E-1
104,025520	75,699997	80,000000	1,400129E-1
104,025520	75,699997	80,000000	1,400819E-1
104,025520	75,699997	80,000000	1,401509E-1
104,025520	75,699997	80,000000	1,401509E-1
105,025937	76,300003	80,000000	1,402199E-1
105,025937	76,300003	80,000000	1,401281E-1
105,025937	76,300003	80,000000	1,401875E-1
105,025937	76,300003	80,000000	1,401875E-1
105,025937	76,300003	80,000000	1,402469E-1
105,025937	76,300003	80,000000	1,403063E-1
105,025937	76,300003	80,000000	1,403063E-1
105,025937	76,300003	80,000000	1,403657E-1
105,025937	76,300003	80,000000	1,404250E-1
105,025937	76,300003	80,000000	1,404250E-1
106,025386	76,300003	80,000000	1,404844E-1
106,025386	76,300003	80,000000	1,404844E-1
106,025386	76,899994	80,000000	1,404844E-1
106,025386	76,899994	80,000000	1,403830E-1
106,025386	76,899994	80,000000	1,403830E-1
106,025386	76,899994	80,000000	1,404327E-1
106,025386	76,899994	80,000000	1,404825E-1
106,025386	76,899994	80,000000	1,404825E-1
106,025386	76,899994	80,000000	1,405322E-1
106,025386	76,899994	80,000000	1,405820E-1
107,026802	76,899994	80,000000	1,406318E-1
107,026802	55,599998	80,000000	1,406318E-1
107,026802	55,599998	80,000000	1,463904E-1
107,026802	55,599998	80,000000	1,467820E-1
107,026802	55,599998	80,000000	1,471736E-1
107,026802	55,599998	80,000000	1,471736E-1
107,026802	55,599998	80,000000	1,475652E-1
107,026802	55,599998	80,000000	1,475652E-1
107,026802	55,599998	80,000000	1,479569E-1
107,026802	55,599998	80,000000	1,483485E-1
108,026218	55,599998	80,000000	1,487401E-1
108,026218	19,100000	80,000000	1,487401E-1
108,026218	19,100000	80,000000	1,589146E-1
108,026218	19,100000	80,000000	1,598920E-1
108,026218	19,100000	80,000000	1,598920E-1
108,026218	19,100000	80,000000	1,608694E-1
108,026218	19,100000	80,000000	1,618468E-1
108,026218	19,100000	80,000000	1,628242E-1
108,026218	19,100000	80,000000	1,628242E-1
108,026218	19,100000	80,000000	1,638016E-1
109,026627	19,100000	80,000000	1,638016E-1
109,026627	3,300000	80,000000	1,638016E-1
109,026627	3,300000	80,000000	1,690138E-1
