30,007717	0,000000	0,000000	0,000000E+0
0,003399	0,000000	0,000000	0,000000E+0
0,003399	0,000000	0,000000	0,000000E+0
0,003399	0,000000	0,000000	0,000000E+0
0,003399	0,000000	0,000000	0,000000E+0
0,003399	0,000000	0,000000	0,000000E+0
0,003399	0,000000	0,000000	0,000000E+0
0,003399	0,000000	0,000000	0,000000E+0
0,003399	0,000000	0,000000	0,000000E+0
0,003399	0,000000	0,000000	0,000000E+0
0,003399	0,000000	0,000000	0,000000E+0
1,003381	0,000000	0,000000	0,000000E+0
1,003381	0,000000	0,000000	0,000000E+0
1,003381	0,000000	0,000000	0,000000E+0
1,003381	0,000000	0,000000	0,000000E+0
1,003381	0,000000	0,000000	0,000000E+0
1,003381	0,000000	0,000000	0,000000E+0
1,003381	0,000000	0,000000	0,000000E+0
1,003381	0,000000	0,000000	0,000000E+0
1,003381	0,000000	0,000000	0,000000E+0
1,003381	0,000000	0,000000	0,000000E+0
2,003800	0,000000	0,000000	0,000000E+0
2,003800	0,000000	0,000000	0,000000E+0
2,003800	0,000000	0,000000	0,000000E+0
2,003800	0,000000	0,000000	0,000000E+0
2,003800	0,000000	0,000000	0,000000E+0
2,003800	0,000000	0,000000	0,000000E+0
2,003800	0,000000	0,000000	0,000000E+0
2,003800	0,000000	0,000000	0,000000E+0
2,003800	0,000000	0,000000	0,000000E+0
2,003800	0,000000	0,000000	0,000000E+0
3,003228	0,000000	0,000000	0,000000E+0
3,003228	0,000000	0,000000	0,000000E+0
3,003228	0,000000	0,000000	0,000000E+0
3,003228	0,000000	0,000000	0,000000E+0
3,003228	0,000000	0,000000	0,000000E+0
3,003228	0,000000	0,000000	0,000000E+0
3,003228	0,000000	0,000000	0,000000E+0
3,003228	0,000000	0,000000	0,000000E+0
3,003228	0,000000	0,000000	0,000000E+0
3,003228	0,000000	0,000000	0,000000E+0
4,003693	0,000000	0,000000	0,000000E+0
4,003693	0,000000	0,000000	0,000000E+0
4,003693	0,000000	0,000000	0,000000E+0
4,003693	0,000000	0,000000	0,000000E+0
4,003693	0,000000	0,000000	0,000000E+0
4,003693	0,000000	0,000000	0,000000E+0
4,003693	0,000000	0,000000	0,000000E+0
4,003693	0,000000	0,000000	0,000000E+0
4,003693	0,000000	0,000000	0,000000E+0
4,003693	0,000000	0,000000	0,000000E+0
5,005076	0,000000	0,000000	0,000000E+0
5,005076	0,000000	0,000000	0,000000E+0
5,005076	0,000000	0,000000	0,000000E+0
5,005076	0,000000	0,000000	0,000000E+0
5,005076	0,000000	0,000000	0,000000E+0
5,005076	0,000000	0,000000	0,000000E+0
5,005076	0,000000	0,000000	0,000000E+0
5,005076	0,000000	0,000000	0,000000E+0
5,005076	0,000000	0,000000	0,000000E+0
5,005076	0,000000	0,000000	0,000000E+0
6,005505	0,000000	0,000000	0,000000E+0
6,005505	0,000000	0,000000	0,000000E+0
6,005505	0,000000	0,000000	0,000000E+0
6,005505	0,000000	0,000000	0,000000E+0
6,005505	0,000000	0,000000	0,000000E+0
6,005505	0,000000	0,000000	0,000000E+0
6,005505	0,000000	0,000000	0,000000E+0
6,005505	0,000000	0,000000	0,000000E+0
6,005505	0,000000	0,000000	0,000000E+0
6,005505	0,000000	0,000000	0,000000E+0
7,005925	0,000000	0,000000	0,000000E+0
7,005925	0,000000	0,000000	0,000000E+0
7,005925	0,000000	0,000000	0,000000E+0
7,005925	0,000000	0,000000	0,000000E+0
7,005925	0,000000	0,000000	0,000000E+0
7,005925	0,000000	0,000000	0,000000E+0
7,005925	0,000000	0,000000	0,000000E+0
7,005925	0,000000	0,000000	0,000000E+0
7,005925	0,000000	0,000000	0,000000E+0
7,005925	0,000000	0,000000	0,000000E+0
8,006348	0,000000	0,000000	0,000000E+0
8,006348	0,000000	0,000000	0,000000E+0
8,006348	0,000000	0,000000	0,000000E+0
8,006348	0,000000	0,000000	0,000000E+0
8,006348	0,000000	0,000000	0,000000E+0
8,006348	0,000000	0,000000	0,000000E+0
8,006348	0,000000	0,000000	0,000000E+0
8,006348	0,000000	0,000000	0,000000E+0
8,006348	0,000000	0,000000	0,000000E+0
8,006348	0,000000	0,000000	0,000000E+0
9,006775	0,000000	0,000000	0,000000E+0
9,006775	0,000000	0,000000	0,000000E+0
9,006775	0,000000	0,000000	0,000000E+0
9,006775	0,000000	0,000000	0,000000E+0
9,006775	0,000000	0,000000	0,000000E+0
9,006775	0,000000	0,000000	0,000000E+0
9,006775	0,000000	0,000000	0,000000E+0
9,006775	0,000000	0,000000	0,000000E+0
9,006775	0,000000	0,000000	0,000000E+0
9,006775	0,000000	0,000000	0,000000E+0
10,007230	0,000000	0,000000	0,000000E+0
10,007230	0,000000	0,000000	0,000000E+0
10,007230	0,000000	0,000000	0,000000E+0
10,007230	0,000000	0,000000	0,000000E+0
10,007230	0,000000	0,000000	0,000000E+0
10,007230	0,000000	0,000000	0,000000E+0
10,007230	0,000000	0,000000	0,000000E+0
10,007230	0,000000	0,000000	0,000000E+0
10,007230	0,000000	0,000000	0,000000E+0
10,007230	0,000000	0,000000	0,000000E+0
11,007620	0,000000	0,000000	0,000000E+0
11,007620	0,000000	0,000000	0,000000E+0
11,007620	0,000000	0,000000	0,000000E+0
11,007620	0,000000	0,000000	0,000000E+0
11,007620	0,000000	0,000000	0,000000E+0
11,007620	0,000000	0,000000	0,000000E+0
11,007620	0,000000	0,000000	0,000000E+0
11,007620	0,000000	0,000000	0,000000E+0
11,007620	0,000000	0,000000	0,000000E+0
11,007620	0,000000	0,000000	0,000000E+0
12,008041	0,000000	0,000000	0,000000E+0
12,008041	0,000000	0,000000	0,000000E+0
12,008041	0,000000	0,000000	0,000000E+0
12,008041	0,000000	0,000000	0,000000E+0
12,008041	0,000000	0,000000	0,000000E+0
12,008041	0,000000	0,000000	0,000000E+0
12,008041	0,000000	0,000000	0,000000E+0
12,008041	0,000000	0,000000	0,000000E+0
12,008041	0,000000	0,000000	0,000000E+0
12,008041	0,000000	0,000000	0,000000E+0
13,007470	0,000000	0,000000	0,000000E+0
13,007470	0,000000	0,000000	0,000000E+0
13,007470	0,000000	0,000000	0,000000E+0
13,007470	0,000000	0,000000	0,000000E+0
13,007470	0,000000	0,000000	0,000000E+0
13,007470	0,000000	0,000000	0,000000E+0
13,007470	0,000000	0,000000	0,000000E+0
13,007470	0,000000	0,000000	0,000000E+0
13,007470	0,000000	0,000000	0,000000E+0
13,007470	0,000000	0,000000	0,000000E+0
14,007894	0,000000	0,000000	0,000000E+0
14,007894	0,000000	0,000000	0,000000E+0
14,007894	0,000000	0,000000	0,000000E+0
14,007894	0,000000	0,000000	0,000000E+0
14,007894	0,000000	0,000000	0,000000E+0
14,007894	0,000000	0,000000	0,000000E+0
14,007894	0,000000	0,000000	0,000000E+0
14,007894	0,000000	0,000000	0,000000E+0
14,007894	0,000000	0,000000	0,000000E+0
14,007894	0,000000	0,000000	0,000000E+0
15,007318	0,000000	0,000000	0,000000E+0
15,007318	0,000000	0,000000	0,000000E+0
15,007318	0,000000	0,000000	0,000000E+0
15,007318	0,000000	0,000000	0,000000E+0
15,007318	0,000000	0,000000	0,000000E+0
15,007318	0,000000	0,000000	0,000000E+0
15,007318	0,000000	0,000000	0,000000E+0
15,007318	0,000000	0,000000	0,000000E+0
15,007318	0,000000	0,000000	0,000000E+0
15,007318	0,000000	0,000000	0,000000E+0
16,007741	0,000000	0,000000	0,000000E+0
16,007741	0,000000	0,000000	0,000000E+0
16,007741	0,000000	0,000000	0,000000E+0
16,007741	0,000000	0,000000	0,000000E+0
16,007741	0,000000	0,000000	0,000000E+0
16,007741	0,000000	0,000000	0,000000E+0
16,007741	0,000000	0,000000	0,000000E+0
16,007741	0,000000	0,000000	0,000000E+0
16,007741	0,000000	0,000000	0,000000E+0
16,007741	0,000000	0,000000	0,000000E+0
17,007160	0,000000	0,000000	0,000000E+0
17,007160	0,000000	0,000000	0,000000E+0
17,007160	0,000000	0,000000	0,000000E+0
17,007160	0,000000	0,000000	0,000000E+0
17,007160	0,000000	0,000000	0,000000E+0
17,007160	0,000000	0,000000	0,000000E+0
17,007160	0,000000	0,000000	0,000000E+0
17,007160	0,000000	0,000000	0,000000E+0
17,007160	0,000000	0,000000	0,000000E+0
17,007160	0,000000	0,000000	0,000000E+0
18,007592	0,000000	0,000000	0,000000E+0
18,007592	0,000000	0,000000	0,000000E+0
18,007592	0,000000	0,000000	0,000000E+0
18,007592	0,000000	0,000000	0,000000E+0
18,007592	0,000000	0,000000	0,000000E+0
18,007592	0,000000	0,000000	0,000000E+0
18,007592	0,000000	0,000000	0,000000E+0
18,007592	0,000000	0,000000	0,000000E+0
18,007592	0,000000	0,000000	0,000000E+0
18,007592	0,000000	0,000000	0,000000E+0
19,008010	0,000000	0,000000	0,000000E+0
19,008010	0,000000	0,000000	0,000000E+0
19,008010	0,000000	0,000000	0,000000E+0
19,008010	0,000000	0,000000	0,000000E+0
19,008010	0,000000	0,000000	0,000000E+0
19,008010	0,000000	0,000000	0,000000E+0
19,008010	0,000000	0,000000	0,000000E+0
19,008010	0,000000	0,000000	0,000000E+0
19,008010	0,000000	0,000000	0,000000E+0
19,008010	0,000000	0,000000	0,000000E+0
20,007448	0,000000	0,000000	0,000000E+0
20,007448	0,000000	0,000000	0,000000E+0
20,007448	0,000000	0,000000	0,000000E+0
20,007448	0,000000	0,000000	0,000000E+0
20,007448	0,000000	0,000000	0,000000E+0
20,007448	0,000000	0,000000	0,000000E+0
20,007448	0,000000	0,000000	0,000000E+0
20,007448	0,000000	0,000000	0,000000E+0
20,007448	0,000000	0,000000	0,000000E+0
20,007448	0,000000	0,000000	0,000000E+0
21,008863	0,000000	0,000000	0,000000E+0
21,008863	0,000000	0,000000	0,000000E+0
21,008863	0,000000	0,000000	0,000000E+0
21,008863	0,000000	0,000000	0,000000E+0
21,008863	0,000000	0,000000	0,000000E+0
21,008863	0,000000	0,000000	0,000000E+0
21,008863	0,000000	0,000000	0,000000E+0
21,008863	0,000000	0,000000	0,000000E+0
21,008863	0,000000	0,000000	0,000000E+0
21,008863	0,000000	0,000000	0,000000E+0
22,008289	0,000000	0,000000	0,000000E+0
22,008289	0,000000	0,000000	0,000000E+0
22,008289	0,000000	0,000000	0,000000E+0
22,008289	0,000000	0,000000	0,000000E+0
22,008289	0,000000	0,000000	0,000000E+0
22,008289	0,000000	0,000000	0,000000E+0
22,008289	0,000000	0,000000	0,000000E+0
22,008289	0,000000	0,000000	0,000000E+0
22,008289	0,000000	0,000000	0,000000E+0
22,008289	0,000000	0,000000	0,000000E+0
23,008712	0,000000	0,000000	0,000000E+0
23,008712	0,000000	0,000000	0,000000E+0
23,008712	0,000000	0,000000	0,000000E+0
23,008712	0,000000	0,000000	0,000000E+0
23,008712	0,000000	0,000000	0,000000E+0
23,008712	0,000000	0,000000	0,000000E+0
23,008712	0,000000	0,000000	0,000000E+0
23,008712	0,000000	0,000000	0,000000E+0
23,008712	0,000000	0,000000	0,000000E+0
23,008712	0,000000	0,000000	0,000000E+0
24,008137	0,000000	0,000000	0,000000E+0
24,008137	0,000000	0,000000	0,000000E+0
24,008137	0,000000	0,000000	0,000000E+0
24,008137	0,000000	0,000000	0,000000E+0
24,008137	0,000000	0,000000	0,000000E+0
24,008137	0,000000	0,000000	0,000000E+0
24,008137	0,000000	0,000000	0,000000E+0
24,008137	0,000000	0,000000	0,000000E+0
24,008137	0,000000	0,000000	0,000000E+0
24,008137	0,000000	0,000000	0,000000E+0
25,008564	0,000000	0,000000	0,000000E+0
25,008564	0,000000	0,000000	0,000000E+0
25,008564	0,000000	0,000000	0,000000E+0
25,008564	0,000000	0,000000	0,000000E+0
25,008564	0,000000	0,000000	0,000000E+0
25,008564	0,000000	0,000000	0,000000E+0
25,008564	0,000000	0,000000	0,000000E+0
25,008564	0,000000	0,000000	0,000000E+0
25,008564	0,000000	0,000000	0,000000E+0
25,008564	0,000000	0,000000	0,000000E+0
26,009983	0,000000	0,000000	0,000000E+0
26,009983	0,000000	0,000000	0,000000E+0
26,009983	0,000000	0,000000	0,000000E+0
26,009983	0,000000	0,000000	0,000000E+0
26,009983	0,000000	0,000000	0,000000E+0
26,009983	0,000000	0,000000	0,000000E+0
26,009983	0,000000	0,000000	0,000000E+0
26,009983	0,000000	0,000000	0,000000E+0
26,009983	0,000000	0,000000	0,000000E+0
26,009983	0,000000	0,000000	0,000000E+0
27,009414	0,000000	0,000000	0,000000E+0
27,009414	0,000000	0,000000	0,000000E+0
27,009414	0,000000	0,000000	0,000000E+0
27,009414	0,000000	0,000000	0,000000E+0
27,009414	0,000000	0,000000	0,000000E+0
27,009414	0,000000	0,000000	0,000000E+0
27,009414	0,000000	0,000000	0,000000E+0
27,009414	0,000000	0,000000	0,000000E+0
27,009414	0,000000	0,000000	0,000000E+0
27,009414	0,000000	0,000000	0,000000E+0
28,010837	0,000000	0,000000	0,000000E+0
28,010837	0,000000	0,000000	0,000000E+0
28,010837	0,000000	0,000000	0,000000E+0
28,010837	0,000000	0,000000	0,000000E+0
28,010837	0,000000	0,000000	0,000000E+0
28,010837	0,000000	0,000000	0,000000E+0
28,010837	0,000000	0,000000	0,000000E+0
28,010837	0,000000	0,000000	0,000000E+0
28,010837	0,000000	0,000000	0,000000E+0
28,010837	0,000000	0,000000	0,000000E+0
29,010280	0,000000	0,000000	0,000000E+0
29,010280	0,000000	0,000000	0,000000E+0
29,010280	0,000000	0,000000	0,000000E+0
29,010280	0,000000	0,000000	0,000000E+0
29,010280	0,000000	0,000000	0,000000E+0
29,010280	0,000000	0,000000	0,000000E+0
29,010280	0,000000	0,000000	0,000000E+0
29,010280	0,000000	0,000000	0,000000E+0
29,010280	0,000000	0,000000	0,000000E+0
29,010280	0,000000	0,000000	0,000000E+0
30,010683	0,000000	0,000000	0,000000E+0
30,010683	0,000000	0,000000	0,000000E+0
30,010683	0,000000	0,000000	0,000000E+0
30,010683	0,000000	0,000000	0,000000E+0
30,010683	0,000000	0,000000	0,000000E+0
30,010683	0,000000	0,000000	0,000000E+0
30,010683	0,000000	0,000000	0,000000E+0
30,010683	0,000000	0,000000	0,000000E+0
30,010683	0,000000	0,000000	0,000000E+0
30,010683	0,000000	0,000000	0,000000E+0
31,011107	0,000000	0,000000	0,000000E+0
31,011107	0,000000	0,000000	0,000000E+0
31,011107	0,000000	0,000000	0,000000E+0
31,011107	0,000000	0,000000	0,000000E+0
31,011107	0,000000	0,000000	0,000000E+0
31,011107	0,000000	0,000000	0,000000E+0
31,011107	0,000000	0,000000	0,000000E+0
31,011107	0,000000	0,000000	0,000000E+0
31,011107	0,000000	0,000000	0,000000E+0
31,011107	0,000000	0,000000	0,000000E+0
32,011529	0,000000	0,000000	0,000000E+0
32,011529	0,000000	0,000000	0,000000E+0
32,011529	0,000000	0,000000	0,000000E+0
32,011529	0,000000	0,000000	0,000000E+0
32,011529	0,000000	0,000000	0,000000E+0
32,011529	0,000000	0,000000	0,000000E+0
32,011529	0,000000	0,000000	0,000000E+0
32,011529	0,000000	0,000000	0,000000E+0
32,011529	0,000000	0,000000	0,000000E+0
32,011529	0,000000	0,000000	0,000000E+0
33,011946	0,000000	0,000000	0,000000E+0
33,011946	0,000000	0,000000	0,000000E+0
33,011946	0,000000	0,000000	0,000000E+0
33,011946	0,000000	0,000000	0,000000E+0
33,011946	0,000000	0,000000	0,000000E+0
33,011946	0,000000	0,000000	0,000000E+0
33,011946	0,000000	0,000000	0,000000E+0
33,011946	0,000000	0,000000	0,000000E+0
33,011946	0,000000	0,000000	0,000000E+0
33,011946	0,000000	0,000000	0,000000E+0
34,012388	0,000000	0,000000	0,000000E+0
34,012388	0,000000	0,000000	0,000000E+0
34,012388	0,000000	0,000000	0,000000E+0
34,012388	0,000000	0,000000	0,000000E+0
34,012388	0,000000	0,000000	0,000000E+0
34,012388	0,000000	0,000000	0,000000E+0
34,012388	0,000000	0,000000	0,000000E+0
34,012388	0,000000	0,000000	0,000000E+0
34,012388	0,000000	0,000000	0,000000E+0
34,012388	0,000000	0,000000	0,000000E+0
35,012802	0,000000	0,000000	0,000000E+0
35,012802	0,000000	0,000000	0,000000E+0
35,012802	0,000000	0,000000	0,000000E+0
35,012802	0,000000	0,000000	0,000000E+0
35,012802	0,000000	0,000000	0,000000E+0
35,012802	0,000000	0,000000	0,000000E+0
35,012802	0,000000	0,000000	0,000000E+0
35,012802	0,000000	0,000000	0,000000E+0
35,012802	0,000000	0,000000	0,000000E+0
35,012802	0,000000	0,000000	0,000000E+0
36,012232	0,000000	0,000000	0,000000E+0
36,012232	0,000000	0,000000	0,000000E+0
36,012232	0,000000	0,000000	0,000000E+0
36,012232	0,000000	0,000000	0,000000E+0
36,012232	0,000000	0,000000	0,000000E+0
36,012232	0,000000	0,000000	0,000000E+0
36,012232	0,000000	0,000000	0,000000E+0
36,012232	0,000000	0,000000	0,000000E+0
36,012232	0,000000	0,000000	0,000000E+0
36,012232	0,000000	0,000000	0,000000E+0
37,012665	0,000000	0,000000	0,000000E+0
37,012665	0,000000	0,000000	0,000000E+0
37,012665	0,000000	0,000000	0,000000E+0
37,012665	0,000000	0,000000	0,000000E+0
37,012665	0,000000	0,000000	0,000000E+0
37,012665	0,000000	0,000000	0,000000E+0
37,012665	0,000000	0,000000	0,000000E+0
37,012665	0,000000	0,000000	0,000000E+0
37,012665	0,000000	0,000000	0,000000E+0
37,012665	0,000000	0,000000	0,000000E+0
38,013074	0,000000	0,000000	0,000000E+0
38,013074	0,000000	0,000000	0,000000E+0
38,013074	0,000000	0,000000	0,000000E+0
38,013074	0,000000	0,000000	0,000000E+0
38,013074	0,000000	0,000000	0,000000E+0
38,013074	0,000000	0,000000	0,000000E+0
38,013074	0,000000	0,000000	0,000000E+0
38,013074	0,000000	0,000000	0,000000E+0
38,013074	0,000000	0,000000	0,000000E+0
38,013074	0,000000	0,000000	0,000000E+0
39,013508	0,000000	0,000000	0,000000E+0
39,013508	0,000000	0,000000	0,000000E+0
39,013508	0,000000	0,000000	0,000000E+0
39,013508	0,000000	0,000000	0,000000E+0
39,013508	0,000000	0,000000	0,000000E+0
39,013508	0,000000	0,000000	0,000000E+0
39,013508	0,000000	0,000000	0,000000E+0
39,013508	0,000000	0,000000	0,000000E+0
39,013508	0,000000	0,000000	0,000000E+0
39,013508	0,000000	0,000000	0,000000E+0
40,013923	0,000000	0,000000	0,000000E+0
40,013923	0,000000	0,000000	0,000000E+0
40,013923	0,000000	0,000000	0,000000E+0
40,013923	0,000000	0,000000	0,000000E+0
40,013923	0,000000	0,000000	0,000000E+0
40,013923	0,000000	0,000000	0,000000E+0
40,013923	0,000000	0,000000	0,000000E+0
40,013923	0,000000	0,000000	0,000000E+0
40,013923	0,000000	0,000000	0,000000E+0
40,013923	0,000000	0,000000	0,000000E+0
41,013352	0,000000	0,000000	0,000000E+0
41,013352	0,000000	0,000000	0,000000E+0
41,013352	0,000000	0,000000	0,000000E+0
41,013352	0,000000	0,000000	0,000000E+0
41,013352	0,000000	0,000000	0,000000E+0
41,013352	0,000000	0,000000	0,000000E+0
41,013352	0,000000	0,000000	0,000000E+0
41,013352	0,000000	0,000000	0,000000E+0
41,013352	0,000000	0,000000	0,000000E+0
41,013352	0,000000	0,000000	0,000000E+0
42,013778	0,000000	0,000000	0,000000E+0
42,013778	0,000000	0,000000	0,000000E+0
42,013778	0,000000	0,000000	0,000000E+0
42,013778	0,000000	0,000000	0,000000E+0
42,013778	0,000000	0,000000	0,000000E+0
42,013778	0,000000	0,000000	0,000000E+0
42,013778	0,000000	0,000000	0,000000E+0
42,013778	0,000000	0,000000	0,000000E+0
42,013778	0,000000	0,000000	0,000000E+0
42,013778	0,000000	0,000000	0,000000E+0
43,013196	0,000000	0,000000	0,000000E+0
43,013196	0,000000	0,000000	0,000000E+0
43,013196	0,000000	0,000000	0,000000E+0
43,013196	0,000000	0,000000	0,000000E+0
43,013196	0,000000	0,000000	0,000000E+0
43,013196	0,000000	0,000000	0,000000E+0
43,013196	0,000000	0,000000	0,000000E+0
43,013196	0,000000	0,000000	0,000000E+0
43,013196	0,000000	0,000000	0,000000E+0
43,013196	0,000000	0,000000	0,000000E+0
44,013618	0,000000	0,000000	0,000000E+0
44,013618	0,000000	0,000000	0,000000E+0
44,013618	0,000000	0,000000	0,000000E+0
44,013618	0,000000	0,000000	0,000000E+0
44,013618	0,000000	0,000000	0,000000E+0
44,013618	0,000000	0,000000	0,000000E+0
44,013618	0,000000	0,000000	0,000000E+0
44,013618	0,000000	0,000000	0,000000E+0
44,013618	0,000000	0,000000	0,000000E+0
44,013618	0,000000	0,000000	0,000000E+0
45,014063	0,000000	0,000000	0,000000E+0
45,014063	0,000000	0,000000	0,000000E+0
45,014063	0,000000	0,000000	0,000000E+0
45,014063	0,000000	0,000000	0,000000E+0
45,014063	0,000000	0,000000	0,000000E+0
45,014063	0,000000	0,000000	0,000000E+0
45,014063	0,000000	0,000000	0,000000E+0
45,014063	0,000000	0,000000	0,000000E+0
45,014063	0,000000	0,000000	0,000000E+0
45,014063	0,000000	0,000000	0,000000E+0
46,013474	0,000000	0,000000	0,000000E+0
46,013474	0,000000	0,000000	0,000000E+0
46,013474	0,000000	0,000000	0,000000E+0
46,013474	0,000000	0,000000	0,000000E+0
46,013474	0,000000	0,000000	0,000000E+0
46,013474	0,000000	0,000000	0,000000E+0
46,013474	0,000000	0,000000	0,000000E+0
46,013474	0,000000	0,000000	0,000000E+0
46,013474	0,000000	0,000000	0,000000E+0
46,013474	0,000000	0,000000	0,000000E+0
47,013892	0,000000	0,000000	0,000000E+0
47,013892	0,000000	0,000000	0,000000E+0
47,013892	0,000000	0,000000	0,000000E+0
47,013892	0,000000	0,000000	0,000000E+0
47,013892	0,000000	0,000000	0,000000E+0
47,013892	0,000000	0,000000	0,000000E+0
47,013892	0,000000	0,000000	0,000000E+0
47,013892	0,000000	0,000000	0,000000E+0
47,013892	0,000000	0,000000	0,000000E+0
47,013892	0,000000	0,000000	0,000000E+0
48,014314	0,000000	0,000000	0,000000E+0
48,014314	0,000000	0,000000	0,000000E+0
48,014314	0,000000	0,000000	0,000000E+0
48,014314	0,000000	0,000000	0,000000E+0
48,014314	0,000000	0,000000	0,000000E+0
48,014314	0,000000	0,000000	0,000000E+0
48,014314	0,000000	0,000000	0,000000E+0
48,014314	0,000000	0,000000	0,000000E+0
48,014314	0,000000	0,000000	0,000000E+0
48,014314	0,000000	0,000000	0,000000E+0
49,014737	0,000000	0,000000	0,000000E+0
49,014737	0,000000	0,000000	0,000000E+0
49,014737	0,000000	0,000000	0,000000E+0
49,014737	0,000000	0,000000	0,000000E+0
49,014737	0,000000	0,000000	0,000000E+0
49,014737	0,000000	0,000000	0,000000E+0
49,014737	0,000000	0,000000	0,000000E+0
49,014737	0,000000	0,000000	0,000000E+0
49,014737	0,000000	0,000000	0,000000E+0
49,014737	0,000000	0,000000	0,000000E+0
50,014163	0,000000	0,000000	0,000000E+0
50,014163	0,000000	0,000000	0,000000E+0
50,014163	0,000000	0,000000	0,000000E+0
50,014163	0,000000	0,000000	0,000000E+0
50,014163	0,000000	0,000000	0,000000E+0
50,014163	0,000000	0,000000	0,000000E+0
50,014163	0,000000	0,000000	0,000000E+0
50,014163	0,000000	0,000000	0,000000E+0
50,014163	0,000000	0,000000	0,000000E+0
50,014163	0,000000	0,000000	0,000000E+0
51,014587	0,000000	0,000000	0,000000E+0
51,014587	0,000000	0,000000	0,000000E+0
51,014587	0,000000	0,000000	0,000000E+0
51,014587	0,000000	0,000000	0,000000E+0
51,014587	0,000000	0,000000	0,000000E+0
51,014587	0,000000	0,000000	0,000000E+0
51,014587	0,000000	0,000000	0,000000E+0
51,014587	0,000000	0,000000	0,000000E+0
51,014587	0,000000	0,000000	0,000000E+0
51,014587	0,000000	0,000000	0,000000E+0
52,015017	0,000000	0,000000	0,000000E+0
52,015017	0,000000	0,000000	0,000000E+0
52,015017	0,000000	0,000000	0,000000E+0
52,015017	0,000000	0,000000	0,000000E+0
52,015017	0,000000	0,000000	0,000000E+0
52,015017	0,000000	0,000000	0,000000E+0
52,015017	0,000000	0,000000	0,000000E+0
52,015017	0,000000	0,000000	0,000000E+0
52,015017	0,000000	0,000000	0,000000E+0
52,015017	0,000000	0,000000	0,000000E+0
53,014436	0,000000	0,000000	0,000000E+0
53,014436	0,000000	0,000000	0,000000E+0
53,014436	0,000000	0,000000	0,000000E+0
53,014436	0,000000	0,000000	0,000000E+0
53,014436	0,000000	0,000000	0,000000E+0
53,014436	0,000000	0,000000	0,000000E+0
53,014436	0,000000	0,000000	0,000000E+0
53,014436	0,000000	0,000000	0,000000E+0
53,014436	0,000000	0,000000	0,000000E+0
53,014436	0,000000	0,000000	0,000000E+0
54,015857	0,000000	0,000000	0,000000E+0
54,015857	0,000000	0,000000	0,000000E+0
54,015857	0,000000	0,000000	0,000000E+0
54,015857	0,000000	0,000000	0,000000E+0
54,015857	0,000000	0,000000	0,000000E+0
54,015857	0,000000	0,000000	0,000000E+0
54,015857	0,000000	0,000000	0,000000E+0
54,015857	0,000000	0,000000	0,000000E+0
54,015857	0,000000	0,000000	0,000000E+0
54,015857	0,000000	0,000000	0,000000E+0
55,015289	0,000000	0,000000	0,000000E+0
55,015289	0,000000	0,000000	0,000000E+0
55,015289	0,000000	0,000000	0,000000E+0
55,015289	0,000000	0,000000	0,000000E+0
55,015289	0,000000	0,000000	0,000000E+0
55,015289	0,000000	0,000000	0,000000E+0
55,015289	0,000000	0,000000	0,000000E+0
55,015289	0,000000	0,000000	0,000000E+0
55,015289	0,000000	0,000000	0,000000E+0
55,015289	0,000000	0,000000	0,000000E+0
56,015749	0,000000	0,000000	0,000000E+0
56,015749	0,000000	0,000000	0,000000E+0
56,015749	0,000000	0,000000	0,000000E+0
56,015749	0,000000	0,000000	0,000000E+0
56,015749	0,000000	0,000000	0,000000E+0
56,015749	0,000000	0,000000	0,000000E+0
56,015749	0,000000	0,000000	0,000000E+0
56,015749	0,000000	0,000000	0,000000E+0
56,015749	0,000000	0,000000	0,000000E+0
56,015749	0,000000	0,000000	0,000000E+0
57,015130	0,000000	0,000000	0,000000E+0
57,015130	0,000000	0,000000	0,000000E+0
57,015130	0,000000	0,000000	0,000000E+0
57,015130	0,000000	0,000000	0,000000E+0
57,015130	0,000000	0,000000	0,000000E+0
57,015130	0,000000	0,000000	0,000000E+0
57,015130	0,000000	0,000000	0,000000E+0
57,015130	0,000000	0,000000	0,000000E+0
57,015130	0,000000	0,000000	0,000000E+0
57,015130	0,000000	0,000000	0,000000E+0
58,015555	0,000000	0,000000	0,000000E+0
58,015555	0,000000	0,000000	0,000000E+0
58,015555	0,000000	0,000000	0,000000E+0
58,015555	0,000000	0,000000	0,000000E+0
58,015555	0,000000	0,000000	0,000000E+0
58,015555	0,000000	0,000000	0,000000E+0
58,015555	0,000000	0,000000	0,000000E+0
58,015555	0,000000	0,000000	0,000000E+0
58,015555	0,000000	0,000000	0,000000E+0
58,015555	0,000000	0,000000	0,000000E+0
59,015993	0,000000	0,000000	0,000000E+0
59,015993	0,000000	0,000000	0,000000E+0
59,015993	0,000000	0,000000	0,000000E+0
59,015993	0,000000	0,000000	0,000000E+0
59,015993	0,000000	0,000000	0,000000E+0
59,015993	0,000000	0,000000	0,000000E+0
59,015993	0,000000	0,000000	0,000000E+0
59,015993	0,000000	0,000000	0,000000E+0
59,015993	0,000000	0,000000	0,000000E+0
59,015993	0,000000	0,000000	0,000000E+0
60,015414	0,000000	0,000000	0,000000E+0
60,015414	0,000000	0,000000	0,000000E+0
60,015414	0,000000	0,000000	0,000000E+0
60,015414	0,000000	0,000000	0,000000E+0
60,015414	0,000000	0,000000	0,000000E+0
60,015414	0,000000	0,000000	0,000000E+0
60,015414	0,000000	0,000000	0,000000E+0
60,015414	0,000000	0,000000	0,000000E+0
60,015414	0,000000	0,000000	0,000000E+0
60,015414	0,000000	0,000000	0,000000E+0
61,015831	0,000000	0,000000	0,000000E+0
61,015831	0,000000	0,000000	0,000000E+0
61,015831	0,000000	0,000000	0,000000E+0
61,015831	0,000000	0,000000	0,000000E+0
61,015831	0,000000	0,000000	0,000000E+0
61,015831	0,000000	0,000000	0,000000E+0
61,015831	0,000000	0,000000	0,000000E+0
61,015831	0,000000	0,000000	0,000000E+0
61,015831	0,000000	0,000000	0,000000E+0
61,015831	0,000000	0,000000	0,000000E+0
62,015253	0,000000	0,000000	0,000000E+0
62,015253	0,000000	0,000000	0,000000E+0
62,015253	0,000000	0,000000	0,000000E+0
62,015253	0,000000	0,000000	0,000000E+0
62,015253	0,000000	0,000000	0,000000E+0
62,015253	0,000000	0,000000	0,000000E+0
62,015253	0,000000	0,000000	0,000000E+0
62,015253	0,000000	0,000000	0,000000E+0
62,015253	0,000000	0,000000	0,000000E+0
62,015253	0,000000	0,000000	0,000000E+0
63,015676	0,000000	0,000000	0,000000E+0
63,015676	0,000000	0,000000	0,000000E+0
63,015676	0,000000	0,000000	0,000000E+0
63,015676	0,000000	0,000000	0,000000E+0
63,015676	0,000000	0,000000	0,000000E+0
63,015676	0,000000	0,000000	0,000000E+0
63,015676	0,000000	0,000000	0,000000E+0
63,015676	0,000000	0,000000	0,000000E+0
63,015676	0,000000	0,000000	0,000000E+0
63,015676	0,000000	0,000000	0,000000E+0
64,016101	0,000000	0,000000	0,000000E+0
64,016101	0,000000	0,000000	0,000000E+0
64,016101	0,000000	0,000000	0,000000E+0
64,016101	0,000000	0,000000	0,000000E+0
64,016101	0,000000	0,000000	0,000000E+0
64,016101	0,000000	0,000000	0,000000E+0
64,016101	0,000000	0,000000	0,000000E+0
64,016101	0,000000	0,000000	0,000000E+0
64,016101	0,000000	0,000000	0,000000E+0
64,016101	0,000000	0,000000	0,000000E+0
65,015527	0,000000	0,000000	0,000000E+0
65,015527	0,000000	0,000000	0,000000E+0
65,015527	0,000000	0,000000	0,000000E+0
65,015527	0,000000	0,000000	0,000000E+0
65,015527	0,000000	0,000000	0,000000E+0
65,015527	0,000000	0,000000	0,000000E+0
65,015527	0,000000	0,000000	0,000000E+0
65,015527	0,000000	0,000000	0,000000E+0
65,015527	0,000000	0,000000	0,000000E+0
65,015527	0,000000	0,000000	0,000000E+0
66,015947	0,000000	0,000000	0,000000E+0
66,015947	0,000000	0,000000	0,000000E+0
66,015947	0,000000	0,000000	0,000000E+0
66,015947	0,000000	0,000000	0,000000E+0
66,015947	0,000000	0,000000	0,000000E+0
66,015947	0,000000	0,000000	0,000000E+0
66,015947	0,000000	0,000000	0,000000E+0
66,015947	0,000000	0,000000	0,000000E+0
66,015947	0,000000	0,000000	0,000000E+0
66,015947	0,000000	0,000000	0,000000E+0
67,015373	0,000000	0,000000	0,000000E+0
67,015373	0,000000	0,000000	0,000000E+0
67,015373	0,000000	0,000000	0,000000E+0
67,015373	0,000000	0,000000	0,000000E+0
67,015373	0,000000	0,000000	0,000000E+0
67,015373	0,000000	0,000000	0,000000E+0
67,015373	0,000000	0,000000	0,000000E+0
67,015373	0,000000	0,000000	0,000000E+0
67,015373	0,000000	0,000000	0,000000E+0
67,015373	0,000000	0,000000	0,000000E+0
68,015804	0,000000	0,000000	0,000000E+0
68,015804	0,000000	0,000000	0,000000E+0
68,015804	0,000000	0,000000	0,000000E+0
68,015804	0,000000	0,000000	0,000000E+0
68,015804	0,000000	0,000000	0,000000E+0
68,015804	0,000000	0,000000	0,000000E+0
68,015804	0,000000	0,000000	0,000000E+0
68,015804	0,000000	0,000000	0,000000E+0
68,015804	0,000000	0,000000	0,000000E+0
68,015804	0,000000	0,000000	0,000000E+0
69,015225	0,000000	0,000000	0,000000E+0
69,015225	0,000000	0,000000	0,000000E+0
69,015225	0,000000	0,000000	0,000000E+0
69,015225	0,000000	0,000000	0,000000E+0
69,015225	0,000000	0,000000	0,000000E+0
69,015225	0,000000	0,000000	0,000000E+0
69,015225	0,000000	0,000000	0,000000E+0
69,015225	0,000000	0,000000	0,000000E+0
69,015225	0,000000	0,000000	0,000000E+0
69,015225	0,000000	0,000000	0,000000E+0
70,015646	0,000000	0,000000	0,000000E+0
70,015646	0,000000	0,000000	0,000000E+0
70,015646	0,000000	0,000000	0,000000E+0
70,015646	0,000000	0,000000	0,000000E+0
70,015646	0,000000	0,000000	0,000000E+0
70,015646	0,000000	0,000000	0,000000E+0
70,015646	0,000000	0,000000	0,000000E+0
70,015646	0,000000	0,000000	0,000000E+0
70,015646	0,000000	0,000000	0,000000E+0
70,015646	0,000000	0,000000	0,000000E+0
71,016064	0,000000	0,000000	0,000000E+0
71,016064	0,000000	0,000000	0,000000E+0
71,016064	0,000000	0,000000	0,000000E+0
71,016064	0,000000	0,000000	0,000000E+0
71,016064	0,000000	0,000000	0,000000E+0
71,016064	0,000000	0,000000	0,000000E+0
71,016064	0,000000	0,000000	0,000000E+0
71,016064	0,000000	0,000000	0,000000E+0
71,016064	0,000000	0,000000	0,000000E+0
71,016064	0,000000	0,000000	0,000000E+0
72,015495	0,000000	0,000000	0,000000E+0
72,015495	0,000000	0,000000	0,000000E+0
72,015495	0,000000	0,000000	0,000000E+0
72,015495	0,000000	0,000000	0,000000E+0
72,015495	0,000000	0,000000	0,000000E+0
72,015495	0,000000	0,000000	0,000000E+0
72,015495	0,000000	0,000000	0,000000E+0
72,015495	0,000000	0,000000	0,000000E+0
72,015495	0,000000	0,000000	0,000000E+0
72,015495	0,000000	0,000000	0,000000E+0
73,015935	0,000000	0,000000	0,000000E+0
73,015935	0,000000	0,000000	0,000000E+0
73,015935	0,000000	0,000000	0,000000E+0
73,015935	0,000000	0,000000	0,000000E+0
73,015935	0,000000	0,000000	0,000000E+0
73,015935	0,000000	0,000000	0,000000E+0
73,015935	0,000000	0,000000	0,000000E+0
73,015935	0,000000	0,000000	0,000000E+0
73,015935	0,000000	0,000000	0,000000E+0
73,015935	0,000000	0,000000	0,000000E+0
74,015346	0,000000	0,000000	0,000000E+0
74,015346	0,000000	0,000000	0,000000E+0
74,015346	0,000000	0,000000	0,000000E+0
74,015346	0,000000	0,000000	0,000000E+0
74,015346	0,000000	0,000000	0,000000E+0
74,015346	0,000000	0,000000	0,000000E+0
74,015346	0,000000	0,000000	0,000000E+0
74,015346	0,000000	0,000000	0,000000E+0
74,015346	0,000000	0,000000	0,000000E+0
74,015346	0,000000	0,000000	0,000000E+0
75,015777	0,000000	0,000000	0,000000E+0
75,015777	0,000000	0,000000	0,000000E+0
75,015777	0,000000	0,000000	0,000000E+0
75,015777	0,000000	0,000000	0,000000E+0
75,015777	0,000000	0,000000	0,000000E+0
75,015777	0,000000	0,000000	0,000000E+0
75,015777	0,000000	0,000000	0,000000E+0
75,015777	0,000000	0,000000	0,000000E+0
75,015777	0,000000	0,000000	0,000000E+0
75,015777	0,000000	0,000000	0,000000E+0
76,016191	0,000000	0,000000	0,000000E+0
76,016191	0,000000	0,000000	0,000000E+0
76,016191	0,000000	0,000000	0,000000E+0
76,016191	0,000000	0,000000	0,000000E+0
76,016191	0,000000	0,000000	0,000000E+0
76,016191	0,000000	0,000000	0,000000E+0
76,016191	0,000000	0,000000	0,000000E+0
76,016191	0,000000	0,000000	0,000000E+0
76,016191	0,000000	0,000000	0,000000E+0
76,016191	0,000000	0,000000	0,000000E+0
77,016621	0,000000	0,000000	0,000000E+0
77,016621	0,000000	0,000000	0,000000E+0
77,016621	0,000000	0,000000	0,000000E+0
77,016621	0,000000	0,000000	0,000000E+0
77,016621	0,000000	0,000000	0,000000E+0
77,016621	0,000000	0,000000	0,000000E+0
77,016621	0,000000	0,000000	0,000000E+0
77,016621	0,000000	0,000000	0,000000E+0
77,016621	0,000000	0,000000	0,000000E+0
77,016621	0,000000	0,000000	0,000000E+0
78,018032	0,000000	0,000000	0,000000E+0
78,018032	0,000000	0,000000	0,000000E+0
78,018032	0,000000	0,000000	0,000000E+0
78,018032	0,000000	0,000000	0,000000E+0
78,018032	0,000000	0,000000	0,000000E+0
78,018032	0,000000	0,000000	0,000000E+0
78,018032	0,000000	0,000000	0,000000E+0
78,018032	0,000000	0,000000	0,000000E+0
78,018032	0,000000	0,000000	0,000000E+0
78,018032	0,000000	0,000000	0,000000E+0
79,017466	0,000000	0,000000	0,000000E+0
79,017466	0,000000	0,000000	0,000000E+0
79,017466	0,000000	0,000000	0,000000E+0
79,017466	0,000000	0,000000	0,000000E+0
79,017466	0,000000	0,000000	0,000000E+0
79,017466	0,000000	0,000000	0,000000E+0
79,017466	0,000000	0,000000	0,000000E+0
79,017466	0,000000	0,000000	0,000000E+0
79,017466	0,000000	0,000000	0,000000E+0
79,017466	0,000000	0,000000	0,000000E+0
80,017887	0,000000	0,000000	0,000000E+0
80,017887	0,000000	0,000000	0,000000E+0
80,017887	0,000000	0,000000	0,000000E+0
80,017887	0,000000	0,000000	0,000000E+0
80,017887	0,000000	0,000000	0,000000E+0
80,017887	0,000000	0,000000	0,000000E+0
80,017887	0,000000	0,000000	0,000000E+0
80,017887	0,000000	0,000000	0,000000E+0
80,017887	0,000000	0,000000	0,000000E+0
80,017887	0,000000	0,000000	0,000000E+0
81,017308	0,000000	0,000000	0,000000E+0
81,017308	0,000000	0,000000	0,000000E+0
81,017308	0,000000	0,000000	0,000000E+0
81,017308	0,000000	0,000000	0,000000E+0
81,017308	0,000000	0,000000	0,000000E+0
81,017308	0,000000	0,000000	0,000000E+0
81,017308	0,000000	0,000000	0,000000E+0
81,017308	0,000000	0,000000	0,000000E+0
81,017308	0,000000	0,000000	0,000000E+0
81,017308	0,000000	0,000000	0,000000E+0
82,017739	0,000000	0,000000	0,000000E+0
82,017739	0,000000	0,000000	0,000000E+0
82,017739	0,000000	0,000000	0,000000E+0
82,017739	0,000000	0,000000	0,000000E+0
82,017739	0,000000	0,000000	0,000000E+0
82,017739	0,000000	0,000000	0,000000E+0
82,017739	0,000000	0,000000	0,000000E+0
82,017739	0,000000	0,000000	0,000000E+0
82,017739	0,000000	0,000000	0,000000E+0
82,017739	0,000000	0,000000	0,000000E+0
83,017167	0,000000	0,000000	0,000000E+0
83,017167	0,000000	0,000000	0,000000E+0
83,017167	0,000000	0,000000	0,000000E+0
83,017167	0,000000	0,000000	0,000000E+0
83,017167	0,000000	0,000000	0,000000E+0
83,017167	0,000000	0,000000	0,000000E+0
83,017167	0,000000	0,000000	0,000000E+0
83,017167	0,000000	0,000000	0,000000E+0
83,017167	0,000000	0,000000	0,000000E+0
83,017167	0,000000	0,000000	0,000000E+0
84,017583	0,000000	0,000000	0,000000E+0
84,017583	0,000000	0,000000	0,000000E+0
84,017583	0,000000	0,000000	0,000000E+0
84,017583	0,000000	0,000000	0,000000E+0
84,017583	0,000000	0,000000	0,000000E+0
84,017583	0,000000	0,000000	0,000000E+0
84,017583	0,000000	0,000000	0,000000E+0
84,017583	0,000000	0,000000	0,000000E+0
84,017583	0,000000	0,000000	0,000000E+0
84,017583	0,000000	0,000000	0,000000E+0
85,018011	0,000000	0,000000	0,000000E+0
85,018011	0,000000	0,000000	0,000000E+0
85,018011	0,000000	0,000000	0,000000E+0
85,018011	0,000000	0,000000	0,000000E+0
85,018011	0,000000	0,000000	0,000000E+0
85,018011	0,000000	0,000000	0,000000E+0
85,018011	0,000000	0,000000	0,000000E+0
85,018011	0,000000	0,000000	0,000000E+0
85,018011	0,000000	0,000000	0,000000E+0
85,018011	0,000000	0,000000	0,000000E+0
86,017483	0,000000	0,000000	0,000000E+0
86,017483	0,000000	0,000000	0,000000E+0
86,017483	0,000000	0,000000	0,000000E+0
86,017483	0,000000	0,000000	0,000000E+0
86,017483	0,000000	0,000000	0,000000E+0
86,017483	0,000000	0,000000	0,000000E+0
86,017483	0,000000	0,000000	0,000000E+0
86,017483	0,000000	0,000000	0,000000E+0
86,017483	0,000000	0,000000	0,000000E+0
86,017483	0,000000	0,000000	0,000000E+0
87,018862	0,000000	0,000000	0,000000E+0
87,018862	0,000000	0,000000	0,000000E+0
87,018862	0,000000	0,000000	0,000000E+0
87,018862	0,000000	0,000000	0,000000E+0
87,018862	0,000000	0,000000	0,000000E+0
87,018862	0,000000	0,000000	0,000000E+0
87,018862	0,000000	0,000000	0,000000E+0
87,018862	0,000000	0,000000	0,000000E+0
87,018862	0,000000	0,000000	0,000000E+0
87,018862	0,000000	0,000000	0,000000E+0
88,018278	0,000000	0,000000	0,000000E+0
88,018278	0,000000	0,000000	0,000000E+0
88,018278	0,000000	0,000000	0,000000E+0
88,018278	0,000000	0,000000	0,000000E+0
88,018278	0,000000	0,000000	0,000000E+0
88,018278	0,000000	0,000000	0,000000E+0
88,018278	0,000000	0,000000	0,000000E+0
88,018278	0,000000	0,000000	0,000000E+0
88,018278	0,000000	0,000000	0,000000E+0
88,018278	0,000000	0,000000	0,000000E+0
89,018703	0,000000	0,000000	0,000000E+0
89,018703	0,000000	0,000000	0,000000E+0
89,018703	0,000000	0,000000	0,000000E+0
89,018703	0,000000	0,000000	0,000000E+0
89,018703	0,000000	0,000000	0,000000E+0
89,018703	0,000000	0,000000	0,000000E+0
89,018703	0,000000	0,000000	0,000000E+0
89,018703	0,000000	0,000000	0,000000E+0
89,018703	0,000000	0,000000	0,000000E+0
89,018703	0,000000	0,000000	0,000000E+0
90,020129	0,000000	0,000000	0,000000E+0
90,020129	0,000000	0,000000	0,000000E+0
90,020129	0,000000	0,000000	0,000000E+0
90,020129	0,000000	0,000000	0,000000E+0
90,020129	0,000000	0,000000	0,000000E+0
90,020129	0,000000	0,000000	0,000000E+0
90,020129	0,000000	0,000000	0,000000E+0
90,020129	0,000000	0,000000	0,000000E+0
90,020129	0,000000	0,000000	0,000000E+0
90,020129	0,000000	0,000000	0,000000E+0
91,019555	0,000000	0,000000	0,000000E+0
91,019555	0,000000	0,000000	0,000000E+0
91,019555	0,000000	0,000000	0,000000E+0
91,019555	0,000000	0,000000	0,000000E+0
91,019555	0,000000	0,000000	0,000000E+0
91,019555	0,000000	0,000000	0,000000E+0
91,019555	0,000000	0,000000	0,000000E+0
91,019555	0,000000	0,000000	0,000000E+0
91,019555	0,000000	0,000000	0,000000E+0
91,019555	0,000000	0,000000	0,000000E+0
92,019981	0,000000	0,000000	0,000000E+0
92,019981	0,000000	0,000000	0,000000E+0
92,019981	0,000000	0,000000	0,000000E+0
92,019981	0,000000	0,000000	0,000000E+0
92,019981	0,000000	0,000000	0,000000E+0
92,019981	0,000000	0,000000	0,000000E+0
92,019981	0,000000	0,000000	0,000000E+0
92,019981	0,000000	0,000000	0,000000E+0
92,019981	0,000000	0,000000	0,000000E+0
92,019981	0,000000	0,000000	0,000000E+0
93,019400	0,000000	0,000000	0,000000E+0
93,019400	0,000000	0,000000	0,000000E+0
93,019400	0,000000	0,000000	0,000000E+0
93,019400	0,000000	0,000000	0,000000E+0
93,019400	0,000000	0,000000	0,000000E+0
93,019400	0,000000	0,000000	0,000000E+0
93,019400	0,000000	0,000000	0,000000E+0
93,019400	0,000000	0,000000	0,000000E+0
93,019400	0,000000	0,000000	0,000000E+0
93,019400	0,000000	0,000000	0,000000E+0
94,019826	0,000000	0,000000	0,000000E+0
94,019826	0,000000	0,000000	0,000000E+0
94,019826	0,000000	0,000000	0,000000E+0
94,019826	0,000000	0,000000	0,000000E+0
94,019826	0,000000	0,000000	0,000000E+0
94,019826	0,000000	0,000000	0,000000E+0
94,019826	0,000000	0,000000	0,000000E+0
94,019826	0,000000	0,000000	0,000000E+0
94,019826	0,000000	0,000000	0,000000E+0
94,019826	0,000000	0,000000	0,000000E+0
95,019250	0,000000	0,000000	0,000000E+0
95,019250	0,000000	0,000000	0,000000E+0
95,019250	0,000000	0,000000	0,000000E+0
95,019250	0,000000	0,000000	0,000000E+0
95,019250	0,000000	0,000000	0,000000E+0
95,019250	0,000000	0,000000	0,000000E+0
95,019250	0,000000	0,000000	0,000000E+0
95,019250	0,000000	0,000000	0,000000E+0
95,019250	0,000000	0,000000	0,000000E+0
95,019250	0,000000	0,000000	0,000000E+0
96,019684	0,000000	0,000000	0,000000E+0
96,019684	0,000000	0,000000	0,000000E+0
96,019684	0,000000	0,000000	0,000000E+0
96,019684	0,000000	0,000000	0,000000E+0
96,019684	0,000000	0,000000	0,000000E+0
96,019684	0,000000	0,000000	0,000000E+0
96,019684	0,000000	0,000000	0,000000E+0
96,019684	0,000000	0,000000	0,000000E+0
96,019684	0,000000	0,000000	0,000000E+0
96,019684	0,000000	0,000000	0,000000E+0
97,020112	0,000000	0,000000	0,000000E+0
97,020112	0,000000	0,000000	0,000000E+0
97,020112	0,000000	0,000000	0,000000E+0
97,020112	0,000000	0,000000	0,000000E+0
97,020112	0,000000	0,000000	0,000000E+0
97,020112	0,000000	0,000000	0,000000E+0
97,020112	0,000000	0,000000	0,000000E+0
97,020112	0,000000	0,000000	0,000000E+0
97,020112	0,000000	0,000000	0,000000E+0
97,020112	0,000000	0,000000	0,000000E+0
98,019526	0,000000	0,000000	0,000000E+0
98,019526	0,000000	0,000000	0,000000E+0
98,019526	0,000000	0,000000	0,000000E+0
98,019526	0,000000	0,000000	0,000000E+0
98,019526	0,000000	0,000000	0,000000E+0
98,019526	0,000000	0,000000	0,000000E+0
98,019526	0,000000	0,000000	0,000000E+0
98,019526	0,000000	0,000000	0,000000E+0
98,019526	0,000000	0,000000	0,000000E+0
98,019526	0,000000	0,000000	0,000000E+0
99,019952	0,000000	0,000000	0,000000E+0
99,019952	0,000000	0,000000	0,000000E+0
99,019952	0,000000	0,000000	0,000000E+0
99,019952	0,000000	0,000000	0,000000E+0
99,019952	0,000000	0,000000	0,000000E+0
99,019952	0,000000	0,000000	0,000000E+0
99,019952	0,000000	0,000000	0,000000E+0
99,019952	0,000000	0,000000	0,000000E+0
99,019952	0,000000	0,000000	0,000000E+0
99,019952	0,000000	0,000000	0,000000E+0
100,019368	0,000000	0,000000	0,000000E+0
100,019368	0,000000	0,000000	0,000000E+0
100,019368	0,000000	0,000000	0,000000E+0
100,019368	0,000000	0,000000	0,000000E+0
100,019368	0,000000	0,000000	0,000000E+0
100,019368	0,000000	0,000000	0,000000E+0
100,019368	0,000000	0,000000	0,000000E+0
100,019368	0,000000	0,000000	0,000000E+0
100,019368	0,000000	0,000000	0,000000E+0
100,019368	0,000000	0,000000	0,000000E+0
101,019796	0,000000	0,000000	0,000000E+0
101,019796	0,000000	0,000000	0,000000E+0
101,019796	0,000000	0,000000	0,000000E+0
101,019796	0,000000	0,000000	0,000000E+0
101,019796	0,000000	0,000000	0,000000E+0
101,019796	0,000000	0,000000	0,000000E+0
101,019796	0,000000	0,000000	0,000000E+0
101,019796	0,000000	0,000000	0,000000E+0
101,019796	0,000000	0,000000	0,000000E+0
101,019796	0,000000	0,000000	0,000000E+0
102,019226	0,000000	0,000000	0,000000E+0
102,019226	0,000000	0,000000	0,000000E+0
102,019226	0,000000	0,000000	0,000000E+0
102,019226	0,000000	0,000000	0,000000E+0
102,019226	0,000000	0,000000	0,000000E+0
102,019226	0,000000	0,000000	0,000000E+0
102,019226	0,000000	0,000000	0,000000E+0
102,019226	0,000000	0,000000	0,000000E+0
102,019226	0,000000	0,000000	0,000000E+0
102,019226	0,000000	0,000000	0,000000E+0
103,020646	0,000000	0,000000	0,000000E+0
103,020646	0,000000	0,000000	0,000000E+0
103,020646	0,000000	0,000000	0,000000E+0
103,020646	0,000000	0,000000	0,000000E+0
103,020646	0,000000	0,000000	0,000000E+0
103,020646	0,000000	0,000000	0,000000E+0
103,020646	0,000000	0,000000	0,000000E+0
103,020646	0,000000	0,000000	0,000000E+0
103,020646	0,000000	0,000000	0,000000E+0
103,020646	0,000000	0,000000	0,000000E+0
104,021152	0,000000	0,000000	0,000000E+0
104,021152	0,000000	0,000000	0,000000E+0
104,021152	0,000000	0,000000	0,000000E+0
104,021152	0,000000	0,000000	0,000000E+0
104,021152	0,000000	0,000000	0,000000E+0
104,021152	0,000000	0,000000	0,000000E+0
104,021152	0,000000	0,000000	0,000000E+0
104,021152	0,000000	0,000000	0,000000E+0
104,021152	0,000000	0,000000	0,000000E+0
104,021152	0,000000	0,000000	0,000000E+0
105,020511	0,000000	0,000000	0,000000E+0
105,020511	0,000000	0,000000	0,000000E+0
105,020511	0,000000	0,000000	0,000000E+0
105,020511	0,000000	0,000000	0,000000E+0
105,020511	0,000000	0,000000	0,000000E+0
105,020511	0,000000	0,000000	0,000000E+0
105,020511	0,000000	0,000000	0,000000E+0
105,020511	0,000000	0,000000	0,000000E+0
105,020511	0,000000	0,000000	0,000000E+0
105,020511	0,000000	0,000000	0,000000E+0
106,021946	0,000000	0,000000	0,000000E+0
106,021946	0,000000	0,000000	0,000000E+0
106,021946	0,000000	0,000000	0,000000E+0
106,021946	0,000000	0,000000	0,000000E+0
106,021946	0,000000	0,000000	0,000000E+0
106,021946	0,000000	0,000000	0,000000E+0
106,021946	0,000000	0,000000	0,000000E+0
106,021946	0,000000	0,000000	0,000000E+0
106,021946	0,000000	0,000000	0,000000E+0
106,021946	0,000000	0,000000	0,000000E+0
107,021348	0,000000	0,000000	0,000000E+0
107,021348	0,000000	0,000000	0,000000E+0
107,021348	0,000000	0,000000	0,000000E+0
107,021348	0,000000	0,000000	0,000000E+0
107,021348	0,000000	0,000000	0,000000E+0
107,021348	0,000000	0,000000	0,000000E+0
107,021348	0,000000	0,000000	0,000000E+0
107,021348	0,000000	0,000000	0,000000E+0
107,021348	0,000000	0,000000	0,000000E+0
107,021348	0,000000	0,000000	0,000000E+0
108,021779	0,000000	0,000000	0,000000E+0
108,021779	0,000000	0,000000	0,000000E+0
108,021779	0,000000	0,000000	0,000000E+0
108,021779	0,000000	0,000000	0,000000E+0
108,021779	0,000000	0,000000	0,000000E+0
108,021779	0,000000	0,000000	0,000000E+0
108,021779	0,000000	0,000000	0,000000E+0
108,021779	0,000000	0,000000	0,000000E+0
108,021779	0,000000	0,000000	0,000000E+0
108,021779	0,000000	0,000000	0,000000E+0
109,021220	0,000000	0,000000	0,000000E+0
109,021220	0,000000	0,000000	0,000000E+0
109,021220	0,000000	0,000000	0,000000E+0
109,021220	0,000000	0,000000	0,000000E+0
109,021220	0,000000	0,000000	0,000000E+0
109,021220	0,000000	0,000000	0,000000E+0
109,021220	0,000000	0,000000	0,000000E+0
109,021220	0,000000	0,000000	0,000000E+0
109,021220	0,000000	0,000000	0,000000E+0
109,021220	0,000000	0,000000	0,000000E+0
110,021626	0,000000	0,000000	0,000000E+0
110,021626	0,000000	0,000000	0,000000E+0
110,021626	0,000000	0,000000	0,000000E+0
110,021626	0,000000	0,000000	0,000000E+0
110,021626	0,000000	0,000000	0,000000E+0
110,021626	0,000000	0,000000	0,000000E+0
110,021626	0,000000	0,000000	0,000000E+0
110,021626	0,000000	0,000000	0,000000E+0
110,021626	0,000000	0,000000	0,000000E+0
110,021626	0,000000	0,000000	0,000000E+0
111,022033	0,000000	0,000000	0,000000E+0
111,022033	0,000000	0,000000	0,000000E+0
111,022033	0,000000	0,000000	0,000000E+0
111,022033	0,000000	0,000000	0,000000E+0
111,022033	0,000000	0,000000	0,000000E+0
111,022033	0,000000	0,000000	0,000000E+0
111,022033	0,000000	0,000000	0,000000E+0
111,022033	0,000000	0,000000	0,000000E+0
111,022033	0,000000	0,000000	0,000000E+0
111,022033	0,000000	0,000000	0,000000E+0
112,022463	0,000000	0,000000	0,000000E+0
112,022463	0,000000	0,000000	0,000000E+0
112,022463	0,000000	0,000000	0,000000E+0
112,022463	0,000000	0,000000	0,000000E+0
112,022463	0,000000	0,000000	0,000000E+0
112,022463	0,000000	0,000000	0,000000E+0
112,022463	0,000000	0,000000	0,000000E+0
112,022463	0,000000	0,000000	0,000000E+0
112,022463	0,000000	0,000000	0,000000E+0
112,022463	0,000000	0,000000	0,000000E+0
113,022905	0,000000	0,000000	0,000000E+0
113,022905	0,000000	0,000000	0,000000E+0
113,022905	0,000000	0,000000	0,000000E+0
113,022905	0,000000	0,000000	0,000000E+0
113,022905	0,000000	0,000000	0,000000E+0
113,022905	0,000000	0,000000	0,000000E+0
113,022905	0,000000	0,000000	0,000000E+0
113,022905	0,000000	0,000000	0,000000E+0
113,022905	0,000000	0,000000	0,000000E+0
113,022905	0,000000	0,000000	0,000000E+0
114,022316	0,000000	0,000000	0,000000E+0
114,022316	0,000000	0,000000	0,000000E+0
114,022316	0,000000	0,000000	0,000000E+0
114,022316	0,000000	0,000000	0,000000E+0
114,022316	0,000000	0,000000	0,000000E+0
114,022316	0,000000	0,000000	0,000000E+0
114,022316	0,000000	0,000000	0,000000E+0
114,022316	0,000000	0,000000	0,000000E+0
114,022316	0,000000	0,000000	0,000000E+0
114,022316	0,000000	0,000000	0,000000E+0
115,022731	0,000000	0,000000	0,000000E+0
115,022731	0,000000	0,000000	0,000000E+0
115,022731	0,000000	0,000000	0,000000E+0
115,022731	0,000000	0,000000	0,000000E+0
115,022731	0,000000	0,000000	0,000000E+0
115,022731	0,000000	0,000000	0,000000E+0
115,022731	0,000000	0,000000	0,000000E+0
115,022731	0,000000	0,000000	0,000000E+0
115,022731	0,000000	0,000000	0,000000E+0
115,022731	0,000000	0,000000	0,000000E+0
116,022171	0,000000	0,000000	0,000000E+0
116,022171	0,000000	0,000000	0,000000E+0
116,022171	0,000000	0,000000	0,000000E+0
116,022171	0,000000	0,000000	0,000000E+0
116,022171	0,000000	0,000000	0,000000E+0
116,022171	0,000000	0,000000	0,000000E+0
116,022171	0,000000	0,000000	0,000000E+0
116,022171	0,000000	0,000000	0,000000E+0
116,022171	0,000000	0,000000	0,000000E+0
116,022171	0,000000	0,000000	0,000000E+0
117,022582	0,000000	0,000000	0,000000E+0
117,022582	0,000000	0,000000	0,000000E+0
117,022582	0,000000	0,000000	0,000000E+0
117,022582	0,000000	0,000000	0,000000E+0
117,022582	0,000000	0,000000	0,000000E+0
117,022582	0,000000	0,000000	0,000000E+0
117,022582	0,000000	0,000000	0,000000E+0
117,022582	0,000000	0,000000	0,000000E+0
117,022582	0,000000	0,000000	0,000000E+0
117,022582	0,000000	0,000000	0,000000E+0
118,023009	0,000000	0,000000	0,000000E+0
118,023009	0,000000	0,000000	0,000000E+0
118,023009	0,000000	0,000000	0,000000E+0
118,023009	0,000000	0,000000	0,000000E+0
118,023009	0,000000	0,000000	0,000000E+0
118,023009	0,000000	0,000000	0,000000E+0
118,023009	0,000000	0,000000	0,000000E+0
118,023009	0,000000	0,000000	0,000000E+0
118,023009	0,000000	0,000000	0,000000E+0
118,023009	0,000000	0,000000	0,000000E+0
119,022438	0,000000	0,000000	0,000000E+0
119,022438	0,000000	0,000000	0,000000E+0
119,022438	0,000000	0,000000	0,000000E+0
119,022438	0,000000	0,000000	0,000000E+0
119,022438	0,000000	0,000000	0,000000E+0
119,022438	0,000000	0,000000	0,000000E+0
119,022438	0,000000	0,000000	0,000000E+0
119,022438	0,000000	0,000000	0,000000E+0
119,022438	0,000000	0,000000	0,000000E+0
119,022438	0,000000	0,000000	0,000000E+0
120,022884	0,000000	0,000000	0,000000E+0
120,022884	0,000000	0,000000	0,000000E+0
120,022884	0,000000	0,000000	0,000000E+0
120,022884	0,000000	0,000000	0,000000E+0
120,022884	0,000000	0,000000	0,000000E+0
120,022884	0,000000	0,000000	0,000000E+0
120,022884	0,000000	0,000000	0,000000E+0
120,022884	0,000000	0,000000	0,000000E+0
120,022884	0,000000	0,000000	0,000000E+0
120,022884	0,000000	0,000000	0,000000E+0
121,022287	0,000000	0,000000	0,000000E+0
121,022287	0,000000	0,000000	0,000000E+0
121,022287	0,000000	0,000000	0,000000E+0
121,022287	0,000000	0,000000	0,000000E+0
121,022287	0,000000	0,000000	0,000000E+0
121,022287	0,000000	0,000000	0,000000E+0
121,022287	0,000000	0,000000	0,000000E+0
121,022287	0,000000	0,000000	0,000000E+0
121,022287	0,000000	0,000000	0,000000E+0
121,022287	0,000000	0,000000	0,000000E+0
122,022702	0,000000	0,000000	0,000000E+0
122,022702	0,000000	0,000000	0,000000E+0
122,022702	0,000000	0,000000	0,000000E+0
122,022702	0,000000	0,000000	0,000000E+0
122,022702	0,000000	0,000000	0,000000E+0
122,022702	0,000000	0,000000	0,000000E+0
122,022702	0,000000	0,000000	0,000000E+0
122,022702	0,000000	0,000000	0,000000E+0
122,022702	0,000000	0,000000	0,000000E+0
122,022702	0,000000	0,000000	0,000000E+0
123,023142	0,000000	0,000000	0,000000E+0
123,023142	0,000000	0,000000	0,000000E+0
123,023142	0,000000	0,000000	0,000000E+0
123,023142	0,000000	0,000000	0,000000E+0
123,023142	0,000000	0,000000	0,000000E+0
123,023142	0,000000	0,000000	0,000000E+0
123,023142	0,000000	0,000000	0,000000E+0
123,023142	0,000000	0,000000	0,000000E+0
123,023142	0,000000	0,000000	0,000000E+0
123,023142	0,000000	0,000000	0,000000E+0
124,022560	0,000000	0,000000	0,000000E+0
124,022560	0,000000	0,000000	0,000000E+0
124,022560	0,000000	0,000000	0,000000E+0
124,022560	0,000000	0,000000	0,000000E+0
124,022560	0,000000	0,000000	0,000000E+0
124,022560	0,000000	0,000000	0,000000E+0
124,022560	0,000000	0,000000	0,000000E+0
124,022560	0,000000	0,000000	0,000000E+0
124,022560	0,000000	0,000000	0,000000E+0
124,022560	0,000000	0,000000	0,000000E+0
125,022993	0,000000	0,000000	0,000000E+0
125,022993	0,000000	0,000000	0,000000E+0
125,022993	0,000000	0,000000	0,000000E+0
125,022993	0,000000	0,000000	0,000000E+0
125,022993	0,000000	0,000000	0,000000E+0
125,022993	0,000000	0,000000	0,000000E+0
125,022993	0,000000	0,000000	0,000000E+0
125,022993	0,000000	0,000000	0,000000E+0
125,022993	0,000000	0,000000	0,000000E+0
125,022993	0,000000	0,000000	0,000000E+0
126,023399	0,000000	0,000000	0,000000E+0
126,023399	0,000000	0,000000	0,000000E+0
126,023399	0,000000	0,000000	0,000000E+0
126,023399	0,000000	0,000000	0,000000E+0
126,023399	0,000000	0,000000	0,000000E+0
126,023399	0,000000	0,000000	0,000000E+0
126,023399	0,000000	0,000000	0,000000E+0
126,023399	0,000000	0,000000	0,000000E+0
126,023399	0,000000	0,000000	0,000000E+0
126,023399	0,000000	0,000000	0,000000E+0
127,023830	0,000000	0,000000	0,000000E+0
127,023830	0,000000	0,000000	0,000000E+0
127,023830	0,000000	0,000000	0,000000E+0
127,023830	0,000000	0,000000	0,000000E+0
127,023830	0,000000	0,000000	0,000000E+0
127,023830	0,000000	0,000000	0,000000E+0
127,023830	0,000000	0,000000	0,000000E+0
127,023830	0,000000	0,000000	0,000000E+0
127,023830	0,000000	0,000000	0,000000E+0
127,023830	0,000000	0,000000	0,000000E+0
128,024243	0,000000	0,000000	0,000000E+0
128,024243	0,000000	0,000000	0,000000E+0
128,024243	0,000000	0,000000	0,000000E+0
128,024243	0,000000	0,000000	0,000000E+0
128,024243	0,000000	0,000000	0,000000E+0
128,024243	0,000000	0,000000	0,000000E+0
128,024243	0,000000	0,000000	0,000000E+0
128,024243	0,000000	0,000000	0,000000E+0
128,024243	0,000000	0,000000	0,000000E+0
128,024243	0,000000	0,000000	0,000000E+0
129,025668	0,000000	0,000000	0,000000E+0
129,025668	0,000000	0,000000	0,000000E+0
129,025668	0,000000	0,000000	0,000000E+0
129,025668	0,000000	0,000000	0,000000E+0
