t	IF	IR	VF	VR	VelSP	VelRE
0,019	0,000	0,000	3,000E-1	2,400E+1	0,000E+0	0,000E+0
0,029	0,000	0,000	3,000E-1	2,400E+1	0,000E+0	0,000E+0
1,030	0,000	0,000	3,000E-1	2,400E+1	0,000E+0	0,000E+0
2,029	0,000	0,000	3,000E-1	2,400E+1	0,000E+0	0,000E+0
3,031	0,000	0,000	3,000E-1	2,400E+1	0,000E+0	0,000E+0
4,032	0,000	0,000	3,000E-1	2,400E+1	0,000E+0	0,000E+0
5,032	0,000	0,000	3,000E-1	2,400E+1	0,000E+0	0,000E+0
6,032	0,000	0,000	3,000E-1	2,400E+1	0,000E+0	0,000E+0
7,031	0,000	0,000	3,000E-1	2,400E+1	0,000E+0	0,000E+0
8,033	0,000	0,000	3,000E-1	2,400E+1	0,000E+0	0,000E+0
9,032	0,000	0,000	3,000E-1	2,400E+1	0,000E+0	0,000E+0
10,033	0,000	0,000	3,000E-1	2,400E+1	0,000E+0	0,000E+0
11,033	0,000	0,000	3,000E-1	2,400E+1	0,000E+0	0,000E+0
12,033	0,000	0,000	3,000E-1	2,400E+1	0,000E+0	0,000E+0
13,034	0,000	0,000	3,000E-1	2,400E+1	0,000E+0	0,000E+0
14,033	0,000	0,000	3,000E-1	2,400E+1	0,000E+0	0,000E+0
15,034	0,000	0,000	3,000E-1	2,400E+1	0,000E+0	0,000E+0
16,033	0,000	0,000	3,000E-1	2,400E+1	0,000E+0	0,000E+0
17,034	0,000	0,000	3,000E-1	2,400E+1	0,000E+0	0,000E+0
18,035	0,000	0,000	3,000E-1	2,400E+1	0,000E+0	0,000E+0
19,035	0,000	0,000	3,000E-1	2,400E+1	3,500E+3	0,000E+0
20,035	0,000	0,000	3,000E-1	2,400E+1	3,500E+3	0,000E+0
21,034	0,000	0,000	3,000E-1	2,400E+1	3,500E+3	0,000E+0
22,035	0,000	0,000	3,000E-1	2,400E+1	3,500E+3	0,000E+0
23,035	0,000	0,000	3,000E-1	2,400E+1	3,500E+3	0,000E+0
24,035	0,000	0,000	3,000E-1	2,400E+1	3,500E+3	0,000E+0
25,035	0,000	0,000	3,000E-1	2,400E+1	3,500E+3	0,000E+0
26,036	0,000	0,000	3,000E-1	2,400E+1	3,500E+3	0,000E+0
27,037	0,000	0,000	3,000E-1	2,400E+1	3,500E+3	0,000E+0
28,036	0,000	0,000	3,000E-1	2,400E+1	3,500E+3	1,628E+3
29,037	0,000	0,000	3,000E-1	2,400E+1	3,500E+3	3,917E+3
30,037	0,000	0,000	3,000E-1	2,400E+1	3,500E+3	3,678E+3
31,037	0,000	0,000	3,000E-1	2,400E+1	3,500E+3	3,397E+3
32,037	0,000	0,000	3,000E-1	2,400E+1	3,500E+3	3,293E+3
33,037	0,000	0,000	3,000E-1	2,400E+1	3,500E+3	3,479E+3
34,038	0,000	0,000	3,000E-1	2,400E+1	3,500E+3	3,565E+3
35,037	0,000	0,000	3,000E-1	2,400E+1	3,500E+3	3,511E+3
36,038	0,000	0,000	3,000E-1	2,400E+1	3,500E+3	3,481E+3
37,038	0,000	0,000	3,000E-1	2,400E+1	3,500E+3	3,498E+3
38,038	0,000	0,000	3,000E-1	2,400E+1	3,500E+3	3,506E+3
39,038	0,000	0,000	3,000E-1	2,400E+1	3,500E+3	3,498E+3
40,037	0,000	0,000	3,000E-1	2,400E+1	3,500E+3	3,521E+3
41,038	0,000	0,000	3,000E-1	2,400E+1	3,500E+3	3,512E+3
42,038	0,000	0,000	3,000E-1	2,400E+1	3,500E+3	3,489E+3
43,039	0,000	0,000	3,000E-1	2,400E+1	3,500E+3	3,496E+3
44,039	0,000	0,000	3,000E-1	2,400E+1	3,500E+3	3,498E+3
45,039	0,000	0,000	3,000E-1	2,400E+1	3,500E+3	3,514E+3
46,039	0,000	0,000	3,000E-1	2,400E+1	3,500E+3	3,496E+3
47,038	0,000	0,000	3,000E-1	2,400E+1	3,500E+3	3,501E+3
48,040	0,000	0,000	3,000E-1	2,400E+1	3,500E+3	3,498E+3
49,039	0,000	0,000	3,000E-1	2,400E+1	3,500E+3	3,497E+3
50,040	0,000	0,000	3,000E-1	2,400E+1	3,500E+3	3,508E+3
51,040	0,000	0,000	3,000E-1	2,400E+1	3,500E+3	3,507E+3
52,040	0,000	0,000	3,000E-1	2,400E+1	3,500E+3	3,494E+3
53,041	0,000	0,000	3,000E-1	2,400E+1	3,500E+3	3,503E+3
54,041	0,000	0,000	3,000E-1	2,400E+1	3,500E+3	3,500E+3
55,042	0,000	0,000	3,000E-1	2,400E+1	3,500E+3	3,492E+3
56,042	0,000	0,000	3,000E-1	2,400E+1	3,500E+3	3,512E+3
57,042	0,000	0,000	3,000E-1	2,400E+1	3,500E+3	3,504E+3
58,042	0,000	0,000	3,000E-1	2,400E+1	3,500E+3	3,489E+3
59,042	0,000	0,000	3,000E-1	2,400E+1	3,500E+3	3,499E+3
60,043	0,000	0,000	3,000E-1	2,400E+1	3,500E+3	3,500E+3
61,042	0,000	0,000	3,000E-1	2,400E+1	3,500E+3	3,494E+3
62,043	0,000	0,000	3,000E-1	2,400E+1	3,500E+3	3,514E+3
63,043	0,000	0,000	3,000E-1	2,400E+1	3,500E+3	3,501E+3
64,043	0,000	0,000	3,000E-1	2,400E+1	3,500E+3	3,494E+3
65,043	0,000	0,000	3,000E-1	2,400E+1	3,500E+3	3,500E+3
66,043	0,000	0,000	3,000E-1	2,400E+1	3,500E+3	3,503E+3
67,043	0,000	0,000	3,000E-1	2,400E+1	3,500E+3	3,496E+3
68,042	0,000	0,000	3,000E-1	2,400E+1	3,500E+3	3,493E+3
69,043	0,000	0,000	3,000E-1	2,400E+1	3,500E+3	3,499E+3
70,043	0,000	0,000	3,000E-1	2,400E+1	3,500E+3	3,504E+3
71,043	0,000	0,000	3,000E-1	2,400E+1	3,500E+3	3,491E+3
72,043	0,000	0,000	3,000E-1	2,400E+1	3,500E+3	3,501E+3
73,042	0,000	0,000	3,000E-1	2,400E+1	3,500E+3	3,502E+3
74,043	0,000	0,000	3,000E-1	2,400E+1	3,500E+3	3,503E+3
75,042	0,000	0,000	3,000E-1	2,400E+1	3,500E+3	3,473E+3
76,043	0,000	0,000	3,000E-1	2,400E+1	3,500E+3	3,496E+3
77,043	0,000	0,000	3,000E-1	2,400E+1	3,500E+3	3,487E+3
78,043	0,000	0,000	3,000E-1	2,400E+1	3,500E+3	3,502E+3
79,043	0,000	0,000	3,000E-1	2,400E+1	3,500E+3	3,507E+3
80,042	0,000	0,000	3,000E-1	2,400E+1	3,000E+3	3,443E+3
81,043	0,000	0,000	3,000E-1	2,400E+1	3,000E+3	3,128E+3
82,042	0,000	0,000	3,000E-1	2,400E+1	3,000E+3	2,821E+3
83,043	0,000	0,000	3,000E-1	2,400E+1	3,000E+3	2,716E+3
84,044	0,000	0,000	3,000E-1	2,400E+1	3,000E+3	2,944E+3
85,044	0,000	0,000	3,000E-1	2,400E+1	3,000E+3	3,066E+3
86,044	0,000	0,000	3,000E-1	2,400E+1	3,000E+3	3,034E+3
87,043	0,000	0,000	3,000E-1	2,400E+1	3,000E+3	2,986E+3
88,044	0,000	0,000	3,000E-1	2,400E+1	3,000E+3	2,949E+3
89,045	0,000	0,000	3,000E-1	2,400E+1	3,000E+3	2,995E+3
90,046	0,000	0,000	3,000E-1	2,400E+1	3,000E+3	3,022E+3
91,046	0,000	0,000	3,000E-1	2,400E+1	3,000E+3	3,011E+3
92,046	0,000	0,000	3,000E-1	2,400E+1	3,000E+3	2,993E+3
93,046	0,010	0,000	3,000E-1	2,400E+1	3,000E+3	3,003E+3
94,045	0,010	0,000	9,300E-1	2,400E+1	3,000E+3	3,000E+3
95,047	0,023	0,000	1,710E+0	2,400E+1	3,000E+3	3,000E+3
96,047	0,036	0,000	1,710E+0	2,400E+1	3,000E+3	2,996E+3
97,047	0,036	0,000	2,410E+0	2,400E+1	3,000E+3	3,003E+3
98,048	0,052	0,000	3,200E+0	2,400E+1	3,000E+3	2,998E+3
99,048	0,065	0,000	3,200E+0	2,400E+1	3,000E+3	2,989E+3
100,048	0,065	0,000	3,910E+0	2,400E+1	3,000E+3	2,986E+3
101,048	0,078	0,000	4,660E+0	2,400E+1	3,000E+3	2,992E+3
102,049	0,095	0,000	5,280E+0	2,400E+1	3,000E+3	2,984E+3
103,049	0,095	0,000	5,280E+0	2,400E+1	3,000E+3	2,994E+3
104,049	0,108	0,000	6,240E+0	2,400E+1	3,000E+3	2,992E+3
105,049	0,122	0,000	6,240E+0	2,400E+1	3,000E+3	2,985E+3
106,048	0,122	0,000	6,920E+0	2,400E+1	3,000E+3	2,997E+3
107,049	0,127	0,000	6,980E+0	2,400E+1	3,000E+3	2,995E+3
108,049	0,127	0,000	6,980E+0	2,400E+1	3,000E+3	3,006E+3
109,051	0,127	0,000	6,970E+0	2,400E+1	3,000E+3	2,997E+3
110,051	0,128	0,000	7,090E+0	2,400E+1	3,000E+3	2,998E+3
111,051	0,130	0,000	7,090E+0	2,400E+1	3,000E+3	3,003E+3
112,051	0,130	0,000	7,220E+0	2,400E+1	3,000E+3	3,006E+3
113,051	0,132	0,000	7,300E+0	2,400E+1	3,000E+3	3,008E+3
114,051	0,134	0,000	7,300E+0	2,400E+1	3,000E+3	2,995E+3
115,051	0,134	0,000	7,410E+0	2,400E+1	3,000E+3	3,016E+3
116,052	0,135	0,000	7,470E+0	2,400E+1	3,000E+3	2,997E+3
117,052	0,136	0,000	7,470E+0	2,400E+1	3,000E+3	3,007E+3
118,053	0,136	0,000	7,550E+0	2,400E+1	3,000E+3	3,006E+3
119,053	0,137	0,000	7,590E+0	2,400E+1	3,000E+3	2,991E+3
120,053	0,138	0,000	7,590E+0	2,400E+1	3,000E+3	2,991E+3
121,053	0,138	0,000	7,620E+0	2,400E+1	3,000E+3	2,995E+3
122,052	0,139	0,000	7,670E+0	2,400E+1	3,000E+3	3,001E+3
123,054	0,140	0,000	7,670E+0	2,400E+1	3,000E+3	3,008E+3
124,054	0,140	0,000	7,700E+0	2,400E+1	3,000E+3	2,996E+3
125,056	0,140	0,000	7,730E+0	2,400E+1	3,000E+3	2,998E+3
126,056	0,140	0,000	7,750E+0	2,400E+1	3,000E+3	2,998E+3
127,057	0,140	0,000	7,750E+0	2,400E+1	3,000E+3	3,004E+3
128,057	0,141	0,000	7,760E+0	2,400E+1	3,000E+3	3,005E+3
129,058	0,141	0,000	7,760E+0	2,400E+1	3,000E+3	2,988E+3
130,058	0,141	0,000	7,780E+0	2,400E+1	3,000E+3	3,004E+3
131,058	0,141	0,000	7,790E+0	2,400E+1	3,000E+3	2,998E+3
132,058	0,142	0,000	7,790E+0	2,400E+1	3,000E+3	3,003E+3
133,059	0,142	0,000	7,810E+0	2,400E+1	3,000E+3	3,002E+3
134,059	0,142	0,000	7,810E+0	2,400E+1	3,000E+3	3,003E+3
135,059	0,142	0,000	7,820E+0	2,400E+1	3,000E+3	2,997E+3
136,060	0,142	0,000	7,820E+0	2,400E+1	3,000E+3	2,993E+3
137,060	0,142	0,000	7,840E+0	2,400E+1	3,000E+3	3,006E+3
138,061	0,142	0,000	7,840E+0	2,400E+1	3,000E+3	3,000E+3
139,061	0,142	0,000	7,850E+0	2,400E+1	3,000E+3	3,008E+3
140,062	0,142	0,000	7,850E+0	2,400E+1	3,000E+3	2,995E+3
141,062	0,143	0,000	7,850E+0	2,400E+1	3,000E+3	3,004E+3
142,063	0,143	0,000	7,860E+0	2,400E+1	3,000E+3	3,006E+3
143,063	0,143	0,000	7,870E+0	2,400E+1	3,000E+3	2,991E+3
144,062	0,143	0,000	7,870E+0	2,400E+1	3,000E+3	3,000E+3
145,063	0,143	0,000	7,870E+0	2,400E+1	3,000E+3	2,992E+3
146,064	0,143	0,000	7,880E+0	2,400E+1	3,000E+3	2,992E+3
147,064	0,143	0,000	7,880E+0	2,400E+1	3,000E+3	2,990E+3
148,064	0,143	0,000	7,870E+0	2,400E+1	3,000E+3	2,997E+3
149,065	0,143	0,000	7,870E+0	2,400E+1	3,000E+3	3,007E+3
150,065	0,143	0,000	7,870E+0	2,400E+1	3,000E+3	3,006E+3
151,064	0,143	0,000	7,870E+0	2,400E+1	3,000E+3	2,996E+3
152,066	0,143	0,000	7,870E+0	2,400E+1	3,000E+3	2,991E+3
153,066	0,143	0,000	7,870E+0	2,400E+1	3,000E+3	3,001E+3
154,067	0,143	0,000	7,880E+0	2,400E+1	3,000E+3	2,986E+3
155,067	0,143	0,000	7,880E+0	2,400E+1	3,000E+3	2,998E+3
156,066	0,143	0,000	7,880E+0	2,400E+1	3,000E+3	2,997E+3
157,067	0,143	0,000	7,890E+0	2,400E+1	3,000E+3	2,999E+3
158,066	0,143	0,000	7,890E+0	2,400E+1	3,000E+3	2,992E+3
159,067	0,143	0,000	7,890E+0	2,400E+1	3,000E+3	2,988E+3
160,067	0,143	0,000	7,890E+0	2,400E+1	3,000E+3	2,987E+3
161,068	0,143	0,000	7,890E+0	2,400E+1	3,000E+3	3,003E+3
162,068	0,143	0,000	7,900E+0	2,400E+1	3,000E+3	3,006E+3
163,068	0,143	0,000	7,910E+0	2,400E+1	3,000E+3	3,012E+3
164,070	0,143	0,000	7,910E+0	2,400E+1	3,000E+3	3,016E+3
165,070	0,143	0,000	7,910E+0	2,400E+1	3,000E+3	3,004E+3
166,071	0,143	0,000	7,910E+0	2,400E+1	3,000E+3	3,006E+3
167,071	0,143	0,000	7,910E+0	2,400E+1	3,000E+3	3,000E+3
168,071	0,143	0,000	7,910E+0	2,400E+1	3,000E+3	3,009E+3
169,071	0,143	0,000	7,910E+0	2,400E+1	3,000E+3	3,006E+3
170,072	0,143	0,000	7,910E+0	2,400E+1	3,000E+3	2,997E+3
171,072	0,143	0,000	7,910E+0	2,400E+1	3,000E+3	2,996E+3
172,072	0,143	0,000	7,910E+0	2,400E+1	3,000E+3	3,006E+3
173,073	0,143	0,000	7,910E+0	2,400E+1	3,000E+3	2,998E+3
174,073	0,143	0,000	7,910E+0	2,400E+1	3,000E+3	3,003E+3
175,073	0,143	0,000	7,910E+0	2,400E+1	3,000E+3	2,995E+3
176,073	0,143	0,000	7,910E+0	2,400E+1	3,000E+3	2,985E+3
177,073	0,143	0,000	7,910E+0	2,400E+1	3,000E+3	3,002E+3
178,073	0,144	0,000	7,920E+0	2,400E+1	3,000E+3	3,001E+3
179,072	0,144	0,000	7,920E+0	2,400E+1	3,000E+3	3,005E+3
180,072	0,144	0,000	7,920E+0	2,400E+1	3,000E+3	2,986E+3
181,074	0,144	0,000	7,920E+0	2,400E+1	3,000E+3	3,001E+3
182,075	0,144	0,000	7,920E+0	2,400E+1	3,000E+3	3,001E+3
183,075	0,144	0,000	7,920E+0	2,400E+1	3,000E+3	3,004E+3
184,076	0,144	0,000	7,920E+0	2,400E+1	3,000E+3	2,995E+3
185,075	0,144	0,000	7,920E+0	2,400E+1	3,000E+3	3,000E+3
186,076	0,144	0,000	7,920E+0	2,400E+1	3,000E+3	2,991E+3
187,075	0,144	0,000	7,920E+0	2,400E+1	3,000E+3	3,001E+3
188,077	0,144	0,000	7,920E+0	2,400E+1	3,000E+3	2,988E+3
189,077	0,144	0,000	7,920E+0	2,400E+1	3,000E+3	2,999E+3
190,077	0,144	0,000	7,920E+0	2,400E+1	3,000E+3	2,997E+3
191,077	0,144	0,000	7,930E+0	2,400E+1	3,000E+3	2,996E+3
192,076	0,144	0,000	7,930E+0	2,400E+1	3,000E+3	2,992E+3
193,077	0,144	0,000	7,920E+0	2,400E+1	3,000E+3	3,003E+3
194,077	0,144	0,000	7,930E+0	2,400E+1	3,000E+3	3,001E+3
195,078	0,144	0,000	7,930E+0	2,400E+1	3,000E+3	2,999E+3
196,078	0,144	0,000	7,940E+0	2,400E+1	3,000E+3	3,012E+3
197,079	0,144	0,000	7,940E+0	2,400E+1	3,000E+3	2,997E+3
198,079	0,144	0,000	7,940E+0	2,400E+1	3,000E+3	2,994E+3
199,078	0,144	0,000	7,940E+0	2,400E+1	3,000E+3	3,000E+3
200,079	0,144	0,000	7,940E+0	2,400E+1	3,000E+3	3,008E+3
201,080	0,144	0,000	7,940E+0	2,400E+1	3,000E+3	3,006E+3
202,080	0,144	0,000	7,940E+0	2,400E+1	3,000E+3	3,005E+3
203,081	0,144	0,000	7,940E+0	2,400E+1	3,000E+3	3,001E+3
204,081	0,144	0,000	7,930E+0	2,400E+1	3,000E+3	3,009E+3
205,081	0,144	0,000	7,930E+0	2,400E+1	3,000E+3	3,001E+3
206,080	0,144	0,000	7,940E+0	2,400E+1	3,000E+3	3,007E+3
207,081	0,144	0,000	7,940E+0	2,400E+1	3,000E+3	3,001E+3
208,082	0,144	0,000	7,940E+0	2,400E+1	3,000E+3	3,005E+3
209,082	0,144	0,000	7,940E+0	2,400E+1	3,000E+3	2,989E+3
210,082	0,144	0,000	7,960E+0	2,400E+1	3,000E+3	2,997E+3
211,082	0,144	0,000	7,940E+0	2,400E+1	3,000E+3	2,995E+3
212,082	0,144	0,000	7,940E+0	2,400E+1	3,000E+3	3,007E+3
213,082	0,144	0,000	7,950E+0	2,400E+1	3,000E+3	2,997E+3
214,083	0,144	0,000	7,950E+0	2,400E+1	3,000E+3	3,001E+3
215,083	0,144	0,000	7,950E+0	2,400E+1	3,000E+3	3,000E+3
216,083	0,144	0,000	7,950E+0	2,400E+1	3,000E+3	2,997E+3
217,084	0,144	0,000	7,950E+0	2,400E+1	3,000E+3	3,003E+3
218,085	0,144	0,000	7,950E+0	2,400E+1	3,000E+3	3,007E+3
219,085	0,144	0,000	7,940E+0	2,400E+1	3,000E+3	3,006E+3
220,084	0,144	0,000	7,940E+0	2,400E+1	3,000E+3	2,999E+3
221,085	0,144	0,000	7,950E+0	2,400E+1	3,000E+3	3,005E+3
222,086	0,144	0,000	7,950E+0	2,400E+1	3,000E+3	3,002E+3
223,086	0,144	0,000	7,950E+0	2,400E+1	3,000E+3	2,994E+3
224,086	0,144	0,000	7,950E+0	2,400E+1	3,000E+3	3,004E+3
225,086	0,144	0,000	7,950E+0	2,400E+1	3,000E+3	2,991E+3
226,087	0,144	0,000	7,950E+0	2,400E+1	3,000E+3	3,004E+3
227,086	0,144	0,000	7,950E+0	2,400E+1	3,000E+3	3,001E+3
228,087	0,144	0,000	7,950E+0	2,400E+1	3,000E+3	3,004E+3
229,087	0,144	0,000	7,950E+0	2,400E+1	3,000E+3	2,995E+3
230,087	0,144	0,000	7,960E+0	2,400E+1	3,000E+3	2,997E+3
231,087	0,144	0,000	7,960E+0	2,400E+1	3,000E+3	3,003E+3
232,086	0,144	0,000	7,960E+0	2,400E+1	3,000E+3	2,988E+3
233,087	0,144	0,000	7,960E+0	2,400E+1	3,000E+3	2,991E+3
234,087	0,144	0,000	7,950E+0	2,400E+1	3,000E+3	2,990E+3
235,087	0,144	0,000	7,950E+0	2,400E+1	3,000E+3	2,995E+3
236,086	0,144	0,000	7,950E+0	2,400E+1	3,000E+3	3,000E+3
237,087	0,144	0,000	7,950E+0	2,400E+1	3,000E+3	2,997E+3
238,087	0,144	0,000	7,950E+0	2,400E+1	3,000E+3	2,998E+3
239,087	0,144	0,000	7,960E+0	2,400E+1	3,000E+3	2,992E+3
240,087	0,144	0,000	7,960E+0	2,400E+1	3,000E+3	3,003E+3
241,088	0,144	0,000	7,960E+0	2,400E+1	3,000E+3	2,991E+3
242,088	0,144	0,000	7,960E+0	2,400E+1	3,000E+3	2,995E+3
243,087	0,144	0,000	7,950E+0	2,400E+1	3,000E+3	2,991E+3
244,088	0,144	0,000	7,960E+0	2,400E+1	3,000E+3	2,998E+3
245,088	0,144	0,000	7,960E+0	2,400E+1	3,000E+3	2,995E+3
246,089	0,144	0,000	7,960E+0	2,400E+1	3,000E+3	3,006E+3
247,090	0,144	0,000	7,960E+0	2,400E+1	3,000E+3	3,000E+3
248,090	0,144	0,000	7,960E+0	2,400E+1	3,000E+3	3,008E+3
249,090	0,144	0,000	7,960E+0	2,400E+1	3,000E+3	3,005E+3
250,090	0,144	0,000	7,960E+0	2,400E+1	3,000E+3	3,003E+3
251,091	0,144	0,000	7,960E+0	2,400E+1	3,000E+3	3,000E+3
252,092	0,144	0,000	7,960E+0	2,400E+1	3,000E+3	3,006E+3
253,092	0,144	0,000	7,960E+0	2,400E+1	3,000E+3	2,993E+3
254,091	0,144	0,000	7,970E+0	2,400E+1	3,000E+3	2,995E+3
255,093	0,144	0,000	7,970E+0	2,400E+1	3,000E+3	3,013E+3
256,093	0,144	0,000	7,960E+0	2,400E+1	3,000E+3	3,013E+3
257,093	0,144	0,000	7,960E+0	2,400E+1	3,000E+3	2,991E+3
258,093	0,144	0,000	7,970E+0	2,400E+1	3,000E+3	3,000E+3
259,092	0,144	0,000	7,970E+0	2,400E+1	3,000E+3	2,998E+3
260,093	0,144	0,000	7,960E+0	2,400E+1	3,000E+3	3,001E+3
261,093	0,144	0,000	7,960E+0	2,400E+1	3,000E+3	3,012E+3
262,094	0,144	0,000	7,960E+0	2,400E+1	3,000E+3	3,004E+3
263,095	0,144	0,000	7,960E+0	2,400E+1	3,000E+3	3,002E+3
264,096	0,144	0,000	7,960E+0	2,400E+1	3,000E+3	3,002E+3
265,096	0,144	0,000	7,960E+0	2,400E+1	3,000E+3	3,003E+3
266,095	0,144	0,000	7,970E+0	2,400E+1	3,000E+3	3,000E+3
267,096	0,144	0,000	7,970E+0	2,400E+1	3,000E+3	2,988E+3
268,096	0,144	0,000	7,970E+0	2,400E+1	3,000E+3	3,001E+3
269,096	0,144	0,000	7,960E+0	2,400E+1	3,000E+3	3,001E+3
270,096	0,144	0,000	7,960E+0	2,400E+1	3,000E+3	3,009E+3
271,096	0,144	0,000	7,980E+0	2,400E+1	3,000E+3	2,998E+3
272,097	0,144	0,000	7,970E+0	2,400E+1	3,000E+3	3,007E+3
273,097	0,144	0,000	7,970E+0	2,400E+1	3,000E+3	3,000E+3
274,098	0,144	0,000	7,970E+0	2,400E+1	3,000E+3	3,004E+3
275,098	0,144	0,000	7,980E+0	2,400E+1	3,000E+3	3,012E+3
276,098	0,144	0,000	7,980E+0	2,400E+1	3,000E+3	2,998E+3
277,098	0,144	0,000	7,970E+0	2,400E+1	3,000E+3	2,998E+3
278,099	0,144	0,000	7,970E+0	2,400E+1	3,000E+3	3,000E+3
279,099	0,144	0,000	7,970E+0	2,400E+1	3,000E+3	3,001E+3
280,098	0,144	0,000	7,970E+0	2,400E+1	3,000E+3	3,004E+3
281,099	0,144	0,000	7,970E+0	2,400E+1	3,000E+3	3,001E+3
282,098	0,144	0,000	7,970E+0	2,400E+1	3,000E+3	3,005E+3
283,100	0,144	0,000	7,980E+0	2,400E+1	3,000E+3	2,995E+3
284,100	0,144	0,000	7,980E+0	2,400E+1	3,000E+3	3,004E+3
285,100	0,144	0,000	7,980E+0	2,400E+1	3,000E+3	2,993E+3
286,100	0,144	0,000	7,980E+0	2,400E+1	3,000E+3	2,992E+3
287,100	0,144	0,000	7,980E+0	2,400E+1	3,000E+3	3,001E+3
288,102	0,144	0,000	7,980E+0	2,400E+1	3,000E+3	3,015E+3
289,101	0,144	0,000	7,980E+0	2,400E+1	3,000E+3	3,002E+3
290,103	0,144	0,000	7,980E+0	2,400E+1	3,000E+3	3,004E+3
291,103	0,144	0,000	7,980E+0	2,400E+1	3,000E+3	3,000E+3
292,103	0,144	0,000	7,980E+0	2,400E+1	3,000E+3	3,004E+3
293,103	0,144	0,000	7,980E+0	2,400E+1	3,000E+3	3,000E+3
294,103	0,144	0,000	7,980E+0	2,400E+1	3,000E+3	2,993E+3
295,105	0,144	0,000	7,980E+0	2,400E+1	3,000E+3	2,998E+3
296,105	0,144	0,000	7,980E+0	2,400E+1	3,000E+3	3,003E+3
297,105	0,144	0,000	7,980E+0	2,400E+1	3,000E+3	2,998E+3
298,106	0,144	0,000	7,980E+0	2,400E+1	3,000E+3	3,003E+3
299,105	0,144	0,000	7,980E+0	2,400E+1	3,000E+3	3,000E+3
300,107	0,144	0,000	7,980E+0	2,400E+1	3,000E+3	3,003E+3
301,106	0,144	0,000	7,980E+0	2,400E+1	3,000E+3	3,010E+3
302,107	0,144	0,000	7,980E+0	2,400E+1	3,000E+3	2,986E+3
303,107	0,144	0,000	7,990E+0	2,400E+1	3,000E+3	3,008E+3
304,107	0,144	0,000	7,990E+0	2,400E+1	3,000E+3	3,009E+3
305,107	0,144	0,000	7,990E+0	2,400E+1	3,000E+3	3,000E+3
306,107	0,144	0,000	7,980E+0	2,400E+1	3,000E+3	3,003E+3
307,107	0,144	0,000	7,980E+0	2,400E+1	3,000E+3	2,993E+3
308,106	0,144	0,000	7,980E+0	2,400E+1	3,000E+3	2,998E+3
309,107	0,144	0,000	7,980E+0	2,400E+1	3,000E+3	2,999E+3
310,108	0,144	0,000	7,980E+0	2,400E+1	3,000E+3	3,006E+3
311,108	0,144	0,000	7,980E+0	2,400E+1	3,000E+3	3,006E+3
312,108	0,144	0,000	7,980E+0	2,400E+1	3,000E+3	3,006E+3
313,108	0,144	0,000	7,980E+0	2,400E+1	3,000E+3	3,015E+3
314,108	0,144	0,000	7,980E+0	2,400E+1	3,000E+3	2,999E+3
315,107	0,144	0,000	7,980E+0	2,400E+1	3,000E+3	3,006E+3
316,108	0,144	0,000	7,980E+0	2,400E+1	3,000E+3	3,014E+3
317,108	0,144	0,000	7,980E+0	2,400E+1	3,000E+3	2,995E+3
318,108	0,144	0,000	7,980E+0	2,400E+1	3,000E+3	3,015E+3
319,108	0,144	0,000	7,980E+0	2,400E+1	3,000E+3	3,003E+3
320,108	0,144	0,000	7,980E+0	2,400E+1	3,000E+3	2,995E+3
321,108	0,144	0,000	7,980E+0	2,400E+1	3,000E+3	3,007E+3
322,108	0,144	0,000	7,980E+0	2,400E+1	3,000E+3	2,991E+3
323,108	0,144	0,000	7,990E+0	2,400E+1	3,000E+3	2,998E+3
324,108	0,144	0,000	7,990E+0	2,400E+1	3,000E+3	3,008E+3
325,108	0,144	0,000	7,990E+0	2,400E+1	3,000E+3	3,004E+3
326,109	0,144	0,000	7,980E+0	2,400E+1	3,000E+3	2,999E+3
327,108	0,144	0,000	7,980E+0	2,400E+1	3,000E+3	3,001E+3
328,109	0,144	0,000	7,990E+0	2,400E+1	3,000E+3	3,000E+3
329,108	0,144	0,000	7,990E+0	2,400E+1	3,000E+3	2,997E+3
330,109	0,144	0,000	7,990E+0	2,400E+1	3,000E+3	2,992E+3
331,109	0,144	0,000	7,990E+0	2,400E+1	3,000E+3	2,996E+3
332,110	0,144	0,000	7,990E+0	2,400E+1	3,000E+3	2,997E+3
333,110	0,144	0,000	7,990E+0	2,400E+1	3,000E+3	3,006E+3
334,110	0,144	0,000	7,990E+0	2,400E+1	3,000E+3	3,008E+3
335,110	0,144	0,000	7,990E+0	2,400E+1	3,000E+3	2,998E+3
336,109	0,144	0,000	7,990E+0	2,400E+1	3,000E+3	2,996E+3
337,110	0,144	0,000	7,990E+0	2,400E+1	3,000E+3	3,003E+3
338,110	0,144	0,000	7,990E+0	2,400E+1	3,000E+3	2,998E+3
339,111	0,144	0,000	7,990E+0	2,400E+1	3,000E+3	3,003E+3
340,111	0,144	0,000	7,990E+0	2,400E+1	3,000E+3	3,003E+3
341,111	0,144	0,000	7,990E+0	2,400E+1	3,000E+3	2,995E+3
342,111	0,144	0,000	7,990E+0	2,400E+1	3,000E+3	2,989E+3
343,112	0,144	0,000	7,990E+0	2,400E+1	3,000E+3	2,996E+3
344,112	0,144	0,000	7,990E+0	2,400E+1	3,000E+3	3,001E+3
345,113	0,144	0,000	7,990E+0	2,400E+1	3,000E+3	2,999E+3
346,113	0,144	0,000	7,990E+0	2,400E+1	3,000E+3	2,997E+3
347,114	0,144	0,000	7,990E+0	2,400E+1	3,000E+3	3,003E+3
348,113	0,144	0,000	7,990E+0	2,400E+1	3,000E+3	2,989E+3
349,113	0,144	0,000	7,990E+0	2,400E+1	3,000E+3	2,992E+3
350,114	0,144	0,000	7,990E+0	2,400E+1	3,000E+3	3,007E+3
351,114	0,144	0,000	7,990E+0	2,400E+1	3,000E+3	2,992E+3
352,114	0,144	0,000	7,990E+0	2,400E+1	3,000E+3	2,995E+3
353,114	0,144	0,000	7,990E+0	2,400E+1	3,000E+3	2,994E+3
354,113	0,144	0,000	7,990E+0	2,400E+1	3,000E+3	2,999E+3
355,115	0,144	0,000	7,990E+0	2,400E+1	3,000E+3	2,998E+3
356,115	0,144	0,000	7,990E+0	2,400E+1	3,000E+3	3,008E+3
357,115	0,144	0,000	7,990E+0	2,400E+1	3,000E+3	3,015E+3
358,115	0,144	0,000	7,990E+0	2,400E+1	3,000E+3	2,999E+3
359,116	0,144	0,000	7,990E+0	2,400E+1	3,000E+3	2,997E+3
360,116	0,144	0,000	7,990E+0	2,400E+1	3,000E+3	3,001E+3
361,115	0,144	0,000	7,990E+0	2,400E+1	3,000E+3	3,003E+3
362,116	0,144	0,000	7,990E+0	2,400E+1	3,000E+3	3,001E+3
363,116	0,144	0,000	7,990E+0	2,400E+1	3,000E+3	2,997E+3
364,117	0,144	0,000	7,990E+0	2,400E+1	3,000E+3	2,994E+3
365,118	0,144	0,000	7,990E+0	2,400E+1	3,000E+3	3,007E+3
366,119	0,144	0,000	8,000E+0	2,400E+1	3,000E+3	2,995E+3
367,119	0,144	0,000	8,000E+0	2,400E+1	3,000E+3	3,013E+3
368,120	0,144	0,000	7,990E+0	2,400E+1	3,000E+3	3,013E+3
369,120	0,144	0,000	8,000E+0	2,400E+1	3,000E+3	2,993E+3
370,121	0,144	0,000	8,000E+0	2,400E+1	3,000E+3	3,007E+3
371,121	0,144	0,000	8,000E+0	2,400E+1	3,000E+3	3,004E+3
372,121	0,144	0,000	8,000E+0	2,400E+1	3,000E+3	3,004E+3
373,121	0,144	0,000	7,990E+0	2,400E+1	3,000E+3	3,008E+3
374,121	0,145	0,000	7,990E+0	2,400E+1	3,000E+3	3,004E+3
375,120	0,145	0,000	8,000E+0	2,400E+1	3,000E+3	3,013E+3
376,121	0,144	0,000	8,000E+0	2,400E+1	3,000E+3	3,004E+3
377,120	0,145	0,000	8,000E+0	2,400E+1	3,000E+3	3,003E+3
378,122	0,145	0,000	8,000E+0	2,400E+1	3,000E+3	3,002E+3
379,123	0,144	0,000	8,000E+0	2,400E+1	3,000E+3	3,008E+3
380,123	0,145	0,000	8,000E+0	2,400E+1	3,000E+3	3,006E+3
381,123	0,145	0,000	8,000E+0	2,400E+1	3,000E+3	3,007E+3
382,122	0,145	0,000	8,010E+0	2,400E+1	3,000E+3	2,998E+3
383,124	0,145	0,000	8,010E+0	2,400E+1	3,000E+3	3,004E+3
384,125	0,145	0,000	8,000E+0	2,400E+1	3,000E+3	3,006E+3
385,125	0,145	0,000	8,000E+0	2,400E+1	3,000E+3	3,006E+3
386,125	0,145	0,000	8,000E+0	2,400E+1	3,000E+3	3,010E+3
387,125	0,145	0,000	8,000E+0	2,400E+1	3,000E+3	2,994E+3
388,126	0,144	0,000	8,000E+0	2,400E+1	3,000E+3	3,006E+3
389,125	0,144	0,000	8,000E+0	2,400E+1	3,000E+3	3,003E+3
390,126	0,144	0,000	8,000E+0	2,400E+1	3,000E+3	3,007E+3
391,126	0,145	0,000	8,000E+0	2,400E+1	3,000E+3	3,012E+3
392,126	0,145	0,000	8,010E+0	2,400E+1	3,000E+3	3,002E+3
393,126	0,145	0,000	8,010E+0	2,400E+1	3,000E+3	3,000E+3
394,126	0,145	0,000	8,010E+0	2,400E+1	3,000E+3	3,001E+3
395,126	0,145	0,000	8,010E+0	2,400E+1	3,000E+3	3,001E+3
396,126	0,145	0,000	8,010E+0	2,400E+1	3,000E+3	3,003E+3
397,126	0,145	0,000	8,010E+0	2,400E+1	3,000E+3	2,989E+3
398,126	0,145	0,000	8,010E+0	2,400E+1	3,000E+3	2,997E+3
399,125	0,145	0,000	8,010E+0	2,400E+1	3,000E+3	3,008E+3
400,127	0,145	0,000	8,010E+0	2,400E+1	3,000E+3	3,007E+3
401,126	0,145	0,000	8,010E+0	2,400E+1	3,000E+3	2,997E+3
402,128	0,145	0,000	8,010E+0	2,400E+1	3,000E+3	2,998E+3
403,129	0,145	0,000	8,010E+0	2,400E+1	3,000E+3	3,006E+3
404,130	0,145	0,000	8,010E+0	2,400E+1	3,000E+3	2,996E+3
405,130	0,145	0,000	8,010E+0	2,400E+1	3,000E+3	3,012E+3
406,129	0,144	0,000	8,010E+0	2,400E+1	3,000E+3	3,001E+3
407,130	0,144	0,000	8,010E+0	2,400E+1	3,000E+3	3,005E+3
408,130	0,145	0,000	8,010E+0	2,400E+1	3,000E+3	3,005E+3
409,131	0,145	0,000	8,010E+0	2,400E+1	3,000E+3	3,002E+3
410,131	0,145	0,000	8,010E+0	2,400E+1	3,000E+3	3,006E+3
411,131	0,145	0,000	8,010E+0	2,400E+1	3,000E+3	3,000E+3
412,131	0,145	0,000	8,010E+0	2,400E+1	3,000E+3	3,007E+3
413,132	0,145	0,000	8,010E+0	2,400E+1	3,000E+3	3,010E+3
414,132	0,145	0,000	8,010E+0	2,400E+1	3,000E+3	2,997E+3
415,131	0,145	0,000	8,010E+0	2,400E+1	3,000E+3	3,000E+3
416,132	0,145	0,000	8,010E+0	2,400E+1	3,000E+3	3,008E+3
417,132	0,145	0,000	8,020E+0	2,400E+1	3,000E+3	2,998E+3
418,132	0,145	0,000	8,010E+0	2,400E+1	3,000E+3	2,998E+3
419,132	0,145	0,000	8,010E+0	2,400E+1	3,000E+3	2,997E+3
420,133	0,145	0,000	8,010E+0	2,400E+1	3,000E+3	2,994E+3
421,133	0,144	0,000	8,010E+0	2,400E+1	3,000E+3	2,999E+3
422,132	0,144	0,000	8,010E+0	2,400E+1	3,000E+3	3,009E+3
423,133	0,145	0,000	8,010E+0	2,400E+1	3,000E+3	3,010E+3
424,132	0,145	0,000	8,010E+0	2,400E+1	3,000E+3	3,007E+3
425,133	0,145	0,000	8,010E+0	2,400E+1	3,000E+3	2,999E+3
426,133	0,145	0,000	8,010E+0	2,400E+1	3,000E+3	2,982E+3
427,134	0,145	0,000	8,020E+0	2,400E+1	3,000E+3	2,998E+3
428,134	0,145	0,000	8,020E+0	2,400E+1	3,000E+3	3,004E+3
429,133	0,145	0,000	8,020E+0	2,400E+1	3,000E+3	3,000E+3
430,134	0,144	0,000	8,010E+0	2,400E+1	3,000E+3	2,998E+3
431,135	0,144	0,000	8,010E+0	2,400E+1	3,000E+3	3,001E+3
432,135	0,145	0,000	8,010E+0	2,400E+1	3,000E+3	3,006E+3
433,135	0,145	0,000	8,010E+0	2,400E+1	3,000E+3	3,001E+3
434,135	0,145	0,000	8,020E+0	2,400E+1	3,000E+3	3,000E+3
435,135	0,145	0,000	8,010E+0	2,400E+1	3,000E+3	3,000E+3
436,134	0,145	0,000	8,010E+0	2,400E+1	3,000E+3	2,995E+3
437,135	0,145	0,000	8,010E+0	2,400E+1	3,000E+3	2,989E+3
438,135	0,144	0,000	8,010E+0	2,400E+1	3,000E+3	3,003E+3
439,135	0,145	0,000	8,020E+0	2,400E+1	3,000E+3	2,998E+3
440,136	0,145	0,000	8,020E+0	2,400E+1	3,000E+3	3,010E+3
441,136	0,145	0,000	8,020E+0	2,400E+1	3,000E+3	2,989E+3
442,136	0,145	0,000	8,020E+0	2,400E+1	3,000E+3	3,000E+3
443,135	0,145	0,000	8,020E+0	2,400E+1	3,000E+3	3,011E+3
444,136	0,145	0,000	8,030E+0	2,400E+1	3,000E+3	3,007E+3
445,137	0,145	0,000	8,030E+0	2,400E+1	3,000E+3	2,996E+3
446,136	0,145	0,000	8,020E+0	2,400E+1	3,000E+3	2,993E+3
447,137	0,145	0,000	8,020E+0	2,400E+1	3,000E+3	3,003E+3
448,137	0,145	0,000	8,020E+0	2,400E+1	3,000E+3	3,000E+3
449,137	0,145	0,000	8,020E+0	2,400E+1	3,000E+3	3,003E+3
450,137	0,145	0,000	8,010E+0	2,400E+1	3,000E+3	3,001E+3
451,136	0,145	0,000	8,010E+0	2,400E+1	3,000E+3	3,003E+3
452,137	0,145	0,000	8,020E+0	2,400E+1	3,000E+3	3,013E+3
453,137	0,145	0,000	8,020E+0	2,400E+1	3,000E+3	2,995E+3
454,137	0,145	0,000	8,020E+0	2,400E+1	3,000E+3	3,000E+3
455,137	0,145	0,000	8,020E+0	2,400E+1	3,000E+3	3,001E+3
456,137	0,145	0,000	8,020E+0	2,400E+1	3,000E+3	2,998E+3
457,136	0,145	0,000	8,020E+0	2,400E+1	3,000E+3	3,006E+3
458,138	0,145	0,000	8,020E+0	2,400E+1	3,000E+3	3,000E+3
459,137	0,145	0,000	8,020E+0	2,400E+1	3,000E+3	3,017E+3
460,138	0,145	0,000	8,020E+0	2,400E+1	3,000E+3	3,001E+3
461,138	0,145	0,000	8,020E+0	2,400E+1	3,000E+3	3,003E+3
462,138	0,145	0,000	8,020E+0	2,400E+1	3,000E+3	3,007E+3
463,138	0,145	0,000	8,020E+0	2,400E+1	3,000E+3	3,000E+3
464,138	0,145	0,000	8,020E+0	2,400E+1	3,000E+3	3,001E+3
465,140	0,145	0,000	8,030E+0	2,400E+1	3,000E+3	3,001E+3
466,140	0,145	0,000	8,030E+0	2,400E+1	3,000E+3	2,996E+3
467,142	0,145	0,000	8,020E+0	2,400E+1	3,000E+3	3,002E+3
468,143	0,145	0,000	8,030E+0	2,400E+1	3,000E+3	3,005E+3
469,143	0,145	0,000	8,030E+0	2,400E+1	3,000E+3	2,998E+3
470,143	0,145	0,000	8,020E+0	2,400E+1	3,000E+3	2,991E+3
471,144	0,145	0,000	8,020E+0	2,400E+1	3,000E+3	3,003E+3
472,145	0,145	0,000	8,030E+0	2,400E+1	3,000E+3	2,999E+3
473,146	0,144	0,000	8,030E+0	2,400E+1	3,000E+3	3,005E+3
474,146	0,145	0,000	8,030E+0	2,400E+1	3,000E+3	3,000E+3
475,146	0,145	0,000	8,030E+0	2,400E+1	3,000E+3	3,000E+3
476,147	0,145	0,000	8,030E+0	2,400E+1	3,000E+3	2,999E+3
477,148	0,144	0,000	8,020E+0	2,400E+1	3,000E+3	3,001E+3
478,148	0,145	0,000	8,030E+0	2,400E+1	3,000E+3	2,997E+3
479,148	0,145	0,000	8,030E+0	2,400E+1	3,000E+3	3,002E+3
480,147	0,145	0,000	8,030E+0	2,400E+1	3,000E+3	3,000E+3
481,148	0,145	0,000	8,030E+0	2,400E+1	3,000E+3	2,998E+3
482,148	0,145	0,000	8,030E+0	2,400E+1	3,000E+3	3,006E+3
483,148	0,145	0,000	8,020E+0	2,400E+1	3,000E+3	3,004E+3
484,148	0,145	0,000	8,020E+0	2,400E+1	3,000E+3	2,999E+3
485,149	0,145	0,000	8,020E+0	2,400E+1	3,000E+3	3,001E+3
486,149	0,145	0,000	8,030E+0	2,400E+1	3,000E+3	3,001E+3
487,148	0,145	0,000	8,030E+0	2,400E+1	3,000E+3	3,004E+3
488,149	0,145	0,000	8,020E+0	2,400E+1	3,000E+3	3,001E+3
489,149	0,145	0,000	8,020E+0	2,400E+1	3,000E+3	2,991E+3
490,151	0,145	0,000	8,020E+0	2,400E+1	3,000E+3	3,003E+3
491,151	0,145	0,000	8,020E+0	2,400E+1	3,000E+3	2,998E+3
492,151	0,145	0,000	8,030E+0	2,400E+1	3,000E+3	3,001E+3
493,151	0,145	0,000	8,030E+0	2,400E+1	3,000E+3	2,998E+3
494,151	0,145	0,000	8,030E+0	2,400E+1	3,000E+3	3,000E+3
495,153	0,144	0,000	8,030E+0	2,400E+1	3,000E+3	3,003E+3
496,153	0,145	0,000	8,030E+0	2,400E+1	3,000E+3	2,992E+3
497,153	0,145	0,000	8,030E+0	2,400E+1	3,000E+3	2,996E+3
498,153	0,145	0,000	8,030E+0	2,400E+1	3,000E+3	2,998E+3
499,154	0,145	0,000	8,030E+0	2,400E+1	3,000E+3	2,992E+3
500,155	0,145	0,000	8,030E+0	2,400E+1	3,000E+3	3,004E+3
501,155	0,145	0,000	8,030E+0	2,400E+1	3,000E+3	2,995E+3
502,155	0,145	0,000	8,030E+0	2,400E+1	3,000E+3	3,009E+3
503,155	0,145	0,000	8,040E+0	2,400E+1	3,000E+3	3,007E+3
504,154	0,145	0,000	8,040E+0	2,400E+1	3,000E+3	2,994E+3
505,156	0,144	0,000	8,020E+0	2,400E+1	3,000E+3	3,000E+3
506,155	0,145	0,000	8,020E+0	2,400E+1	3,000E+3	2,999E+3
507,156	0,145	0,000	8,030E+0	2,400E+1	3,000E+3	2,998E+3
508,157	0,145	0,000	8,030E+0	2,400E+1	3,000E+3	3,006E+3
509,158	0,145	0,000	8,040E+0	2,400E+1	3,000E+3	2,998E+3
510,158	0,145	0,000	8,030E+0	2,400E+1	3,000E+3	3,005E+3
511,158	0,145	0,000	8,030E+0	2,400E+1	3,000E+3	2,988E+3
512,159	0,145	0,000	8,030E+0	2,400E+1	3,000E+3	2,989E+3
513,158	0,145	0,000	8,030E+0	2,400E+1	3,000E+3	3,001E+3
514,159	0,145	0,000	8,030E+0	2,400E+1	3,000E+3	2,991E+3
515,159	0,145	0,000	8,040E+0	2,400E+1	3,000E+3	2,995E+3
516,159	0,145	0,000	8,040E+0	2,400E+1	3,000E+3	2,987E+3
517,159	0,145	0,000	8,040E+0	2,400E+1	3,000E+3	3,001E+3
518,159	0,145	0,000	8,030E+0	2,400E+1	3,000E+3	2,996E+3
519,160	0,145	0,000	8,040E+0	2,400E+1	3,000E+3	3,001E+3
520,160	0,145	0,000	8,040E+0	2,400E+1	3,000E+3	2,998E+3
521,161	0,145	0,000	8,040E+0	2,400E+1	3,000E+3	3,001E+3
522,162	0,145	0,000	8,040E+0	2,400E+1	3,000E+3	3,000E+3
523,162	0,145	0,000	8,030E+0	2,400E+1	3,000E+3	2,996E+3
524,162	0,145	0,000	8,030E+0	2,400E+1	3,000E+3	2,997E+3
525,162	0,145	0,000	8,030E+0	2,400E+1	3,000E+3	3,000E+3
526,163	0,145	0,000	8,030E+0	2,400E+1	3,000E+3	3,006E+3
527,163	0,145	0,000	8,030E+0	2,400E+1	3,000E+3	3,008E+3
528,163	0,145	0,000	8,030E+0	2,400E+1	3,000E+3	3,007E+3
529,163	0,145	0,000	8,030E+0	2,400E+1	3,000E+3	3,002E+3
530,163	0,145	0,000	8,040E+0	2,400E+1	3,000E+3	3,015E+3
531,163	0,145	0,000	8,040E+0	2,400E+1	3,000E+3	3,001E+3
532,162	0,145	0,000	8,040E+0	2,400E+1	3,000E+3	3,011E+3
533,163	0,145	0,000	8,030E+0	2,400E+1	3,000E+3	3,004E+3
534,163	0,145	0,000	8,030E+0	2,400E+1	3,000E+3	3,000E+3
535,163	0,145	0,000	8,040E+0	2,400E+1	3,000E+3	3,007E+3
536,163	0,145	0,000	8,040E+0	2,400E+1	3,000E+3	3,001E+3
537,163	0,145	0,000	8,040E+0	2,400E+1	3,000E+3	3,001E+3
538,163	0,145	0,000	8,040E+0	2,400E+1	3,000E+3	3,000E+3
539,162	0,145	0,000	8,040E+0	2,400E+1	3,000E+3	3,001E+3
540,163	0,145	0,000	8,040E+0	2,400E+1	3,000E+3	3,003E+3
541,163	0,145	0,000	8,030E+0	2,400E+1	3,000E+3	3,001E+3
542,163	0,145	0,000	8,040E+0	2,400E+1	3,000E+3	3,011E+3
543,164	0,145	0,000	8,040E+0	2,400E+1	3,000E+3	3,012E+3
544,164	0,145	0,000	8,040E+0	2,400E+1	3,000E+3	3,003E+3
545,165	0,145	0,000	8,040E+0	2,400E+1	3,000E+3	2,995E+3
546,165	0,145	0,000	8,040E+0	2,400E+1	3,000E+3	2,987E+3
547,165	0,145	0,000	8,040E+0	2,400E+1	3,000E+3	2,998E+3
548,165	0,145	0,000	8,040E+0	2,400E+1	3,000E+3	3,004E+3
549,164	0,145	0,000	8,040E+0	2,400E+1	3,000E+3	3,007E+3
550,165	0,145	0,000	8,040E+0	2,400E+1	3,000E+3	2,989E+3
551,165	0,145	0,000	8,050E+0	2,400E+1	3,000E+3	3,005E+3
552,165	0,145	0,000	8,050E+0	2,400E+1	3,000E+3	3,000E+3
553,166	0,145	0,000	8,040E+0	2,400E+1	3,000E+3	3,007E+3
554,165	0,144	0,000	8,040E+0	2,400E+1	3,000E+3	2,999E+3
555,166	0,145	0,000	8,040E+0	2,400E+1	3,000E+3	3,012E+3
556,165	0,145	0,000	8,050E+0	2,400E+1	3,000E+3	3,000E+3
557,167	0,145	0,000	8,050E+0	2,400E+1	3,000E+3	3,009E+3
558,167	0,145	0,000	8,050E+0	2,400E+1	3,000E+3	3,003E+3
559,168	0,145	0,000	8,050E+0	2,400E+1	3,000E+3	3,002E+3
560,168	0,145	0,000	8,050E+0	2,400E+1	3,000E+3	3,004E+3
561,168	0,145	0,000	8,040E+0	2,400E+1	3,000E+3	3,008E+3
562,167	0,145	0,000	8,040E+0	2,400E+1	3,000E+3	3,005E+3
563,168	0,145	0,000	8,040E+0	2,400E+1	3,000E+3	2,994E+3
564,167	0,145	0,000	8,040E+0	2,400E+1	3,000E+3	3,008E+3
565,168	0,145	0,000	8,040E+0	2,400E+1	3,000E+3	2,998E+3
566,169	0,145	0,000	8,040E+0	2,400E+1	3,000E+3	2,989E+3
567,169	0,145	0,000	8,040E+0	2,400E+1	3,000E+3	3,007E+3
568,169	0,145	0,000	8,040E+0	2,400E+1	3,000E+3	3,001E+3
569,168	0,145	0,000	8,050E+0	2,400E+1	3,000E+3	2,999E+3
570,169	0,145	0,000	8,050E+0	2,400E+1	3,000E+3	3,000E+3
571,168	0,145	0,000	8,050E+0	2,400E+1	3,000E+3	2,992E+3
572,169	0,145	0,000	8,050E+0	2,400E+1	3,000E+3	3,001E+3
573,169	0,145	0,000	8,050E+0	2,400E+1	3,000E+3	3,004E+3
574,170	0,145	0,000	8,050E+0	2,400E+1	3,000E+3	2,985E+3
575,170	0,145	0,000	8,050E+0	2,400E+1	3,000E+3	3,020E+3
576,170	0,145	0,000	8,050E+0	2,400E+1	3,000E+3	3,006E+3
577,171	0,145	0,000	8,040E+0	2,400E+1	3,000E+3	3,007E+3
578,172	0,145	0,000	8,040E+0	2,400E+1	3,000E+3	3,006E+3
579,173	0,145	0,000	8,040E+0	2,400E+1	3,000E+3	3,004E+3
580,174	0,145	0,000	8,050E+0	2,400E+1	3,000E+3	3,004E+3
581,174	0,145	0,000	8,050E+0	2,400E+1	3,000E+3	3,004E+3
582,174	0,145	0,000	8,050E+0	2,400E+1	3,000E+3	2,986E+3
583,175	0,145	0,000	8,050E+0	2,400E+1	3,000E+3	3,003E+3
584,174	0,145	0,000	8,050E+0	2,400E+1	3,000E+3	3,005E+3
585,175	0,145	0,000	8,050E+0	2,400E+1	3,000E+3	2,999E+3
586,176	0,145	0,000	8,050E+0	2,400E+1	3,000E+3	3,003E+3
587,177	0,145	0,000	8,050E+0	2,400E+1	3,000E+3	3,004E+3
588,178	0,145	0,000	8,050E+0	2,400E+1	3,000E+3	3,002E+3
589,177	0,145	0,000	8,050E+0	2,400E+1	3,000E+3	2,994E+3
590,179	0,145	0,000	8,050E+0	2,400E+1	3,000E+3	3,000E+3
591,178	0,145	0,000	8,050E+0	2,400E+1	3,000E+3	2,998E+3
592,179	0,145	0,000	8,050E+0	2,400E+1	3,000E+3	3,003E+3
593,179	0,145	0,000	8,050E+0	2,400E+1	3,000E+3	3,007E+3
594,180	0,145	0,000	8,050E+0	2,400E+1	3,000E+3	3,003E+3
595,180	0,145	0,000	8,050E+0	2,400E+1	3,000E+3	3,003E+3
596,180	0,145	0,000	8,050E+0	2,400E+1	3,000E+3	3,002E+3
597,180	0,145	0,000	8,050E+0	2,400E+1	3,000E+3	3,006E+3
598,180	0,145	0,000	8,050E+0	2,400E+1	3,000E+3	3,001E+3
599,180	0,145	0,000	8,050E+0	2,400E+1	3,000E+3	2,994E+3
600,180	0,145	0,000	8,050E+0	2,400E+1	3,000E+3	3,002E+3
601,181	0,145	0,000	8,050E+0	2,400E+1	3,000E+3	3,000E+3
602,181	0,145	0,000	8,050E+0	2,400E+1	3,000E+3	3,008E+3
603,181	0,145	0,000	8,050E+0	2,400E+1	3,000E+3	3,014E+3
604,181	0,145	0,000	8,050E+0	2,400E+1	3,000E+3	2,991E+3
605,183	0,145	0,000	8,050E+0	2,400E+1	3,000E+3	2,999E+3
606,183	0,145	0,000	8,050E+0	2,400E+1	3,000E+3	2,997E+3
607,183	0,145	0,000	8,050E+0	2,400E+1	3,000E+3	3,003E+3
608,183	0,145	0,000	8,050E+0	2,400E+1	3,000E+3	2,996E+3
609,183	0,145	0,000	8,050E+0	2,400E+1	3,000E+3	3,000E+3
610,184	0,145	0,000	8,060E+0	2,400E+1	3,000E+3	3,003E+3
611,184	0,145	0,000	8,060E+0	2,400E+1	3,000E+3	2,997E+3
612,183	0,145	0,000	8,060E+0	2,400E+1	3,000E+3	3,012E+3
613,184	0,145	0,000	8,050E+0	2,400E+1	3,000E+3	3,007E+3
614,184	0,145	0,000	8,050E+0	2,400E+1	3,000E+3	3,000E+3
615,184	0,145	0,000	8,060E+0	2,400E+1	3,000E+3	3,002E+3
616,184	0,145	0,000	8,060E+0	2,400E+1	3,000E+3	2,999E+3
617,185	0,145	0,000	8,060E+0	2,400E+1	3,000E+3	2,999E+3
618,185	0,145	0,000	8,060E+0	2,400E+1	3,000E+3	2,998E+3
619,184	0,145	0,000	8,060E+0	2,400E+1	3,000E+3	3,001E+3
620,185	0,145	0,000	8,060E+0	2,400E+1	3,000E+3	2,995E+3
621,186	0,145	0,000	8,060E+0	2,400E+1	3,000E+3	3,004E+3
622,186	0,145	0,000	8,060E+0	2,400E+1	3,000E+3	2,992E+3
623,186	0,145	0,000	8,060E+0	2,400E+1	3,000E+3	3,006E+3
624,186	0,145	0,000	8,060E+0	2,400E+1	3,000E+3	3,002E+3
625,187	0,145	0,000	8,060E+0	2,400E+1	3,000E+3	3,006E+3
626,186	0,145	0,000	8,060E+0	2,400E+1	3,000E+3	3,000E+3
627,187	0,145	0,000	8,060E+0	2,400E+1	3,000E+3	3,002E+3
628,187	0,145	0,000	8,060E+0	2,400E+1	3,000E+3	3,002E+3
629,187	0,145	0,000	8,050E+0	2,400E+1	3,000E+3	2,997E+3
630,188	0,145	0,000	8,060E+0	2,400E+1	3,000E+3	3,003E+3
631,187	0,145	0,000	8,060E+0	2,400E+1	3,000E+3	2,999E+3
632,188	0,145	0,000	8,060E+0	2,400E+1	3,000E+3	3,002E+3
633,187	0,145	0,000	8,060E+0	2,400E+1	3,000E+3	3,004E+3
634,188	0,145	0,000	8,060E+0	2,400E+1	3,000E+3	3,003E+3
635,188	0,145	0,000	8,060E+0	2,400E+1	3,000E+3	2,998E+3
636,188	0,145	0,000	8,060E+0	2,400E+1	3,000E+3	3,001E+3
637,189	0,145	0,000	8,060E+0	2,400E+1	3,000E+3	3,007E+3
638,188	0,145	0,000	8,060E+0	2,400E+1	3,000E+3	3,002E+3
639,189	0,145	0,000	8,060E+0	2,400E+1	3,000E+3	3,008E+3
640,188	0,145	0,000	8,060E+0	2,400E+1	3,000E+3	2,998E+3
641,189	0,145	0,000	8,060E+0	2,400E+1	3,000E+3	3,007E+3
642,189	0,145	0,000	8,060E+0	2,400E+1	3,000E+3	3,001E+3
643,189	0,145	0,000	8,060E+0	2,400E+1	3,000E+3	3,001E+3
644,190	0,145	0,000	8,060E+0	2,400E+1	3,000E+3	3,001E+3
645,189	0,145	0,000	8,060E+0	2,400E+1	3,000E+3	2,995E+3
646,190	0,145	0,000	8,060E+0	2,400E+1	3,000E+3	3,010E+3
647,189	0,145	0,000	8,060E+0	2,400E+1	3,000E+3	3,000E+3
648,190	0,145	0,000	8,060E+0	2,400E+1	3,000E+3	3,007E+3
649,190	0,145	0,000	8,060E+0	2,400E+1	3,000E+3	2,989E+3
650,190	0,145	0,000	8,060E+0	2,400E+1	3,000E+3	2,998E+3
651,190	0,145	0,000	8,070E+0	2,400E+1	3,000E+3	3,001E+3
652,189	0,145	0,000	8,070E+0	2,400E+1	3,000E+3	3,012E+3
653,190	0,145	0,000	8,070E+0	2,400E+1	3,000E+3	3,003E+3
654,190	0,145	0,000	8,060E+0	2,400E+1	3,000E+3	2,993E+3
655,190	0,145	0,000	8,060E+0	2,400E+1	3,000E+3	3,004E+3
656,190	0,145	0,000	8,070E+0	2,400E+1	3,000E+3	2,998E+3
657,191	0,145	0,000	8,070E+0	2,400E+1	3,000E+3	2,998E+3
658,191	0,145	0,000	8,060E+0	2,400E+1	3,000E+3	2,988E+3
659,191	0,145	0,000	8,060E+0	2,400E+1	3,000E+3	2,998E+3
660,192	0,145	0,000	8,060E+0	2,400E+1	3,000E+3	3,000E+3
661,192	0,145	0,000	8,070E+0	2,400E+1	3,000E+3	2,999E+3
662,192	0,145	0,000	8,070E+0	2,400E+1	3,000E+3	3,000E+3
663,192	0,145	0,000	8,070E+0	2,400E+1	3,000E+3	2,994E+3
664,191	0,145	0,000	8,070E+0	2,400E+1	3,000E+3	3,001E+3
665,192	0,145	0,000	8,070E+0	2,400E+1	3,000E+3	2,995E+3
666,192	0,145	0,000	8,070E+0	2,400E+1	3,000E+3	3,003E+3
667,193	0,145	0,000	8,070E+0	2,400E+1	3,000E+3	3,000E+3
668,194	0,145	0,000	8,070E+0	2,400E+1	3,000E+3	3,001E+3
669,194	0,145	0,000	8,070E+0	2,400E+1	3,000E+3	2,995E+3
670,194	0,145	0,000	8,070E+0	2,400E+1	3,000E+3	3,000E+3
671,193	0,145	0,000	8,070E+0	2,400E+1	3,000E+3	2,996E+3
672,194	0,145	0,000	8,070E+0	2,400E+1	3,000E+3	3,008E+3
673,195	0,145	0,000	8,070E+0	2,400E+1	3,000E+3	2,995E+3
674,195	0,145	0,000	8,070E+0	2,400E+1	3,000E+3	3,012E+3
675,195	0,145	0,000	8,070E+0	2,400E+1	3,000E+3	3,004E+3
676,194	0,145	0,000	8,060E+0	2,400E+1	3,000E+3	3,005E+3
677,195	0,145	0,000	8,060E+0	2,400E+1	3,000E+3	2,998E+3
678,194	0,145	0,000	8,070E+0	2,400E+1	3,000E+3	2,991E+3
679,195	0,145	0,000	8,070E+0	2,400E+1	3,000E+3	3,002E+3
680,196	0,145	0,000	8,070E+0	2,400E+1	3,000E+3	2,994E+3
681,196	0,145	0,000	8,070E+0	2,400E+1	3,000E+3	2,997E+3
682,196	0,145	0,000	8,070E+0	2,400E+1	3,000E+3	3,015E+3
683,196	0,145	0,000	8,080E+0	2,400E+1	3,000E+3	2,996E+3
684,197	0,145	0,000	8,080E+0	2,400E+1	3,000E+3	2,994E+3
685,197	0,145	0,000	8,070E+0	2,400E+1	3,000E+3	2,994E+3
686,197	0,145	0,000	8,070E+0	2,400E+1	3,000E+3	3,003E+3
687,197	0,145	0,000	8,080E+0	2,400E+1	3,000E+3	3,001E+3
688,196	0,145	0,000	8,080E+0	2,400E+1	3,000E+3	3,003E+3
689,197	0,145	0,000	8,070E+0	2,400E+1	3,000E+3	3,000E+3
690,196	0,145	0,000	8,070E+0	2,400E+1	3,000E+3	3,001E+3
691,197	0,145	0,000	8,070E+0	2,400E+1	3,000E+3	3,012E+3
692,198	0,145	0,000	8,070E+0	2,400E+1	3,000E+3	2,997E+3
693,198	0,145	0,000	8,070E+0	2,400E+1	3,000E+3	3,004E+3
694,198	0,145	0,000	8,080E+0	2,400E+1	3,000E+3	2,995E+3
695,197	0,145	0,000	8,080E+0	2,400E+1	3,000E+3	3,013E+3
696,199	0,145	0,000	8,070E+0	2,400E+1	3,000E+3	2,989E+3
697,200	0,145	0,000	8,070E+0	2,400E+1	3,000E+3	3,019E+3
698,201	0,145	0,000	8,070E+0	2,400E+1	3,000E+3	3,018E+3
699,202	0,145	0,000	8,070E+0	2,400E+1	3,000E+3	2,998E+3
700,201	0,145	0,000	8,070E+0	2,400E+1	3,000E+3	2,999E+3
701,202	0,145	0,000	8,080E+0	2,400E+1	3,000E+3	3,003E+3
702,202	0,145	0,000	8,070E+0	2,400E+1	3,000E+3	2,997E+3
703,203	0,145	0,000	8,070E+0	2,400E+1	3,000E+3	3,001E+3
704,203	0,145	0,000	8,070E+0	2,400E+1	3,000E+3	3,003E+3
705,203	0,145	0,000	8,070E+0	2,400E+1	3,000E+3	2,996E+3
706,204	0,145	0,000	8,070E+0	2,400E+1	3,000E+3	2,996E+3
707,204	0,145	0,000	8,070E+0	2,400E+1	3,000E+3	3,005E+3
708,205	0,145	0,000	8,070E+0	2,400E+1	3,000E+3	3,006E+3
709,205	0,145	0,000	8,070E+0	2,400E+1	3,000E+3	3,006E+3
710,205	0,145	0,000	8,070E+0	2,400E+1	3,000E+3	2,996E+3
711,205	0,145	0,000	8,070E+0	2,400E+1	3,000E+3	3,007E+3
712,204	0,145	0,000	8,070E+0	2,400E+1	3,000E+3	3,008E+3
713,206	0,145	0,000	8,070E+0	2,400E+1	3,000E+3	3,010E+3
714,207	0,145	0,000	8,070E+0	2,400E+1	3,000E+3	2,997E+3
715,207	0,145	0,000	8,070E+0	2,400E+1	3,000E+3	3,001E+3
716,207	0,145	0,000	8,080E+0	2,400E+1	3,000E+3	3,006E+3
717,207	0,145	0,000	8,080E+0	2,400E+1	3,000E+3	3,010E+3
718,208	0,145	0,000	8,080E+0	2,400E+1	3,000E+3	2,998E+3
719,207	0,145	0,000	8,070E+0	2,400E+1	3,000E+3	3,004E+3
720,208	0,145	0,000	8,080E+0	2,400E+1	3,000E+3	3,003E+3
721,209	0,145	0,000	8,080E+0	2,400E+1	3,000E+3	2,995E+3
722,209	0,145	0,000	8,080E+0	2,400E+1	3,000E+3	3,001E+3
723,209	0,145	0,000	8,080E+0	2,400E+1	3,000E+3	2,987E+3
724,209	0,145	0,000	8,080E+0	2,400E+1	3,000E+3	2,987E+3
725,209	0,145	0,000	8,080E+0	2,400E+1	3,000E+3	3,001E+3
726,209	0,145	0,000	8,080E+0	2,400E+1	3,000E+3	2,983E+3
727,210	0,145	0,000	8,080E+0	2,400E+1	3,000E+3	3,008E+3
728,210	0,145	0,000	8,080E+0	2,400E+1	3,000E+3	2,994E+3
729,210	0,145	0,000	8,080E+0	2,400E+1	3,000E+3	2,999E+3
730,211	0,145	0,000	8,080E+0	2,400E+1	3,000E+3	2,997E+3
731,211	0,145	0,000	8,080E+0	2,400E+1	3,000E+3	3,003E+3
732,211	0,145	0,000	8,080E+0	2,400E+1	3,000E+3	3,003E+3
733,210	0,145	0,000	8,080E+0	2,400E+1	3,000E+3	3,005E+3
734,212	0,145	0,000	8,080E+0	2,400E+1	3,000E+3	3,007E+3
735,212	0,145	0,000	8,080E+0	2,400E+1	3,000E+3	3,000E+3
736,213	0,145	0,000	8,080E+0	2,400E+1	3,000E+3	2,997E+3
737,213	0,145	0,000	8,080E+0	2,400E+1	3,000E+3	3,006E+3
738,215	0,145	0,000	8,080E+0	2,400E+1	3,000E+3	2,989E+3
739,215	0,145	0,000	8,080E+0	2,400E+1	3,000E+3	3,011E+3
740,216	0,145	0,000	8,080E+0	2,400E+1	3,000E+3	2,992E+3
741,216	0,145	0,000	8,080E+0	2,400E+1	3,000E+3	2,997E+3
742,216	0,145	0,000	8,080E+0	2,400E+1	3,000E+3	2,994E+3
743,216	0,145	0,000	8,080E+0	2,400E+1	3,000E+3	2,992E+3
744,215	0,145	0,000	8,080E+0	2,400E+1	3,000E+3	2,998E+3
745,216	0,145	0,000	8,080E+0	2,400E+1	3,000E+3	2,994E+3
746,216	0,145	0,000	8,080E+0	2,400E+1	3,000E+3	3,004E+3
747,217	0,145	0,000	8,080E+0	2,400E+1	3,000E+3	2,982E+3
748,217	0,145	0,000	8,080E+0	2,400E+1	3,000E+3	3,000E+3
749,216	0,145	0,000	8,080E+0	2,400E+1	3,000E+3	2,989E+3
750,217	0,145	0,000	8,080E+0	2,400E+1	3,000E+3	2,994E+3
751,216	0,145	0,000	8,080E+0	2,400E+1	3,000E+3	2,994E+3
752,216	0,145	0,000	8,080E+0	2,400E+1	3,000E+3	3,013E+3
753,217	0,145	0,000	8,080E+0	2,400E+1	3,000E+3	2,990E+3
754,217	0,145	0,100	8,080E+0	2,400E+1	3,000E+3	2,996E+3
755,217	0,145	0,100	8,080E+0	2,400E+1	3,000E+3	2,999E+3
756,218	0,145	0,100	8,090E+0	2,400E+1	3,000E+3	2,994E+3
757,217	0,145	0,100	8,080E+0	2,400E+1	3,000E+3	3,060E+3
758,218	0,145	0,100	8,080E+0	2,400E+1	3,000E+3	3,004E+3
759,217	0,100	0,100	5,670E+0	2,400E+1	3,000E+3	2,995E+3
760,218	0,100	0,100	5,660E+0	2,400E+1	3,000E+3	2,998E+3
761,218	0,100	0,100	5,660E+0	2,400E+1	3,000E+3	3,011E+3
762,218	0,100	0,100	5,670E+0	2,400E+1	3,000E+3	3,000E+3
763,218	0,100	0,100	5,670E+0	2,400E+1	3,000E+3	3,000E+3
764,217	0,100	0,050	5,670E+0	2,400E+1	3,000E+3	3,070E+3
765,218	0,050	0,050	2,990E+0	2,400E+1	3,000E+3	3,048E+3
766,219	0,050	0,050	2,970E+0	2,400E+1	3,000E+3	2,987E+3
767,219	0,050	0,050	2,970E+0	2,400E+1	3,000E+3	2,977E+3
768,219	0,050	0,020	2,970E+0	2,400E+1	3,000E+3	3,032E+3
769,219	0,020	0,020	1,360E+0	2,400E+1	3,000E+3	3,036E+3
770,219	0,020	0,020	1,360E+0	2,400E+1	3,000E+3	2,989E+3
771,218	0,020	0,020	1,360E+0	2,400E+1	3,000E+3	2,979E+3
772,219	0,020	0,020	1,360E+0	2,400E+1	3,000E+3	2,999E+3
773,220	0,020	0,020	1,360E+0	2,400E+1	3,000E+3	3,007E+3
774,220	0,020	0,020	1,360E+0	2,400E+1	3,000E+3	2,998E+3
775,220	0,020	0,020	1,360E+0	2,400E+1	3,000E+3	2,989E+3
776,221	0,020	0,020	1,360E+0	2,400E+1	3,000E+3	3,004E+3
777,221	0,020	0,020	1,360E+0	2,400E+1	3,000E+3	3,013E+3
778,221	0,000	0,020	3,000E-1	2,400E+1	3,000E+3	3,008E+3
779,222	0,000	0,020	3,000E-1	2,400E+1	3,000E+3	2,998E+3
780,222	0,000	0,020	3,000E-1	2,400E+1	3,000E+3	3,000E+3
781,223	0,000	0,020	3,000E-1	2,400E+1	0,000E+0	2,910E+3
782,222	0,000	0,020	3,000E-1	2,400E+1	0,000E+0	2,433E+3
783,223	0,000	0,020	3,000E-1	2,400E+1	0,000E+0	1,982E+3
784,222	0,000	0,020	3,000E-1	2,400E+1	0,000E+0	1,562E+3
785,223	0,000	0,020	3,000E-1	2,400E+1	0,000E+0	0,000E+0
786,224	0,000	0,020	3,000E-1	2,400E+1	0,000E+0	0,000E+0
787,224	0,000	0,020	3,000E-1	2,400E+1	0,000E+0	0,000E+0
