0,000000	0,000000	0,000000	5,583364E+0
0,004853	0,000000	0,000000	5,583364E+0
0,004853	0,000000	0,000000	5,583364E+0
0,004853	0,000000	0,000000	5,583364E+0
0,004853	0,000000	0,000000	5,583364E+0
0,004853	0,000000	0,000000	5,583364E+0
0,004853	0,000000	0,000000	5,583364E+0
0,004853	0,000000	0,000000	5,583364E+0
0,004853	0,000000	0,000000	5,583364E+0
0,004853	0,000000	0,000000	5,583364E+0
0,004853	0,000000	0,000000	0,000000E+0
1,004738	0,000000	0,000000	0,000000E+0
1,004738	0,000000	0,000000	0,000000E+0
1,004738	0,000000	0,000000	0,000000E+0
1,004738	0,000000	0,000000	0,000000E+0
1,004738	0,000000	0,000000	0,000000E+0
1,004738	0,000000	0,000000	0,000000E+0
1,004738	0,000000	0,000000	0,000000E+0
1,004738	0,000000	0,000000	0,000000E+0
1,004738	0,000000	0,000000	0,000000E+0
1,004738	0,000000	0,000000	0,000000E+0
2,004161	0,000000	0,000000	0,000000E+0
2,004161	0,000000	0,000000	0,000000E+0
2,004161	0,000000	0,000000	0,000000E+0
2,004161	0,000000	0,000000	0,000000E+0
2,004161	0,000000	0,000000	0,000000E+0
2,004161	0,000000	0,000000	0,000000E+0
2,004161	0,000000	0,000000	0,000000E+0
2,004161	0,000000	0,000000	0,000000E+0
2,004161	0,000000	0,000000	0,000000E+0
2,004161	0,000000	0,000000	0,000000E+0
3,004581	0,000000	0,000000	0,000000E+0
3,004581	0,000000	0,000000	0,000000E+0
3,004581	0,000000	0,000000	0,000000E+0
3,004581	0,000000	0,000000	0,000000E+0
3,004581	0,000000	0,000000	0,000000E+0
3,004581	0,000000	0,000000	0,000000E+0
3,004581	0,000000	0,000000	0,000000E+0
3,004581	0,000000	0,000000	0,000000E+0
3,004581	0,000000	0,000000	0,000000E+0
3,004581	0,000000	0,000000	0,000000E+0
4,004069	0,000000	0,000000	0,000000E+0
4,004069	0,000000	0,000000	0,000000E+0
4,004069	0,000000	0,000000	0,000000E+0
4,004069	0,000000	0,000000	0,000000E+0
4,004069	0,000000	0,000000	0,000000E+0
4,004069	0,000000	0,000000	0,000000E+0
4,004069	0,000000	0,000000	0,000000E+0
4,004069	0,000000	0,000000	0,000000E+0
4,004069	0,000000	0,000000	0,000000E+0
4,004069	0,000000	0,000000	0,000000E+0
5,004437	0,000000	0,000000	0,000000E+0
5,004437	0,000000	0,000000	0,000000E+0
5,004437	0,000000	0,000000	0,000000E+0
5,004437	0,000000	0,000000	0,000000E+0
5,004437	0,000000	0,000000	0,000000E+0
5,004437	0,000000	0,000000	0,000000E+0
5,004437	0,000000	0,000000	0,000000E+0
5,004437	0,000000	0,000000	0,000000E+0
5,004437	0,000000	0,000000	0,000000E+0
5,004437	0,000000	0,000000	0,000000E+0
6,003854	0,000000	0,000000	0,000000E+0
6,003854	0,000000	0,000000	0,000000E+0
6,003854	0,000000	0,000000	0,000000E+0
6,003854	0,000000	0,000000	0,000000E+0
6,003854	0,000000	0,000000	0,000000E+0
6,003854	0,000000	0,000000	0,000000E+0
6,003854	0,000000	0,000000	0,000000E+0
6,003854	0,000000	0,000000	0,000000E+0
6,003854	0,000000	0,000000	0,000000E+0
6,003854	0,000000	0,000000	0,000000E+0
7,004281	0,000000	0,000000	0,000000E+0
7,004281	0,000000	0,000000	0,000000E+0
7,004281	0,000000	0,000000	0,000000E+0
7,004281	0,000000	0,000000	0,000000E+0
7,004281	0,000000	0,000000	0,000000E+0
7,004281	0,000000	0,000000	0,000000E+0
7,004281	0,000000	0,000000	0,000000E+0
7,004281	0,000000	0,000000	0,000000E+0
7,004281	0,000000	0,000000	0,000000E+0
7,004281	0,000000	0,000000	0,000000E+0
8,004701	0,000000	0,000000	0,000000E+0
8,004701	0,000000	0,000000	0,000000E+0
8,004701	0,000000	0,000000	0,000000E+0
8,004701	0,000000	0,000000	0,000000E+0
8,004701	0,000000	0,000000	0,000000E+0
8,004701	0,000000	0,000000	0,000000E+0
8,004701	0,000000	0,000000	0,000000E+0
8,004701	0,000000	0,000000	0,000000E+0
8,004701	0,000000	0,000000	0,000000E+0
8,004701	0,000000	0,000000	0,000000E+0
9,005126	0,000000	0,000000	0,000000E+0
9,005126	0,000000	0,000000	0,000000E+0
9,005126	0,000000	0,000000	0,000000E+0
9,005126	0,000000	0,000000	0,000000E+0
9,005126	0,000000	0,000000	0,000000E+0
9,005126	0,000000	0,000000	0,000000E+0
9,005126	0,000000	0,000000	0,000000E+0
9,005126	0,000000	0,000000	0,000000E+0
9,005126	0,000000	0,000000	0,000000E+0
9,005126	0,000000	0,000000	0,000000E+0
10,005551	0,000000	0,000000	0,000000E+0
10,005551	0,000000	0,000000	0,000000E+0
10,005551	0,000000	0,000000	0,000000E+0
10,005551	0,000000	0,000000	0,000000E+0
10,005551	0,000000	0,000000	0,000000E+0
10,005551	0,000000	0,000000	0,000000E+0
10,005551	0,000000	0,000000	0,000000E+0
10,005551	0,000000	0,000000	0,000000E+0
10,005551	0,000000	0,000000	0,000000E+0
10,005551	0,000000	0,000000	0,000000E+0
11,004973	0,000000	0,000000	0,000000E+0
11,004973	0,000000	0,000000	0,000000E+0
11,004973	0,000000	0,000000	0,000000E+0
11,004973	0,000000	0,000000	0,000000E+0
11,004973	0,000000	0,000000	0,000000E+0
11,004973	0,000000	0,000000	0,000000E+0
11,004973	0,000000	0,000000	0,000000E+0
11,004973	0,000000	0,000000	0,000000E+0
11,004973	0,000000	0,000000	0,000000E+0
11,004973	0,000000	0,000000	0,000000E+0
12,005395	0,000000	0,000000	0,000000E+0
12,005395	0,000000	0,000000	0,000000E+0
12,005395	0,000000	0,000000	0,000000E+0
12,005395	0,000000	0,000000	0,000000E+0
12,005395	0,000000	0,000000	0,000000E+0
12,005395	0,000000	0,000000	0,000000E+0
12,005395	0,000000	0,000000	0,000000E+0
12,005395	0,000000	0,000000	0,000000E+0
12,005395	0,000000	0,000000	0,000000E+0
12,005395	0,000000	0,000000	0,000000E+0
13,005816	0,000000	0,000000	0,000000E+0
13,005816	0,000000	0,000000	0,000000E+0
13,005816	0,000000	0,000000	0,000000E+0
13,005816	0,000000	0,000000	0,000000E+0
13,005816	0,000000	0,000000	0,000000E+0
13,005816	0,000000	0,000000	0,000000E+0
13,005816	0,000000	0,000000	0,000000E+0
13,005816	0,000000	0,000000	0,000000E+0
13,005816	0,000000	0,000000	0,000000E+0
13,005816	0,000000	0,000000	0,000000E+0
14,005242	0,000000	0,000000	0,000000E+0
14,005242	0,000000	0,000000	0,000000E+0
14,005242	0,000000	0,000000	0,000000E+0
14,005242	0,000000	0,000000	0,000000E+0
14,005242	0,000000	0,000000	0,000000E+0
14,005242	0,000000	0,000000	0,000000E+0
14,005242	0,000000	0,000000	0,000000E+0
14,005242	0,000000	0,000000	0,000000E+0
14,005242	0,000000	0,000000	0,000000E+0
14,005242	0,000000	0,000000	0,000000E+0
15,006666	0,000000	0,000000	0,000000E+0
15,006666	0,000000	0,000000	0,000000E+0
15,006666	0,000000	0,000000	0,000000E+0
15,006666	0,000000	0,000000	0,000000E+0
15,006666	0,000000	0,000000	0,000000E+0
15,006666	0,000000	0,000000	0,000000E+0
15,006666	0,000000	0,000000	0,000000E+0
15,006666	0,000000	0,000000	0,000000E+0
15,006666	0,000000	0,000000	0,000000E+0
15,006666	0,000000	0,000000	0,000000E+0
16,006112	0,000000	0,000000	0,000000E+0
16,006112	0,000000	0,000000	0,000000E+0
16,006112	0,000000	0,000000	0,000000E+0
16,006112	0,000000	0,000000	0,000000E+0
16,006112	0,000000	0,000000	0,000000E+0
16,006112	0,000000	0,000000	0,000000E+0
16,006112	0,000000	0,000000	0,000000E+0
16,006112	0,000000	0,000000	0,000000E+0
16,006112	0,000000	0,000000	0,000000E+0
16,006112	0,000000	0,000000	0,000000E+0
17,006513	0,000000	0,000000	0,000000E+0
17,006513	0,000000	0,000000	0,000000E+0
17,006513	0,000000	0,000000	0,000000E+0
17,006513	0,000000	0,000000	0,000000E+0
17,006513	0,000000	0,000000	0,000000E+0
17,006513	0,000000	0,000000	0,000000E+0
17,006513	0,000000	0,000000	0,000000E+0
17,006513	0,000000	0,000000	0,000000E+0
17,006513	0,000000	0,000000	0,000000E+0
17,006513	0,000000	0,000000	0,000000E+0
18,005944	0,000000	0,000000	0,000000E+0
18,005944	0,000000	0,000000	0,000000E+0
18,005944	0,000000	0,000000	0,000000E+0
18,005944	0,000000	0,000000	0,000000E+0
18,005944	0,000000	0,000000	0,000000E+0
18,005944	0,000000	0,000000	0,000000E+0
18,005944	0,000000	0,000000	0,000000E+0
18,005944	0,000000	0,000000	0,000000E+0
18,005944	0,000000	0,000000	0,000000E+0
18,005944	0,000000	0,000000	0,000000E+0
19,006370	0,000000	0,000000	0,000000E+0
19,006370	0,000000	0,000000	0,000000E+0
19,006370	0,000000	0,000000	0,000000E+0
19,006370	0,000000	0,000000	0,000000E+0
19,006370	0,000000	0,000000	0,000000E+0
19,006370	0,000000	0,000000	0,000000E+0
19,006370	0,000000	0,000000	0,000000E+0
19,006370	0,000000	0,000000	0,000000E+0
19,006370	0,000000	0,000000	0,000000E+0
19,006370	0,000000	0,000000	0,000000E+0
20,006803	0,000000	0,000000	0,000000E+0
20,006803	0,000000	0,000000	0,000000E+0
20,006803	0,000000	0,000000	0,000000E+0
20,006803	0,000000	0,000000	0,000000E+0
20,006803	0,000000	0,000000	0,000000E+0
20,006803	0,000000	0,000000	0,000000E+0
20,006803	0,000000	0,000000	0,000000E+0
20,006803	0,000000	0,000000	0,000000E+0
20,006803	0,000000	0,000000	0,000000E+0
20,006803	0,000000	0,000000	0,000000E+0
21,006211	0,000000	0,000000	0,000000E+0
21,006211	0,000000	0,000000	0,000000E+0
21,006211	0,000000	0,000000	0,000000E+0
21,006211	0,000000	0,000000	0,000000E+0
21,006211	0,000000	0,000000	0,000000E+0
21,006211	0,000000	0,000000	0,000000E+0
21,006211	0,000000	0,000000	0,000000E+0
21,006211	0,000000	0,000000	0,000000E+0
21,006211	0,000000	0,000000	0,000000E+0
21,006211	0,000000	0,000000	0,000000E+0
22,006662	0,000000	0,000000	0,000000E+0
22,006662	0,000000	0,000000	0,000000E+0
22,006662	0,000000	0,000000	0,000000E+0
22,006662	0,000000	0,000000	0,000000E+0
22,006662	0,000000	0,000000	0,000000E+0
22,006662	0,000000	0,000000	0,000000E+0
22,006662	0,000000	0,000000	0,000000E+0
22,006662	0,000000	0,000000	0,000000E+0
22,006662	0,000000	0,000000	0,000000E+0
22,006662	0,000000	0,000000	0,000000E+0
23,006052	0,000000	0,000000	0,000000E+0
23,006052	0,000000	0,000000	0,000000E+0
23,006052	0,000000	0,000000	0,000000E+0
23,006052	0,000000	0,000000	0,000000E+0
23,006052	0,000000	0,000000	0,000000E+0
23,006052	0,000000	0,000000	0,000000E+0
23,006052	0,000000	0,000000	0,000000E+0
23,006052	0,000000	0,000000	0,000000E+0
23,006052	0,000000	0,000000	0,000000E+0
23,006052	0,000000	0,000000	0,000000E+0
24,006478	0,000000	0,000000	0,000000E+0
24,006478	0,000000	0,000000	0,000000E+0
24,006478	0,000000	0,000000	0,000000E+0
24,006478	0,000000	0,000000	0,000000E+0
24,006478	0,000000	0,000000	0,000000E+0
24,006478	0,000000	0,000000	0,000000E+0
24,006478	0,000000	0,000000	0,000000E+0
24,006478	0,000000	0,000000	0,000000E+0
24,006478	0,000000	0,000000	0,000000E+0
24,006478	0,000000	0,000000	0,000000E+0
25,005900	0,000000	0,000000	0,000000E+0
25,005900	0,000000	0,000000	0,000000E+0
25,005900	0,000000	0,000000	0,000000E+0
25,005900	0,000000	0,000000	0,000000E+0
25,005900	0,000000	0,000000	0,000000E+0
25,005900	0,000000	0,000000	0,000000E+0
25,005900	0,000000	0,000000	0,000000E+0
25,005900	0,000000	0,000000	0,000000E+0
25,005900	0,000000	0,000000	0,000000E+0
25,005900	0,000000	0,000000	0,000000E+0
26,006325	0,000000	0,000000	0,000000E+0
26,006325	0,000000	0,000000	0,000000E+0
26,006325	0,000000	0,000000	0,000000E+0
26,006325	0,000000	0,000000	0,000000E+0
26,006325	0,000000	0,000000	0,000000E+0
26,006325	0,000000	0,000000	0,000000E+0
26,006325	0,000000	0,000000	0,000000E+0
26,006325	0,000000	0,000000	0,000000E+0
26,006325	0,000000	0,000000	0,000000E+0
26,006325	0,000000	0,000000	0,000000E+0
27,006756	0,000000	0,000000	0,000000E+0
27,006756	0,000000	0,000000	0,000000E+0
27,006756	0,000000	0,000000	0,000000E+0
27,006756	0,000000	0,000000	0,000000E+0
27,006756	0,000000	0,000000	0,000000E+0
27,006756	0,000000	0,000000	0,000000E+0
27,006756	0,000000	0,000000	0,000000E+0
27,006756	0,000000	0,000000	0,000000E+0
27,006756	0,000000	0,000000	0,000000E+0
27,006756	0,000000	0,000000	0,000000E+0
28,006167	0,000000	0,000000	0,000000E+0
28,006167	0,000000	0,000000	0,000000E+0
28,006167	0,000000	0,000000	0,000000E+0
28,006167	0,000000	0,000000	0,000000E+0
28,006167	0,000000	0,000000	0,000000E+0
28,006167	0,000000	0,000000	0,000000E+0
28,006167	0,000000	0,000000	0,000000E+0
28,006167	0,000000	0,000000	0,000000E+0
28,006167	0,000000	0,000000	0,000000E+0
28,006167	0,000000	0,000000	0,000000E+0
28,006167	0,000000	0,000000	0,000000E+0
29,007599	0,000000	0,000000	0,000000E+0
29,007599	0,000000	0,000000	0,000000E+0
29,007599	0,000000	0,000000	0,000000E+0
29,007599	0,000000	0,000000	0,000000E+0
29,007599	0,000000	0,000000	0,000000E+0
29,007599	0,000000	0,000000	0,000000E+0
29,007599	0,000000	0,000000	0,000000E+0
29,007599	0,000000	0,000000	0,000000E+0
29,007599	0,000000	0,000000	0,000000E+0
29,007599	0,000000	0,000000	0,000000E+0
30,007019	0,000000	0,000000	0,000000E+0
30,007019	0,000000	0,000000	0,000000E+0
30,007019	0,000000	0,000000	0,000000E+0
30,007019	0,000000	0,000000	0,000000E+0
30,007019	0,000000	0,000000	0,000000E+0
30,007019	0,000000	0,000000	0,000000E+0
30,007019	0,000000	0,000000	0,000000E+0
30,007019	0,000000	0,000000	0,000000E+0
30,007019	0,000000	0,000000	0,000000E+0
30,007019	0,000000	0,000000	0,000000E+0
31,007466	0,000000	0,000000	0,000000E+0
31,007466	0,000000	0,000000	0,000000E+0
31,007466	0,000000	0,000000	0,000000E+0
31,007466	0,000000	0,000000	0,000000E+0
31,007466	0,000000	0,000000	0,000000E+0
31,007466	0,000000	0,000000	0,000000E+0
31,007466	0,000000	0,000000	0,000000E+0
31,007466	0,000000	0,000000	0,000000E+0
31,007466	0,000000	0,000000	0,000000E+0
31,007466	0,000000	0,000000	0,000000E+0
32,007871	0,000000	0,000000	0,000000E+0
32,007871	0,000000	0,000000	0,000000E+0
32,007871	0,000000	0,000000	0,000000E+0
32,007871	0,000000	0,000000	0,000000E+0
32,007871	0,000000	0,000000	0,000000E+0
32,007871	0,000000	0,000000	0,000000E+0
32,007871	0,000000	0,000000	0,000000E+0
32,007871	0,000000	0,000000	0,000000E+0
32,007871	0,000000	0,000000	0,000000E+0
32,007871	0,000000	0,000000	0,000000E+0
33,008287	0,000000	0,000000	0,000000E+0
33,008287	0,000000	0,000000	0,000000E+0
33,008287	0,000000	0,000000	0,000000E+0
33,008287	0,000000	0,000000	0,000000E+0
33,008287	0,000000	0,000000	0,000000E+0
33,008287	0,000000	0,000000	0,000000E+0
33,008287	0,000000	0,000000	0,000000E+0
33,008287	0,000000	0,000000	0,000000E+0
33,008287	0,000000	0,000000	0,000000E+0
33,008287	0,000000	0,000000	0,000000E+0
34,009708	0,000000	0,000000	0,000000E+0
34,009708	0,000000	0,000000	0,000000E+0
34,009708	0,000000	0,000000	0,000000E+0
34,009708	0,000000	0,000000	0,000000E+0
34,009708	0,000000	0,000000	0,000000E+0
34,009708	0,000000	0,000000	0,000000E+0
34,009708	0,000000	0,000000	0,000000E+0
34,009708	0,000000	0,000000	0,000000E+0
34,009708	0,000000	0,000000	0,000000E+0
34,009708	0,000000	0,000000	0,000000E+0
35,010148	0,000000	0,000000	0,000000E+0
35,010148	0,000000	0,000000	0,000000E+0
35,010148	0,000000	0,000000	0,000000E+0
35,010148	0,000000	0,000000	0,000000E+0
35,010148	0,000000	0,000000	0,000000E+0
35,010148	0,000000	0,000000	0,000000E+0
35,010148	0,000000	0,000000	0,000000E+0
35,010148	0,000000	0,000000	0,000000E+0
35,010148	0,000000	0,000000	0,000000E+0
35,010148	0,000000	0,000000	0,000000E+0
36,011557	0,000000	0,000000	0,000000E+0
36,011557	0,000000	0,000000	0,000000E+0
36,011557	0,000000	0,000000	0,000000E+0
36,011557	0,000000	0,000000	0,000000E+0
36,011557	0,000000	0,000000	0,000000E+0
36,011557	0,000000	0,000000	0,000000E+0
36,011557	0,000000	0,000000	0,000000E+0
36,011557	0,000000	0,000000	0,000000E+0
36,011557	0,000000	0,000000	0,000000E+0
36,011557	0,000000	0,000000	0,000000E+0
37,010978	0,000000	0,000000	0,000000E+0
37,010978	0,000000	0,000000	0,000000E+0
37,010978	0,000000	0,000000	0,000000E+0
37,010978	0,000000	0,000000	0,000000E+0
37,010978	0,000000	0,000000	0,000000E+0
37,010978	0,000000	0,000000	0,000000E+0
37,010978	0,000000	0,000000	0,000000E+0
37,010978	0,000000	0,000000	0,000000E+0
37,010978	0,000000	0,000000	0,000000E+0
37,010978	0,000000	0,000000	0,000000E+0
38,011410	0,000000	0,000000	0,000000E+0
38,011410	0,000000	0,000000	0,000000E+0
38,011410	0,000000	0,000000	0,000000E+0
38,011410	0,000000	0,000000	0,000000E+0
38,011410	0,000000	0,000000	0,000000E+0
38,011410	0,000000	0,000000	0,000000E+0
38,011410	0,000000	0,000000	0,000000E+0
38,011410	0,000000	0,000000	0,000000E+0
38,011410	0,000000	0,000000	0,000000E+0
38,011410	0,000000	0,000000	0,000000E+0
39,012822	0,000000	0,000000	0,000000E+0
39,012822	0,000000	0,000000	0,000000E+0
39,012822	0,000000	0,000000	0,000000E+0
39,012822	0,000000	0,000000	0,000000E+0
39,012822	0,000000	0,000000	0,000000E+0
39,012822	0,000000	0,000000	0,000000E+0
39,012822	0,000000	0,000000	0,000000E+0
39,012822	0,000000	0,000000	0,000000E+0
39,012822	0,000000	0,000000	0,000000E+0
39,012822	0,000000	0,000000	0,000000E+0
40,012260	0,000000	0,000000	0,000000E+0
40,012260	0,000000	0,000000	0,000000E+0
40,012260	0,000000	0,000000	0,000000E+0
40,012260	0,000000	0,000000	0,000000E+0
40,012260	0,000000	0,000000	0,000000E+0
40,012260	0,000000	0,000000	0,000000E+0
40,012260	0,000000	0,000000	0,000000E+0
40,012260	0,000000	0,000000	0,000000E+0
40,012260	0,000000	0,000000	0,000000E+0
40,012260	0,000000	0,000000	0,000000E+0
41,013686	0,000000	0,000000	0,000000E+0
41,013686	0,000000	0,000000	0,000000E+0
41,013686	0,000000	0,000000	0,000000E+0
41,013686	0,000000	0,000000	0,000000E+0
41,013686	0,000000	0,000000	0,000000E+0
41,013686	0,000000	0,000000	0,000000E+0
41,013686	0,000000	0,000000	0,000000E+0
41,013686	0,000000	0,000000	0,000000E+0
41,013686	0,000000	0,000000	0,000000E+0
41,013686	0,000000	0,000000	0,000000E+0
42,013103	0,000000	0,000000	0,000000E+0
42,013103	0,000000	0,000000	0,000000E+0
42,013103	0,000000	0,000000	0,000000E+0
42,013103	0,000000	0,000000	0,000000E+0
42,013103	0,000000	0,000000	0,000000E+0
42,013103	0,000000	0,000000	0,000000E+0
42,013103	0,000000	0,000000	0,000000E+0
42,013103	0,000000	0,000000	0,000000E+0
42,013103	0,000000	0,000000	0,000000E+0
42,013103	0,000000	0,000000	0,000000E+0
43,014522	0,000000	0,000000	0,000000E+0
43,014522	0,000000	0,000000	0,000000E+0
43,014522	0,000000	0,000000	0,000000E+0
43,014522	0,000000	0,000000	0,000000E+0
43,014522	0,000000	0,000000	0,000000E+0
43,014522	0,000000	0,000000	0,000000E+0
43,014522	0,000000	0,000000	0,000000E+0
43,014522	0,000000	0,000000	0,000000E+0
43,014522	0,000000	0,000000	0,000000E+0
43,014522	0,000000	0,000000	0,000000E+0
44,013964	0,000000	0,000000	0,000000E+0
44,013964	0,000000	0,000000	0,000000E+0
44,013964	0,000000	0,000000	0,000000E+0
44,013964	0,000000	0,000000	0,000000E+0
44,013964	0,000000	0,000000	0,000000E+0
44,013964	0,000000	0,000000	0,000000E+0
44,013964	0,000000	0,000000	0,000000E+0
44,013964	0,000000	0,000000	0,000000E+0
44,013964	0,000000	0,000000	0,000000E+0
44,013964	0,000000	0,000000	0,000000E+0
45,015416	0,000000	0,000000	0,000000E+0
45,015416	0,000000	0,000000	0,000000E+0
45,015416	0,000000	0,000000	0,000000E+0
45,015416	0,000000	0,000000	0,000000E+0
45,015416	0,000000	0,000000	0,000000E+0
45,015416	0,000000	0,000000	0,000000E+0
45,015416	0,000000	0,000000	0,000000E+0
45,015416	0,000000	0,000000	0,000000E+0
45,015416	0,000000	0,000000	0,000000E+0
45,015416	0,000000	0,000000	0,000000E+0
46,015792	0,000000	0,000000	0,000000E+0
46,015792	0,000000	0,000000	0,000000E+0
46,015792	0,000000	0,000000	0,000000E+0
46,015792	0,000000	0,000000	0,000000E+0
46,015792	0,000000	0,000000	0,000000E+0
46,015792	0,000000	0,000000	0,000000E+0
46,015792	0,000000	0,000000	0,000000E+0
46,015792	0,000000	0,000000	0,000000E+0
46,015792	0,000000	0,000000	0,000000E+0
46,015792	0,000000	0,000000	0,000000E+0
47,015214	0,000000	0,000000	0,000000E+0
47,015214	0,000000	0,000000	0,000000E+0
47,015214	0,000000	0,000000	0,000000E+0
47,015214	0,000000	0,000000	0,000000E+0
47,015214	0,000000	0,000000	0,000000E+0
47,015214	0,000000	0,000000	0,000000E+0
47,015214	0,000000	0,000000	0,000000E+0
47,015214	0,000000	0,000000	0,000000E+0
47,015214	0,000000	0,000000	0,000000E+0
47,015214	0,000000	0,000000	0,000000E+0
48,015654	0,000000	0,000000	0,000000E+0
48,015654	0,000000	0,000000	0,000000E+0
48,015654	0,000000	0,000000	0,000000E+0
48,015654	0,000000	0,000000	0,000000E+0
48,015654	0,000000	0,000000	0,000000E+0
48,015654	0,000000	0,000000	0,000000E+0
48,015654	0,000000	0,000000	0,000000E+0
48,015654	0,000000	0,000000	0,000000E+0
48,015654	0,000000	0,000000	0,000000E+0
48,015654	0,000000	0,000000	0,000000E+0
49,015061	0,000000	0,000000	0,000000E+0
49,015061	0,000000	0,000000	0,000000E+0
49,015061	0,000000	0,000000	0,000000E+0
49,015061	0,000000	0,000000	0,000000E+0
49,015061	0,000000	0,000000	0,000000E+0
49,015061	0,000000	0,000000	0,000000E+0
49,015061	0,000000	0,000000	0,000000E+0
49,015061	0,000000	0,000000	0,000000E+0
49,015061	0,000000	0,000000	0,000000E+0
49,015061	0,000000	0,000000	0,000000E+0
50,015506	0,000000	0,000000	0,000000E+0
50,015506	0,000000	0,000000	0,000000E+0
50,015506	0,000000	0,000000	0,000000E+0
50,015506	0,000000	0,000000	0,000000E+0
50,015506	0,000000	0,000000	0,000000E+0
50,015506	0,000000	0,000000	0,000000E+0
50,015506	0,000000	0,000000	0,000000E+0
50,015506	0,000000	0,000000	0,000000E+0
50,015506	0,000000	0,000000	0,000000E+0
50,015506	0,000000	0,000000	0,000000E+0
51,014909	0,000000	0,000000	0,000000E+0
51,014909	0,000000	0,000000	0,000000E+0
51,014909	0,000000	0,000000	0,000000E+0
51,014909	0,000000	0,000000	0,000000E+0
51,014909	0,000000	0,000000	0,000000E+0
51,014909	0,000000	0,000000	0,000000E+0
51,014909	0,000000	0,000000	0,000000E+0
51,014909	0,000000	0,000000	0,000000E+0
51,014909	0,000000	0,000000	0,000000E+0
51,014909	0,000000	0,000000	0,000000E+0
52,015346	0,000000	0,000000	0,000000E+0
52,015346	0,000000	0,000000	0,000000E+0
52,015346	0,000000	0,000000	0,000000E+0
52,015346	0,000000	0,000000	0,000000E+0
52,015346	0,000000	0,000000	0,000000E+0
52,015346	0,000000	0,000000	0,000000E+0
52,015346	0,000000	0,000000	0,000000E+0
52,015346	0,000000	0,000000	0,000000E+0
52,015346	0,000000	0,000000	0,000000E+0
52,015346	0,000000	0,000000	0,000000E+0
53,016763	0,000000	0,000000	0,000000E+0
53,016763	0,000000	0,000000	0,000000E+0
53,016763	0,000000	0,000000	0,000000E+0
53,016763	0,000000	0,000000	0,000000E+0
53,016763	0,000000	0,000000	0,000000E+0
53,016763	0,000000	0,000000	0,000000E+0
53,016763	0,000000	0,000000	0,000000E+0
53,016763	0,000000	0,000000	0,000000E+0
53,016763	0,000000	0,000000	0,000000E+0
53,016763	0,000000	0,000000	0,000000E+0
54,017190	0,000000	0,000000	0,000000E+0
54,017190	0,000000	0,000000	0,000000E+0
54,017190	0,000000	0,000000	0,000000E+0
54,017190	0,000000	0,000000	0,000000E+0
54,017190	0,000000	0,000000	0,000000E+0
54,017190	0,000000	0,000000	0,000000E+0
54,017190	0,000000	0,000000	0,000000E+0
