t	PL(A)	PL(B)	PL(T)	PL(E)	V(A)	V(B)	V(E)	I(A)	I(B)	I(E)	n_bracos	n_res
1898,567	10,400	9,200	1,960E+1	0,000E+0	1,539E+2	1,534E+2	0,000E+0	1,216E-1	1,207E-1	0,000E+0	0	1011
0,003	10,400	9,200	1,960E+1	0,000E+0	1,539E+2	1,534E+2	0,000E+0	1,216E-1	1,207E-1	0,000E+0	0	1011
1,003	10,400	9,200	1,960E+1	0,000E+0	1,539E+2	1,534E+2	0,000E+0	1,216E-1	1,207E-1	0,000E+0	0	1011
2,003	10,400	9,200	1,960E+1	0,000E+0	1,539E+2	1,534E+2	0,000E+0	1,216E-1	1,207E-1	0,000E+0	0	1011
3,004	10,400	9,200	1,960E+1	0,000E+0	1,539E+2	1,534E+2	0,000E+0	1,216E-1	1,207E-1	0,000E+0	0	1011
4,003	10,400	9,200	1,960E+1	0,000E+0	1,539E+2	1,534E+2	0,000E+0	1,216E-1	1,207E-1	0,000E+0	0	1011
5,004	10,400	9,200	1,960E+1	0,000E+0	1,539E+2	1,534E+2	0,000E+0	1,216E-1	1,207E-1	0,000E+0	0	1011
6,003	10,400	9,200	1,960E+1	0,000E+0	1,539E+2	1,534E+2	0,000E+0	1,216E-1	1,207E-1	0,000E+0	0	1011
7,005	10,400	9,200	1,960E+1	0,000E+0	1,539E+2	1,534E+2	0,000E+0	1,216E-1	1,207E-1	0,000E+0	0	1011
8,006	10,400	9,200	1,960E+1	0,000E+0	1,539E+2	1,534E+2	0,000E+0	1,216E-1	1,207E-1	0,000E+0	0	1011
9,005	10,400	9,200	1,960E+1	0,000E+0	1,539E+2	1,534E+2	0,000E+0	1,216E-1	1,207E-1	0,000E+0	0	1011
10,006	10,400	9,200	1,960E+1	0,000E+0	1,539E+2	1,534E+2	0,000E+0	1,216E-1	1,207E-1	0,000E+0	0	1011
11,005	10,400	9,200	1,960E+1	0,000E+0	1,539E+2	1,534E+2	0,000E+0	1,216E-1	1,207E-1	0,000E+0	0	1011
12,007	10,400	9,200	1,960E+1	0,000E+0	1,539E+2	1,534E+2	0,000E+0	1,216E-1	1,207E-1	0,000E+0	0	1011
13,007	10,400	9,200	1,960E+1	0,000E+0	1,539E+2	1,534E+2	0,000E+0	1,216E-1	1,207E-1	0,000E+0	0	1011
14,008	10,400	9,200	1,960E+1	0,000E+0	1,539E+2	1,534E+2	0,000E+0	1,216E-1	1,207E-1	0,000E+0	0	1011
15,008	10,400	9,200	1,960E+1	0,000E+0	1,539E+2	1,534E+2	0,000E+0	1,216E-1	1,207E-1	0,000E+0	0	1011
16,007	10,400	9,200	1,960E+1	0,000E+0	1,539E+2	1,534E+2	0,000E+0	1,216E-1	1,207E-1	0,000E+0	0	1011
17,009	10,400	9,200	1,960E+1	0,000E+0	1,539E+2	1,534E+2	0,000E+0	1,216E-1	1,207E-1	0,000E+0	0	1011
18,009	10,400	9,200	1,960E+1	0,000E+0	1,539E+2	1,534E+2	0,000E+0	1,216E-1	1,207E-1	0,000E+0	0	1011
19,010	10,400	9,200	1,960E+1	0,000E+0	1,539E+2	1,534E+2	0,000E+0	1,216E-1	1,207E-1	0,000E+0	0	1011
20,010	10,400	9,200	1,960E+1	0,000E+0	1,539E+2	1,534E+2	0,000E+0	1,216E-1	1,207E-1	0,000E+0	0	1011
21,010	10,400	9,200	1,960E+1	0,000E+0	1,539E+2	1,534E+2	0,000E+0	1,216E-1	1,207E-1	0,000E+0	0	1011
