t	IF	IR	VF	VR	VelSP	VelRE
0,000	0,000	0,000	0,000E+0	2,400E+1	0,000E+0
0,000	0,000	0,000	0,000E+0	2,400E+1	0,000E+0	0,000E+0
1,003	0,000	0,000	3,000E-1	2,400E+1	0,000E+0	0,000E+0
2,003	0,000	0,000	3,000E-1	2,400E+1	0,000E+0	0,000E+0
3,003	0,000	0,000	3,000E-1	2,400E+1	0,000E+0	0,000E+0
4,003	0,000	0,000	3,000E-1	2,400E+1	0,000E+0	0,000E+0
5,002	0,000	0,000	3,000E-1	2,400E+1	0,000E+0	0,000E+0
6,004	0,000	0,000	3,000E-1	2,400E+1	0,000E+0	0,000E+0
7,003	0,000	0,000	3,000E-1	2,400E+1	0,000E+0	0,000E+0
8,004	0,000	0,000	3,000E-1	2,400E+1	0,000E+0	0,000E+0
9,004	0,000	0,000	3,000E-1	2,400E+1	0,000E+0	0,000E+0
10,003	0,000	0,000	3,000E-1	2,400E+1	0,000E+0	0,000E+0
11,004	0,000	0,000	3,000E-1	2,400E+1	0,000E+0	0,000E+0
12,003	0,000	0,000	3,000E-1	2,400E+1	0,000E+0	0,000E+0
13,004	0,000	0,000	3,000E-1	2,400E+1	0,000E+0	0,000E+0
14,004	0,000	0,000	3,000E-1	2,400E+1	0,000E+0	0,000E+0
15,004	0,000	0,000	3,000E-1	2,400E+1	0,000E+0	0,000E+0
16,004	0,000	0,000	3,000E-1	2,400E+1	0,000E+0	0,000E+0
17,004	0,000	0,000	3,000E-1	2,400E+1	0,000E+0	0,000E+0
18,004	0,000	0,000	3,000E-1	2,400E+1	0,000E+0	0,000E+0
19,003	0,000	0,000	3,000E-1	2,400E+1	0,000E+0	0,000E+0
20,005	0,000	0,000	3,000E-1	2,400E+1	0,000E+0	0,000E+0
21,005	0,000	0,000	3,000E-1	2,400E+1	0,000E+0	0,000E+0
22,005	0,000	0,000	3,000E-1	2,400E+1	0,000E+0	0,000E+0
23,005	0,000	0,000	3,000E-1	2,400E+1	0,000E+0	0,000E+0
24,005	0,000	0,000	3,000E-1	2,400E+1	0,000E+0	0,000E+0
25,006	0,000	0,000	3,000E-1	2,400E+1	0,000E+0	0,000E+0
26,005	0,000	0,000	3,000E-1	2,400E+1	0,000E+0	0,000E+0
27,006	0,000	0,000	3,000E-1	2,400E+1	0,000E+0	0,000E+0
28,006	0,000	0,000	3,000E-1	2,400E+1	0,000E+0	0,000E+0
29,006	0,000	0,000	3,000E-1	2,400E+1	0,000E+0	0,000E+0
30,007	0,000	0,000	3,000E-1	2,400E+1	0,000E+0	0,000E+0
31,007	0,000	0,000	3,000E-1	2,400E+1	3,500E+3	0,000E+0
32,006	0,000	0,000	3,000E-1	2,400E+1	3,500E+3	0,000E+0
33,007	0,000	0,000	3,000E-1	2,400E+1	3,500E+3	0,000E+0
34,006	0,000	0,000	3,000E-1	2,400E+1	3,500E+3	1,965E+3
35,007	0,000	0,000	3,000E-1	2,400E+1	3,500E+3	3,826E+3
36,008	0,000	0,000	3,000E-1	2,400E+1	3,500E+3	3,489E+3
37,009	0,000	0,000	3,000E-1	2,400E+1	3,500E+3	3,384E+3
38,009	0,000	0,000	3,000E-1	2,400E+1	3,500E+3	3,514E+3
39,009	0,000	0,000	3,000E-1	2,400E+1	3,500E+3	3,490E+3
40,010	0,000	0,000	3,000E-1	2,400E+1	3,500E+3	3,484E+3
41,009	0,000	0,000	3,000E-1	2,400E+1	3,500E+3	3,505E+3
42,010	0,000	0,000	3,000E-1	2,400E+1	3,500E+3	3,497E+3
43,010	0,000	0,000	3,000E-1	2,400E+1	3,500E+3	3,505E+3
44,009	0,000	0,000	3,000E-1	2,400E+1	3,500E+3	3,490E+3
45,010	0,000	0,000	3,000E-1	2,400E+1	3,500E+3	3,501E+3
46,009	0,000	0,000	3,000E-1	2,400E+1	3,500E+3	3,503E+3
47,010	0,000	0,000	3,000E-1	2,400E+1	3,500E+3	3,511E+3
48,009	0,000	0,000	3,000E-1	2,400E+1	3,500E+3	3,480E+3
49,010	0,000	0,000	3,000E-1	2,400E+1	3,500E+3	3,499E+3
50,011	0,000	0,000	3,000E-1	2,400E+1	3,500E+3	3,530E+3
51,010	0,000	0,000	3,000E-1	2,400E+1	3,500E+3	3,484E+3
52,012	0,000	0,000	3,000E-1	2,400E+1	3,500E+3	3,508E+3
53,011	0,000	0,000	3,000E-1	2,400E+1	3,500E+3	3,498E+3
54,012	0,000	0,000	3,000E-1	2,400E+1	3,500E+3	3,486E+3
55,013	0,000	0,000	3,000E-1	2,400E+1	3,500E+3	3,502E+3
56,014	0,000	0,000	3,000E-1	2,400E+1	3,500E+3	3,487E+3
57,014	0,000	0,000	3,000E-1	2,400E+1	3,500E+3	3,507E+3
58,015	0,000	0,000	3,000E-1	2,400E+1	2,700E+3	3,481E+3
59,015	0,000	0,000	3,000E-1	2,400E+1	2,700E+3	3,075E+3
60,016	0,000	0,000	3,000E-1	2,400E+1	2,700E+3	2,564E+3
61,016	0,000	0,000	3,000E-1	2,400E+1	2,700E+3	2,248E+3
62,015	0,000	0,000	3,000E-1	2,400E+1	2,700E+3	2,540E+3
63,016	0,000	0,000	3,000E-1	2,400E+1	2,700E+3	2,735E+3
64,016	0,000	0,000	3,000E-1	2,400E+1	2,700E+3	2,733E+3
65,017	0,000	0,000	3,000E-1	2,400E+1	2,700E+3	2,692E+3
66,016	0,000	0,000	3,000E-1	2,400E+1	2,700E+3	2,702E+3
67,017	0,000	0,000	3,000E-1	2,400E+1	2,700E+3	2,700E+3
68,018	0,000	0,000	3,000E-1	2,400E+1	2,700E+3	2,703E+3
69,017	0,000	0,000	3,000E-1	2,400E+1	2,700E+3	2,700E+3
70,018	0,000	0,000	3,000E-1	2,400E+1	2,700E+3	2,695E+3
71,018	0,000	0,000	3,000E-1	2,400E+1	2,700E+3	2,709E+3
72,019	0,000	0,000	3,000E-1	2,400E+1	2,700E+3	2,702E+3
73,019	0,000	0,000	3,000E-1	2,400E+1	2,700E+3	2,701E+3
74,018	0,000	0,000	3,000E-1	2,400E+1	2,700E+3	2,710E+3
75,019	0,000	0,000	3,000E-1	2,400E+1	2,700E+3	2,702E+3
76,019	0,000	0,000	3,000E-1	2,400E+1	2,700E+3	2,697E+3
77,019	0,000	0,000	3,000E-1	2,400E+1	2,700E+3	2,703E+3
78,019	0,000	0,000	3,000E-1	2,400E+1	2,700E+3	2,701E+3
79,018	0,000	0,000	3,000E-1	2,400E+1	2,700E+3	2,693E+3
80,019	0,000	0,000	3,000E-1	2,400E+1	2,700E+3	2,700E+3
81,018	0,000	0,000	3,000E-1	2,400E+1	2,700E+3	2,700E+3
82,019	0,000	0,000	3,000E-1	2,400E+1	2,700E+3	2,690E+3
83,019	0,000	0,000	3,000E-1	2,400E+1	2,700E+3	2,696E+3
84,018	0,000	0,000	3,000E-1	2,400E+1	2,700E+3	2,705E+3
85,019	0,000	0,000	3,000E-1	2,400E+1	2,700E+3	2,697E+3
86,018	0,000	0,000	3,000E-1	2,400E+1	2,700E+3	2,694E+3
87,019	0,000	0,000	3,000E-1	2,400E+1	2,700E+3	2,700E+3
88,020	0,000	0,000	3,000E-1	2,400E+1	2,700E+3	2,700E+3
89,021	0,000	0,000	3,000E-1	2,400E+1	2,700E+3	2,700E+3
90,021	0,000	0,000	3,000E-1	2,400E+1	2,700E+3	2,700E+3
91,021	0,004	0,000	4,900E-1	2,400E+1	2,700E+3	2,703E+3
92,020	0,008	0,000	7,500E-1	2,400E+1	2,700E+3	2,703E+3
93,021	0,008	0,000	7,500E-1	2,400E+1	2,700E+3	2,705E+3
94,020	0,012	0,000	9,300E-1	2,400E+1	2,700E+3	2,699E+3
95,022	0,017	0,000	1,140E+0	2,400E+1	2,700E+3	2,698E+3
96,022	0,017	0,000	1,140E+0	2,400E+1	2,700E+3	2,702E+3
97,022	0,021	0,000	1,390E+0	2,400E+1	2,700E+3	2,702E+3
98,022	0,025	0,000	1,610E+0	2,400E+1	2,700E+3	2,701E+3
99,021	0,025	0,000	1,610E+0	2,400E+1	2,700E+3	2,686E+3
100,022	0,029	0,000	1,830E+0	2,400E+1	2,700E+3	2,708E+3
101,021	0,034	0,000	2,030E+0	2,400E+1	2,700E+3	2,700E+3
102,023	0,034	0,000	2,030E+0	2,400E+1	2,700E+3	2,693E+3
103,023	0,038	0,000	2,270E+0	2,400E+1	2,700E+3	2,697E+3
104,023	0,042	0,000	2,470E+0	2,400E+1	2,700E+3	2,702E+3
105,024	0,042	0,000	2,470E+0	2,400E+1	2,700E+3	2,693E+3
106,023	0,046	0,000	2,710E+0	2,400E+1	2,700E+3	2,701E+3
107,025	0,051	0,000	2,930E+0	2,400E+1	2,700E+3	2,699E+3
108,024	0,054	0,000	2,930E+0	2,400E+1	2,700E+3	2,694E+3
109,025	0,054	0,000	3,100E+0	2,400E+1	2,700E+3	2,685E+3
110,025	0,058	0,000	3,300E+0	2,400E+1	2,700E+3	2,695E+3
111,026	0,058	0,000	3,300E+0	2,400E+1	2,700E+3	2,689E+3
112,026	0,061	0,000	3,480E+0	2,400E+1	2,700E+3	2,705E+3
113,027	0,066	0,000	3,670E+0	2,400E+1	2,700E+3	2,700E+3
114,026	0,066	0,000	3,670E+0	2,400E+1	2,700E+3	2,699E+3
115,028	0,069	0,000	3,830E+0	2,400E+1	2,700E+3	2,709E+3
116,027	0,072	0,000	3,990E+0	2,400E+1	2,700E+3	2,697E+3
117,029	0,072	0,000	3,990E+0	2,400E+1	2,700E+3	2,699E+3
118,029	0,076	0,000	4,210E+0	2,400E+1	2,700E+3	2,695E+3
119,029	0,079	0,000	4,350E+0	2,400E+1	2,700E+3	2,693E+3
120,029	0,079	0,000	4,350E+0	2,400E+1	2,700E+3	2,701E+3
121,031	0,082	0,000	4,520E+0	2,400E+1	2,700E+3	2,707E+3
122,031	0,085	0,000	4,680E+0	2,400E+1	2,700E+3	2,705E+3
123,032	0,085	0,000	4,680E+0	2,400E+1	2,700E+3	2,704E+3
124,032	0,089	0,000	4,810E+0	2,400E+1	2,700E+3	2,701E+3
125,031	0,091	0,000	5,010E+0	2,400E+1	2,700E+3	2,698E+3
126,033	0,091	0,000	5,010E+0	2,400E+1	2,700E+3	2,707E+3
127,032	0,094	0,000	5,150E+0	2,400E+1	2,700E+3	2,702E+3
128,033	0,097	0,000	5,270E+0	2,400E+1	2,700E+3	2,706E+3
129,033	0,097	0,000	5,270E+0	2,400E+1	2,700E+3	2,702E+3
130,033	0,099	0,000	5,390E+0	2,400E+1	2,700E+3	2,698E+3
131,033	0,101	0,000	5,500E+0	2,400E+1	2,700E+3	2,701E+3
132,032	0,101	0,000	5,500E+0	2,400E+1	0,000E+0	2,772E+3
133,033	0,000	0,000	3,000E-1	2,400E+1	0,000E+0	2,336E+3
134,033	0,000	0,000	3,000E-1	2,400E+1	0,000E+0	1,764E+3
135,034	0,000	0,000	3,000E-1	2,400E+1	0,000E+0	1,447E+3
