t	PL(A)	PL(B)	PL(T)	PL(E)	V(A)	V(B)	V(E)	I(A)	I(B)	I(E)	n_bracos	n_res
0,000	0,000	0,000	0,000E+0	0,000E+0	0,000E+0	0,000E+0	0,000E+0	0,000E+0	0,000E+0	0,000E+0	7	0001
0,062	0,000	0,000	0,000E+0	0,000E+0	0,000E+0	0,000E+0	0,000E+0	0,000E+0	0,000E+0	0,000E+0	7	0001
1,062	0,000	0,000	0,000E+0	0,000E+0	0,000E+0	0,000E+0	0,000E+0	0,000E+0	0,000E+0	0,000E+0	7	0001
2,064	0,000	0,000	0,000E+0	0,000E+0	0,000E+0	0,000E+0	0,000E+0	0,000E+0	0,000E+0	0,000E+0	7	0001
3,063	0,000	0,000	0,000E+0	0,000E+0	0,000E+0	0,000E+0	0,000E+0	0,000E+0	0,000E+0	0,000E+0	7	0001
4,064	0,000	0,000	0,000E+0	0,000E+0	0,000E+0	0,000E+0	0,000E+0	0,000E+0	0,000E+0	0,000E+0	7	0001
5,065	0,000	0,000	0,000E+0	0,000E+0	0,000E+0	0,000E+0	0,000E+0	0,000E+0	0,000E+0	0,000E+0	7	0001
6,066	0,000	0,000	0,000E+0	0,000E+0	0,000E+0	0,000E+0	0,000E+0	0,000E+0	0,000E+0	0,000E+0	7	0001
7,066	0,000	0,000	0,000E+0	0,000E+0	0,000E+0	0,000E+0	0,000E+0	0,000E+0	0,000E+0	0,000E+0	7	0001
8,066	0,000	0,000	0,000E+0	0,000E+0	0,000E+0	0,000E+0	0,000E+0	0,000E+0	0,000E+0	0,000E+0	7	0001
9,066	0,000	0,000	0,000E+0	0,000E+0	0,000E+0	0,000E+0	0,000E+0	0,000E+0	0,000E+0	0,000E+0	7	0001
10,067	0,000	0,000	0,000E+0	0,000E+0	0,000E+0	0,000E+0	0,000E+0	0,000E+0	0,000E+0	0,000E+0	7	0001
11,066	0,000	0,000	0,000E+0	0,000E+0	0,000E+0	0,000E+0	0,000E+0	0,000E+0	0,000E+0	0,000E+0	7	0001
12,066	0,000	0,000	0,000E+0	0,000E+0	0,000E+0	0,000E+0	0,000E+0	0,000E+0	0,000E+0	0,000E+0	7	0001
13,066	0,000	0,000	0,000E+0	0,000E+0	0,000E+0	0,000E+0	0,000E+0	0,000E+0	0,000E+0	0,000E+0	7	0001
14,067	0,000	0,000	0,000E+0	0,000E+0	0,000E+0	0,000E+0	0,000E+0	0,000E+0	0,000E+0	0,000E+0	7	0001
15,067	0,000	0,000	0,000E+0	0,000E+0	0,000E+0	0,000E+0	0,000E+0	0,000E+0	0,000E+0	0,000E+0	7	0001
16,067	0,000	0,000	0,000E+0	0,000E+0	0,000E+0	0,000E+0	0,000E+0	0,000E+0	0,000E+0	0,000E+0	7	0001
17,067	0,000	0,000	0,000E+0	0,000E+0	0,000E+0	0,000E+0	0,000E+0	0,000E+0	0,000E+0	0,000E+0	7	0001
18,067	0,000	0,000	0,000E+0	0,000E+0	0,000E+0	0,000E+0	0,000E+0	0,000E+0	0,000E+0	0,000E+0	7	0001
19,067	0,000	0,000	0,000E+0	0,000E+0	0,000E+0	0,000E+0	0,000E+0	0,000E+0	0,000E+0	0,000E+0	7	0001
20,067	0,000	0,000	0,000E+0	0,000E+0	0,000E+0	0,000E+0	0,000E+0	0,000E+0	0,000E+0	0,000E+0	7	0001
21,067	0,000	0,000	0,000E+0	0,000E+0	0,000E+0	0,000E+0	0,000E+0	0,000E+0	0,000E+0	0,000E+0	7	0001
22,069	0,000	0,000	0,000E+0	0,000E+0	0,000E+0	0,000E+0	0,000E+0	0,000E+0	0,000E+0	0,000E+0	7	0001
23,068	0,000	0,000	0,000E+0	0,000E+0	0,000E+0	0,000E+0	0,000E+0	0,000E+0	0,000E+0	0,000E+0	7	0001
24,068	0,000	0,000	0,000E+0	0,000E+0	0,000E+0	0,000E+0	0,000E+0	0,000E+0	0,000E+0	0,000E+0	7	0001
25,068	0,000	0,000	0,000E+0	0,000E+0	0,000E+0	0,000E+0	0,000E+0	0,000E+0	0,000E+0	0,000E+0	7	0001
26,068	0,000	0,000	0,000E+0	0,000E+0	0,000E+0	0,000E+0	0,000E+0	0,000E+0	0,000E+0	0,000E+0	7	0001
27,068	0,000	0,000	0,000E+0	0,000E+0	0,000E+0	0,000E+0	0,000E+0	0,000E+0	0,000E+0	0,000E+0	7	0001
28,068	0,000	0,000	0,000E+0	0,000E+0	0,000E+0	0,000E+0	0,000E+0	0,000E+0	0,000E+0	0,000E+0	7	0001
29,069	0,000	0,000	0,000E+0	0,000E+0	0,000E+0	0,000E+0	0,000E+0	0,000E+0	0,000E+0	0,000E+0	7	0001
30,068	0,000	0,000	0,000E+0	0,000E+0	0,000E+0	0,000E+0	0,000E+0	0,000E+0	0,000E+0	0,000E+0	7	0001
31,068	0,000	0,000	0,000E+0	0,000E+0	0,000E+0	0,000E+0	0,000E+0	0,000E+0	0,000E+0	0,000E+0	7	0001
32,068	0,000	3,300	3,300E+0	0,000E+0	3,134E+1	2,891E+1	0,000E+0	0,000E+0	8,873E-1	0,000E+0	7	0001
33,068	0,100	90,700	9,080E+1	0,000E+0	5,188E+1	7,993E+1	0,000E+0	0,000E+0	4,749E+0	0,000E+0	7	0001
34,068	7,600	16,400	2,400E+1	0,000E+0	7,661E+1	9,570E+1	0,000E+0	8,086E-1	1,099E+0	0,000E+0	7	0001
35,068	45,900	56,600	1,025E+2	0,000E+0	1,599E+2	1,597E+2	0,000E+0	6,311E-1	6,249E-1	0,000E+0	7	0001
36,069	45,900	56,600	1,025E+2	0,000E+0	1,599E+2	1,597E+2	0,000E+0	6,311E-1	6,249E-1	0,000E+0	7	0001
37,068	10,500	9,900	2,040E+1	0,000E+0	1,699E+2	1,698E+2	0,000E+0	1,067E-1	1,060E-1	0,000E+0	7	0001
38,068	11,900	11,100	2,300E+1	0,000E+0	1,659E+2	1,657E+2	0,000E+0	1,255E-1	1,242E-1	0,000E+0	7	0001
39,068	18,900	17,800	3,670E+1	0,000E+0	1,697E+2	1,695E+2	0,000E+0	1,815E-1	1,798E-1	0,000E+0	7	0001
40,069	16,500	15,300	3,180E+1	0,000E+0	1,719E+2	1,714E+2	0,000E+0	1,576E-1	1,552E-1	0,000E+0	7	0001
41,069	15,000	14,100	2,910E+1	0,000E+0	1,708E+2	1,709E+2	0,000E+0	1,465E-1	1,449E-1	0,000E+0	7	0001
42,069	15,000	14,100	2,910E+1	0,000E+0	1,708E+2	1,709E+2	0,000E+0	1,465E-1	1,449E-1	0,000E+0	7	0001
43,070	15,500	14,500	3,000E+1	0,000E+0	1,710E+2	1,710E+2	0,000E+0	1,500E-1	1,479E-1	0,000E+0	7	0001
44,069	15,600	14,600	3,020E+1	0,000E+0	1,709E+2	1,708E+2	0,000E+0	1,517E-1	1,499E-1	0,000E+0	7	0001
45,069	15,700	14,600	3,030E+1	0,000E+0	1,711E+2	1,710E+2	0,000E+0	1,518E-1	1,498E-1	0,000E+0	7	0001
46,069	15,400	14,400	2,980E+1	0,000E+0	1,709E+2	1,708E+2	0,000E+0	1,498E-1	1,480E-1	0,000E+0	7	0001
47,069	15,600	14,500	3,010E+1	0,000E+0	1,709E+2	1,707E+2	0,000E+0	1,514E-1	1,490E-1	0,000E+0	7	0001
48,070	15,600	14,500	3,010E+1	0,000E+0	1,709E+2	1,707E+2	0,000E+0	1,514E-1	1,490E-1	0,000E+0	7	0001
49,069	15,500	14,300	2,980E+1	0,000E+0	1,709E+2	1,708E+2	0,000E+0	1,498E-1	1,469E-1	0,000E+0	7	0001
50,069	15,600	14,600	3,020E+1	0,000E+0	1,711E+2	1,708E+2	0,000E+0	1,512E-1	1,491E-1	0,000E+0	7	0001
51,069	15,300	14,400	2,970E+1	0,000E+0	1,709E+2	1,707E+2	0,000E+0	1,489E-1	1,473E-1	0,000E+0	7	0001
52,069	15,200	14,200	2,940E+1	0,000E+0	1,711E+2	1,707E+2	0,000E+0	1,483E-1	1,460E-1	0,000E+0	7	0001
53,069	15,300	14,400	2,970E+1	0,000E+0	1,709E+2	1,708E+2	0,000E+0	1,494E-1	1,478E-1	0,000E+0	7	0001
54,069	0,000	0,000	0,000E+0	0,000E+0	0,000E+0	0,000E+0	0,000E+0	0,000E+0	0,000E+0	0,000E+0	7	0001
55,070	0,000	0,000	0,000E+0	0,000E+0	0,000E+0	0,000E+0	0,000E+0	0,000E+0	0,000E+0	0,000E+0	7	0001
56,069	0,000	0,000	0,000E+0	0,000E+0	0,000E+0	0,000E+0	0,000E+0	0,000E+0	0,000E+0	0,000E+0	7	0001
57,069	0,000	0,000	0,000E+0	0,000E+0	0,000E+0	0,000E+0	0,000E+0	0,000E+0	0,000E+0	0,000E+0	7	0001
58,069	0,000	0,000	0,000E+0	0,000E+0	0,000E+0	0,000E+0	0,000E+0	0,000E+0	0,000E+0	0,000E+0	7	0001
59,069	0,000	0,000	0,000E+0	0,000E+0	0,000E+0	0,000E+0	0,000E+0	0,000E+0	0,000E+0	0,000E+0	7	0001
60,069	0,000	0,000	0,000E+0	0,000E+0	0,000E+0	0,000E+0	0,000E+0	0,000E+0	0,000E+0	0,000E+0	7	0001
61,069	0,000	0,000	0,000E+0	0,000E+0	0,000E+0	0,000E+0	0,000E+0	0,000E+0	0,000E+0	0,000E+0	7	0001
62,071	0,000	0,000	0,000E+0	0,000E+0	0,000E+0	0,000E+0	0,000E+0	0,000E+0	0,000E+0	0,000E+0	7	0001
63,070	0,000	0,000	0,000E+0	0,000E+0	0,000E+0	0,000E+0	0,000E+0	0,000E+0	0,000E+0	0,000E+0	7	0001
64,071	0,000	0,000	0,000E+0	0,000E+0	0,000E+0	0,000E+0	0,000E+0	0,000E+0	0,000E+0	0,000E+0	7	0001
65,071	0,000	0,000	0,000E+0	0,000E+0	0,000E+0	0,000E+0	0,000E+0	0,000E+0	0,000E+0	0,000E+0	7	0001
66,071	0,000	0,000	0,000E+0	0,000E+0	0,000E+0	0,000E+0	0,000E+0	0,000E+0	0,000E+0	0,000E+0	7	0001
67,072	0,000	0,000	0,000E+0	0,000E+0	0,000E+0	0,000E+0	0,000E+0	0,000E+0	0,000E+0	0,000E+0	7	0001
68,073	0,000	0,000	0,000E+0	0,000E+0	0,000E+0	0,000E+0	0,000E+0	0,000E+0	0,000E+0	0,000E+0	7	0001
69,074	0,000	0,000	0,000E+0	0,000E+0	0,000E+0	0,000E+0	0,000E+0	0,000E+0	0,000E+0	0,000E+0	7	0001
70,073	0,000	0,000	0,000E+0	0,000E+0	0,000E+0	0,000E+0	0,000E+0	0,000E+0	0,000E+0	0,000E+0	7	0001
71,073	0,000	0,000	0,000E+0	0,000E+0	0,000E+0	0,000E+0	0,000E+0	0,000E+0	0,000E+0	0,000E+0	7	0001
72,074	0,000	0,000	0,000E+0	0,000E+0	0,000E+0	0,000E+0	0,000E+0	0,000E+0	0,000E+0	0,000E+0	7	0001
73,074	0,000	0,000	0,000E+0	0,000E+0	0,000E+0	0,000E+0	0,000E+0	0,000E+0	0,000E+0	0,000E+0	7	0001
74,075	0,000	0,000	0,000E+0	0,000E+0	0,000E+0	0,000E+0	0,000E+0	0,000E+0	0,000E+0	0,000E+0	7	0001
75,074	0,000	0,000	0,000E+0	0,000E+0	0,000E+0	0,000E+0	0,000E+0	0,000E+0	0,000E+0	0,000E+0	7	0001
76,074	0,000	0,000	0,000E+0	0,000E+0	0,000E+0	0,000E+0	0,000E+0	0,000E+0	0,000E+0	0,000E+0	7	0001
77,074	0,000	0,000	0,000E+0	0,000E+0	0,000E+0	0,000E+0	0,000E+0	0,000E+0	0,000E+0	0,000E+0	7	0001
78,074	0,000	0,000	0,000E+0	0,000E+0	0,000E+0	0,000E+0	0,000E+0	0,000E+0	0,000E+0	0,000E+0	7	0001
79,074	0,000	0,000	0,000E+0	0,000E+0	0,000E+0	0,000E+0	0,000E+0	0,000E+0	0,000E+0	0,000E+0	7	0001
80,074	0,000	0,000	0,000E+0	0,000E+0	0,000E+0	0,000E+0	0,000E+0	0,000E+0	0,000E+0	0,000E+0	7	0001
81,075	0,000	0,000	0,000E+0	0,000E+0	0,000E+0	0,000E+0	0,000E+0	0,000E+0	0,000E+0	0,000E+0	7	0001
82,074	0,000	0,000	0,000E+0	0,000E+0	0,000E+0	0,000E+0	0,000E+0	0,000E+0	0,000E+0	0,000E+0	7	0001
83,074	0,000	0,000	0,000E+0	0,000E+0	0,000E+0	0,000E+0	0,000E+0	0,000E+0	0,000E+0	0,000E+0	7	0001
84,074	0,000	0,000	0,000E+0	0,000E+0	0,000E+0	0,000E+0	0,000E+0	0,000E+0	0,000E+0	0,000E+0	7	0001
85,074	0,000	0,000	0,000E+0	0,000E+0	0,000E+0	0,000E+0	0,000E+0	0,000E+0	0,000E+0	0,000E+0	7	0001
