0,000000	0,000000	0,000000	5,583364E+0
0,019191	0,000000	0,000000	5,583364E+0
0,019191	0,000000	0,000000	5,583364E+0
0,019191	0,000000	0,000000	5,583364E+0
0,019191	0,000000	0,000000	5,583364E+0
0,019191	0,000000	0,000000	5,583364E+0
0,019191	0,000000	0,000000	5,583364E+0
0,019191	0,000000	0,000000	5,583364E+0
0,019191	0,000000	0,000000	5,583364E+0
0,019191	0,000000	0,000000	5,583364E+0
0,019191	0,000000	0,000000	0,000000E+0
0,019191	0,000000	0,000000	0,000000E+0
1,018888	0,000000	0,000000	0,000000E+0
1,018888	0,000000	0,000000	0,000000E+0
1,018888	0,000000	0,000000	0,000000E+0
1,018888	0,000000	0,000000	0,000000E+0
1,018888	0,000000	0,000000	0,000000E+0
1,018888	0,000000	0,000000	0,000000E+0
1,018888	0,000000	0,000000	0,000000E+0
1,018888	0,000000	0,000000	0,000000E+0
1,018888	0,000000	0,000000	0,000000E+0
1,018888	0,000000	0,000000	0,000000E+0
2,019313	0,000000	0,000000	0,000000E+0
2,019313	0,000000	0,000000	0,000000E+0
2,019313	0,000000	0,000000	0,000000E+0
2,019313	0,000000	0,000000	0,000000E+0
2,019313	0,000000	0,000000	0,000000E+0
2,019313	0,000000	0,000000	0,000000E+0
2,019313	0,000000	0,000000	0,000000E+0
2,019313	0,000000	0,000000	0,000000E+0
2,019313	0,000000	0,000000	0,000000E+0
2,019313	0,000000	0,000000	0,000000E+0
3,018717	0,000000	0,000000	0,000000E+0
3,018717	0,000000	0,000000	0,000000E+0
3,018717	0,000000	0,000000	0,000000E+0
3,018717	0,000000	0,000000	0,000000E+0
3,018717	0,000000	0,000000	0,000000E+0
3,018717	0,000000	0,000000	0,000000E+0
3,018717	0,000000	0,000000	0,000000E+0
3,018717	0,000000	0,000000	0,000000E+0
3,018717	0,000000	0,000000	0,000000E+0
3,018717	0,000000	0,000000	0,000000E+0
4,019132	0,000000	0,000000	0,000000E+0
4,019132	0,000000	0,000000	0,000000E+0
4,019132	0,000000	0,000000	0,000000E+0
4,019132	0,000000	0,000000	0,000000E+0
4,019132	0,000000	0,000000	0,000000E+0
4,019132	0,000000	0,000000	0,000000E+0
4,019132	0,000000	0,000000	0,000000E+0
4,019132	0,000000	0,000000	0,000000E+0
4,019132	0,000000	0,000000	0,000000E+0
4,019132	0,000000	0,000000	0,000000E+0
5,020567	0,000000	0,000000	0,000000E+0
5,020567	0,000000	0,000000	0,000000E+0
5,020567	0,000000	0,000000	0,000000E+0
5,020567	0,000000	0,000000	0,000000E+0
5,020567	0,000000	0,000000	0,000000E+0
5,020567	0,000000	0,000000	0,000000E+0
5,020567	0,000000	0,000000	0,000000E+0
5,020567	0,000000	0,000000	0,000000E+0
5,020567	0,000000	0,000000	0,000000E+0
5,020567	0,000000	0,000000	0,000000E+0
6,020980	0,000000	0,000000	0,000000E+0
6,020980	0,000000	0,000000	0,000000E+0
6,020980	0,000000	0,000000	0,000000E+0
6,020980	0,000000	0,000000	0,000000E+0
6,020980	0,000000	0,000000	0,000000E+0
6,020980	0,000000	0,000000	0,000000E+0
6,020980	0,000000	0,000000	0,000000E+0
6,020980	0,000000	0,000000	0,000000E+0
6,020980	0,000000	0,000000	0,000000E+0
6,020980	0,000000	0,000000	0,000000E+0
7,021397	0,000000	0,000000	0,000000E+0
7,021397	0,000000	0,000000	0,000000E+0
7,021397	0,000000	0,000000	0,000000E+0
7,021397	0,000000	0,000000	0,000000E+0
7,021397	0,000000	0,000000	0,000000E+0
7,021397	0,000000	0,000000	0,000000E+0
7,021397	0,000000	0,000000	0,000000E+0
7,021397	0,000000	0,000000	0,000000E+0
7,021397	0,000000	0,000000	0,000000E+0
7,021397	0,000000	0,000000	0,000000E+0
8,020824	0,000000	0,000000	0,000000E+0
8,020824	0,000000	0,000000	0,000000E+0
8,020824	0,000000	0,000000	0,000000E+0
8,020824	0,000000	0,000000	0,000000E+0
8,020824	0,000000	0,000000	0,000000E+0
8,020824	0,000000	0,000000	0,000000E+0
8,020824	0,000000	0,000000	0,000000E+0
8,020824	0,000000	0,000000	0,000000E+0
8,020824	0,000000	0,000000	0,000000E+0
8,020824	0,000000	0,000000	0,000000E+0
9,021253	0,000000	0,000000	0,000000E+0
9,021253	0,000000	0,000000	0,000000E+0
9,021253	0,000000	0,000000	0,000000E+0
9,021253	0,000000	0,000000	0,000000E+0
9,021253	0,000000	0,000000	0,000000E+0
9,021253	0,000000	0,000000	0,000000E+0
9,021253	0,000000	0,000000	0,000000E+0
9,021253	0,000000	0,000000	0,000000E+0
9,021253	0,000000	0,000000	0,000000E+0
9,021253	0,000000	0,000000	0,000000E+0
10,020682	0,000000	0,000000	0,000000E+0
10,020682	0,000000	0,000000	0,000000E+0
10,020682	0,000000	0,000000	0,000000E+0
10,020682	0,000000	0,000000	0,000000E+0
10,020682	0,000000	0,000000	0,000000E+0
10,020682	0,000000	0,000000	0,000000E+0
10,020682	0,000000	0,000000	0,000000E+0
10,020682	0,000000	0,000000	0,000000E+0
10,020682	0,000000	0,000000	0,000000E+0
10,020682	0,000000	0,000000	0,000000E+0
11,021113	0,000000	0,000000	0,000000E+0
11,021113	0,000000	0,000000	0,000000E+0
11,021113	0,000000	0,000000	0,000000E+0
11,021113	0,000000	0,000000	0,000000E+0
11,021113	0,000000	0,000000	0,000000E+0
11,021113	0,000000	0,000000	0,000000E+0
11,021113	0,000000	0,000000	0,000000E+0
11,021113	0,000000	0,000000	0,000000E+0
11,021113	0,000000	0,000000	0,000000E+0
11,021113	0,000000	0,000000	0,000000E+0
12,021525	0,000000	0,000000	0,000000E+0
12,021525	0,000000	0,000000	0,000000E+0
12,021525	0,000000	0,000000	0,000000E+0
12,021525	0,000000	0,000000	0,000000E+0
12,021525	0,000000	0,000000	0,000000E+0
12,021525	0,000000	0,000000	0,000000E+0
12,021525	0,000000	0,000000	0,000000E+0
12,021525	0,000000	0,000000	0,000000E+0
12,021525	0,000000	0,000000	0,000000E+0
12,021525	0,000000	0,000000	0,000000E+0
13,021065	0,000000	0,000000	0,000000E+0
13,021065	0,000000	0,000000	0,000000E+0
13,021065	0,000000	0,000000	0,000000E+0
13,021065	0,000000	0,000000	0,000000E+0
13,021065	0,000000	0,000000	0,000000E+0
13,021065	0,000000	0,000000	0,000000E+0
13,021065	0,000000	0,000000	0,000000E+0
13,021065	0,000000	0,000000	0,000000E+0
13,021065	0,000000	0,000000	0,000000E+0
13,021065	0,000000	0,000000	0,000000E+0
14,021413	0,000000	0,000000	0,000000E+0
14,021413	0,000000	0,000000	0,000000E+0
14,021413	0,000000	0,000000	0,000000E+0
14,021413	0,000000	0,000000	0,000000E+0
14,021413	0,000000	0,000000	0,000000E+0
14,021413	0,000000	0,000000	0,000000E+0
14,021413	0,000000	0,000000	0,000000E+0
14,021413	0,000000	0,000000	0,000000E+0
14,021413	0,000000	0,000000	0,000000E+0
14,021413	0,000000	0,000000	0,000000E+0
15,020794	0,000000	0,000000	0,000000E+0
15,020794	0,000000	0,000000	0,000000E+0
15,020794	0,000000	0,000000	0,000000E+0
15,020794	0,000000	0,000000	0,000000E+0
15,020794	0,000000	0,000000	0,000000E+0
15,020794	0,000000	0,000000	0,000000E+0
15,020794	0,000000	0,000000	0,000000E+0
15,020794	0,000000	0,000000	0,000000E+0
15,020794	0,000000	0,000000	0,000000E+0
15,020794	0,000000	0,000000	0,000000E+0
16,021211	0,000000	0,000000	0,000000E+0
16,021211	0,000000	0,000000	0,000000E+0
16,021211	0,000000	0,000000	0,000000E+0
16,021211	0,000000	0,000000	0,000000E+0
16,021211	0,000000	0,000000	0,000000E+0
16,021211	0,000000	0,000000	0,000000E+0
16,021211	0,000000	0,000000	0,000000E+0
16,021211	0,000000	0,000000	0,000000E+0
16,021211	0,000000	0,000000	0,000000E+0
16,021211	0,000000	0,000000	0,000000E+0
17,020640	0,000000	0,000000	0,000000E+0
17,020640	0,000000	0,000000	0,000000E+0
17,020640	0,000000	0,000000	0,000000E+0
17,020640	0,000000	0,000000	0,000000E+0
17,020640	0,000000	0,000000	0,000000E+0
17,020640	0,000000	0,000000	0,000000E+0
17,020640	0,000000	0,000000	0,000000E+0
17,020640	0,000000	0,000000	0,000000E+0
17,020640	0,000000	0,000000	0,000000E+0
17,020640	0,000000	0,000000	0,000000E+0
18,021075	0,000000	0,000000	0,000000E+0
18,021075	0,000000	0,000000	0,000000E+0
18,021075	0,000000	0,000000	0,000000E+0
18,021075	0,000000	0,000000	0,000000E+0
18,021075	0,000000	0,000000	0,000000E+0
18,021075	0,000000	0,000000	0,000000E+0
18,021075	0,000000	0,000000	0,000000E+0
18,021075	0,000000	0,000000	0,000000E+0
18,021075	0,000000	0,000000	0,000000E+0
18,021075	0,000000	0,000000	0,000000E+0
19,021476	0,000000	0,000000	0,000000E+0
19,021476	0,000000	0,000000	0,000000E+0
19,021476	0,000000	0,000000	0,000000E+0
19,021476	0,000000	0,000000	0,000000E+0
19,021476	0,000000	0,000000	0,000000E+0
19,021476	0,000000	0,000000	0,000000E+0
19,021476	0,000000	0,000000	0,000000E+0
19,021476	0,000000	0,000000	0,000000E+0
19,021476	0,000000	0,000000	0,000000E+0
19,021476	0,000000	0,000000	0,000000E+0
20,020914	0,000000	0,000000	0,000000E+0
20,020914	0,000000	0,000000	0,000000E+0
20,020914	0,000000	0,000000	0,000000E+0
20,020914	0,000000	0,000000	0,000000E+0
20,020914	0,000000	0,000000	0,000000E+0
20,020914	0,000000	0,000000	0,000000E+0
20,020914	0,000000	0,000000	0,000000E+0
20,020914	0,000000	0,000000	0,000000E+0
20,020914	0,000000	0,000000	0,000000E+0
20,020914	0,000000	0,000000	0,000000E+0
21,021331	0,000000	0,000000	0,000000E+0
21,021331	0,000000	0,000000	0,000000E+0
21,021331	0,000000	0,000000	0,000000E+0
21,021331	0,000000	0,000000	0,000000E+0
21,021331	0,000000	0,000000	0,000000E+0
21,021331	0,000000	0,000000	0,000000E+0
21,021331	0,000000	0,000000	0,000000E+0
21,021331	0,000000	0,000000	0,000000E+0
21,021331	0,000000	0,000000	0,000000E+0
21,021331	0,000000	0,000000	0,000000E+0
22,020744	0,000000	0,000000	0,000000E+0
22,020744	0,000000	0,000000	0,000000E+0
22,020744	0,000000	0,000000	0,000000E+0
22,020744	0,000000	0,000000	0,000000E+0
22,020744	0,000000	0,000000	0,000000E+0
22,020744	0,000000	0,000000	0,000000E+0
22,020744	0,000000	0,000000	0,000000E+0
22,020744	0,000000	0,000000	0,000000E+0
22,020744	0,000000	0,000000	0,000000E+0
22,020744	0,000000	0,000000	0,000000E+0
23,021188	0,000000	0,000000	0,000000E+0
23,021188	0,000000	0,000000	0,000000E+0
23,021188	0,000000	0,000000	0,000000E+0
23,021188	0,000000	0,000000	0,000000E+0
23,021188	0,000000	0,000000	0,000000E+0
23,021188	0,000000	0,000000	0,000000E+0
23,021188	0,000000	0,000000	0,000000E+0
23,021188	0,000000	0,000000	0,000000E+0
23,021188	0,000000	0,000000	0,000000E+0
23,021188	0,000000	0,000000	0,000000E+0
24,020732	0,000000	0,000000	0,000000E+0
24,020732	0,000000	0,000000	0,000000E+0
24,020732	0,000000	0,000000	0,000000E+0
24,020732	0,000000	0,000000	0,000000E+0
24,020732	0,000000	0,000000	0,000000E+0
24,020732	0,000000	0,000000	0,000000E+0
24,020732	0,000000	0,000000	0,000000E+0
24,020732	0,000000	0,000000	0,000000E+0
24,020732	0,000000	0,000000	0,000000E+0
24,020732	0,000000	0,000000	0,000000E+0
25,021047	0,000000	0,000000	0,000000E+0
25,021047	0,000000	0,000000	0,000000E+0
25,021047	0,000000	0,000000	0,000000E+0
25,021047	0,000000	0,000000	0,000000E+0
25,021047	0,000000	0,000000	0,000000E+0
25,021047	0,000000	0,000000	0,000000E+0
25,021047	0,000000	0,000000	0,000000E+0
25,021047	0,000000	0,000000	0,000000E+0
25,021047	0,000000	0,000000	0,000000E+0
25,021047	0,000000	0,000000	0,000000E+0
26,021467	0,000000	0,000000	0,000000E+0
26,021467	0,000000	0,000000	0,000000E+0
26,021467	0,000000	0,000000	0,000000E+0
26,021467	0,000000	0,000000	0,000000E+0
26,021467	0,000000	0,000000	0,000000E+0
26,021467	0,000000	0,000000	0,000000E+0
26,021467	0,000000	0,000000	0,000000E+0
26,021467	0,000000	0,000000	0,000000E+0
26,021467	0,000000	0,000000	0,000000E+0
26,021467	0,000000	0,000000	0,000000E+0
27,021869	0,000000	0,000000	0,000000E+0
27,021869	0,000000	0,000000	0,000000E+0
27,021869	0,000000	0,000000	0,000000E+0
27,021869	0,000000	0,000000	0,000000E+0
27,021869	0,000000	0,000000	0,000000E+0
27,021869	0,000000	0,000000	0,000000E+0
27,021869	0,000000	0,000000	0,000000E+0
27,021869	0,000000	0,000000	0,000000E+0
27,021869	0,000000	0,000000	0,000000E+0
27,021869	0,000000	0,000000	0,000000E+0
28,022295	0,000000	0,000000	0,000000E+0
28,022295	0,000000	0,000000	0,000000E+0
28,022295	0,000000	0,000000	0,000000E+0
28,022295	0,000000	0,000000	0,000000E+0
28,022295	0,000000	0,000000	0,000000E+0
28,022295	0,000000	0,000000	0,000000E+0
28,022295	0,000000	0,000000	0,000000E+0
28,022295	0,000000	0,000000	0,000000E+0
28,022295	0,000000	0,000000	0,000000E+0
28,022295	0,000000	0,000000	0,000000E+0
29,021724	0,000000	0,000000	0,000000E+0
29,021724	1,900000	0,000000	0,000000E+0
29,021724	1,900000	0,000000	0,000000E+0
29,021724	1,900000	0,000000	0,000000E+0
29,021724	1,900000	0,000000	0,000000E+0
29,021724	1,900000	0,000000	0,000000E+0
29,021724	1,900000	0,000000	0,000000E+0
29,021724	1,900000	0,000000	0,000000E+0
29,021724	1,900000	0,000000	0,000000E+0
29,021724	1,900000	0,000000	0,000000E+0
30,022164	1,900000	0,000000	0,000000E+0
30,022164	87,300003	0,000000	0,000000E+0
30,022164	87,300003	0,000000	0,000000E+0
30,022164	87,300003	0,000000	0,000000E+0
30,022164	87,300003	0,000000	0,000000E+0
30,022164	87,300003	0,000000	0,000000E+0
30,022164	87,300003	0,000000	0,000000E+0
30,022164	87,300003	0,000000	0,000000E+0
30,022164	87,300003	0,000000	0,000000E+0
30,022164	87,300003	0,000000	0,000000E+0
31,022571	87,300003	0,000000	0,000000E+0
31,022571	87,300003	0,000000	0,000000E+0
31,022571	87,300003	0,000000	0,000000E+0
31,022571	87,300003	0,000000	0,000000E+0
31,022571	12,000000	0,000000	0,000000E+0
31,022571	12,000000	0,000000	0,000000E+0
31,022571	12,000000	0,000000	0,000000E+0
31,022571	12,000000	0,000000	0,000000E+0
31,022571	12,000000	0,000000	0,000000E+0
31,022571	12,000000	0,000000	0,000000E+0
32,022037	12,000000	0,000000	0,000000E+0
32,022037	12,000000	0,000000	0,000000E+0
32,022037	12,000000	0,000000	0,000000E+0
32,022037	12,000000	0,000000	0,000000E+0
32,022037	12,000000	0,000000	0,000000E+0
32,022037	12,000000	0,000000	0,000000E+0
32,022037	12,000000	0,000000	0,000000E+0
32,022037	12,000000	0,000000	0,000000E+0
32,022037	12,000000	0,000000	0,000000E+0
32,022037	12,000000	0,000000	0,000000E+0
33,022411	12,000000	0,000000	0,000000E+0
33,022411	12,000000	0,000000	0,000000E+0
33,022411	12,000000	0,000000	0,000000E+0
33,022411	12,000000	0,000000	0,000000E+0
33,022411	12,000000	0,000000	0,000000E+0
33,022411	12,000000	0,000000	0,000000E+0
33,022411	12,000000	0,000000	0,000000E+0
33,022411	0,000000	0,000000	0,000000E+0
33,022411	0,000000	0,000000	0,000000E+0
33,022411	0,000000	0,000000	0,000000E+0
34,021843	0,000000	0,000000	0,000000E+0
34,021843	0,000000	0,000000	0,000000E+0
34,021843	0,000000	0,000000	0,000000E+0
34,021843	0,000000	0,000000	0,000000E+0
34,021843	0,000000	0,000000	0,000000E+0
34,021843	0,000000	0,000000	0,000000E+0
34,021843	0,000000	0,000000	0,000000E+0
34,021843	0,000000	0,000000	0,000000E+0
34,021843	6,000000	0,000000	0,000000E+0
34,021843	6,000000	0,000000	0,000000E+0
35,022269	6,000000	0,000000	0,000000E+0
35,022269	6,000000	0,000000	0,000000E+0
35,022269	6,000000	0,000000	0,000000E+0
35,022269	6,000000	0,000000	0,000000E+0
35,022269	6,000000	0,000000	0,000000E+0
35,022269	6,000000	0,000000	0,000000E+0
35,022269	6,000000	0,000000	0,000000E+0
35,022269	6,000000	0,000000	0,000000E+0
35,022269	99,400002	0,000000	0,000000E+0
35,022269	99,400002	0,000000	0,000000E+0
36,021683	99,400002	0,000000	0,000000E+0
36,021683	99,400002	0,000000	0,000000E+0
36,021683	99,400002	0,000000	0,000000E+0
36,021683	99,400002	0,000000	0,000000E+0
36,021683	99,400002	0,000000	0,000000E+0
36,021683	99,400002	0,000000	0,000000E+0
36,021683	99,400002	0,000000	0,000000E+0
36,021683	99,400002	0,000000	0,000000E+0
36,021683	34,299999	0,000000	0,000000E+0
36,021683	34,299999	0,000000	0,000000E+0
37,022117	34,299999	0,000000	0,000000E+0
37,022117	34,299999	0,000000	0,000000E+0
37,022117	34,299999	0,000000	0,000000E+0
37,022117	34,299999	0,000000	0,000000E+0
37,022117	34,299999	0,000000	0,000000E+0
37,022117	34,299999	0,000000	0,000000E+0
37,022117	34,299999	0,000000	0,000000E+0
37,022117	34,299999	0,000000	0,000000E+0
37,022117	34,299999	0,000000	0,000000E+0
37,022117	34,299999	0,000000	0,000000E+0
38,023526	101,500000	0,000000	0,000000E+0
38,023526	101,500000	0,000000	0,000000E+0
38,023526	101,500000	0,000000	0,000000E+0
38,023526	101,500000	0,000000	0,000000E+0
38,023526	101,500000	0,000000	0,000000E+0
38,023526	101,500000	0,000000	0,000000E+0
38,023526	101,500000	0,000000	0,000000E+0
38,023526	101,500000	0,000000	0,000000E+0
38,023526	101,500000	0,000000	0,000000E+0
38,023526	101,500000	0,000000	0,000000E+0
39,022969	101,500000	0,000000	0,000000E+0
39,022969	101,500000	0,000000	0,000000E+0
39,022969	19,200001	0,000000	0,000000E+0
39,022969	19,200001	0,000000	0,000000E+0
39,022969	19,200001	0,000000	0,000000E+0
39,022969	19,200001	0,000000	0,000000E+0
39,022969	19,200001	0,000000	0,000000E+0
39,022969	19,200001	0,000000	0,000000E+0
39,022969	19,200001	0,000000	0,000000E+0
39,022969	19,200001	0,000000	0,000000E+0
40,023385	19,200001	0,000000	0,000000E+0
40,023385	19,200001	0,000000	0,000000E+0
40,023385	19,799999	0,000000	0,000000E+0
40,023385	19,799999	0,000000	0,000000E+0
40,023385	19,799999	0,000000	0,000000E+0
40,023385	19,799999	0,000000	0,000000E+0
40,023385	19,799999	0,000000	0,000000E+0
40,023385	19,799999	0,000000	0,000000E+0
40,023385	19,799999	0,000000	0,000000E+0
40,023385	19,799999	0,000000	0,000000E+0
41,022905	19,799999	0,000000	0,000000E+0
41,022905	19,799999	0,000000	0,000000E+0
41,022905	30,900000	0,000000	0,000000E+0
41,022905	30,900000	0,000000	0,000000E+0
41,022905	30,900000	0,000000	0,000000E+0
41,022905	30,900000	0,000000	0,000000E+0
41,022905	30,900000	0,000000	0,000000E+0
41,022905	30,900000	0,000000	0,000000E+0
41,022905	30,900000	0,000000	0,000000E+0
41,022905	30,900000	0,000000	0,000000E+0
42,023230	30,900000	0,000000	0,000000E+0
42,023230	30,900000	0,000000	0,000000E+0
42,023230	30,900000	0,000000	0,000000E+0
42,023230	33,900002	0,000000	0,000000E+0
42,023230	33,900002	0,000000	0,000000E+0
42,023230	33,900002	0,000000	0,000000E+0
42,023230	33,900002	0,000000	0,000000E+0
42,023230	33,900002	0,000000	0,000000E+0
42,023230	33,900002	0,000000	0,000000E+0
42,023230	33,900002	0,000000	0,000000E+0
43,022671	33,900002	0,000000	0,000000E+0
43,022671	33,900002	0,000000	0,000000E+0
43,022671	33,900002	0,000000	0,000000E+0
43,022671	33,900002	0,000000	0,000000E+0
43,022671	33,900002	0,000000	0,000000E+0
43,022671	28,100000	0,000000	0,000000E+0
43,022671	28,100000	0,000000	0,000000E+0
43,022671	28,100000	0,000000	0,000000E+0
43,022671	28,100000	0,000000	0,000000E+0
43,022671	28,100000	0,000000	0,000000E+0
44,023126	28,100000	0,000000	0,000000E+0
44,023126	28,100000	0,000000	0,000000E+0
44,023126	28,100000	0,000000	0,000000E+0
44,023126	28,100000	0,000000	0,000000E+0
44,023126	28,100000	0,000000	0,000000E+0
44,023126	28,100000	0,000000	0,000000E+0
44,023126	29,000000	0,000000	0,000000E+0
44,023126	29,000000	0,000000	0,000000E+0
44,023126	29,000000	0,000000	0,000000E+0
44,023126	29,000000	0,000000	0,000000E+0
45,022751	29,000000	0,000000	0,000000E+0
45,022751	29,000000	0,000000	0,000000E+0
45,022751	29,000000	0,000000	0,000000E+0
45,022751	29,000000	0,000000	0,000000E+0
45,022751	29,000000	0,000000	0,000000E+0
45,022751	29,000000	0,000000	0,000000E+0
45,022751	29,500000	0,000000	0,000000E+0
45,022751	29,500000	0,000000	0,000000E+0
45,022751	29,500000	0,000000	0,000000E+0
45,022751	29,500000	0,000000	0,000000E+0
46,023103	29,500000	0,000000	0,000000E+0
46,023103	29,500000	0,000000	0,000000E+0
46,023103	29,500000	0,000000	0,000000E+0
46,023103	29,500000	0,000000	0,000000E+0
46,023103	29,500000	0,000000	0,000000E+0
46,023103	29,500000	0,000000	0,000000E+0
46,023103	28,600000	0,000000	0,000000E+0
46,023103	28,600000	0,000000	0,000000E+0
46,023103	28,600000	0,000000	0,000000E+0
46,023103	28,600000	0,000000	0,000000E+0
47,023552	28,600000	0,000000	0,000000E+0
47,023552	28,600000	0,000000	0,000000E+0
47,023552	28,600000	0,000000	0,000000E+0
47,023552	28,600000	0,000000	0,000000E+0
47,023552	28,600000	0,000000	0,000000E+0
47,023552	28,600000	0,000000	0,000000E+0
47,023552	28,600000	0,000000	0,000000E+0
47,023552	29,299999	0,000000	0,000000E+0
47,023552	29,299999	0,000000	0,000000E+0
47,023552	29,299999	0,000000	0,000000E+0
48,023112	29,299999	0,000000	0,000000E+0
48,023112	29,299999	0,000000	0,000000E+0
48,023112	29,299999	0,000000	0,000000E+0
48,023112	29,299999	0,000000	0,000000E+0
48,023112	29,299999	0,000000	0,000000E+0
48,023112	29,299999	0,000000	0,000000E+0
48,023112	29,299999	0,000000	0,000000E+0
48,023112	29,299999	0,000000	0,000000E+0
48,023112	29,299999	0,000000	0,000000E+0
48,023112	24,500000	0,000000	0,000000E+0
49,024530	24,500000	0,000000	0,000000E+0
49,024530	24,500000	0,000000	0,000000E+0
49,024530	24,500000	0,000000	0,000000E+0
49,024530	24,500000	0,000000	0,000000E+0
49,024530	24,500000	0,000000	0,000000E+0
49,024530	24,500000	0,000000	0,000000E+0
49,024530	24,500000	0,000000	0,000000E+0
49,024530	24,500000	0,000000	0,000000E+0
49,024530	24,500000	0,000000	0,000000E+0
49,024530	24,500000	0,000000	0,000000E+0
50,023978	11,800000	0,000000	0,000000E+0
50,023978	11,800000	0,000000	0,000000E+0
50,023978	11,800000	0,000000	0,000000E+0
50,023978	11,800000	0,000000	0,000000E+0
50,023978	11,800000	0,000000	0,000000E+0
50,023978	11,800000	0,000000	0,000000E+0
50,023978	11,800000	0,000000	0,000000E+0
50,023978	11,800000	0,000000	0,000000E+0
50,023978	11,800000	0,000000	0,000000E+0
50,023978	11,800000	0,000000	0,000000E+0
51,025226	11,800000	0,000000	0,000000E+0
51,025226	14,100000	0,000000	0,000000E+0
51,025226	14,100000	0,000000	0,000000E+0
51,025226	14,100000	0,000000	0,000000E+0
51,025226	14,100000	0,000000	0,000000E+0
51,025226	14,100000	0,000000	0,000000E+0
51,025226	14,100000	0,000000	0,000000E+0
51,025226	14,100000	0,000000	0,000000E+0
51,025226	14,100000	0,000000	0,000000E+0
51,025226	14,100000	0,000000	0,000000E+0
52,025639	14,100000	0,000000	0,000000E+0
52,025639	25,500000	0,000000	0,000000E+0
52,025639	25,500000	0,000000	0,000000E+0
52,025639	25,500000	0,000000	0,000000E+0
52,025639	25,500000	0,000000	0,000000E+0
52,025639	25,500000	0,000000	0,000000E+0
52,025639	25,500000	0,000000	0,000000E+0
52,025639	25,500000	0,000000	0,000000E+0
52,025639	25,500000	0,000000	0,000000E+0
52,025639	25,500000	0,000000	0,000000E+0
53,026083	29,299999	0,000000	0,000000E+0
53,026083	29,299999	0,000000	0,000000E+0
53,026083	29,299999	0,000000	0,000000E+0
53,026083	29,299999	0,000000	0,000000E+0
53,026083	29,299999	0,000000	0,000000E+0
53,026083	29,299999	0,000000	0,000000E+0
53,026083	29,299999	0,000000	0,000000E+0
53,026083	29,299999	0,000000	0,000000E+0
53,026083	29,299999	0,000000	0,000000E+0
53,026083	29,299999	0,000000	0,000000E+0
54,027490	29,299999	0,000000	0,000000E+0
54,027490	29,299999	0,000000	0,000000E+0
54,027490	29,299999	0,000000	0,000000E+0
54,027490	23,100000	0,000000	0,000000E+0
54,027490	23,100000	0,000000	0,000000E+0
54,027490	23,100000	0,000000	0,000000E+0
54,027490	23,100000	0,000000	0,000000E+0
54,027490	23,100000	0,000000	0,000000E+0
54,027490	23,100000	0,000000	0,000000E+0
54,027490	23,100000	0,000000	0,000000E+0
55,027942	23,100000	0,000000	0,000000E+0
55,027942	23,100000	0,000000	0,000000E+0
55,027942	23,100000	0,000000	0,000000E+0
55,027942	23,100000	0,000000	0,000000E+0
55,027942	21,600000	0,000000	0,000000E+0
55,027942	21,600000	0,000000	0,000000E+0
55,027942	21,600000	0,000000	0,000000E+0
55,027942	21,600000	0,000000	0,000000E+0
55,027942	21,600000	0,000000	0,000000E+0
55,027942	21,600000	0,000000	0,000000E+0
56,028347	21,600000	0,000000	0,000000E+0
56,028347	21,600000	0,000000	0,000000E+0
56,028347	21,600000	0,000000	0,000000E+0
56,028347	21,600000	0,000000	0,000000E+0
56,028347	23,299999	0,000000	0,000000E+0
56,028347	23,299999	0,000000	0,000000E+0
56,028347	23,299999	0,000000	0,000000E+0
56,028347	23,299999	0,000000	0,000000E+0
56,028347	23,299999	0,000000	0,000000E+0
56,028347	23,299999	0,000000	0,000000E+0
57,028794	23,299999	0,000000	0,000000E+0
57,028794	23,299999	0,000000	0,000000E+0
57,028794	23,299999	0,000000	0,000000E+0
57,028794	23,299999	0,000000	0,000000E+0
57,028794	23,700001	0,000000	0,000000E+0
57,028794	23,700001	0,000000	0,000000E+0
57,028794	23,700001	0,000000	0,000000E+0
57,028794	23,700001	0,000000	0,000000E+0
57,028794	23,700001	0,000000	0,000000E+0
57,028794	23,700001	0,000000	0,000000E+0
58,029192	23,700001	0,000000	0,000000E+0
58,029192	23,700001	0,000000	0,000000E+0
58,029192	23,700001	0,000000	0,000000E+0
58,029192	23,700001	0,000000	0,000000E+0
58,029192	22,700001	0,000000	0,000000E+0
58,029192	22,700001	0,000000	0,000000E+0
58,029192	22,700001	0,000000	0,000000E+0
58,029192	22,700001	0,000000	0,000000E+0
58,029192	22,700001	0,000000	0,000000E+0
58,029192	22,700001	0,000000	0,000000E+0
59,028706	22,700001	0,000000	0,000000E+0
59,028706	22,700001	0,000000	0,000000E+0
59,028706	22,700001	80,000000	0,000000E+0
59,028706	22,700001	80,000000	0,000000E+0
59,028706	22,700001	80,000000	0,000000E+0
59,028706	22,700001	80,000000	0,000000E+0
59,028706	22,900000	80,000000	0,000000E+0
59,028706	22,900000	80,000000	0,000000E+0
59,028706	22,900000	80,000000	0,000000E+0
59,028706	22,900000	80,000000	0,000000E+0
60,029070	22,900000	80,000000	0,000000E+0
60,029070	22,900000	80,000000	0,000000E+0
60,029070	22,900000	80,000000	0,000000E+0
60,029070	22,900000	80,000000	0,000000E+0
60,029070	22,900000	80,000000	0,000000E+0
60,029070	22,900000	80,000000	0,000000E+0
60,029070	22,900000	80,000000	0,000000E+0
60,029070	22,900000	80,000000	9,164198E-4
60,029070	22,900000	80,000000	9,164198E-4
60,029070	22,900000	80,000000	1,832840E-3
61,030529	22,900000	80,000000	1,832840E-3
61,030529	23,100000	80,000000	2,695654E-3
61,030529	23,100000	80,000000	2,695654E-3
61,030529	23,100000	80,000000	3,608864E-3
61,030529	23,100000	80,000000	4,522074E-3
61,030529	23,100000	80,000000	5,435284E-3
61,030529	23,100000	80,000000	6,348494E-3
61,030529	23,100000	80,000000	7,261703E-3
61,030529	23,100000	80,000000	8,174913E-3
61,030529	23,100000	80,000000	8,174913E-3
62,029952	23,200001	80,000000	8,174913E-3
62,029952	23,200001	80,000000	8,174913E-3
62,029952	23,200001	80,000000	9,061321E-3
62,029952	23,200001	80,000000	9,061321E-3
62,029952	23,200001	80,000000	9,972926E-3
62,029952	23,200001	80,000000	9,972926E-3
62,029952	23,200001	80,000000	9,972926E-3
62,029952	23,200001	80,000000	1,088453E-2
62,029952	23,200001	80,000000	1,088453E-2
62,029952	23,200001	80,000000	1,179614E-2
63,031320	23,200001	80,000000	1,179614E-2
63,031320	23,299999	80,000000	1,270774E-2
63,031320	23,299999	80,000000	1,359254E-2
63,031320	23,299999	80,000000	1,359254E-2
63,031320	23,299999	80,000000	1,450254E-2
63,031320	23,299999	80,000000	1,541254E-2
63,031320	23,299999	80,000000	1,632254E-2
63,031320	23,299999	80,000000	1,632254E-2
63,031320	23,299999	80,000000	1,723254E-2
63,031320	23,299999	80,000000	1,723254E-2
64,030720	23,100000	80,000000	1,814254E-2
64,030720	23,100000	80,000000	1,814254E-2
64,030720	23,100000	80,000000	1,910615E-2
64,030720	23,100000	80,000000	2,001936E-2
64,030720	23,100000	80,000000	2,001936E-2
64,030720	23,100000	80,000000	2,093257E-2
64,030720	23,100000	80,000000	2,184578E-2
64,030720	23,100000	80,000000	2,275899E-2
64,030720	23,100000	80,000000	2,367220E-2
64,030720	23,100000	80,000000	2,458541E-2
65,031170	23,100000	80,000000	2,549862E-2
65,031170	24,000000	80,000000	2,549862E-2
65,031170	24,000000	80,000000	2,617060E-2
65,031170	24,000000	80,000000	2,617060E-2
65,031170	24,000000	80,000000	2,617060E-2
65,031170	24,000000	80,000000	2,706937E-2
65,031170	24,000000	80,000000	2,706937E-2
65,031170	24,000000	80,000000	2,796814E-2
65,031170	24,000000	80,000000	2,796814E-2
65,031170	24,000000	80,000000	2,886690E-2
66,031574	24,000000	80,000000	2,976567E-2
66,031574	24,000000	80,000000	3,066443E-2
66,031574	24,000000	80,000000	3,156320E-2
66,031574	24,000000	80,000000	3,156320E-2
66,031574	24,799999	80,000000	3,246196E-2
66,031574	24,799999	80,000000	3,246196E-2
66,031574	24,799999	80,000000	3,314631E-2
66,031574	24,799999	80,000000	3,403223E-2
66,031574	24,799999	80,000000	3,403223E-2
66,031574	24,799999	80,000000	3,491816E-2
67,031003	24,799999	80,000000	3,491816E-2
67,031003	24,799999	80,000000	3,491816E-2
67,031003	24,799999	80,000000	3,580409E-2
67,031003	24,799999	80,000000	3,669001E-2
67,031003	24,700001	80,000000	3,757594E-2
67,031003	24,700001	80,000000	3,757594E-2
67,031003	24,700001	80,000000	3,848867E-2
67,031003	24,700001	80,000000	3,937620E-2
67,031003	24,700001	80,000000	4,026373E-2
67,031003	24,700001	80,000000	4,115126E-2
68,031413	24,700001	80,000000	4,203879E-2
68,031413	24,700001	80,000000	4,292632E-2
68,031413	24,700001	80,000000	4,292632E-2
68,031413	24,700001	80,000000	4,381385E-2
68,031413	24,700001	80,000000	4,381385E-2
68,031413	25,099998	80,000000	4,470138E-2
68,031413	25,099998	80,000000	4,470138E-2
68,031413	25,099998	80,000000	4,548170E-2
68,031413	25,099998	80,000000	4,636282E-2
68,031413	25,099998	80,000000	4,724393E-2
69,030846	25,099998	80,000000	4,724393E-2
69,030846	25,099998	80,000000	4,812504E-2
69,030846	25,099998	80,000000	4,900615E-2
69,030846	25,099998	80,000000	4,900615E-2
69,030846	25,099998	80,000000	4,988726E-2
69,030846	25,299999	80,000000	5,076837E-2
69,030846	25,299999	80,000000	5,076837E-2
69,030846	25,299999	80,000000	5,159588E-2
69,030846	25,299999	80,000000	5,247378E-2
69,030846	25,299999	80,000000	5,247378E-2
70,031116	25,299999	80,000000	5,335168E-2
70,031116	25,299999	80,000000	5,335168E-2
70,031116	25,299999	80,000000	5,422958E-2
70,031116	25,299999	80,000000	5,510748E-2
70,031116	25,299999	80,000000	5,510748E-2
70,031116	25,299999	80,000000	5,598538E-2
70,031116	25,299999	80,000000	5,686328E-2
70,031116	26,099998	80,000000	5,752677E-2
70,031116	26,099998	80,000000	5,839183E-2
70,031116	26,099998	80,000000	5,925689E-2
71,032546	26,099998	80,000000	5,925689E-2
71,032546	26,099998	80,000000	6,012195E-2
71,032546	26,099998	80,000000	6,098701E-2
71,032546	26,099998	80,000000	6,098701E-2
71,032546	26,099998	80,000000	6,185207E-2
71,032546	26,099998	80,000000	6,185207E-2
71,032546	26,099998	80,000000	6,185207E-2
71,032546	26,099998	80,000000	6,271714E-2
71,032546	26,099998	80,000000	6,358220E-2
71,032546	26,099998	80,000000	6,444726E-2
72,032007	26,099998	80,000000	6,531232E-2
72,032007	26,099998	80,000000	6,531232E-2
72,032007	26,099998	80,000000	6,617738E-2
72,032007	26,099998	80,000000	6,704245E-2
72,032007	26,099998	80,000000	6,790751E-2
72,032007	26,099998	80,000000	6,790751E-2
72,032007	26,099998	80,000000	6,877257E-2
72,032007	27,200001	80,000000	6,963763E-2
72,032007	27,200001	80,000000	6,963763E-2
72,032007	27,200001	80,000000	7,020786E-2
73,032402	27,200001	80,000000	7,020786E-2
73,032402	27,200001	80,000000	7,020786E-2
73,032402	27,200001	80,000000	7,105527E-2
73,032402	27,200001	80,000000	7,190268E-2
73,032402	27,200001	80,000000	7,275009E-2
73,032402	27,200001	80,000000	7,359749E-2
73,032402	27,200001	80,000000	7,359749E-2
73,032402	27,200001	80,000000	7,444490E-2
73,032402	27,200001	80,000000	7,444490E-2
73,032402	28,600000	80,000000	7,529231E-2
74,031922	28,600000	80,000000	7,576448E-2
74,031922	28,600000	80,000000	7,658942E-2
74,031922	28,600000	80,000000	7,741436E-2
74,031922	28,600000	80,000000	7,741436E-2
74,031922	28,600000	80,000000	7,741436E-2
74,031922	28,600000	80,000000	7,823930E-2
74,031922	28,600000	80,000000	7,823930E-2
74,031922	28,900000	80,000000	7,906423E-2
74,031922	28,900000	80,000000	7,906423E-2
74,031922	28,900000	80,000000	7,980877E-2
75,032231	28,900000	80,000000	8,062889E-2
75,032231	28,900000	80,000000	8,062889E-2
75,032231	28,900000	80,000000	8,144901E-2
75,032231	28,900000	80,000000	8,226914E-2
75,032231	28,900000	80,000000	8,308926E-2
75,032231	28,900000	80,000000	8,308926E-2
75,032231	28,900000	80,000000	8,390938E-2
75,032231	30,299999	80,000000	8,472951E-2
75,032231	30,299999	80,000000	8,472951E-2
75,032231	30,299999	80,000000	8,517440E-2
76,031692	30,299999	80,000000	8,517440E-2
76,031692	30,299999	80,000000	8,517440E-2
76,031692	30,299999	80,000000	8,597205E-2
76,031692	30,299999	80,000000	8,676970E-2
76,031692	30,299999	80,000000	8,756736E-2
76,031692	30,299999	80,000000	8,836501E-2
76,031692	30,299999	80,000000	8,836501E-2
76,031692	30,299999	80,000000	8,916267E-2
76,031692	30,299999	80,000000	8,996032E-2
76,031692	30,299999	80,000000	9,075798E-2
77,032158	30,299999	80,000000	9,075798E-2
77,032158	31,200001	80,000000	9,075798E-2
77,032158	31,200001	80,000000	9,131441E-2
77,032158	31,200001	80,000000	9,209762E-2
77,032158	31,200001	80,000000	9,209762E-2
77,032158	31,200001	80,000000	9,209762E-2
77,032158	31,200001	80,000000	9,288083E-2
77,032158	31,200001	80,000000	9,288083E-2
77,032158	31,200001	80,000000	9,366404E-2
77,032158	31,200001	80,000000	9,444725E-2
78,033565	31,200001	80,000000	9,444725E-2
78,033565	31,200001	80,000000	9,523046E-2
78,033565	31,200001	80,000000	9,523046E-2
78,033565	33,599998	80,000000	9,601367E-2
78,033565	33,599998	80,000000	9,615362E-2
78,033565	33,599998	80,000000	9,615362E-2
78,033565	33,599998	80,000000	9,689831E-2
78,033565	33,599998	80,000000	9,764300E-2
78,033565	33,599998	80,000000	9,838769E-2
78,033565	33,599998	80,000000	9,838769E-2
79,033990	33,599998	80,000000	9,838769E-2
79,033990	33,599998	80,000000	9,838769E-2
79,033990	35,099998	80,000000	9,913238E-2
79,033990	35,099998	80,000000	9,947504E-2
79,033990	35,099998	80,000000	1,001957E-1
79,033990	35,099998	80,000000	1,009163E-1
79,033990	35,099998	80,000000	1,009163E-1
79,033990	35,099998	80,000000	1,016369E-1
79,033990	35,099998	80,000000	1,023575E-1
79,033990	35,099998	80,000000	1,030781E-1
80,035343	35,099998	80,000000	1,037987E-1
80,035343	35,099998	80,000000	1,037987E-1
80,035343	37,200001	80,000000	1,045194E-1
80,035343	37,200001	80,000000	1,046771E-1
80,035343	37,200001	80,000000	1,046771E-1
80,035343	37,200001	80,000000	1,053640E-1
80,035343	37,200001	80,000000	1,053640E-1
80,035343	37,200001	80,000000	1,060510E-1
80,035343	37,200001	80,000000	1,067379E-1
80,035343	37,200001	80,000000	1,067379E-1
81,034785	37,200001	80,000000	1,074248E-1
81,034785	37,200001	80,000000	1,081117E-1
81,034785	37,200001	80,000000	1,081117E-1
81,034785	39,700001	80,000000	1,087986E-1
81,034785	39,700001	80,000000	1,088155E-1
81,034785	39,700001	80,000000	1,094622E-1
81,034785	39,700001	80,000000	1,101090E-1
81,034785	39,700001	80,000000	1,107558E-1
81,034785	39,700001	80,000000	1,107558E-1
81,034785	39,700001	80,000000	1,114026E-1
82,035204	39,700001	80,000000	1,114026E-1
82,035204	39,700001	80,000000	1,114026E-1
82,035204	39,700001	80,000000	1,120494E-1
82,035204	39,700001	80,000000	1,126962E-1
82,035204	39,700001	80,000000	1,126962E-1
82,035204	42,900002	80,000000	1,133430E-1
82,035204	42,900002	80,000000	1,131321E-1
82,035204	42,900002	80,000000	1,137275E-1
82,035204	42,900002	80,000000	1,137275E-1
82,035204	42,900002	80,000000	1,143230E-1
83,034618	42,900002	80,000000	1,149184E-1
83,034618	42,900002	80,000000	1,149184E-1
83,034618	42,900002	80,000000	1,155138E-1
83,034618	42,900002	80,000000	1,161093E-1
83,034618	42,900002	80,000000	1,161093E-1
83,034618	42,900002	80,000000	1,167047E-1
83,034618	42,900002	80,000000	1,167047E-1
83,034618	47,299999	80,000000	1,167047E-1
83,034618	47,299999	80,000000	1,161208E-1
83,034618	47,299999	80,000000	1,166456E-1
84,035051	47,299999	80,000000	1,171704E-1
84,035051	47,299999	80,000000	1,176953E-1
84,035051	47,299999	80,000000	1,182201E-1
84,035051	47,299999	80,000000	1,182201E-1
84,035051	47,299999	80,000000	1,187449E-1
84,035051	47,299999	80,000000	1,192697E-1
84,035051	49,900002	80,000000	1,192697E-1
84,035051	49,900002	80,000000	1,190977E-1
84,035051	49,900002	80,000000	1,195807E-1
84,035051	49,900002	80,000000	1,195807E-1
85,035456	49,900002	80,000000	1,195807E-1
85,035456	49,900002	80,000000	1,200638E-1
85,035456	49,900002	80,000000	1,200638E-1
85,035456	49,900002	80,000000	1,205469E-1
85,035456	49,900002	80,000000	1,210300E-1
85,035456	49,900002	80,000000	1,215131E-1
85,035456	52,400002	80,000000	1,215131E-1
85,035456	52,400002	80,000000	1,213261E-1
85,035456	52,400002	80,000000	1,217691E-1
85,035456	52,400002	80,000000	1,217691E-1
86,035955	52,400002	80,000000	1,222120E-1
86,035955	52,400002	80,000000	1,226550E-1
86,035955	52,400002	80,000000	1,226550E-1
86,035955	52,400002	80,000000	1,230980E-1
86,035955	52,400002	80,000000	1,230980E-1
86,035955	52,400002	80,000000	1,235409E-1
86,035955	55,000000	80,000000	1,235409E-1
86,035955	55,000000	80,000000	1,232870E-1
86,035955	55,000000	80,000000	1,236883E-1
86,035955	55,000000	80,000000	1,240895E-1
87,037216	55,000000	80,000000	1,244907E-1
87,037216	55,000000	80,000000	1,244907E-1
87,037216	55,000000	80,000000	1,248920E-1
87,037216	55,000000	80,000000	1,252932E-1
87,037216	55,000000	80,000000	1,252932E-1
87,037216	55,000000	80,000000	1,256944E-1
87,037216	55,000000	80,000000	1,260957E-1
87,037216	55,000000	80,000000	1,264969E-1
87,037216	55,000000	80,000000	1,264969E-1
87,037216	55,000000	80,000000	1,268981E-1
88,038581	57,299999	80,000000	1,268981E-1
88,038581	57,299999	80,000000	1,268981E-1
88,038581	57,299999	80,000000	1,266829E-1
88,038581	57,299999	80,000000	1,270472E-1
88,038581	57,299999	80,000000	1,274116E-1
88,038581	57,299999	80,000000	1,277759E-1
88,038581	57,299999	80,000000	1,277759E-1
88,038581	57,299999	80,000000	1,281402E-1
88,038581	57,299999	80,000000	1,285045E-1
88,038581	57,299999	80,000000	1,288688E-1
89,038978	57,299999	80,000000	1,288688E-1
89,038978	61,200001	80,000000	1,292332E-1
89,038978	61,200001	80,000000	1,285522E-1
89,038978	61,200001	80,000000	1,285522E-1
89,038978	61,200001	80,000000	1,288539E-1
89,038978	61,200001	80,000000	1,288539E-1
89,038978	61,200001	80,000000	1,291556E-1
89,038978	61,200001	80,000000	1,291556E-1
89,038978	61,200001	80,000000	1,294574E-1
89,038978	61,200001	80,000000	1,297591E-1
90,040425	63,799999	80,000000	1,293640E-1
90,040425	63,799999	80,000000	1,296240E-1
90,040425	63,799999	80,000000	1,296240E-1
90,040425	63,799999	80,000000	1,298840E-1
90,040425	63,799999	80,000000	1,301440E-1
