218,045769	19,599998	210,000000	3,100000E-1
0,011933	19,599998	210,000000	3,100000E-1
0,011933	19,599998	210,000000	3,100000E-1
0,011933	19,599998	210,000000	3,100000E-1
0,011933	19,599998	210,000000	3,100000E-1
0,011933	19,599998	210,000000	3,100000E-1
0,011933	19,599998	210,000000	3,100000E-1
0,011933	19,400002	210,000000	3,100000E-1
0,011933	19,400002	210,000000	4,955600E-2
0,011933	19,400002	210,000000	4,955600E-2
0,011933	19,400002	210,000000	4,955600E-2
1,011489	19,400002	210,000000	4,955600E-2
1,011489	19,400002	210,000000	5,261501E-2
1,011489	19,600000	210,000000	5,261501E-2
1,011489	19,600000	210,000000	5,562042E-2
1,011489	19,600000	210,000000	5,867622E-2
1,011489	19,600000	210,000000	5,867622E-2
1,011489	19,600000	210,000000	6,173202E-2
1,011489	19,600000	210,000000	6,478783E-2
1,011489	19,600000	210,000000	6,784363E-2
1,011489	19,600000	210,000000	6,784363E-2
2,010926	19,600000	210,000000	7,089943E-2
2,010926	19,600000	210,000000	7,089943E-2
2,010926	19,600000	210,000000	7,089943E-2
2,010926	19,600000	210,000000	7,395523E-2
2,010926	19,599998	210,000000	7,395523E-2
2,010926	19,599998	210,000000	7,395523E-2
2,010926	19,599998	210,000000	7,701104E-2
2,010926	19,599998	210,000000	8,006684E-2
2,010926	19,599998	210,000000	8,312264E-2
2,010926	19,599998	210,000000	8,617844E-2
3,011335	19,599998	210,000000	8,923425E-2
3,011335	19,599998	210,000000	8,923425E-2
3,011335	19,599998	210,000000	9,229005E-2
3,011335	19,700001	210,000000	9,229005E-2
3,011335	19,700001	210,000000	9,531905E-2
3,011335	19,700001	210,000000	9,531905E-2
3,011335	19,700001	210,000000	9,837325E-2
3,011335	19,700001	210,000000	9,837325E-2
3,011335	19,700001	210,000000	9,837325E-2
3,011335	19,700001	210,000000	1,014274E-1
4,010765	19,700001	210,000000	1,014274E-1
4,010765	19,700001	210,000000	1,044816E-1
4,010765	19,700001	210,000000	1,075358E-1
4,010765	19,600000	210,000000	1,105900E-1
4,010765	19,600000	210,000000	1,136710E-1
4,010765	19,600000	210,000000	1,136710E-1
4,010765	19,600000	210,000000	1,167268E-1
4,010765	19,600000	210,000000	1,197826E-1
4,010765	19,600000	210,000000	1,228384E-1
4,010765	19,600000	210,000000	1,228384E-1
5,011180	19,600000	210,000000	1,258942E-1
5,011180	19,600000	210,000000	1,289500E-1
5,011180	19,600000	210,000000	1,320059E-1
5,011180	19,600000	210,000000	1,320059E-1
5,011180	19,600000	210,000000	1,350617E-1
5,011180	19,600000	210,000000	1,350617E-1
5,011180	19,600000	210,000000	1,381175E-1
5,011180	19,600000	210,000000	1,411733E-1
5,011180	19,600000	210,000000	1,442291E-1
5,011180	19,600000	210,000000	1,442291E-1
6,010623	19,600000	210,000000	1,472849E-1
6,010623	19,600000	210,000000	1,503407E-1
6,010623	19,600000	210,000000	1,533965E-1
6,010623	19,600000	210,000000	1,533965E-1
6,010623	19,600000	210,000000	1,564523E-1
6,010623	19,400002	210,000000	1,595081E-1
6,010623	19,400002	210,000000	1,595081E-1
6,010623	19,400002	210,000000	1,626175E-1
6,010623	19,400002	210,000000	1,626175E-1
6,010623	19,400002	210,000000	1,656765E-1
7,011061	19,400002	210,000000	1,656765E-1
7,011061	19,400002	210,000000	1,687355E-1
7,011061	19,400002	210,000000	1,717945E-1
7,011061	19,400002	210,000000	1,748535E-1
7,011061	19,400002	210,000000	1,779125E-1
7,011061	19,400002	210,000000	1,809716E-1
7,011061	19,400002	210,000000	1,840306E-1
7,011061	19,400002	210,000000	1,870896E-1
7,011061	19,400002	210,000000	1,870896E-1
7,011061	19,400002	210,000000	1,901486E-1
8,011450	19,400002	210,000000	1,932076E-1
8,011450	19,400002	210,000000	1,962666E-1
8,011450	17,400002	210,000000	1,962666E-1
8,011450	17,400002	210,000000	1,998617E-1
8,011450	17,400002	210,000000	1,998617E-1
8,011450	17,400002	210,000000	2,029528E-1
8,011450	17,400002	210,000000	2,060439E-1
8,011450	17,400002	210,000000	2,060439E-1
8,011450	17,400002	210,000000	2,091350E-1
8,011450	17,400002	210,000000	2,122261E-1
9,010910	17,400002	210,000000	2,153172E-1
9,010910	17,400002	210,000000	2,153172E-1
9,010910	0,000000	210,000000	2,184083E-1
9,010910	0,000000	210,000000	2,261631E-1
9,010910	0,000000	210,000000	2,295335E-1
9,010910	0,000000	210,000000	2,295335E-1
9,010910	0,000000	210,000000	2,329038E-1
9,010910	0,000000	210,000000	2,362742E-1
9,010910	0,000000	210,000000	2,362742E-1
9,010910	0,000000	210,000000	2,396446E-1
10,011325	0,000000	210,000000	2,396446E-1
10,011325	0,000000	210,000000	2,430149E-1
10,011325	0,000000	210,000000	2,463853E-1
10,011325	0,000000	210,000000	2,497557E-1
10,011325	0,000000	210,000000	2,531260E-1
10,011325	0,000000	210,000000	2,531260E-1
10,011325	0,000000	210,000000	2,564964E-1
10,011325	0,000000	210,000000	2,598668E-1
10,011325	0,000000	210,000000	2,632372E-1
10,011325	0,000000	210,000000	2,666075E-1
11,010741	0,000000	210,000000	2,699779E-1
11,010741	0,000000	210,000000	2,733483E-1
11,010741	0,000000	210,000000	2,733483E-1
11,010741	0,000000	210,000000	2,767186E-1
11,010741	0,000000	210,000000	2,767186E-1
11,010741	0,000000	210,000000	2,800890E-1
11,010741	0,000000	210,000000	2,834594E-1
11,010741	0,000000	210,000000	2,868298E-1
11,010741	0,000000	210,000000	2,902001E-1
11,010741	0,000000	210,000000	2,902001E-1
12,011163	0,000000	210,000000	2,935705E-1
12,011163	0,000000	210,000000	2,969409E-1
12,011163	0,000000	210,000000	3,003112E-1
12,011163	0,000000	210,000000	3,036816E-1
12,011163	0,000000	210,000000	3,070520E-1
12,011163	0,000000	210,000000	3,100000E-1
12,011163	0,000000	210,000000	3,100000E-1
12,011163	0,000000	210,000000	3,100000E-1
12,011163	0,000000	210,000000	3,100000E-1
12,011163	0,000000	210,000000	3,100000E-1
13,010596	0,000000	210,000000	3,100000E-1
13,010596	0,000000	210,000000	3,100000E-1
13,010596	0,000000	210,000000	3,100000E-1
13,010596	0,000000	210,000000	3,100000E-1
13,010596	0,000000	210,000000	3,100000E-1
13,010596	0,000000	210,000000	3,100000E-1
13,010596	0,000000	210,000000	3,100000E-1
13,010596	0,000000	210,000000	3,100000E-1
13,010596	0,000000	210,000000	3,100000E-1
13,010596	0,000000	210,000000	3,100000E-1
14,011057	0,000000	210,000000	3,100000E-1
14,011057	0,000000	210,000000	3,100000E-1
14,011057	0,000000	210,000000	3,100000E-1
14,011057	0,000000	210,000000	3,100000E-1
14,011057	0,000000	210,000000	3,100000E-1
14,011057	0,000000	210,000000	3,100000E-1
14,011057	0,000000	210,000000	3,100000E-1
14,011057	0,000000	210,000000	3,100000E-1
14,011057	0,000000	210,000000	3,100000E-1
14,011057	0,000000	210,000000	3,100000E-1
15,011428	0,000000	210,000000	3,100000E-1
15,011428	0,000000	210,000000	3,100000E-1
15,011428	0,000000	210,000000	3,100000E-1
15,011428	0,000000	210,000000	3,100000E-1
15,011428	0,000000	210,000000	3,100000E-1
15,011428	0,000000	210,000000	3,100000E-1
15,011428	0,000000	210,000000	3,100000E-1
15,011428	0,000000	210,000000	3,100000E-1
15,011428	0,000000	210,000000	3,100000E-1
15,011428	0,000000	210,000000	3,100000E-1
16,011872	0,000000	210,000000	3,100000E-1
16,011872	0,000000	210,000000	3,100000E-1
16,011872	0,000000	210,000000	3,100000E-1
16,011872	0,000000	210,000000	3,100000E-1
16,011872	0,000000	210,000000	3,100000E-1
16,011872	0,000000	210,000000	3,100000E-1
16,011872	0,000000	210,000000	3,100000E-1
16,011872	0,000000	210,000000	3,100000E-1
16,011872	0,000000	210,000000	3,100000E-1
16,011872	0,000000	210,000000	3,100000E-1
17,012291	0,000000	210,000000	3,100000E-1
17,012291	0,000000	210,000000	3,100000E-1
17,012291	0,000000	210,000000	3,100000E-1
17,012291	0,000000	210,000000	3,100000E-1
17,012291	0,000000	210,000000	3,100000E-1
17,012291	0,000000	210,000000	3,100000E-1
17,012291	0,000000	210,000000	3,100000E-1
17,012291	0,000000	210,000000	3,100000E-1
17,012291	0,000000	210,000000	3,100000E-1
17,012291	0,000000	210,000000	3,100000E-1
18,011711	0,000000	210,000000	3,100000E-1
18,011711	0,000000	210,000000	3,100000E-1
18,011711	0,000000	210,000000	3,100000E-1
18,011711	0,000000	210,000000	3,100000E-1
18,011711	0,000000	210,000000	3,100000E-1
18,011711	0,000000	210,000000	3,100000E-1
18,011711	0,000000	210,000000	3,100000E-1
