t	PL(A)	PL(B)	PL(T)	PL(E)	V(A)	V(B)	V(E)	I(A)	I(B)	I(E)	n_bracos	n_res
788,224	0,000	0,000	0,000E+0	0,000E+0	7,990E+0	7,920E+0	0,000E+0	0,000E+0	0,000E+0	0,000E+0	0	1111
0,005	0,000	0,000	0,000E+0	0,000E+0	0,000E+0	0,000E+0	0,000E+0	0,000E+0	0,000E+0	0,000E+0	0	1111
1,005	0,000	0,000	0,000E+0	0,000E+0	0,000E+0	0,000E+0	0,000E+0	0,000E+0	0,000E+0	0,000E+0	0	1111
2,004	0,000	0,000	0,000E+0	0,000E+0	0,000E+0	0,000E+0	0,000E+0	0,000E+0	0,000E+0	0,000E+0	0	1111
3,005	0,000	0,000	0,000E+0	0,000E+0	0,000E+0	0,000E+0	0,000E+0	0,000E+0	0,000E+0	0,000E+0	0	1111
4,005	0,000	0,000	0,000E+0	0,000E+0	0,000E+0	0,000E+0	0,000E+0	0,000E+0	0,000E+0	0,000E+0	0	1111
5,005	0,000	0,000	0,000E+0	0,000E+0	0,000E+0	0,000E+0	0,000E+0	0,000E+0	0,000E+0	0,000E+0	0	1111
6,005	0,000	0,000	0,000E+0	0,000E+0	0,000E+0	0,000E+0	0,000E+0	0,000E+0	0,000E+0	0,000E+0	0	1111
7,004	0,000	0,000	0,000E+0	0,000E+0	0,000E+0	0,000E+0	0,000E+0	0,000E+0	0,000E+0	0,000E+0	0	1111
8,005	0,000	0,000	0,000E+0	0,000E+0	0,000E+0	0,000E+0	0,000E+0	0,000E+0	0,000E+0	0,000E+0	7	1111
9,005	0,000	0,000	0,000E+0	0,000E+0	0,000E+0	0,000E+0	0,000E+0	0,000E+0	0,000E+0	0,000E+0	7	1111
10,005	0,000	0,000	0,000E+0	0,000E+0	0,000E+0	0,000E+0	0,000E+0	0,000E+0	0,000E+0	0,000E+0	7	1111
11,006	0,000	0,000	0,000E+0	0,000E+0	0,000E+0	0,000E+0	0,000E+0	0,000E+0	0,000E+0	0,000E+0	7	0001
12,006	0,000	0,000	0,000E+0	0,000E+0	0,000E+0	0,000E+0	0,000E+0	0,000E+0	0,000E+0	0,000E+0	7	0001
13,007	0,000	0,000	0,000E+0	0,000E+0	0,000E+0	0,000E+0	0,000E+0	0,000E+0	0,000E+0	0,000E+0	7	0001
14,007	0,000	0,000	0,000E+0	0,000E+0	0,000E+0	0,000E+0	0,000E+0	0,000E+0	0,000E+0	0,000E+0	7	0001
15,008	0,000	0,000	0,000E+0	0,000E+0	0,000E+0	0,000E+0	0,000E+0	0,000E+0	0,000E+0	0,000E+0	7	0001
16,008	0,000	0,000	0,000E+0	0,000E+0	0,000E+0	0,000E+0	0,000E+0	0,000E+0	0,000E+0	0,000E+0	7	0001
17,008	0,000	0,000	0,000E+0	0,000E+0	0,000E+0	0,000E+0	0,000E+0	0,000E+0	0,000E+0	0,000E+0	7	0001
18,008	0,000	0,000	0,000E+0	0,000E+0	0,000E+0	0,000E+0	0,000E+0	0,000E+0	0,000E+0	0,000E+0	7	0001
19,008	0,000	0,000	0,000E+0	0,000E+0	0,000E+0	0,000E+0	0,000E+0	0,000E+0	0,000E+0	0,000E+0	7	0001
20,009	39,500	41,500	8,100E+1	0,000E+0	5,165E+1	3,521E+1	0,000E+0	4,452E+0	4,457E+0	0,000E+0	7	0001
21,008	45,200	13,500	5,870E+1	0,000E+0	7,015E+1	9,407E+1	0,000E+0	4,470E+0	8,832E-1	0,000E+0	7	0001
22,009	44,900	55,400	1,003E+2	0,000E+0	1,538E+2	1,533E+2	0,000E+0	6,428E-1	6,372E-1	0,000E+0	7	0001
23,010	12,600	12,300	2,490E+1	0,000E+0	1,765E+2	1,763E+2	0,000E+0	1,227E-1	1,227E-1	0,000E+0	7	0001
24,010	8,100	7,300	1,540E+1	0,000E+0	1,649E+2	1,646E+2	0,000E+0	8,810E-2	8,710E-2	0,000E+0	7	0001
25,010	8,100	7,300	1,540E+1	0,000E+0	1,649E+2	1,646E+2	0,000E+0	8,810E-2	8,710E-2	0,000E+0	7	0001
26,011	14,100	13,000	2,710E+1	0,000E+0	1,648E+2	1,643E+2	0,000E+0	1,480E-1	1,462E-1	0,000E+0	7	0001
27,011	17,800	16,500	3,430E+1	0,000E+0	1,711E+2	1,707E+2	0,000E+0	1,709E-1	1,693E-1	0,000E+0	7	0001
28,010	13,300	12,400	2,570E+1	0,000E+0	1,703E+2	1,701E+2	0,000E+0	1,334E-1	1,316E-1	0,000E+0	7	0001
29,011	7,000	6,200	1,320E+1	0,000E+0	1,560E+2	1,562E+2	0,000E+0	8,350E-2	8,270E-2	0,000E+0	7	0001
30,012	4,900	4,100	9,000E+0	0,000E+0	1,417E+2	1,418E+2	0,000E+0	6,780E-2	6,720E-2	0,000E+0	7	0001
31,012	8,900	7,800	1,670E+1	0,000E+0	1,439E+2	1,442E+2	0,000E+0	1,181E-1	1,179E-1	0,000E+0	7	0001
32,012	16,200	14,600	3,080E+1	0,000E+0	1,549E+2	1,549E+2	0,000E+0	1,839E-1	1,829E-1	0,000E+0	7	0001
33,012	13,100	11,900	2,500E+1	0,000E+0	1,584E+2	1,586E+2	0,000E+0	1,469E-1	1,456E-1	0,000E+0	7	0001
34,012	10,800	9,800	2,060E+1	0,000E+0	1,562E+2	1,563E+2	0,000E+0	1,252E-1	1,244E-1	0,000E+0	7	0001
35,012	10,400	9,400	1,980E+1	0,000E+0	1,543E+2	1,542E+2	0,000E+0	1,231E-1	1,221E-1	0,000E+0	7	0001
36,012	11,800	10,600	2,240E+1	0,000E+0	1,555E+2	1,556E+2	0,000E+0	1,367E-1	1,353E-1	0,000E+0	7	0001
37,013	12,000	10,800	2,280E+1	0,000E+0	1,565E+2	1,563E+2	0,000E+0	1,372E-1	1,355E-1	0,000E+0	7	0001
38,012	11,300	10,300	2,160E+1	0,000E+0	1,559E+2	1,560E+2	0,000E+0	1,306E-1	1,297E-1	0,000E+0	7	0001
39,013	11,300	10,300	2,160E+1	0,000E+0	1,559E+2	1,560E+2	0,000E+0	1,306E-1	1,297E-1	0,000E+0	7	0001
40,012	11,100	10,100	2,120E+1	0,000E+0	1,551E+2	1,555E+2	0,000E+0	1,295E-1	1,288E-1	0,000E+0	7	0001
41,014	11,500	10,400	2,190E+1	0,000E+0	1,556E+2	1,556E+2	0,000E+0	1,332E-1	1,327E-1	0,000E+0	7	0001
42,014	11,500	10,400	2,190E+1	0,000E+0	1,556E+2	1,556E+2	0,000E+0	1,332E-1	1,327E-1	0,000E+0	7	0001
43,014	11,300	10,200	2,150E+1	0,000E+0	1,558E+2	1,553E+2	0,000E+0	1,311E-1	1,288E-1	0,000E+0	7	0001
44,014	11,400	10,300	2,170E+1	0,000E+0	1,557E+2	1,556E+2	0,000E+0	1,321E-1	1,305E-1	0,000E+0	7	0001
45,014	11,500	10,400	2,190E+1	0,000E+0	1,556E+2	1,559E+2	0,000E+0	1,332E-1	1,322E-1	0,000E+0	7	0001
46,014	11,400	10,300	2,170E+1	0,000E+0	1,558E+2	1,558E+2	0,000E+0	1,321E-1	1,312E-1	0,000E+0	7	0001
47,014	11,600	10,400	2,200E+1	0,000E+0	1,556E+2	1,554E+2	0,000E+0	1,339E-1	1,325E-1	0,000E+0	7	0001
48,015	11,600	10,400	2,200E+1	0,000E+0	1,556E+2	1,554E+2	0,000E+0	1,339E-1	1,325E-1	0,000E+0	7	0001
49,016	12,400	11,200	2,360E+1	0,000E+0	1,566E+2	1,567E+2	0,000E+0	1,412E-1	1,402E-1	0,000E+0	7	0001
50,016	12,300	11,400	2,370E+1	0,000E+0	1,564E+2	1,570E+2	0,000E+0	1,412E-1	1,426E-1	0,000E+0	7	0001
51,016	12,800	11,600	2,440E+1	0,000E+0	1,569E+2	1,569E+2	0,000E+0	1,459E-1	1,442E-1	0,000E+0	7	0001
52,016	13,500	12,100	2,560E+1	0,000E+0	1,572E+2	1,573E+2	0,000E+0	1,519E-1	1,502E-1	0,000E+0	7	0001
53,017	13,500	12,200	2,570E+1	0,000E+0	1,570E+2	1,576E+2	0,000E+0	1,533E-1	1,513E-1	0,000E+0	7	0001
54,017	13,500	12,200	2,570E+1	0,000E+0	1,570E+2	1,576E+2	0,000E+0	1,533E-1	1,513E-1	0,000E+0	7	0001
55,017	15,000	13,100	2,810E+1	0,000E+0	1,576E+2	1,580E+2	0,000E+0	1,660E-1	1,620E-1	0,000E+0	7	0001
56,017	26,800	25,700	5,250E+1	0,000E+0	1,601E+2	1,599E+2	0,000E+0	2,941E-1	2,903E-1	0,000E+0	7	0001
57,018	26,800	25,700	5,250E+1	0,000E+0	1,601E+2	1,599E+2	0,000E+0	2,941E-1	2,903E-1	0,000E+0	7	0001
58,018	28,700	28,400	5,710E+1	0,000E+0	1,624E+2	1,624E+2	0,000E+0	3,023E-1	3,024E-1	0,000E+0	7	0001
59,017	28,400	27,600	5,600E+1	0,000E+0	1,623E+2	1,621E+2	0,000E+0	2,985E-1	2,957E-1	0,000E+0	7	0001
60,018	29,000	26,900	5,590E+1	0,000E+0	1,630E+2	1,614E+2	0,000E+0	2,986E-1	2,891E-1	0,000E+0	7	0001
61,018	28,800	27,500	5,630E+1	0,000E+0	1,626E+2	1,620E+2	0,000E+0	3,005E-1	2,952E-1	0,000E+0	7	0001
62,018	29,900	29,000	5,890E+1	0,000E+0	1,628E+2	1,624E+2	0,000E+0	3,141E-1	3,079E-1	0,000E+0	7	0001
63,018	31,100	30,100	6,120E+1	0,000E+0	1,635E+2	1,624E+2	0,000E+0	3,230E-1	3,186E-1	0,000E+0	7	0001
64,019	31,600	31,000	6,260E+1	0,000E+0	1,634E+2	1,626E+2	0,000E+0	3,314E-1	3,258E-1	0,000E+0	7	0001
65,019	33,000	32,600	6,560E+1	0,000E+0	1,642E+2	1,631E+2	0,000E+0	3,471E-1	3,394E-1	0,000E+0	7	0001
66,020	33,300	33,800	6,710E+1	0,000E+0	1,636E+2	1,636E+2	0,000E+0	3,519E-1	3,511E-1	0,000E+0	7	0001
67,020	34,100	34,300	6,840E+1	0,000E+0	1,641E+2	1,636E+2	0,000E+0	3,586E-1	3,540E-1	0,000E+0	7	0001
68,020	34,100	35,600	6,970E+1	0,000E+0	1,639E+2	1,642E+2	0,000E+0	3,601E-1	3,640E-1	0,000E+0	7	0001
69,022	34,100	35,600	6,970E+1	0,000E+0	1,639E+2	1,642E+2	0,000E+0	3,601E-1	3,640E-1	0,000E+0	7	0001
70,022	34,800	35,800	7,060E+1	0,000E+0	1,641E+2	1,641E+2	0,000E+0	3,679E-1	3,676E-1	0,000E+0	7	0001
71,022	36,600	35,900	7,250E+1	0,000E+0	1,649E+2	1,635E+2	0,000E+0	3,842E-1	3,715E-1	0,000E+0	7	0001
72,022	36,300	36,900	7,320E+1	0,000E+0	1,643E+2	1,640E+2	0,000E+0	3,859E-1	3,803E-1	0,000E+0	7	0001
73,023	37,100	37,100	7,420E+1	0,000E+0	1,649E+2	1,636E+2	0,000E+0	3,907E-1	3,813E-1	0,000E+0	7	0001
74,024	36,600	38,200	7,480E+1	0,000E+0	1,639E+2	1,648E+2	0,000E+0	3,910E-1	3,913E-1	0,000E+0	7	0001
75,024	36,600	38,200	7,480E+1	0,000E+0	1,639E+2	1,648E+2	0,000E+0	3,910E-1	3,913E-1	0,000E+0	7	0001
76,023	37,200	38,300	7,550E+1	0,000E+0	1,653E+2	1,645E+2	0,000E+0	3,936E-1	3,898E-1	0,000E+0	7	0001
77,024	37,900	38,000	7,590E+1	0,000E+0	1,654E+2	1,640E+2	0,000E+0	3,999E-1	3,907E-1	0,000E+0	7	0001
78,025	37,900	38,900	7,680E+1	0,000E+0	1,654E+2	1,649E+2	0,000E+0	4,002E-1	3,972E-1	0,000E+0	7	0001
79,025	37,400	39,600	7,700E+1	0,000E+0	1,644E+2	1,656E+2	0,000E+0	4,007E-1	4,026E-1	0,000E+0	7	0001
80,025	38,000	39,200	7,720E+1	0,000E+0	1,651E+2	1,648E+2	0,000E+0	4,045E-1	3,997E-1	0,000E+0	7	0001
81,025	37,500	39,900	7,740E+1	0,000E+0	1,645E+2	1,654E+2	0,000E+0	4,001E-1	4,046E-1	0,000E+0	7	0001
82,025	37,500	39,900	7,740E+1	0,000E+0	1,645E+2	1,654E+2	0,000E+0	4,001E-1	4,046E-1	0,000E+0	7	0001
83,024	38,300	39,600	7,790E+1	0,000E+0	1,646E+2	1,651E+2	0,000E+0	4,082E-1	4,093E-1	0,000E+0	7	0001
84,025	38,900	39,500	7,840E+1	0,000E+0	1,655E+2	1,641E+2	0,000E+0	4,101E-1	4,038E-1	0,000E+0	7	0001
85,026	38,000	40,100	7,810E+1	0,000E+0	1,644E+2	1,651E+2	0,000E+0	4,078E-1	4,080E-1	0,000E+0	7	0001
86,026	38,300	39,900	7,820E+1	0,000E+0	1,651E+2	1,648E+2	0,000E+0	4,084E-1	4,047E-1	0,000E+0	7	0001
87,028	38,300	39,900	7,820E+1	0,000E+0	1,651E+2	1,648E+2	0,000E+0	4,084E-1	4,047E-1	0,000E+0	7	0001
88,027	38,900	39,800	7,870E+1	0,000E+0	1,648E+2	1,645E+2	0,000E+0	4,136E-1	4,056E-1	0,000E+0	7	0001
89,028	39,000	39,700	7,870E+1	0,000E+0	1,656E+2	1,645E+2	0,000E+0	4,143E-1	4,041E-1	0,000E+0	7	0001
90,030	39,000	39,700	7,870E+1	0,000E+0	1,653E+2	1,644E+2	0,000E+0	4,137E-1	4,040E-1	0,000E+0	7	0001
91,030	39,800	39,400	7,920E+1	0,000E+0	1,662E+2	1,643E+2	0,000E+0	4,181E-1	4,033E-1	0,000E+0	7	0001
92,030	38,300	40,400	7,870E+1	0,000E+0	1,639E+2	1,650E+2	0,000E+0	4,115E-1	4,135E-1	0,000E+0	7	0001
93,030	38,500	40,300	7,880E+1	0,000E+0	1,650E+2	1,650E+2	0,000E+0	4,106E-1	4,085E-1	0,000E+0	7	0001
94,031	38,800	40,500	7,930E+1	0,000E+0	1,642E+2	1,650E+2	0,000E+0	4,167E-1	4,139E-1	0,000E+0	7	0001
95,031	39,500	39,700	7,920E+1	0,000E+0	1,659E+2	1,643E+2	0,000E+0	4,160E-1	4,030E-1	0,000E+0	7	0001
96,030	39,100	40,100	7,920E+1	0,000E+0	1,656E+2	1,642E+2	0,000E+0	4,148E-1	4,082E-1	0,000E+0	7	0001
97,031	39,300	39,700	7,900E+1	0,000E+0	1,651E+2	1,643E+2	0,000E+0	4,160E-1	4,078E-1	0,000E+0	7	0001
98,031	39,500	39,900	7,940E+1	0,000E+0	1,659E+2	1,642E+2	0,000E+0	4,169E-1	4,059E-1	0,000E+0	7	0001
99,031	39,500	39,900	7,940E+1	0,000E+0	1,659E+2	1,642E+2	0,000E+0	4,169E-1	4,059E-1	0,000E+0	7	0001
100,032	39,500	39,900	7,940E+1	0,000E+0	1,659E+2	1,642E+2	0,000E+0	4,169E-1	4,059E-1	0,000E+0	7	0001
101,032	39,500	39,900	7,940E+1	0,000E+0	1,659E+2	1,642E+2	0,000E+0	4,169E-1	4,059E-1	0,000E+0	7	0001
102,033	38,800	40,700	7,950E+1	0,000E+0	1,647E+2	1,651E+2	0,000E+0	4,144E-1	4,142E-1	0,000E+0	7	0001
103,032	39,200	40,000	7,920E+1	0,000E+0	1,658E+2	1,647E+2	0,000E+0	4,152E-1	4,062E-1	0,000E+0	7	0001
104,033	40,100	39,500	7,960E+1	0,000E+0	1,666E+2	1,636E+2	0,000E+0	4,207E-1	4,026E-1	0,000E+0	7	0001
105,034	39,000	40,500	7,950E+1	0,000E+0	1,652E+2	1,650E+2	0,000E+0	4,168E-1	4,125E-1	0,000E+0	7	0001
106,034	39,300	40,100	7,940E+1	0,000E+0	1,658E+2	1,649E+2	0,000E+0	4,171E-1	4,074E-1	0,000E+0	7	0001
107,034	38,900	40,500	7,940E+1	0,000E+0	1,656E+2	1,650E+2	0,000E+0	4,122E-1	4,109E-1	0,000E+0	7	0001
108,033	39,100	40,900	8,000E+1	0,000E+0	1,654E+2	1,649E+2	0,000E+0	4,163E-1	4,153E-1	0,000E+0	7	0001
109,034	39,000	40,700	7,970E+1	0,000E+0	1,648E+2	1,650E+2	0,000E+0	4,174E-1	4,142E-1	0,000E+0	7	0001
110,033	39,100	40,200	7,930E+1	0,000E+0	1,652E+2	1,648E+2	0,000E+0	4,171E-1	4,102E-1	0,000E+0	7	0001
111,034	39,100	40,200	7,930E+1	0,000E+0	1,652E+2	1,648E+2	0,000E+0	4,171E-1	4,102E-1	0,000E+0	7	0001
112,035	39,600	40,000	7,960E+1	0,000E+0	1,662E+2	1,642E+2	0,000E+0	4,166E-1	4,050E-1	0,000E+0	7	0001
113,034	39,400	40,300	7,970E+1	0,000E+0	1,655E+2	1,654E+2	0,000E+0	4,184E-1	4,128E-1	0,000E+0	7	0001
114,035	38,800	40,800	7,960E+1	0,000E+0	1,650E+2	1,656E+2	0,000E+0	4,159E-1	4,130E-1	0,000E+0	7	0001
115,035	38,800	40,700	7,950E+1	0,000E+0	1,655E+2	1,649E+2	0,000E+0	4,125E-1	4,114E-1	0,000E+0	7	0001
116,037	40,000	39,800	7,980E+1	0,000E+0	1,660E+2	1,640E+2	0,000E+0	4,205E-1	4,041E-1	0,000E+0	7	0001
117,038	38,600	41,100	7,970E+1	0,000E+0	1,653E+2	1,655E+2	0,000E+0	4,111E-1	4,144E-1	0,000E+0	7	0001
118,039	39,900	39,800	7,970E+1	0,000E+0	1,659E+2	1,641E+2	0,000E+0	4,218E-1	4,065E-1	0,000E+0	7	0001
119,040	39,500	40,500	8,000E+1	0,000E+0	1,654E+2	1,649E+2	0,000E+0	4,196E-1	4,123E-1	0,000E+0	7	0001
120,039	38,800	40,900	7,970E+1	0,000E+0	1,644E+2	1,652E+2	0,000E+0	4,160E-1	4,162E-1	0,000E+0	7	0001
121,041	38,500	41,100	7,960E+1	0,000E+0	1,643E+2	1,654E+2	0,000E+0	4,153E-1	4,133E-1	0,000E+0	7	0001
122,041	38,500	41,100	7,960E+1	0,000E+0	1,643E+2	1,654E+2	0,000E+0	4,153E-1	4,133E-1	0,000E+0	7	0001
123,042	38,500	41,100	7,960E+1	0,000E+0	1,643E+2	1,654E+2	0,000E+0	4,153E-1	4,133E-1	0,000E+0	7	0001
124,042	38,500	41,100	7,960E+1	0,000E+0	1,643E+2	1,654E+2	0,000E+0	4,153E-1	4,133E-1	0,000E+0	7	0001
125,042	39,400	40,200	7,960E+1	0,000E+0	1,655E+2	1,647E+2	0,000E+0	4,181E-1	4,089E-1	0,000E+0	7	0001
126,042	39,400	40,200	7,960E+1	0,000E+0	1,655E+2	1,647E+2	0,000E+0	4,181E-1	4,089E-1	0,000E+0	7	0001
127,041	39,400	40,200	7,960E+1	0,000E+0	1,655E+2	1,647E+2	0,000E+0	4,181E-1	4,089E-1	0,000E+0	7	0001
128,042	38,700	40,900	7,960E+1	0,000E+0	1,641E+2	1,654E+2	0,000E+0	4,171E-1	4,167E-1	0,000E+0	7	0001
129,042	38,700	40,900	7,960E+1	0,000E+0	1,641E+2	1,654E+2	0,000E+0	4,171E-1	4,167E-1	0,000E+0	7	0001
130,043	39,300	40,400	7,970E+1	0,000E+0	1,658E+2	1,650E+2	0,000E+0	4,170E-1	4,113E-1	0,000E+0	7	0001
131,043	39,300	40,400	7,970E+1	0,000E+0	1,658E+2	1,650E+2	0,000E+0	4,170E-1	4,113E-1	0,000E+0	7	0001
132,043	39,100	40,500	7,960E+1	0,000E+0	1,653E+2	1,650E+2	0,000E+0	4,160E-1	4,107E-1	0,000E+0	7	0001
133,043	39,100	40,500	7,960E+1	0,000E+0	1,653E+2	1,650E+2	0,000E+0	4,160E-1	4,107E-1	0,000E+0	7	0001
134,042	39,000	40,600	7,960E+1	0,000E+0	1,651E+2	1,651E+2	0,000E+0	4,167E-1	4,143E-1	0,000E+0	7	0001
135,043	39,600	40,000	7,960E+1	0,000E+0	1,661E+2	1,643E+2	0,000E+0	4,186E-1	4,058E-1	0,000E+0	7	0001
136,044	39,800	39,800	7,960E+1	0,000E+0	1,661E+2	1,639E+2	0,000E+0	4,205E-1	4,053E-1	0,000E+0	6	0001
137,044	39,200	40,400	7,960E+1	0,000E+0	1,647E+2	1,649E+2	0,000E+0	4,196E-1	4,136E-1	0,000E+0	6	0001
138,044	38,800	41,000	7,980E+1	0,000E+0	1,649E+2	1,651E+2	0,000E+0	4,163E-1	4,146E-1	0,000E+0	7	0001
139,044	39,200	40,500	7,970E+1	0,000E+0	1,654E+2	1,646E+2	0,000E+0	4,161E-1	4,115E-1	0,000E+0	7	0001
140,044	38,500	40,800	7,930E+1	0,000E+0	1,653E+2	1,652E+2	0,000E+0	4,088E-1	4,099E-1	0,000E+0	7	0001
141,043	38,500	40,800	7,930E+1	0,000E+0	1,653E+2	1,652E+2	0,000E+0	4,088E-1	4,099E-1	0,000E+0	7	0001
142,044	39,600	40,200	7,980E+1	0,000E+0	1,652E+2	1,645E+2	0,000E+0	4,217E-1	4,101E-1	0,000E+0	7	0001
143,044	39,600	40,200	7,980E+1	0,000E+0	1,652E+2	1,645E+2	0,000E+0	4,217E-1	4,101E-1	0,000E+0	7	0001
144,044	39,400	40,600	8,000E+1	0,000E+0	1,652E+2	1,647E+2	0,000E+0	4,202E-1	4,132E-1	0,000E+0	7	0001
145,044	39,400	40,600	8,000E+1	0,000E+0	1,652E+2	1,647E+2	0,000E+0	4,202E-1	4,132E-1	0,000E+0	7	0001
146,045	39,400	40,600	8,000E+1	0,000E+0	1,652E+2	1,647E+2	0,000E+0	4,202E-1	4,132E-1	0,000E+0	7	0001
147,045	39,700	40,000	7,970E+1	0,000E+0	1,660E+2	1,646E+2	0,000E+0	4,195E-1	4,070E-1	0,000E+0	7	0001
148,046	39,700	40,000	7,970E+1	0,000E+0	1,660E+2	1,646E+2	0,000E+0	4,195E-1	4,070E-1	0,000E+0	7	0001
149,046	39,700	40,000	7,970E+1	0,000E+0	1,660E+2	1,646E+2	0,000E+0	4,195E-1	4,070E-1	0,000E+0	7	0001
150,045	39,700	40,000	7,970E+1	0,000E+0	1,660E+2	1,646E+2	0,000E+0	4,195E-1	4,070E-1	0,000E+0	7	0001
151,047	39,000	40,600	7,960E+1	0,000E+0	1,644E+2	1,646E+2	0,000E+0	4,186E-1	4,146E-1	0,000E+0	7	0001
152,047	39,000	40,600	7,960E+1	0,000E+0	1,644E+2	1,646E+2	0,000E+0	4,186E-1	4,146E-1	0,000E+0	7	0001
153,047	39,100	40,200	7,930E+1	0,000E+0	1,648E+2	1,646E+2	0,000E+0	4,179E-1	4,107E-1	0,000E+0	7	0001
154,047	38,900	40,700	7,960E+1	0,000E+0	1,647E+2	1,649E+2	0,000E+0	4,163E-1	4,149E-1	0,000E+0	7	0001
155,048	38,900	40,700	7,960E+1	0,000E+0	1,647E+2	1,649E+2	0,000E+0	4,163E-1	4,149E-1	0,000E+0	6	0001
156,049	38,700	41,200	7,990E+1	0,000E+0	1,651E+2	1,654E+2	0,000E+0	4,128E-1	4,154E-1	0,000E+0	6	0001
157,050	39,200	40,600	7,980E+1	0,000E+0	1,648E+2	1,650E+2	0,000E+0	4,192E-1	4,136E-1	0,000E+0	6	0001
158,050	39,500	40,400	7,990E+1	0,000E+0	1,659E+2	1,646E+2	0,000E+0	4,197E-1	4,065E-1	0,000E+0	6	0001
159,051	39,500	40,400	7,990E+1	0,000E+0	1,656E+2	1,644E+2	0,000E+0	4,192E-1	4,101E-1	0,000E+0	6	0001
160,052	39,500	40,400	7,990E+1	0,000E+0	1,656E+2	1,644E+2	0,000E+0	4,192E-1	4,101E-1	0,000E+0	6	0001
161,051	39,500	40,400	7,990E+1	0,000E+0	1,656E+2	1,644E+2	0,000E+0	4,192E-1	4,101E-1	0,000E+0	6	0001
162,052	39,500	40,400	7,990E+1	0,000E+0	1,656E+2	1,644E+2	0,000E+0	4,192E-1	4,101E-1	0,000E+0	6	0001
163,052	39,500	40,400	7,990E+1	0,000E+0	1,656E+2	1,644E+2	0,000E+0	4,192E-1	4,101E-1	0,000E+0	6	0001
164,052	38,900	41,100	8,000E+1	0,000E+0	1,653E+2	1,653E+2	0,000E+0	4,141E-1	4,145E-1	0,000E+0	6	0001
165,051	38,900	41,100	8,000E+1	0,000E+0	1,653E+2	1,653E+2	0,000E+0	4,141E-1	4,145E-1	0,000E+0	6	0001
166,052	38,900	41,100	8,000E+1	0,000E+0	1,653E+2	1,653E+2	0,000E+0	4,141E-1	4,145E-1	0,000E+0	6	0001
167,052	38,400	41,400	7,980E+1	0,000E+0	1,641E+2	1,659E+2	0,000E+0	4,156E-1	4,161E-1	0,000E+0	6	0001
168,052	38,400	41,400	7,980E+1	0,000E+0	1,641E+2	1,659E+2	0,000E+0	4,156E-1	4,161E-1	0,000E+0	6	0001
169,052	38,300	41,200	7,950E+1	0,000E+0	1,647E+2	1,659E+2	0,000E+0	4,104E-1	4,165E-1	0,000E+0	6	0001
170,051	38,300	41,200	7,950E+1	0,000E+0	1,647E+2	1,659E+2	0,000E+0	4,104E-1	4,165E-1	0,000E+0	6	0001
171,053	39,600	40,200	7,980E+1	0,000E+0	1,654E+2	1,644E+2	0,000E+0	4,211E-1	4,113E-1	0,000E+0	6	0001
172,053	39,600	40,200	7,980E+1	0,000E+0	1,654E+2	1,644E+2	0,000E+0	4,211E-1	4,113E-1	0,000E+0	5	0001
173,053	38,500	41,400	7,990E+1	0,000E+0	1,646E+2	1,658E+2	0,000E+0	4,125E-1	4,187E-1	0,000E+0	5	0001
174,054	38,500	41,400	7,990E+1	0,000E+0	1,646E+2	1,658E+2	0,000E+0	4,125E-1	4,187E-1	0,000E+0	5	0001
175,054	39,300	40,500	7,980E+1	0,000E+0	1,658E+2	1,656E+2	0,000E+0	4,160E-1	4,080E-1	0,000E+0	5	0001
176,055	39,700	40,200	7,990E+1	0,000E+0	1,657E+2	1,641E+2	0,000E+0	4,204E-1	4,090E-1	0,000E+0	5	0001
177,055	39,700	40,200	7,990E+1	0,000E+0	1,657E+2	1,641E+2	0,000E+0	4,204E-1	4,090E-1	0,000E+0	5	0001
178,056	39,700	40,200	7,990E+1	0,000E+0	1,657E+2	1,641E+2	0,000E+0	4,204E-1	4,090E-1	0,000E+0	5	0001
179,056	39,700	40,200	7,990E+1	0,000E+0	1,657E+2	1,641E+2	0,000E+0	4,204E-1	4,090E-1	0,000E+0	5	0001
180,056	39,700	40,200	7,990E+1	0,000E+0	1,657E+2	1,641E+2	0,000E+0	4,204E-1	4,090E-1	0,000E+0	5	0001
181,056	39,700	40,200	7,990E+1	0,000E+0	1,657E+2	1,641E+2	0,000E+0	4,204E-1	4,090E-1	0,000E+0	5	0001
182,056	39,200	40,500	7,970E+1	0,000E+0	1,658E+2	1,648E+2	0,000E+0	4,143E-1	4,090E-1	0,000E+0	5	0001
183,056	39,200	40,500	7,970E+1	0,000E+0	1,658E+2	1,648E+2	0,000E+0	4,143E-1	4,090E-1	0,000E+0	5	0001
184,055	38,800	40,600	7,940E+1	0,000E+0	1,649E+2	1,652E+2	0,000E+0	4,129E-1	4,119E-1	0,000E+0	5	0001
185,056	38,800	40,600	7,940E+1	0,000E+0	1,649E+2	1,652E+2	0,000E+0	4,129E-1	4,119E-1	0,000E+0	5	0001
186,056	38,800	40,600	7,940E+1	0,000E+0	1,649E+2	1,652E+2	0,000E+0	4,129E-1	4,119E-1	0,000E+0	5	0001
187,056	38,800	40,600	7,940E+1	0,000E+0	1,649E+2	1,652E+2	0,000E+0	4,129E-1	4,119E-1	0,000E+0	5	0001
188,056	39,500	40,200	7,970E+1	0,000E+0	1,651E+2	1,644E+2	0,000E+0	4,203E-1	4,107E-1	0,000E+0	5	0001
189,057	39,300	40,500	7,980E+1	0,000E+0	1,651E+2	1,650E+2	0,000E+0	4,169E-1	4,136E-1	0,000E+0	5	0001
190,057	39,500	40,500	8,000E+1	0,000E+0	1,652E+2	1,644E+2	0,000E+0	4,222E-1	4,077E-1	0,000E+0	4	0001
191,056	39,300	40,400	7,970E+1	0,000E+0	1,656E+2	1,647E+2	0,000E+0	4,177E-1	4,093E-1	0,000E+0	4	0001
192,057	39,700	40,100	7,980E+1	0,000E+0	1,659E+2	1,643E+2	0,000E+0	4,214E-1	4,088E-1	0,000E+0	4	0001
193,057	39,700	40,300	8,000E+1	0,000E+0	1,657E+2	1,642E+2	0,000E+0	4,209E-1	4,096E-1	0,000E+0	4	0001
194,057	39,700	40,300	8,000E+1	0,000E+0	1,657E+2	1,642E+2	0,000E+0	4,209E-1	4,096E-1	0,000E+0	4	0001
195,057	39,700	40,300	8,000E+1	0,000E+0	1,657E+2	1,642E+2	0,000E+0	4,209E-1	4,096E-1	0,000E+0	4	0001
196,056	39,700	40,300	8,000E+1	0,000E+0	1,657E+2	1,642E+2	0,000E+0	4,209E-1	4,096E-1	0,000E+0	4	0001
197,057	39,300	40,300	7,960E+1	0,000E+0	1,655E+2	1,643E+2	0,000E+0	4,184E-1	4,109E-1	0,000E+0	4	0001
198,056	39,300	40,300	7,960E+1	0,000E+0	1,655E+2	1,643E+2	0,000E+0	4,184E-1	4,109E-1	0,000E+0	4	0001
199,057	39,400	40,400	7,980E+1	0,000E+0	1,656E+2	1,647E+2	0,000E+0	4,180E-1	4,103E-1	0,000E+0	4	0001
200,058	39,400	40,400	7,980E+1	0,000E+0	1,656E+2	1,647E+2	0,000E+0	4,180E-1	4,103E-1	0,000E+0	4	0001
201,058	39,400	40,400	7,980E+1	0,000E+0	1,656E+2	1,647E+2	0,000E+0	4,180E-1	4,103E-1	0,000E+0	4	0001
202,058	39,700	40,300	8,000E+1	0,000E+0	1,655E+2	1,646E+2	0,000E+0	4,198E-1	4,101E-1	0,000E+0	4	0001
203,058	39,700	40,300	8,000E+1	0,000E+0	1,655E+2	1,646E+2	0,000E+0	4,198E-1	4,101E-1	0,000E+0	4	0001
204,059	39,700	40,300	8,000E+1	0,000E+0	1,655E+2	1,646E+2	0,000E+0	4,198E-1	4,101E-1	0,000E+0	4	0001
205,060	39,400	40,400	7,980E+1	0,000E+0	1,652E+2	1,646E+2	0,000E+0	4,194E-1	4,111E-1	0,000E+0	4	0001
206,060	39,400	40,600	8,000E+1	0,000E+0	1,650E+2	1,648E+2	0,000E+0	4,193E-1	4,132E-1	0,000E+0	4	0001
207,060	38,700	40,900	7,960E+1	0,000E+0	1,655E+2	1,654E+2	0,000E+0	4,092E-1	4,137E-1	0,000E+0	4	0001
208,061	39,900	40,000	7,990E+1	0,000E+0	1,659E+2	1,641E+2	0,000E+0	4,208E-1	4,072E-1	0,000E+0	3	0001
209,061	38,900	40,900	7,980E+1	0,000E+0	1,650E+2	1,651E+2	0,000E+0	4,144E-1	4,136E-1	0,000E+0	3	0001
210,060	39,300	40,600	7,990E+1	0,000E+0	1,654E+2	1,649E+2	0,000E+0	4,182E-1	4,117E-1	0,000E+0	3	0001
211,062	39,900	40,300	8,020E+1	0,000E+0	1,660E+2	1,645E+2	0,000E+0	4,216E-1	4,090E-1	0,000E+0	3	0001
212,062	39,900	40,300	8,020E+1	0,000E+0	1,660E+2	1,645E+2	0,000E+0	4,216E-1	4,090E-1	0,000E+0	3	0001
213,062	39,900	40,300	8,020E+1	0,000E+0	1,660E+2	1,645E+2	0,000E+0	4,216E-1	4,090E-1	0,000E+0	3	0001
214,062	39,900	40,300	8,020E+1	0,000E+0	1,660E+2	1,645E+2	0,000E+0	4,216E-1	4,090E-1	0,000E+0	3	0001
215,062	38,600	41,100	7,970E+1	0,000E+0	1,644E+2	1,654E+2	0,000E+0	4,128E-1	4,155E-1	0,000E+0	3	0001
216,062	38,600	41,100	7,970E+1	0,000E+0	1,644E+2	1,654E+2	0,000E+0	4,128E-1	4,155E-1	0,000E+0	3	0001
217,061	39,200	40,600	7,980E+1	0,000E+0	1,647E+2	1,647E+2	0,000E+0	4,192E-1	4,140E-1	0,000E+0	3	0001
218,062	39,200	40,600	7,980E+1	0,000E+0	1,647E+2	1,647E+2	0,000E+0	4,192E-1	4,140E-1	0,000E+0	3	0001
219,061	39,200	40,600	7,980E+1	0,000E+0	1,647E+2	1,647E+2	0,000E+0	4,192E-1	4,140E-1	0,000E+0	3	0001
220,063	38,900	41,200	8,010E+1	0,000E+0	1,648E+2	1,651E+2	0,000E+0	4,171E-1	4,182E-1	0,000E+0	3	0001
221,063	38,900	41,200	8,010E+1	0,000E+0	1,648E+2	1,651E+2	0,000E+0	4,171E-1	4,182E-1	0,000E+0	3	0001
222,063	40,000	40,200	8,020E+1	0,000E+0	1,661E+2	1,639E+2	0,000E+0	4,211E-1	4,083E-1	0,000E+0	3	0001
223,064	40,000	40,200	8,020E+1	0,000E+0	1,661E+2	1,639E+2	0,000E+0	4,211E-1	4,083E-1	0,000E+0	3	0001
224,064	39,500	40,300	7,980E+1	0,000E+0	1,652E+2	1,642E+2	0,000E+0	4,207E-1	4,091E-1	0,000E+0	3	0001
225,064	39,500	40,300	7,980E+1	0,000E+0	1,652E+2	1,642E+2	0,000E+0	4,207E-1	4,091E-1	0,000E+0	3	0001
226,064	39,000	40,800	7,980E+1	0,000E+0	1,649E+2	1,649E+2	0,000E+0	4,153E-1	4,126E-1	0,000E+0	2	0001
227,064	39,300	40,800	8,010E+1	0,000E+0	1,644E+2	1,649E+2	0,000E+0	4,212E-1	4,164E-1	0,000E+0	2	0001
228,064	39,900	40,000	7,990E+1	0,000E+0	1,664E+2	1,637E+2	0,000E+0	4,190E-1	4,071E-1	0,000E+0	2	0001
229,064	39,700	40,300	8,000E+1	0,000E+0	1,659E+2	1,645E+2	0,000E+0	4,195E-1	4,088E-1	0,000E+0	2	0001
230,064	39,900	40,100	8,000E+1	0,000E+0	1,662E+2	1,645E+2	0,000E+0	4,188E-1	4,120E-1	0,000E+0	2	0001
231,064	38,400	41,300	7,970E+1	0,000E+0	1,642E+2	1,659E+2	0,000E+0	4,135E-1	4,169E-1	0,000E+0	2	0001
232,063	38,400	41,300	7,970E+1	0,000E+0	1,642E+2	1,659E+2	0,000E+0	4,135E-1	4,169E-1	0,000E+0	2	0001
233,064	38,400	41,300	7,970E+1	0,000E+0	1,642E+2	1,659E+2	0,000E+0	4,135E-1	4,169E-1	0,000E+0	2	0001
234,064	38,400	41,300	7,970E+1	0,000E+0	1,642E+2	1,659E+2	0,000E+0	4,135E-1	4,169E-1	0,000E+0	2	0001
235,065	38,400	41,300	7,970E+1	0,000E+0	1,642E+2	1,659E+2	0,000E+0	4,135E-1	4,169E-1	0,000E+0	2	0001
236,065	38,600	41,300	7,990E+1	0,000E+0	1,642E+2	1,649E+2	0,000E+0	4,162E-1	4,140E-1	0,000E+0	2	0001
237,065	38,600	41,300	7,990E+1	0,000E+0	1,642E+2	1,649E+2	0,000E+0	4,162E-1	4,140E-1	0,000E+0	2	0001
238,065	38,600	41,300	7,990E+1	0,000E+0	1,642E+2	1,649E+2	0,000E+0	4,162E-1	4,140E-1	0,000E+0	2	0001
239,065	38,900	40,600	7,950E+1	0,000E+0	1,653E+2	1,648E+2	0,000E+0	4,144E-1	4,126E-1	0,000E+0	2	0001
240,065	38,900	40,600	7,950E+1	0,000E+0	1,653E+2	1,648E+2	0,000E+0	4,144E-1	4,126E-1	0,000E+0	2	0001
241,065	38,900	40,600	7,950E+1	0,000E+0	1,653E+2	1,648E+2	0,000E+0	4,144E-1	4,126E-1	0,000E+0	2	0001
242,066	38,900	40,600	7,950E+1	0,000E+0	1,653E+2	1,648E+2	0,000E+0	4,144E-1	4,126E-1	0,000E+0	2	0001
243,065	40,100	40,300	8,040E+1	0,000E+0	1,661E+2	1,644E+2	0,000E+0	4,219E-1	4,142E-1	0,000E+0	2	0001
244,066	39,900	40,000	7,990E+1	0,000E+0	1,660E+2	1,638E+2	0,000E+0	4,203E-1	4,062E-1	0,000E+0	1	0001
245,066	38,700	41,000	7,970E+1	0,000E+0	1,642E+2	1,654E+2	0,000E+0	4,170E-1	4,178E-1	0,000E+0	1	0001
246,066	38,700	41,000	7,970E+1	0,000E+0	1,642E+2	1,654E+2	0,000E+0	4,170E-1	4,178E-1	0,000E+0	1	0001
247,066	38,900	40,800	7,970E+1	0,000E+0	1,651E+2	1,650E+2	0,000E+0	4,155E-1	4,127E-1	0,000E+0	1	0001
248,066	38,800	41,300	8,010E+1	0,000E+0	1,635E+2	1,654E+2	0,000E+0	4,221E-1	4,201E-1	0,000E+0	1	0001
249,067	38,800	41,300	8,010E+1	0,000E+0	1,635E+2	1,654E+2	0,000E+0	4,221E-1	4,201E-1	0,000E+0	1	0001
250,066	39,700	40,500	8,020E+1	0,000E+0	1,660E+2	1,641E+2	0,000E+0	4,218E-1	4,106E-1	0,000E+0	1	0001
251,067	39,700	40,500	8,020E+1	0,000E+0	1,660E+2	1,641E+2	0,000E+0	4,218E-1	4,106E-1	0,000E+0	1	0001
252,067	39,700	40,500	8,020E+1	0,000E+0	1,660E+2	1,641E+2	0,000E+0	4,218E-1	4,106E-1	0,000E+0	1	0001
253,068	39,700	40,500	8,020E+1	0,000E+0	1,660E+2	1,641E+2	0,000E+0	4,218E-1	4,106E-1	0,000E+0	1	0001
254,068	39,300	40,400	7,970E+1	0,000E+0	1,651E+2	1,646E+2	0,000E+0	4,182E-1	4,116E-1	0,000E+0	1	0001
255,067	39,300	40,400	7,970E+1	0,000E+0	1,651E+2	1,646E+2	0,000E+0	4,182E-1	4,116E-1	0,000E+0	1	0001
256,069	39,300	40,400	7,970E+1	0,000E+0	1,651E+2	1,646E+2	0,000E+0	4,182E-1	4,116E-1	0,000E+0	1	0001
257,068	39,200	40,600	7,980E+1	0,000E+0	1,646E+2	1,646E+2	0,000E+0	4,209E-1	4,146E-1	0,000E+0	1	0001
258,069	39,200	40,600	7,980E+1	0,000E+0	1,646E+2	1,646E+2	0,000E+0	4,209E-1	4,146E-1	0,000E+0	1	0001
259,069	39,400	40,500	7,990E+1	0,000E+0	1,654E+2	1,646E+2	0,000E+0	4,190E-1	4,110E-1	0,000E+0	1	0001
260,069	39,200	40,600	7,980E+1	0,000E+0	1,651E+2	1,649E+2	0,000E+0	4,186E-1	4,129E-1	0,000E+0	0	0001
261,069	39,400	40,400	7,980E+1	0,000E+0	1,654E+2	1,647E+2	0,000E+0	4,197E-1	4,105E-1	0,000E+0	0	0001
262,069	39,400	40,400	7,980E+1	0,000E+0	1,654E+2	1,647E+2	0,000E+0	4,197E-1	4,105E-1	0,000E+0	0	0001
263,070	38,700	40,900	7,960E+1	0,000E+0	1,648E+2	1,650E+2	0,000E+0	4,160E-1	4,128E-1	0,000E+0	0	0001
264,069	38,700	40,900	7,960E+1	0,000E+0	1,648E+2	1,650E+2	0,000E+0	4,160E-1	4,128E-1	0,000E+0	0	0001
265,070	38,700	40,900	7,960E+1	0,000E+0	1,648E+2	1,650E+2	0,000E+0	4,160E-1	4,128E-1	0,000E+0	0	0001
266,070	38,700	40,900	7,960E+1	0,000E+0	1,648E+2	1,650E+2	0,000E+0	4,160E-1	4,128E-1	0,000E+0	0	0001
267,070	38,700	40,900	7,960E+1	0,000E+0	1,648E+2	1,650E+2	0,000E+0	4,160E-1	4,128E-1	0,000E+0	0	0001
268,070	39,200	41,100	8,030E+1	0,000E+0	1,648E+2	1,652E+2	0,000E+0	4,194E-1	4,171E-1	0,000E+0	0	0001
269,069	39,200	41,100	8,030E+1	0,000E+0	1,648E+2	1,652E+2	0,000E+0	4,194E-1	4,171E-1	0,000E+0	0	0001
270,070	39,200	41,100	8,030E+1	0,000E+0	1,648E+2	1,652E+2	0,000E+0	4,194E-1	4,171E-1	0,000E+0	0	0001
271,069	39,200	41,100	8,030E+1	0,000E+0	1,648E+2	1,652E+2	0,000E+0	4,194E-1	4,171E-1	0,000E+0	0	0001
272,070	40,700	39,600	8,030E+1	0,000E+0	1,660E+2	1,637E+2	0,000E+0	4,233E-1	4,164E-1	0,000E+0	0	0001
273,070	39,300	40,400	7,970E+1	0,000E+0	1,655E+2	1,647E+2	0,000E+0	4,178E-1	4,107E-1	0,000E+0	0	0001
274,070	39,300	40,400	7,970E+1	0,000E+0	1,655E+2	1,647E+2	0,000E+0	4,178E-1	4,107E-1	0,000E+0	0	0001
275,070	38,700	41,100	7,980E+1	0,000E+0	1,643E+2	1,650E+2	0,000E+0	4,164E-1	4,157E-1	0,000E+0	0	0001
276,069	39,000	40,800	7,980E+1	0,000E+0	1,651E+2	1,649E+2	0,000E+0	4,157E-1	4,138E-1	0,000E+0	0	0001
277,070	40,300	39,800	8,010E+1	0,000E+0	1,665E+2	1,636E+2	0,000E+0	4,226E-1	4,045E-1	0,000E+0	0	0001
278,070	38,900	40,900	7,980E+1	0,000E+0	1,647E+2	1,649E+2	0,000E+0	4,171E-1	4,158E-1	0,000E+0	0	1100
279,071	39,500	40,300	7,980E+1	0,000E+0	1,650E+2	1,644E+2	0,000E+0	4,209E-1	4,104E-1	0,000E+0	0	1100
280,072	39,300	40,600	7,990E+1	0,000E+0	1,657E+2	1,650E+2	0,000E+0	4,151E-1	4,122E-1	0,000E+0	0	1100
281,072	39,200	41,000	8,020E+1	0,000E+0	1,649E+2	1,647E+2	0,000E+0	4,190E-1	4,159E-1	0,000E+0	0	1100
282,072	39,200	41,000	8,020E+1	0,000E+0	1,649E+2	1,647E+2	0,000E+0	4,190E-1	4,159E-1	0,000E+0	0	1100
283,071	38,900	41,100	8,000E+1	0,000E+0	1,649E+2	1,653E+2	0,000E+0	4,151E-1	4,168E-1	0,000E+0	0	1100
284,073	38,900	41,200	8,010E+1	0,000E+0	1,648E+2	1,652E+2	0,000E+0	4,161E-1	4,171E-1	0,000E+0	0	1100
285,074	39,000	40,900	7,990E+1	0,000E+0	1,651E+2	1,650E+2	0,000E+0	4,174E-1	4,095E-1	0,000E+0	0	1100
286,075	40,000	40,000	8,000E+1	0,000E+0	1,659E+2	1,638E+2	0,000E+0	4,226E-1	4,068E-1	0,000E+0	0	1100
287,075	39,100	41,000	8,010E+1	0,000E+0	1,646E+2	1,649E+2	0,000E+0	4,182E-1	4,168E-1	0,000E+0	0	1100
288,075	39,600	40,300	7,990E+1	0,000E+0	1,658E+2	1,643E+2	0,000E+0	4,188E-1	4,086E-1	0,000E+0	0	1100
289,076	39,400	40,400	7,980E+1	0,000E+0	1,648E+2	1,648E+2	0,000E+0	4,208E-1	4,137E-1	0,000E+0	0	1100
290,075	39,500	40,500	8,000E+1	0,000E+0	1,656E+2	1,647E+2	0,000E+0	4,191E-1	4,104E-1	0,000E+0	0	1100
291,077	39,400	40,700	8,010E+1	0,000E+0	1,649E+2	1,643E+2	0,000E+0	4,207E-1	4,113E-1	0,000E+0	0	1100
292,077	40,000	40,000	8,000E+1	0,000E+0	1,659E+2	1,639E+2	0,000E+0	4,218E-1	4,075E-1	0,000E+0	0	1100
293,077	40,000	40,000	8,000E+1	0,000E+0	1,659E+2	1,639E+2	0,000E+0	4,218E-1	4,075E-1	0,000E+0	0	1100
294,077	40,000	40,000	8,000E+1	0,000E+0	1,659E+2	1,639E+2	0,000E+0	4,218E-1	4,075E-1	0,000E+0	0	1100
295,077	40,000	40,000	8,000E+1	0,000E+0	1,659E+2	1,639E+2	0,000E+0	4,218E-1	4,075E-1	0,000E+0	0	1100
296,077	40,000	40,000	8,000E+1	0,000E+0	1,659E+2	1,639E+2	0,000E+0	4,218E-1	4,075E-1	0,000E+0	0	1100
297,077	39,700	40,400	8,010E+1	0,000E+0	1,659E+2	1,648E+2	0,000E+0	4,195E-1	4,130E-1	0,000E+0	0	1100
298,077	39,700	40,400	8,010E+1	0,000E+0	1,659E+2	1,648E+2	0,000E+0	4,195E-1	4,130E-1	0,000E+0	0	1100
299,077	39,300	40,900	8,020E+1	0,000E+0	1,656E+2	1,648E+2	0,000E+0	4,180E-1	4,134E-1	0,000E+0	0	1100
300,077	39,300	40,900	8,020E+1	0,000E+0	1,656E+2	1,648E+2	0,000E+0	4,180E-1	4,134E-1	0,000E+0	0	1100
301,078	38,300	41,500	7,980E+1	0,000E+0	1,645E+2	1,658E+2	0,000E+0	4,100E-1	4,189E-1	0,000E+0	0	1100
302,079	38,300	41,500	7,980E+1	0,000E+0	1,645E+2	1,658E+2	0,000E+0	4,100E-1	4,189E-1	0,000E+0	0	1100
303,079	38,300	41,500	7,980E+1	0,000E+0	1,645E+2	1,658E+2	0,000E+0	4,100E-1	4,189E-1	0,000E+0	0	1100
304,080	38,300	41,500	7,980E+1	0,000E+0	1,645E+2	1,658E+2	0,000E+0	4,100E-1	4,189E-1	0,000E+0	0	1100
305,080	39,400	40,500	7,990E+1	0,000E+0	1,659E+2	1,651E+2	0,000E+0	4,141E-1	4,112E-1	0,000E+0	0	1100
306,081	39,000	40,800	7,980E+1	0,000E+0	1,649E+2	1,650E+2	0,000E+0	4,172E-1	4,137E-1	0,000E+0	0	1100
307,082	39,200	40,900	8,010E+1	0,000E+0	1,647E+2	1,651E+2	0,000E+0	4,198E-1	4,166E-1	0,000E+0	0	1100
308,082	39,700	40,500	8,020E+1	0,000E+0	1,657E+2	1,643E+2	0,000E+0	4,219E-1	4,114E-1	0,000E+0	1	1100
309,083	40,000	40,100	8,010E+1	0,000E+0	1,661E+2	1,635E+2	0,000E+0	4,186E-1	4,135E-1	0,000E+0	1	1100
310,082	38,900	40,700	7,960E+1	0,000E+0	1,649E+2	1,652E+2	0,000E+0	4,157E-1	4,152E-1	0,000E+0	1	1100
311,084	39,600	40,300	7,990E+1	0,000E+0	1,659E+2	1,645E+2	0,000E+0	4,192E-1	4,087E-1	0,000E+0	1	1100
312,084	39,600	40,300	7,990E+1	0,000E+0	1,659E+2	1,645E+2	0,000E+0	4,192E-1	4,087E-1	0,000E+0	1	1100
313,084	39,400	40,700	8,010E+1	0,000E+0	1,658E+2	1,652E+2	0,000E+0	4,191E-1	4,135E-1	0,000E+0	1	1100
314,085	39,400	40,700	8,010E+1	0,000E+0	1,658E+2	1,652E+2	0,000E+0	4,191E-1	4,135E-1	0,000E+0	1	1100
315,085	39,400	40,700	8,010E+1	0,000E+0	1,658E+2	1,652E+2	0,000E+0	4,191E-1	4,135E-1	0,000E+0	1	1100
316,084	39,400	40,700	8,010E+1	0,000E+0	1,658E+2	1,652E+2	0,000E+0	4,191E-1	4,135E-1	0,000E+0	1	1100
317,085	38,700	41,200	7,990E+1	0,000E+0	1,652E+2	1,656E+2	0,000E+0	4,120E-1	4,154E-1	0,000E+0	1	1100
318,084	38,700	41,200	7,990E+1	0,000E+0	1,652E+2	1,656E+2	0,000E+0	4,120E-1	4,154E-1	0,000E+0	1	1100
319,085	38,700	41,200	7,990E+1	0,000E+0	1,652E+2	1,656E+2	0,000E+0	4,120E-1	4,154E-1	0,000E+0	1	1100
320,085	38,700	41,200	7,990E+1	0,000E+0	1,652E+2	1,656E+2	0,000E+0	4,120E-1	4,154E-1	0,000E+0	1	1100
321,085	39,400	40,600	8,000E+1	0,000E+0	1,657E+2	1,651E+2	0,000E+0	4,175E-1	4,123E-1	0,000E+0	1	1100
322,086	39,900	40,200	8,010E+1	0,000E+0	1,657E+2	1,644E+2	0,000E+0	4,228E-1	4,103E-1	0,000E+0	1	1100
323,085	39,900	40,200	8,010E+1	0,000E+0	1,657E+2	1,644E+2	0,000E+0	4,228E-1	4,103E-1	0,000E+0	1	1100
324,087	39,400	40,600	8,000E+1	0,000E+0	1,653E+2	1,653E+2	0,000E+0	4,220E-1	4,124E-1	0,000E+0	1	1100
325,086	39,200	40,700	7,990E+1	0,000E+0	1,648E+2	1,642E+2	0,000E+0	4,217E-1	4,086E-1	0,000E+0	1	1100
326,087	39,300	40,800	8,010E+1	0,000E+0	1,648E+2	1,648E+2	0,000E+0	4,198E-1	4,160E-1	0,000E+0	2	1100
327,087	39,200	40,900	8,010E+1	0,000E+0	1,651E+2	1,650E+2	0,000E+0	4,208E-1	4,154E-1	0,000E+0	2	1100
328,087	39,500	40,500	8,000E+1	0,000E+0	1,658E+2	1,648E+2	0,000E+0	4,178E-1	4,093E-1	0,000E+0	2	1100
329,087	39,100	40,800	7,990E+1	0,000E+0	1,651E+2	1,652E+2	0,000E+0	4,170E-1	4,140E-1	0,000E+0	2	1100
330,088	39,100	40,800	7,990E+1	0,000E+0	1,651E+2	1,652E+2	0,000E+0	4,170E-1	4,140E-1	0,000E+0	2	1100
331,089	39,100	40,800	7,990E+1	0,000E+0	1,651E+2	1,652E+2	0,000E+0	4,170E-1	4,140E-1	0,000E+0	2	1100
332,089	39,100	40,800	7,990E+1	0,000E+0	1,651E+2	1,652E+2	0,000E+0	4,170E-1	4,140E-1	0,000E+0	2	1100
333,089	39,100	40,800	7,990E+1	0,000E+0	1,651E+2	1,652E+2	0,000E+0	4,170E-1	4,140E-1	0,000E+0	2	1100
334,089	38,900	40,900	7,980E+1	0,000E+0	1,648E+2	1,655E+2	0,000E+0	4,165E-1	4,161E-1	0,000E+0	2	1100
335,088	38,900	40,900	7,980E+1	0,000E+0	1,648E+2	1,655E+2	0,000E+0	4,165E-1	4,161E-1	0,000E+0	2	1100
336,090	38,900	40,900	7,980E+1	0,000E+0	1,648E+2	1,655E+2	0,000E+0	4,165E-1	4,161E-1	0,000E+0	2	1100
337,090	40,000	40,200	8,020E+1	0,000E+0	1,662E+2	1,645E+2	0,000E+0	4,222E-1	4,088E-1	0,000E+0	2	1100
338,090	40,000	40,200	8,020E+1	0,000E+0	1,662E+2	1,645E+2	0,000E+0	4,222E-1	4,088E-1	0,000E+0	2	1100
339,090	39,500	40,100	7,960E+1	0,000E+0	1,657E+2	1,646E+2	0,000E+0	4,183E-1	4,086E-1	0,000E+0	2	1100
340,090	39,500	40,100	7,960E+1	0,000E+0	1,657E+2	1,646E+2	0,000E+0	4,183E-1	4,086E-1	0,000E+0	2	1100
341,090	39,600	40,300	7,990E+1	0,000E+0	1,657E+2	1,646E+2	0,000E+0	4,184E-1	4,103E-1	0,000E+0	2	1100
342,089	39,600	40,300	7,990E+1	0,000E+0	1,657E+2	1,646E+2	0,000E+0	4,184E-1	4,103E-1	0,000E+0	2	1100
343,090	39,400	40,700	8,010E+1	0,000E+0	1,652E+2	1,648E+2	0,000E+0	4,208E-1	4,140E-1	0,000E+0	2	1100
344,092	39,400	40,600	8,000E+1	0,000E+0	1,652E+2	1,645E+2	0,000E+0	4,189E-1	4,159E-1	0,000E+0	2	1100
345,092	39,400	40,600	8,000E+1	0,000E+0	1,652E+2	1,645E+2	0,000E+0	4,189E-1	4,159E-1	0,000E+0	2	1100
346,092	39,100	40,800	7,990E+1	0,000E+0	1,648E+2	1,653E+2	0,000E+0	4,201E-1	4,162E-1	0,000E+0	2	1100
347,092	39,500	40,500	8,000E+1	0,000E+0	1,655E+2	1,649E+2	0,000E+0	4,185E-1	4,115E-1	0,000E+0	2	1100
348,091	39,700	40,200	7,990E+1	0,000E+0	1,656E+2	1,643E+2	0,000E+0	4,207E-1	4,088E-1	0,000E+0	2	1100
349,093	39,400	40,500	7,990E+1	0,000E+0	1,655E+2	1,646E+2	0,000E+0	4,178E-1	4,101E-1	0,000E+0	2	1100
350,093	39,900	40,100	8,000E+1	0,000E+0	1,662E+2	1,641E+2	0,000E+0	4,216E-1	4,074E-1	0,000E+0	3	1100
351,093	39,000	40,800	7,980E+1	0,000E+0	1,651E+2	1,647E+2	0,000E+0	4,166E-1	4,114E-1	0,000E+0	3	1100
352,093	39,000	40,800	7,980E+1	0,000E+0	1,651E+2	1,647E+2	0,000E+0	4,166E-1	4,114E-1	0,000E+0	3	1100
353,092	39,100	40,900	8,000E+1	0,000E+0	1,654E+2	1,650E+2	0,000E+0	4,165E-1	4,138E-1	0,000E+0	3	1100
354,093	39,600	40,400	8,000E+1	0,000E+0	1,654E+2	1,648E+2	0,000E+0	4,196E-1	4,108E-1	0,000E+0	3	1100
355,093	39,600	40,400	8,000E+1	0,000E+0	1,654E+2	1,648E+2	0,000E+0	4,196E-1	4,108E-1	0,000E+0	3	1100
356,093	39,600	40,400	8,000E+1	0,000E+0	1,654E+2	1,648E+2	0,000E+0	4,196E-1	4,108E-1	0,000E+0	3	1100
357,094	38,500	41,600	8,010E+1	0,000E+0	1,645E+2	1,659E+2	0,000E+0	4,146E-1	4,201E-1	0,000E+0	3	1100
358,094	38,500	41,600	8,010E+1	0,000E+0	1,645E+2	1,659E+2	0,000E+0	4,146E-1	4,201E-1	0,000E+0	3	1100
359,094	38,500	41,600	8,010E+1	0,000E+0	1,645E+2	1,659E+2	0,000E+0	4,146E-1	4,201E-1	0,000E+0	3	1100
360,094	38,500	41,600	8,010E+1	0,000E+0	1,645E+2	1,659E+2	0,000E+0	4,146E-1	4,201E-1	0,000E+0	3	1100
361,094	39,800	40,200	8,000E+1	0,000E+0	1,652E+2	1,637E+2	0,000E+0	4,233E-1	4,128E-1	0,000E+0	3	1100
362,094	39,800	40,200	8,000E+1	0,000E+0	1,652E+2	1,637E+2	0,000E+0	4,233E-1	4,128E-1	0,000E+0	3	1100
363,093	39,800	40,200	8,000E+1	0,000E+0	1,652E+2	1,637E+2	0,000E+0	4,233E-1	4,128E-1	0,000E+0	3	1100
364,094	39,400	40,800	8,020E+1	0,000E+0	1,654E+2	1,650E+2	0,000E+0	4,192E-1	4,140E-1	0,000E+0	3	1100
365,094	39,400	40,800	8,020E+1	0,000E+0	1,654E+2	1,650E+2	0,000E+0	4,192E-1	4,140E-1	0,000E+0	3	1100
366,094	39,500	40,300	7,980E+1	0,000E+0	1,651E+2	1,642E+2	0,000E+0	4,217E-1	4,114E-1	0,000E+0	3	1100
367,093	39,200	40,600	7,980E+1	0,000E+0	1,657E+2	1,649E+2	0,000E+0	4,173E-1	4,113E-1	0,000E+0	4	1100
368,094	39,600	40,400	8,000E+1	0,000E+0	1,658E+2	1,644E+2	0,000E+0	4,198E-1	4,110E-1	0,000E+0	4	1100
369,093	39,600	40,400	8,000E+1	0,000E+0	1,658E+2	1,644E+2	0,000E+0	4,198E-1	4,110E-1	0,000E+0	4	1100
370,094	39,500	40,800	8,030E+1	0,000E+0	1,651E+2	1,647E+2	0,000E+0	4,221E-1	4,166E-1	0,000E+0	4	1100
371,094	39,600	40,300	7,990E+1	0,000E+0	1,660E+2	1,646E+2	0,000E+0	4,190E-1	4,100E-1	0,000E+0	4	1100
372,094	39,600	40,300	7,990E+1	0,000E+0	1,660E+2	1,646E+2	0,000E+0	4,190E-1	4,100E-1	0,000E+0	4	1100
373,095	39,600	40,300	7,990E+1	0,000E+0	1,660E+2	1,646E+2	0,000E+0	4,190E-1	4,100E-1	0,000E+0	4	1100
374,094	39,800	40,400	8,020E+1	0,000E+0	1,652E+2	1,644E+2	0,000E+0	4,236E-1	4,126E-1	0,000E+0	4	1100
375,095	39,800	40,400	8,020E+1	0,000E+0	1,652E+2	1,644E+2	0,000E+0	4,236E-1	4,126E-1	0,000E+0	4	1100
376,094	39,800	40,400	8,020E+1	0,000E+0	1,652E+2	1,644E+2	0,000E+0	4,236E-1	4,126E-1	0,000E+0	4	1100
377,095	39,000	40,800	7,980E+1	0,000E+0	1,645E+2	1,651E+2	0,000E+0	4,202E-1	4,160E-1	0,000E+0	4	1100
378,095	39,000	40,800	7,980E+1	0,000E+0	1,645E+2	1,651E+2	0,000E+0	4,202E-1	4,160E-1	0,000E+0	4	1100
379,095	39,000	40,800	7,980E+1	0,000E+0	1,645E+2	1,651E+2	0,000E+0	4,202E-1	4,160E-1	0,000E+0	4	1100
380,095	39,400	40,600	8,000E+1	0,000E+0	1,649E+2	1,650E+2	0,000E+0	4,212E-1	4,143E-1	0,000E+0	4	1100
381,094	39,400	40,600	8,000E+1	0,000E+0	1,649E+2	1,650E+2	0,000E+0	4,212E-1	4,143E-1	0,000E+0	4	1100
382,096	39,200	40,700	7,990E+1	0,000E+0	1,655E+2	1,647E+2	0,000E+0	4,172E-1	4,125E-1	0,000E+0	4	1100
383,095	39,500	40,500	8,000E+1	0,000E+0	1,656E+2	1,646E+2	0,000E+0	4,192E-1	4,109E-1	0,000E+0	5	1100
384,097	39,500	40,600	8,010E+1	0,000E+0	1,652E+2	1,649E+2	0,000E+0	4,203E-1	4,132E-1	0,000E+0	5	1100
385,097	39,500	40,600	8,010E+1	0,000E+0	1,652E+2	1,649E+2	0,000E+0	4,203E-1	4,132E-1	0,000E+0	5	1100
386,098	39,900	40,300	8,020E+1	0,000E+0	1,657E+2	1,642E+2	0,000E+0	4,202E-1	4,164E-1	0,000E+0	5	1100
387,098	38,700	41,300	8,000E+1	0,000E+0	1,654E+2	1,661E+2	0,000E+0	4,127E-1	4,185E-1	0,000E+0	5	1100
388,098	39,000	40,800	7,980E+1	0,000E+0	1,655E+2	1,654E+2	0,000E+0	4,182E-1	4,147E-1	0,000E+0	5	1100
389,098	39,000	40,800	7,980E+1	0,000E+0	1,655E+2	1,654E+2	0,000E+0	4,182E-1	4,147E-1	0,000E+0	5	1100
390,098	39,000	40,800	7,980E+1	0,000E+0	1,655E+2	1,654E+2	0,000E+0	4,182E-1	4,147E-1	0,000E+0	5	1100
391,098	39,000	40,800	7,980E+1	0,000E+0	1,655E+2	1,654E+2	0,000E+0	4,182E-1	4,147E-1	0,000E+0	5	1100
392,099	38,800	41,000	7,980E+1	0,000E+0	1,651E+2	1,655E+2	0,000E+0	4,149E-1	4,153E-1	0,000E+0	5	1100
393,098	38,800	41,000	7,980E+1	0,000E+0	1,651E+2	1,655E+2	0,000E+0	4,149E-1	4,153E-1	0,000E+0	5	1100
394,099	38,800	41,000	7,980E+1	0,000E+0	1,651E+2	1,655E+2	0,000E+0	4,149E-1	4,153E-1	0,000E+0	5	1100
395,099	40,100	39,900	8,000E+1	0,000E+0	1,666E+2	1,641E+2	0,000E+0	4,227E-1	4,049E-1	0,000E+0	5	1100
396,099	40,100	39,900	8,000E+1	0,000E+0	1,666E+2	1,641E+2	0,000E+0	4,227E-1	4,049E-1	0,000E+0	5	1100
397,099	39,100	41,100	8,020E+1	0,000E+0	1,650E+2	1,649E+2	0,000E+0	4,214E-1	4,121E-1	0,000E+0	5	1100
398,098	39,100	41,100	8,020E+1	0,000E+0	1,650E+2	1,649E+2	0,000E+0	4,214E-1	4,121E-1	0,000E+0	5	1100
399,099	39,500	40,600	8,010E+1	0,000E+0	1,656E+2	1,645E+2	0,000E+0	4,191E-1	4,110E-1	0,000E+0	5	1100
400,099	39,500	40,600	8,010E+1	0,000E+0	1,656E+2	1,645E+2	0,000E+0	4,191E-1	4,110E-1	0,000E+0	6	1100
401,099	39,100	40,700	7,980E+1	0,000E+0	1,656E+2	1,654E+2	0,000E+0	4,160E-1	4,127E-1	0,000E+0	6	1100
402,099	39,600	40,300	7,990E+1	0,000E+0	1,657E+2	1,648E+2	0,000E+0	4,182E-1	4,140E-1	0,000E+0	6	1100
403,099	39,700	40,400	8,010E+1	0,000E+0	1,655E+2	1,641E+2	0,000E+0	4,218E-1	4,114E-1	0,000E+0	6	1100
404,099	39,200	40,700	7,990E+1	0,000E+0	1,647E+2	1,652E+2	0,000E+0	4,189E-1	4,148E-1	0,000E+0	6	1100
405,098	39,200	40,700	7,990E+1	0,000E+0	1,647E+2	1,652E+2	0,000E+0	4,189E-1	4,148E-1	0,000E+0	6	1100
406,099	39,200	40,700	7,990E+1	0,000E+0	1,647E+2	1,652E+2	0,000E+0	4,189E-1	4,148E-1	0,000E+0	6	1100
407,100	38,900	41,200	8,010E+1	0,000E+0	1,641E+2	1,654E+2	0,000E+0	4,195E-1	4,201E-1	0,000E+0	6	1100
408,101	38,900	41,200	8,010E+1	0,000E+0	1,641E+2	1,654E+2	0,000E+0	4,195E-1	4,201E-1	0,000E+0	6	1100
409,101	38,900	41,200	8,010E+1	0,000E+0	1,641E+2	1,654E+2	0,000E+0	4,195E-1	4,201E-1	0,000E+0	6	1100
410,101	38,900	41,200	8,010E+1	0,000E+0	1,641E+2	1,654E+2	0,000E+0	4,195E-1	4,201E-1	0,000E+0	6	1100
411,101	38,600	41,200	7,980E+1	0,000E+0	1,649E+2	1,655E+2	0,000E+0	4,109E-1	4,143E-1	0,000E+0	6	1100
412,100	39,100	40,800	7,990E+1	0,000E+0	1,648E+2	1,647E+2	0,000E+0	4,204E-1	4,096E-1	0,000E+0	6	1100
413,101	39,100	40,800	7,990E+1	0,000E+0	1,648E+2	1,647E+2	0,000E+0	4,204E-1	4,096E-1	0,000E+0	6	1100
414,101	39,100	40,800	7,990E+1	0,000E+0	1,648E+2	1,647E+2	0,000E+0	4,204E-1	4,096E-1	0,000E+0	6	1100
415,102	39,100	40,800	7,990E+1	0,000E+0	1,648E+2	1,647E+2	0,000E+0	4,204E-1	4,096E-1	0,000E+0	6	1100
416,102	38,900	41,100	8,000E+1	0,000E+0	1,649E+2	1,656E+2	0,000E+0	4,157E-1	4,161E-1	0,000E+0	6	1100
417,101	39,300	40,700	8,000E+1	0,000E+0	1,656E+2	1,649E+2	0,000E+0	4,149E-1	4,172E-1	0,000E+0	7	1100
418,102	38,700	41,300	8,000E+1	0,000E+0	1,650E+2	1,653E+2	0,000E+0	4,135E-1	4,177E-1	0,000E+0	7	1100
419,102	39,200	40,500	7,970E+1	0,000E+0	1,654E+2	1,647E+2	0,000E+0	4,170E-1	4,125E-1	0,000E+0	7	1100
420,102	39,800	40,200	8,000E+1	0,000E+0	1,657E+2	1,645E+2	0,000E+0	4,222E-1	4,093E-1	0,000E+0	7	1100
421,101	39,300	40,900	8,020E+1	0,000E+0	1,653E+2	1,651E+2	0,000E+0	4,182E-1	4,136E-1	0,000E+0	7	1100
422,102	39,300	40,900	8,020E+1	0,000E+0	1,653E+2	1,651E+2	0,000E+0	4,182E-1	4,136E-1	0,000E+0	7	1100
423,101	39,300	40,900	8,020E+1	0,000E+0	1,653E+2	1,651E+2	0,000E+0	4,182E-1	4,136E-1	0,000E+0	7	1100
424,102	39,000	41,100	8,010E+1	0,000E+0	1,646E+2	1,651E+2	0,000E+0	4,209E-1	4,138E-1	0,000E+0	7	1100
425,103	39,000	41,100	8,010E+1	0,000E+0	1,646E+2	1,651E+2	0,000E+0	4,209E-1	4,138E-1	0,000E+0	7	1100
426,103	39,000	40,800	7,980E+1	0,000E+0	1,643E+2	1,654E+2	0,000E+0	4,212E-1	4,150E-1	0,000E+0	7	1100
427,103	39,000	40,800	7,980E+1	0,000E+0	1,643E+2	1,654E+2	0,000E+0	4,212E-1	4,150E-1	0,000E+0	7	1100
428,103	39,000	40,800	7,980E+1	0,000E+0	1,643E+2	1,654E+2	0,000E+0	4,212E-1	4,150E-1	0,000E+0	7	1100
429,103	39,000	40,800	7,980E+1	0,000E+0	1,643E+2	1,654E+2	0,000E+0	4,212E-1	4,150E-1	0,000E+0	7	1100
430,102	39,400	40,500	7,990E+1	0,000E+0	1,659E+2	1,647E+2	0,000E+0	4,183E-1	4,103E-1	0,000E+0	7	1100
431,103	39,400	40,500	7,990E+1	0,000E+0	1,659E+2	1,647E+2	0,000E+0	4,183E-1	4,103E-1	0,000E+0	7	1100
432,102	39,400	40,500	7,990E+1	0,000E+0	1,659E+2	1,647E+2	0,000E+0	4,183E-1	4,103E-1	0,000E+0	7	1100
433,103	38,900	40,900	7,980E+1	0,000E+0	1,652E+2	1,651E+2	0,000E+0	4,152E-1	4,149E-1	0,000E+0	7	1100
434,103	38,700	41,100	7,980E+1	0,000E+0	1,645E+2	1,654E+2	0,000E+0	4,160E-1	4,167E-1	0,000E+0	7	1100
435,103	39,700	40,400	8,010E+1	0,000E+0	1,661E+2	1,647E+2	0,000E+0	4,163E-1	4,150E-1	0,000E+0	7	1100
436,104	30,700	30,500	6,120E+1	0,000E+0	1,640E+2	1,636E+2	0,000E+0	3,270E-1	3,234E-1	0,000E+0	7	1100
437,104	27,500	26,000	5,350E+1	0,000E+0	1,623E+2	1,615E+2	0,000E+0	2,862E-1	2,787E-1	0,000E+0	7	1100
438,104	27,900	26,200	5,410E+1	0,000E+0	1,623E+2	1,616E+2	0,000E+0	2,922E-1	2,837E-1	0,000E+0	7	1100
439,103	24,200	22,500	4,670E+1	0,000E+0	1,614E+2	1,612E+2	0,000E+0	2,560E-1	2,519E-1	0,000E+0	7	1100
440,104	19,700	18,200	3,790E+1	0,000E+0	1,597E+2	1,596E+2	0,000E+0	2,094E-1	2,090E-1	0,000E+0	7	1100
441,104	20,200	18,700	3,890E+1	0,000E+0	1,595E+2	1,600E+2	0,000E+0	2,132E-1	2,132E-1	0,000E+0	7	1100
442,104	20,600	18,400	3,900E+1	0,000E+0	1,596E+2	1,594E+2	0,000E+0	2,169E-1	2,116E-1	0,000E+0	7	1100
443,104	20,600	18,400	3,900E+1	0,000E+0	1,596E+2	1,594E+2	0,000E+0	2,169E-1	2,116E-1	0,000E+0	7	1100
444,104	20,600	18,400	3,900E+1	0,000E+0	1,596E+2	1,594E+2	0,000E+0	2,169E-1	2,116E-1	0,000E+0	7	1100
445,104	100,600	159,500	2,601E+2	0,000E+0	1,844E+2	1,834E+2	0,000E+0	1,328E+0	1,317E+0	0,000E+0	7	1100
446,105	100,400	158,100	2,585E+2	0,000E+0	1,838E+2	1,834E+2	0,000E+0	1,322E+0	1,305E+0	0,000E+0	7	1100
447,105	100,400	158,100	2,585E+2	0,000E+0	1,838E+2	1,834E+2	0,000E+0	1,322E+0	1,305E+0	0,000E+0	7	1100
448,105	99,500	156,300	2,558E+2	0,000E+0	1,838E+2	1,838E+2	0,000E+0	1,307E+0	1,294E+0	0,000E+0	7	1100
449,105	99,500	156,300	2,558E+2	0,000E+0	1,838E+2	1,838E+2	0,000E+0	1,307E+0	1,294E+0	0,000E+0	7	1100
450,106	43,400	58,700	1,021E+2	0,000E+0	1,747E+2	1,741E+2	0,000E+0	7,114E-1	7,010E-1	0,000E+0	7	1100
451,105	6,900	5,900	1,280E+1	0,000E+0	1,491E+2	1,489E+2	0,000E+0	8,690E-2	8,640E-2	0,000E+0	7	1100
452,106	8,700	7,700	1,640E+1	0,000E+0	1,462E+2	1,463E+2	0,000E+0	1,131E-1	1,125E-1	0,000E+0	7	1100
453,106	16,500	14,900	3,140E+1	0,000E+0	1,540E+2	1,542E+2	0,000E+0	1,893E-1	1,875E-1	0,000E+0	7	1100
454,106	15,100	13,400	2,850E+1	0,000E+0	1,585E+2	1,585E+2	0,000E+0	1,665E-1	1,634E-1	0,000E+0	7	1100
455,107	12,900	11,700	2,460E+1	0,000E+0	1,574E+2	1,574E+2	0,000E+0	1,460E-1	1,449E-1	0,000E+0	7	1100
456,107	13,600	12,300	2,590E+1	0,000E+0	1,574E+2	1,572E+2	0,000E+0	1,533E-1	1,518E-1	0,000E+0	7	1100
457,107	13,400	12,300	2,570E+1	0,000E+0	1,575E+2	1,575E+2	0,000E+0	1,510E-1	1,508E-1	0,000E+0	7	1100
458,107	13,100	12,200	2,530E+1	0,000E+0	1,571E+2	1,572E+2	0,000E+0	1,493E-1	1,503E-1	0,000E+0	7	1100
459,107	13,600	12,300	2,590E+1	0,000E+0	1,575E+2	1,573E+2	0,000E+0	1,529E-1	1,509E-1	0,000E+0	7	1100
460,107	13,600	12,300	2,590E+1	0,000E+0	1,575E+2	1,573E+2	0,000E+0	1,529E-1	1,509E-1	0,000E+0	7	1100
461,108	13,400	12,200	2,560E+1	0,000E+0	1,574E+2	1,574E+2	0,000E+0	1,519E-1	1,489E-1	0,000E+0	7	1100
462,107	13,600	12,100	2,570E+1	0,000E+0	1,575E+2	1,575E+2	0,000E+0	1,526E-1	1,504E-1	0,000E+0	7	1100
463,108	13,200	12,000	2,520E+1	0,000E+0	1,573E+2	1,574E+2	0,000E+0	1,500E-1	1,481E-1	0,000E+0	7	1100
464,108	11,800	10,700	2,250E+1	0,000E+0	1,569E+2	1,569E+2	0,000E+0	1,349E-1	1,337E-1	0,000E+0	7	1100
465,108	10,700	9,900	2,060E+1	0,000E+0	1,549E+2	1,555E+2	0,000E+0	1,258E-1	1,251E-1	0,000E+0	7	1100
466,109	4,800	4,100	8,900E+0	0,000E+0	1,354E+2	1,355E+2	0,000E+0	7,440E-2	7,380E-2	0,000E+0	7	1100
467,109	0,100	0,200	3,000E-1	0,000E+0	8,172E+1	8,149E+1	0,000E+0	0,000E+0	0,000E+0	0,000E+0	7	1100
468,109	0,200	0,200	4,000E-1	0,000E+0	6,457E+1	6,436E+1	0,000E+0	0,000E+0	0,000E+0	0,000E+0	7	1100
469,108	0,100	0,100	2,000E-1	0,000E+0	4,925E+1	4,924E+1	0,000E+0	0,000E+0	0,000E+0	0,000E+0	7	1100
470,109	0,000	0,000	0,000E+0	0,000E+0	3,632E+1	3,612E+1	0,000E+0	0,000E+0	0,000E+0	0,000E+0	7	1100
471,109	0,000	0,000	0,000E+0	0,000E+0	2,525E+1	2,527E+1	0,000E+0	0,000E+0	0,000E+0	0,000E+0	7	1100
