45,013618	0,000000	210,000000	0,000000E+0
0,042272	0,000000	210,000000	0,000000E+0
0,042272	0,000000	210,000000	0,000000E+0
0,042272	0,000000	210,000000	0,000000E+0
0,042272	0,000000	210,000000	0,000000E+0
0,042272	0,000000	210,000000	0,000000E+0
0,042272	0,000000	210,000000	0,000000E+0
0,042272	0,000000	210,000000	0,000000E+0
0,042272	0,000000	210,000000	0,000000E+0
0,042272	0,000000	210,000000	0,000000E+0
0,042272	0,000000	210,000000	0,000000E+0
1,042683	0,000000	210,000000	0,000000E+0
1,042683	0,000000	210,000000	0,000000E+0
1,042683	0,000000	210,000000	0,000000E+0
1,042683	0,000000	210,000000	0,000000E+0
1,042683	0,000000	210,000000	0,000000E+0
1,042683	0,000000	210,000000	0,000000E+0
1,042683	0,000000	210,000000	0,000000E+0
1,042683	0,000000	210,000000	0,000000E+0
1,042683	0,000000	210,000000	0,000000E+0
1,042683	0,000000	210,000000	0,000000E+0
2,042104	0,000000	210,000000	0,000000E+0
2,042104	0,000000	210,000000	0,000000E+0
2,042104	0,000000	210,000000	0,000000E+0
2,042104	0,000000	210,000000	0,000000E+0
2,042104	0,000000	210,000000	0,000000E+0
2,042104	0,000000	210,000000	0,000000E+0
2,042104	0,000000	210,000000	0,000000E+0
2,042104	0,000000	210,000000	0,000000E+0
2,042104	0,000000	210,000000	0,000000E+0
2,042104	0,000000	210,000000	0,000000E+0
3,042524	0,000000	210,000000	0,000000E+0
3,042524	0,000000	210,000000	0,000000E+0
3,042524	0,000000	210,000000	0,000000E+0
3,042524	0,000000	210,000000	0,000000E+0
3,042524	0,000000	210,000000	0,000000E+0
3,042524	0,000000	210,000000	0,000000E+0
3,042524	0,000000	210,000000	0,000000E+0
3,042524	0,000000	210,000000	0,000000E+0
3,042524	0,000000	210,000000	0,000000E+0
3,042524	0,000000	210,000000	0,000000E+0
4,042951	0,000000	210,000000	0,000000E+0
4,042951	0,000000	210,000000	0,000000E+0
4,042951	0,000000	210,000000	0,000000E+0
4,042951	0,000000	210,000000	0,000000E+0
4,042951	0,000000	210,000000	0,000000E+0
4,042951	0,000000	210,000000	0,000000E+0
4,042951	0,000000	210,000000	0,000000E+0
4,042951	0,000000	210,000000	0,000000E+0
4,042951	0,000000	210,000000	0,000000E+0
4,042951	0,000000	210,000000	0,000000E+0
5,042373	0,000000	210,000000	0,000000E+0
5,042373	0,000000	210,000000	0,000000E+0
5,042373	0,000000	210,000000	0,000000E+0
5,042373	0,000000	210,000000	0,000000E+0
5,042373	0,000000	210,000000	0,000000E+0
5,042373	0,000000	210,000000	0,000000E+0
5,042373	0,000000	210,000000	0,000000E+0
5,042373	0,000000	210,000000	0,000000E+0
5,042373	0,000000	210,000000	0,000000E+0
5,042373	0,000000	210,000000	0,000000E+0
6,042803	0,000000	210,000000	0,000000E+0
6,042803	0,000000	210,000000	0,000000E+0
6,042803	0,000000	210,000000	0,000000E+0
6,042803	0,000000	210,000000	0,000000E+0
6,042803	0,000000	210,000000	0,000000E+0
6,042803	0,000000	210,000000	0,000000E+0
6,042803	0,000000	210,000000	0,000000E+0
6,042803	0,000000	210,000000	0,000000E+0
6,042803	0,000000	210,000000	0,000000E+0
6,042803	0,000000	210,000000	0,000000E+0
7,042220	0,000000	210,000000	0,000000E+0
7,042220	0,000000	210,000000	0,000000E+0
7,042220	0,000000	210,000000	0,000000E+0
7,042220	0,000000	210,000000	0,000000E+0
7,042220	0,000000	210,000000	0,000000E+0
7,042220	0,000000	210,000000	0,000000E+0
7,042220	0,000000	210,000000	0,000000E+0
7,042220	0,000000	210,000000	0,000000E+0
7,042220	0,000000	210,000000	0,000000E+0
7,042220	0,000000	210,000000	0,000000E+0
8,042646	0,000000	210,000000	0,000000E+0
8,042646	0,000000	210,000000	0,000000E+0
8,042646	0,000000	210,000000	0,000000E+0
8,042646	0,000000	210,000000	0,000000E+0
8,042646	0,000000	210,000000	0,000000E+0
8,042646	0,000000	210,000000	0,000000E+0
8,042646	0,000000	210,000000	0,000000E+0
8,042646	0,000000	210,000000	0,000000E+0
8,042646	0,000000	210,000000	0,000000E+0
8,042646	0,000000	210,000000	0,000000E+0
9,042068	0,000000	210,000000	0,000000E+0
9,042068	0,000000	210,000000	0,000000E+0
9,042068	0,000000	210,000000	0,000000E+0
9,042068	0,000000	210,000000	0,000000E+0
9,042068	0,000000	210,000000	0,000000E+0
9,042068	0,000000	210,000000	0,000000E+0
9,042068	0,000000	210,000000	0,000000E+0
9,042068	0,000000	210,000000	0,000000E+0
9,042068	0,000000	210,000000	0,000000E+0
9,042068	0,000000	210,000000	0,000000E+0
10,042494	0,000000	210,000000	0,000000E+0
10,042494	0,000000	210,000000	0,000000E+0
10,042494	0,000000	210,000000	0,000000E+0
10,042494	0,000000	210,000000	0,000000E+0
10,042494	0,000000	210,000000	0,000000E+0
10,042494	0,000000	210,000000	0,000000E+0
10,042494	0,000000	210,000000	0,000000E+0
10,042494	0,000000	210,000000	0,000000E+0
10,042494	0,000000	210,000000	0,000000E+0
10,042494	0,000000	210,000000	0,000000E+0
11,042922	0,000000	210,000000	0,000000E+0
11,042922	0,000000	210,000000	0,000000E+0
11,042922	0,000000	210,000000	0,000000E+0
11,042922	0,000000	210,000000	0,000000E+0
11,042922	0,000000	210,000000	0,000000E+0
11,042922	0,000000	210,000000	0,000000E+0
11,042922	0,000000	210,000000	0,000000E+0
11,042922	0,000000	210,000000	0,000000E+0
11,042922	0,000000	210,000000	0,000000E+0
11,042922	0,000000	210,000000	0,000000E+0
12,042345	0,000000	210,000000	0,000000E+0
12,042345	0,000000	210,000000	0,000000E+0
12,042345	0,000000	210,000000	0,000000E+0
12,042345	0,000000	210,000000	0,000000E+0
12,042345	0,000000	210,000000	0,000000E+0
12,042345	0,000000	210,000000	0,000000E+0
12,042345	0,000000	210,000000	0,000000E+0
12,042345	0,000000	210,000000	0,000000E+0
12,042345	0,000000	210,000000	0,000000E+0
12,042345	0,000000	210,000000	0,000000E+0
13,042816	0,000000	210,000000	0,000000E+0
13,042816	0,000000	210,000000	0,000000E+0
13,042816	0,000000	210,000000	0,000000E+0
13,042816	0,000000	210,000000	0,000000E+0
13,042816	0,000000	210,000000	0,000000E+0
13,042816	0,000000	210,000000	0,000000E+0
13,042816	0,000000	210,000000	0,000000E+0
13,042816	0,000000	210,000000	0,000000E+0
13,042816	0,000000	210,000000	0,000000E+0
13,042816	0,000000	210,000000	0,000000E+0
14,042189	0,000000	210,000000	0,000000E+0
14,042189	0,000000	210,000000	0,000000E+0
14,042189	0,000000	210,000000	0,000000E+0
14,042189	0,000000	210,000000	0,000000E+0
14,042189	0,000000	210,000000	0,000000E+0
14,042189	0,000000	210,000000	0,000000E+0
14,042189	0,000000	210,000000	0,000000E+0
14,042189	0,000000	210,000000	0,000000E+0
14,042189	0,000000	210,000000	0,000000E+0
14,042189	0,000000	210,000000	0,000000E+0
15,042615	0,000000	210,000000	0,000000E+0
15,042615	0,000000	210,000000	0,000000E+0
15,042615	0,000000	210,000000	0,000000E+0
15,042615	0,000000	210,000000	0,000000E+0
15,042615	0,000000	210,000000	0,000000E+0
15,042615	0,000000	210,000000	0,000000E+0
15,042615	0,000000	210,000000	0,000000E+0
15,042615	0,000000	210,000000	0,000000E+0
15,042615	0,000000	210,000000	0,000000E+0
15,042615	0,000000	210,000000	0,000000E+0
16,042041	0,000000	210,000000	0,000000E+0
16,042041	0,000000	210,000000	0,000000E+0
16,042041	0,000000	210,000000	0,000000E+0
16,042041	0,000000	210,000000	0,000000E+0
16,042041	0,000000	210,000000	0,000000E+0
16,042041	0,000000	210,000000	0,000000E+0
16,042041	0,000000	210,000000	0,000000E+0
16,042041	0,000000	210,000000	0,000000E+0
16,042041	0,000000	210,000000	0,000000E+0
16,042041	0,000000	210,000000	0,000000E+0
17,042462	0,000000	210,000000	0,000000E+0
17,042462	0,000000	210,000000	0,000000E+0
17,042462	0,000000	210,000000	0,000000E+0
17,042462	0,000000	210,000000	0,000000E+0
17,042462	0,000000	210,000000	0,000000E+0
17,042462	0,000000	210,000000	0,000000E+0
17,042462	0,000000	210,000000	0,000000E+0
17,042462	0,000000	210,000000	0,000000E+0
17,042462	0,000000	210,000000	0,000000E+0
17,042462	0,000000	210,000000	0,000000E+0
18,042898	0,000000	210,000000	0,000000E+0
18,042898	0,000000	210,000000	0,000000E+0
18,042898	0,000000	210,000000	0,000000E+0
18,042898	0,000000	210,000000	0,000000E+0
18,042898	0,000000	210,000000	0,000000E+0
18,042898	0,000000	210,000000	0,000000E+0
18,042898	0,000000	210,000000	0,000000E+0
18,042898	0,000000	210,000000	0,000000E+0
18,042898	0,000000	210,000000	0,000000E+0
18,042898	0,000000	210,000000	0,000000E+0
19,042318	0,000000	210,000000	0,000000E+0
19,042318	0,000000	210,000000	0,000000E+0
19,042318	0,000000	210,000000	0,000000E+0
19,042318	0,000000	210,000000	0,000000E+0
19,042318	0,000000	210,000000	0,000000E+0
19,042318	0,000000	210,000000	0,000000E+0
19,042318	0,000000	210,000000	0,000000E+0
19,042318	0,000000	210,000000	0,000000E+0
19,042318	0,000000	210,000000	0,000000E+0
19,042318	0,000000	210,000000	0,000000E+0
20,042743	0,000000	210,000000	0,000000E+0
20,042743	0,000000	210,000000	0,000000E+0
20,042743	0,000000	210,000000	0,000000E+0
20,042743	0,000000	210,000000	0,000000E+0
20,042743	0,000000	210,000000	0,000000E+0
20,042743	0,000000	210,000000	0,000000E+0
20,042743	0,000000	210,000000	0,000000E+0
20,042743	0,000000	210,000000	0,000000E+0
20,042743	0,000000	210,000000	0,000000E+0
20,042743	0,000000	210,000000	0,000000E+0
21,042164	0,000000	210,000000	0,000000E+0
21,042164	0,000000	210,000000	0,000000E+0
21,042164	0,000000	210,000000	0,000000E+0
21,042164	0,000000	210,000000	0,000000E+0
21,042164	0,000000	210,000000	0,000000E+0
21,042164	0,000000	210,000000	0,000000E+0
21,042164	0,000000	210,000000	0,000000E+0
21,042164	0,000000	210,000000	0,000000E+0
21,042164	0,000000	210,000000	0,000000E+0
21,042164	0,000000	210,000000	0,000000E+0
22,042584	0,000000	210,000000	0,000000E+0
22,042584	0,000000	210,000000	0,000000E+0
22,042584	0,000000	210,000000	0,000000E+0
22,042584	0,000000	210,000000	0,000000E+0
22,042584	0,000000	210,000000	0,000000E+0
22,042584	0,000000	210,000000	0,000000E+0
22,042584	0,000000	210,000000	0,000000E+0
22,042584	0,000000	210,000000	0,000000E+0
22,042584	0,000000	210,000000	0,000000E+0
22,042584	0,000000	210,000000	0,000000E+0
23,043014	0,000000	210,000000	0,000000E+0
23,043014	0,000000	210,000000	0,000000E+0
23,043014	0,000000	210,000000	0,000000E+0
23,043014	0,000000	210,000000	0,000000E+0
23,043014	0,000000	210,000000	0,000000E+0
23,043014	0,000000	210,000000	0,000000E+0
23,043014	0,000000	210,000000	0,000000E+0
23,043014	0,000000	210,000000	0,000000E+0
23,043014	0,000000	210,000000	0,000000E+0
23,043014	0,000000	210,000000	0,000000E+0
24,042444	0,000000	210,000000	0,000000E+0
24,042444	0,000000	210,000000	0,000000E+0
24,042444	0,000000	210,000000	0,000000E+0
24,042444	0,000000	210,000000	0,000000E+0
24,042444	0,000000	210,000000	0,000000E+0
24,042444	0,000000	210,000000	0,000000E+0
24,042444	0,000000	210,000000	0,000000E+0
24,042444	0,000000	210,000000	0,000000E+0
24,042444	0,000000	210,000000	0,000000E+0
24,042444	0,000000	210,000000	0,000000E+0
25,042874	0,000000	210,000000	0,000000E+0
25,042874	0,000000	210,000000	0,000000E+0
25,042874	0,000000	210,000000	0,000000E+0
25,042874	0,000000	210,000000	0,000000E+0
25,042874	0,000000	210,000000	0,000000E+0
25,042874	0,000000	210,000000	0,000000E+0
25,042874	0,000000	210,000000	0,000000E+0
25,042874	0,000000	210,000000	0,000000E+0
25,042874	0,000000	210,000000	0,000000E+0
25,042874	0,000000	210,000000	0,000000E+0
26,043292	0,000000	210,000000	0,000000E+0
26,043292	0,000000	210,000000	0,000000E+0
26,043292	0,000000	210,000000	0,000000E+0
26,043292	0,000000	210,000000	0,000000E+0
26,043292	0,000000	210,000000	0,000000E+0
26,043292	0,000000	210,000000	0,000000E+0
26,043292	0,000000	210,000000	0,000000E+0
26,043292	0,000000	210,000000	0,000000E+0
26,043292	0,000000	210,000000	0,000000E+0
26,043292	0,000000	210,000000	0,000000E+0
27,044705	0,000000	210,000000	0,000000E+0
27,044705	0,000000	210,000000	0,000000E+0
27,044705	0,000000	210,000000	0,000000E+0
27,044705	0,000000	210,000000	0,000000E+0
27,044705	0,000000	210,000000	0,000000E+0
27,044705	0,000000	210,000000	0,000000E+0
27,044705	0,000000	210,000000	0,000000E+0
27,044705	0,000000	210,000000	0,000000E+0
27,044705	0,000000	210,000000	0,000000E+0
27,044705	0,000000	210,000000	0,000000E+0
28,044164	0,000000	210,000000	0,000000E+0
28,044164	0,000000	210,000000	0,000000E+0
28,044164	0,000000	210,000000	0,000000E+0
28,044164	0,000000	210,000000	0,000000E+0
28,044164	0,000000	210,000000	0,000000E+0
28,044164	0,000000	210,000000	0,000000E+0
28,044164	0,000000	210,000000	0,000000E+0
28,044164	0,000000	210,000000	0,000000E+0
28,044164	0,000000	210,000000	0,000000E+0
28,044164	0,000000	210,000000	0,000000E+0
29,044554	0,000000	210,000000	0,000000E+0
29,044554	0,000000	210,000000	0,000000E+0
29,044554	0,000000	210,000000	0,000000E+0
29,044554	0,000000	210,000000	0,000000E+0
29,044554	0,000000	210,000000	0,000000E+0
29,044554	0,000000	210,000000	0,000000E+0
29,044554	0,000000	210,000000	0,000000E+0
29,044554	0,000000	210,000000	0,000000E+0
29,044554	0,000000	210,000000	0,000000E+0
29,044554	0,000000	210,000000	0,000000E+0
30,045984	0,000000	210,000000	0,000000E+0
30,045984	0,000000	210,000000	0,000000E+0
30,045984	0,000000	210,000000	0,000000E+0
30,045984	0,000000	210,000000	0,000000E+0
30,045984	0,000000	210,000000	0,000000E+0
30,045984	0,000000	210,000000	0,000000E+0
30,045984	0,000000	210,000000	0,000000E+0
30,045984	0,000000	210,000000	0,000000E+0
30,045984	0,000000	210,000000	0,000000E+0
30,045984	0,000000	210,000000	0,000000E+0
31,046412	0,000000	210,000000	0,000000E+0
31,046412	0,000000	210,000000	0,000000E+0
31,046412	0,000000	210,000000	0,000000E+0
31,046412	0,000000	210,000000	0,000000E+0
31,046412	0,000000	210,000000	0,000000E+0
31,046412	0,000000	210,000000	0,000000E+0
31,046412	0,000000	210,000000	0,000000E+0
31,046412	0,000000	210,000000	0,000000E+0
31,046412	0,000000	210,000000	0,000000E+0
31,046412	0,000000	210,000000	0,000000E+0
32,046867	0,000000	210,000000	0,000000E+0
32,046867	0,000000	210,000000	0,000000E+0
32,046867	0,000000	210,000000	0,000000E+0
32,046867	0,000000	210,000000	0,000000E+0
32,046867	0,000000	210,000000	0,000000E+0
32,046867	0,000000	210,000000	0,000000E+0
32,046867	0,000000	210,000000	0,000000E+0
32,046867	0,000000	210,000000	0,000000E+0
32,046867	0,000000	210,000000	0,000000E+0
32,046867	0,000000	210,000000	0,000000E+0
33,046276	0,000000	210,000000	0,000000E+0
33,046276	0,000000	210,000000	0,000000E+0
33,046276	0,000000	210,000000	0,000000E+0
33,046276	0,000000	210,000000	0,000000E+0
33,046276	0,000000	210,000000	0,000000E+0
33,046276	0,000000	210,000000	0,000000E+0
33,046276	0,000000	210,000000	0,000000E+0
33,046276	0,000000	210,000000	0,000000E+0
33,046276	0,000000	210,000000	0,000000E+0
33,046276	0,000000	210,000000	0,000000E+0
34,046699	0,000000	210,000000	0,000000E+0
34,046699	0,000000	210,000000	0,000000E+0
34,046699	0,000000	210,000000	0,000000E+0
34,046699	0,000000	210,000000	0,000000E+0
34,046699	0,000000	210,000000	0,000000E+0
34,046699	0,000000	210,000000	0,000000E+0
34,046699	0,000000	210,000000	0,000000E+0
34,046699	0,000000	210,000000	0,000000E+0
34,046699	0,000000	210,000000	0,000000E+0
34,046699	0,000000	210,000000	0,000000E+0
35,046124	0,000000	210,000000	0,000000E+0
35,046124	0,000000	210,000000	0,000000E+0
35,046124	0,000000	210,000000	0,000000E+0
35,046124	0,000000	210,000000	0,000000E+0
35,046124	0,000000	210,000000	0,000000E+0
35,046124	0,000000	210,000000	0,000000E+0
35,046124	0,000000	210,000000	0,000000E+0
35,046124	0,000000	210,000000	0,000000E+0
35,046124	0,000000	210,000000	0,000000E+0
35,046124	0,000000	210,000000	0,000000E+0
36,046547	0,000000	210,000000	0,000000E+0
36,046547	0,000000	210,000000	0,000000E+0
36,046547	0,000000	210,000000	0,000000E+0
36,046547	0,000000	210,000000	0,000000E+0
36,046547	0,000000	210,000000	0,000000E+0
36,046547	0,000000	210,000000	0,000000E+0
36,046547	0,000000	210,000000	0,000000E+0
36,046547	0,000000	210,000000	0,000000E+0
36,046547	0,000000	210,000000	0,000000E+0
36,046547	0,000000	210,000000	0,000000E+0
37,046966	0,000000	210,000000	0,000000E+0
37,046966	0,000000	210,000000	0,000000E+0
37,046966	0,000000	210,000000	0,000000E+0
37,046966	0,000000	210,000000	0,000000E+0
37,046966	0,000000	210,000000	0,000000E+0
37,046966	0,000000	210,000000	0,000000E+0
37,046966	0,000000	210,000000	0,000000E+0
37,046966	0,000000	210,000000	0,000000E+0
37,046966	0,000000	210,000000	0,000000E+0
37,046966	0,000000	210,000000	0,000000E+0
38,046401	0,000000	210,000000	0,000000E+0
38,046401	0,000000	210,000000	0,000000E+0
38,046401	0,000000	210,000000	0,000000E+0
38,046401	0,000000	210,000000	0,000000E+0
38,046401	0,000000	210,000000	0,000000E+0
38,046401	0,000000	210,000000	0,000000E+0
38,046401	0,000000	210,000000	0,000000E+0
38,046401	0,000000	210,000000	0,000000E+0
38,046401	0,000000	210,000000	0,000000E+0
38,046401	0,000000	210,000000	0,000000E+0
39,046806	0,000000	210,000000	0,000000E+0
39,046806	0,000000	210,000000	0,000000E+0
39,046806	0,000000	210,000000	0,000000E+0
39,046806	0,000000	210,000000	0,000000E+0
39,046806	0,000000	210,000000	0,000000E+0
39,046806	0,000000	210,000000	0,000000E+0
39,046806	0,000000	210,000000	0,000000E+0
39,046806	0,000000	210,000000	0,000000E+0
39,046806	0,000000	210,000000	0,000000E+0
39,046806	0,000000	210,000000	0,000000E+0
40,046229	0,000000	210,000000	0,000000E+0
40,046229	0,000000	210,000000	0,000000E+0
40,046229	0,000000	210,000000	0,000000E+0
40,046229	0,000000	210,000000	0,000000E+0
40,046229	0,000000	210,000000	0,000000E+0
40,046229	0,000000	210,000000	0,000000E+0
40,046229	0,000000	210,000000	0,000000E+0
40,046229	0,000000	210,000000	0,000000E+0
40,046229	0,000000	210,000000	0,000000E+0
40,046229	0,000000	210,000000	0,000000E+0
41,046650	0,000000	210,000000	0,000000E+0
41,046650	0,000000	210,000000	0,000000E+0
41,046650	0,000000	210,000000	0,000000E+0
41,046650	0,000000	210,000000	0,000000E+0
41,046650	0,000000	210,000000	0,000000E+0
41,046650	0,000000	210,000000	0,000000E+0
41,046650	0,000000	210,000000	0,000000E+0
41,046650	0,000000	210,000000	0,000000E+0
41,046650	0,000000	210,000000	0,000000E+0
41,046650	0,000000	210,000000	0,000000E+0
42,046093	0,000000	210,000000	0,000000E+0
42,046093	0,000000	210,000000	0,000000E+0
42,046093	0,000000	210,000000	0,000000E+0
42,046093	0,000000	210,000000	0,000000E+0
42,046093	0,000000	210,000000	0,000000E+0
42,046093	0,000000	210,000000	0,000000E+0
42,046093	0,000000	210,000000	0,000000E+0
42,046093	0,000000	210,000000	0,000000E+0
42,046093	0,000000	210,000000	0,000000E+0
42,046093	0,000000	210,000000	0,000000E+0
43,046509	0,000000	210,000000	0,000000E+0
43,046509	0,000000	210,000000	0,000000E+0
43,046509	0,000000	210,000000	0,000000E+0
43,046509	0,000000	210,000000	0,000000E+0
43,046509	0,000000	210,000000	0,000000E+0
43,046509	0,000000	210,000000	0,000000E+0
43,046509	0,000000	210,000000	0,000000E+0
43,046509	0,000000	210,000000	0,000000E+0
43,046509	0,000000	210,000000	0,000000E+0
43,046509	0,000000	210,000000	0,000000E+0
44,047928	0,000000	210,000000	0,000000E+0
44,047928	0,000000	210,000000	0,000000E+0
44,047928	0,000000	210,000000	0,000000E+0
44,047928	0,000000	210,000000	0,000000E+0
44,047928	0,000000	210,000000	0,000000E+0
44,047928	0,000000	210,000000	0,000000E+0
44,047928	0,000000	210,000000	0,000000E+0
44,047928	0,000000	210,000000	0,000000E+0
44,047928	0,000000	210,000000	0,000000E+0
44,047928	0,000000	210,000000	0,000000E+0
45,047345	0,000000	210,000000	0,000000E+0
45,047345	0,000000	210,000000	0,000000E+0
45,047345	0,000000	210,000000	0,000000E+0
45,047345	0,000000	210,000000	0,000000E+0
45,047345	0,000000	210,000000	0,000000E+0
45,047345	0,000000	210,000000	0,000000E+0
45,047345	0,000000	210,000000	0,000000E+0
45,047345	0,000000	210,000000	0,000000E+0
45,047345	0,000000	210,000000	0,000000E+0
45,047345	0,000000	210,000000	0,000000E+0
46,048798	0,000000	210,000000	0,000000E+0
46,048798	0,000000	210,000000	0,000000E+0
46,048798	0,000000	210,000000	0,000000E+0
46,048798	0,000000	210,000000	0,000000E+0
46,048798	0,000000	210,000000	0,000000E+0
46,048798	0,000000	210,000000	0,000000E+0
46,048798	0,000000	210,000000	0,000000E+0
46,048798	0,000000	210,000000	0,000000E+0
46,048798	0,000000	210,000000	0,000000E+0
46,048798	0,000000	210,000000	0,000000E+0
47,049227	0,000000	210,000000	0,000000E+0
47,049227	0,000000	210,000000	0,000000E+0
47,049227	0,000000	210,000000	0,000000E+0
47,049227	0,000000	210,000000	0,000000E+0
47,049227	0,000000	210,000000	0,000000E+0
47,049227	0,000000	210,000000	0,000000E+0
47,049227	0,000000	210,000000	0,000000E+0
47,049227	0,000000	210,000000	0,000000E+0
47,049227	0,000000	210,000000	0,000000E+0
47,049227	0,000000	210,000000	0,000000E+0
48,049623	0,000000	210,000000	0,000000E+0
48,049623	0,000000	210,000000	0,000000E+0
48,049623	0,000000	210,000000	0,000000E+0
48,049623	0,000000	210,000000	0,000000E+0
48,049623	0,000000	210,000000	0,000000E+0
48,049623	0,000000	210,000000	0,000000E+0
48,049623	0,000000	210,000000	0,000000E+0
48,049623	0,000000	210,000000	0,000000E+0
48,049623	0,000000	210,000000	0,000000E+0
48,049623	0,000000	210,000000	0,000000E+0
49,049055	0,000000	210,000000	0,000000E+0
49,049055	0,000000	210,000000	0,000000E+0
49,049055	0,000000	210,000000	0,000000E+0
49,049055	0,000000	210,000000	0,000000E+0
49,049055	0,000000	210,000000	0,000000E+0
49,049055	0,000000	210,000000	0,000000E+0
49,049055	0,000000	210,000000	0,000000E+0
49,049055	0,000000	210,000000	0,000000E+0
49,049055	0,000000	210,000000	0,000000E+0
49,049055	0,000000	210,000000	0,000000E+0
50,049521	0,000000	210,000000	0,000000E+0
50,049521	0,000000	210,000000	0,000000E+0
50,049521	0,000000	210,000000	0,000000E+0
50,049521	0,000000	210,000000	0,000000E+0
50,049521	0,000000	210,000000	0,000000E+0
50,049521	0,000000	210,000000	0,000000E+0
50,049521	0,000000	210,000000	0,000000E+0
50,049521	0,000000	210,000000	0,000000E+0
50,049521	0,000000	210,000000	0,000000E+0
50,049521	0,000000	210,000000	0,000000E+0
51,049933	0,000000	210,000000	0,000000E+0
51,049933	0,000000	210,000000	0,000000E+0
51,049933	0,000000	210,000000	0,000000E+0
51,049933	0,000000	210,000000	0,000000E+0
51,049933	0,000000	210,000000	0,000000E+0
51,049933	0,000000	210,000000	0,000000E+0
51,049933	0,000000	210,000000	0,000000E+0
51,049933	0,000000	210,000000	0,000000E+0
51,049933	0,000000	210,000000	0,000000E+0
51,049933	0,000000	210,000000	0,000000E+0
52,049371	0,000000	210,000000	0,000000E+0
52,049371	0,000000	210,000000	0,000000E+0
52,049371	0,000000	210,000000	0,000000E+0
52,049371	0,000000	210,000000	0,000000E+0
52,049371	0,000000	210,000000	0,000000E+0
52,049371	0,000000	210,000000	0,000000E+0
52,049371	0,000000	210,000000	0,000000E+0
52,049371	0,000000	210,000000	0,000000E+0
52,049371	0,000000	210,000000	0,000000E+0
52,049371	0,000000	210,000000	0,000000E+0
53,049775	0,000000	210,000000	0,000000E+0
53,049775	0,000000	210,000000	0,000000E+0
53,049775	0,000000	210,000000	0,000000E+0
53,049775	0,000000	210,000000	0,000000E+0
53,049775	0,000000	210,000000	0,000000E+0
53,049775	0,000000	210,000000	0,000000E+0
53,049775	0,000000	210,000000	0,000000E+0
53,049775	0,000000	210,000000	0,000000E+0
53,049775	0,000000	210,000000	0,000000E+0
53,049775	0,000000	210,000000	0,000000E+0
54,049177	0,000000	210,000000	0,000000E+0
54,049177	0,000000	210,000000	0,000000E+0
54,049177	0,000000	210,000000	0,000000E+0
54,049177	0,000000	210,000000	0,000000E+0
54,049177	0,000000	210,000000	0,000000E+0
54,049177	0,000000	210,000000	0,000000E+0
54,049177	0,000000	210,000000	0,000000E+0
54,049177	0,000000	210,000000	0,000000E+0
54,049177	0,000000	210,000000	0,000000E+0
54,049177	0,000000	210,000000	0,000000E+0
55,049601	0,000000	210,000000	0,000000E+0
55,049601	0,000000	210,000000	0,000000E+0
55,049601	0,000000	210,000000	0,000000E+0
55,049601	0,000000	210,000000	0,000000E+0
55,049601	0,000000	210,000000	0,000000E+0
55,049601	0,000000	210,000000	0,000000E+0
55,049601	0,000000	210,000000	0,000000E+0
55,049601	0,000000	210,000000	0,000000E+0
55,049601	0,000000	210,000000	0,000000E+0
55,049601	0,000000	210,000000	0,000000E+0
56,051022	0,000000	210,000000	0,000000E+0
56,051022	0,000000	210,000000	0,000000E+0
56,051022	0,000000	210,000000	0,000000E+0
56,051022	0,000000	210,000000	0,000000E+0
56,051022	0,000000	210,000000	0,000000E+0
56,051022	0,000000	210,000000	0,000000E+0
56,051022	0,000000	210,000000	0,000000E+0
56,051022	0,000000	210,000000	0,000000E+0
56,051022	0,000000	210,000000	0,000000E+0
56,051022	0,000000	210,000000	0,000000E+0
57,050448	0,000000	210,000000	0,000000E+0
57,050448	0,000000	210,000000	0,000000E+0
57,050448	0,000000	210,000000	0,000000E+0
57,050448	0,000000	210,000000	0,000000E+0
57,050448	0,000000	210,000000	0,000000E+0
57,050448	0,000000	210,000000	0,000000E+0
57,050448	0,000000	210,000000	0,000000E+0
57,050448	0,000000	210,000000	0,000000E+0
57,050448	0,000000	210,000000	0,000000E+0
57,050448	0,000000	210,000000	0,000000E+0
58,050875	0,000000	210,000000	0,000000E+0
58,050875	0,000000	210,000000	0,000000E+0
58,050875	0,000000	210,000000	0,000000E+0
58,050875	0,000000	210,000000	0,000000E+0
58,050875	0,000000	210,000000	0,000000E+0
58,050875	0,000000	210,000000	0,000000E+0
58,050875	0,000000	210,000000	0,000000E+0
58,050875	0,000000	210,000000	0,000000E+0
58,050875	0,000000	210,000000	0,000000E+0
58,050875	0,000000	210,000000	0,000000E+0
59,050318	0,000000	210,000000	0,000000E+0
59,050318	0,000000	210,000000	0,000000E+0
59,050318	0,000000	210,000000	0,000000E+0
59,050318	0,000000	210,000000	0,000000E+0
59,050318	0,000000	210,000000	0,000000E+0
59,050318	0,000000	210,000000	0,000000E+0
59,050318	0,000000	210,000000	0,000000E+0
59,050318	0,000000	210,000000	0,000000E+0
59,050318	0,000000	210,000000	0,000000E+0
59,050318	0,000000	210,000000	0,000000E+0
60,050721	0,000000	210,000000	0,000000E+0
60,050721	0,000000	210,000000	0,000000E+0
60,050721	0,000000	210,000000	0,000000E+0
60,050721	0,000000	210,000000	0,000000E+0
