t	PL(A)	PL(B)	PL(T)	PL(E)	V(A)	V(B)	V(E)	I(A)	I(B)	I(E)	n_bracos	n_res
27,040	0,000	0,000	0,000E+0	0,000E+0	0,000E+0	0,000E+0	0,000E+0	0,000E+0	0,000E+0	0,000E+0	7	1000
0,006	0,000	0,000	0,000E+0	0,000E+0	0,000E+0	0,000E+0	0,000E+0	0,000E+0	0,000E+0	0,000E+0	7	1000
1,006	0,000	0,000	0,000E+0	0,000E+0	0,000E+0	0,000E+0	0,000E+0	0,000E+0	0,000E+0	0,000E+0	7	1000
2,006	0,000	0,000	0,000E+0	0,000E+0	0,000E+0	0,000E+0	0,000E+0	0,000E+0	0,000E+0	0,000E+0	7	1000
3,006	0,000	0,000	0,000E+0	0,000E+0	0,000E+0	0,000E+0	0,000E+0	0,000E+0	0,000E+0	0,000E+0	7	1000
4,006	0,000	0,000	0,000E+0	0,000E+0	0,000E+0	0,000E+0	0,000E+0	0,000E+0	0,000E+0	0,000E+0	7	1000
5,006	0,000	0,000	0,000E+0	0,000E+0	0,000E+0	0,000E+0	0,000E+0	0,000E+0	0,000E+0	0,000E+0	7	1000
6,005	0,000	0,000	0,000E+0	0,000E+0	0,000E+0	0,000E+0	0,000E+0	0,000E+0	0,000E+0	0,000E+0	7	1000
7,006	0,000	0,000	0,000E+0	0,000E+0	0,000E+0	0,000E+0	0,000E+0	0,000E+0	0,000E+0	0,000E+0	7	1000
8,006	0,000	0,000	0,000E+0	0,000E+0	0,000E+0	0,000E+0	0,000E+0	0,000E+0	0,000E+0	0,000E+0	7	1000
9,007	0,000	0,000	0,000E+0	0,000E+0	0,000E+0	0,000E+0	0,000E+0	0,000E+0	0,000E+0	0,000E+0	7	1000
10,007	0,000	0,300	3,000E-1	0,000E+0	2,190E+0	1,804E+1	0,000E+0	5,020E-2	1,936E-1	0,000E+0	7	1000
11,007	25,500	29,400	5,490E+1	0,000E+0	2,805E+1	4,987E+1	0,000E+0	3,574E+0	3,769E+0	0,000E+0	7	1000
12,007	41,500	57,200	9,870E+1	0,000E+0	9,841E+1	6,005E+1	0,000E+0	2,496E+0	5,249E+0	0,000E+0	7	1000
13,006	32,500	38,100	7,060E+1	0,000E+0	1,316E+2	1,320E+2	0,000E+0	5,760E-1	5,696E-1	0,000E+0	7	1000
14,008	32,500	38,100	7,060E+1	0,000E+0	1,316E+2	1,320E+2	0,000E+0	5,760E-1	5,696E-1	0,000E+0	7	1000
15,008	10,700	10,200	2,090E+1	0,000E+0	1,747E+2	1,748E+2	0,000E+0	1,048E-1	1,040E-1	0,000E+0	7	1000
16,008	11,200	10,400	2,160E+1	0,000E+0	1,635E+2	1,636E+2	0,000E+0	1,216E-1	1,206E-1	0,000E+0	7	1000
17,008	18,700	17,400	3,610E+1	0,000E+0	1,698E+2	1,698E+2	0,000E+0	1,806E-1	1,783E-1	0,000E+0	7	1000
18,008	18,700	17,400	3,610E+1	0,000E+0	1,698E+2	1,698E+2	0,000E+0	1,806E-1	1,783E-1	0,000E+0	7	1000
19,009	15,400	14,400	2,980E+1	0,000E+0	1,724E+2	1,721E+2	0,000E+0	1,489E-1	1,469E-1	0,000E+0	7	1000
20,008	15,400	14,400	2,980E+1	0,000E+0	1,724E+2	1,721E+2	0,000E+0	1,489E-1	1,469E-1	0,000E+0	7	1000
21,009	15,000	14,000	2,900E+1	0,000E+0	1,711E+2	1,710E+2	0,000E+0	1,473E-1	1,450E-1	0,000E+0	7	1000
22,009	14,800	13,900	2,870E+1	0,000E+0	1,714E+2	1,715E+2	0,000E+0	1,446E-1	1,430E-1	0,000E+0	7	1000
23,010	14,500	13,600	2,810E+1	0,000E+0	1,709E+2	1,710E+2	0,000E+0	1,425E-1	1,410E-1	0,000E+0	7	1000
24,010	14,700	13,800	2,850E+1	0,000E+0	1,711E+2	1,710E+2	0,000E+0	1,449E-1	1,424E-1	0,000E+0	7	1000
25,011	14,800	13,800	2,860E+1	0,000E+0	1,713E+2	1,711E+2	0,000E+0	1,447E-1	1,430E-1	0,000E+0	7	1000
26,011	14,900	13,900	2,880E+1	0,000E+0	1,713E+2	1,711E+2	0,000E+0	1,458E-1	1,436E-1	0,000E+0	7	1000
27,011	15,000	13,900	2,890E+1	0,000E+0	1,713E+2	1,712E+2	0,000E+0	1,462E-1	1,436E-1	0,000E+0	7	1000
28,011	15,100	13,900	2,900E+1	0,000E+0	1,715E+2	1,708E+2	0,000E+0	1,472E-1	1,444E-1	0,000E+0	7	1000
29,011	15,000	14,100	2,910E+1	0,000E+0	1,714E+2	1,715E+2	0,000E+0	1,462E-1	1,448E-1	0,000E+0	7	1000
30,012	15,000	14,100	2,910E+1	0,000E+0	1,714E+2	1,715E+2	0,000E+0	1,462E-1	1,448E-1	0,000E+0	7	1000
31,012	14,800	13,800	2,860E+1	0,000E+0	1,712E+2	1,712E+2	0,000E+0	1,450E-1	1,429E-1	0,000E+0	7	1000
32,013	14,800	13,800	2,860E+1	0,000E+0	1,713E+2	1,710E+2	0,000E+0	1,451E-1	1,428E-1	0,000E+0	7	1000
33,013	14,700	13,800	2,850E+1	0,000E+0	1,712E+2	1,711E+2	0,000E+0	1,448E-1	1,430E-1	0,000E+0	7	1000
34,013	14,900	13,900	2,880E+1	0,000E+0	1,715E+2	1,712E+2	0,000E+0	1,456E-1	1,433E-1	0,000E+0	7	1000
35,013	14,800	13,800	2,860E+1	0,000E+0	1,711E+2	1,711E+2	0,000E+0	1,450E-1	1,428E-1	0,000E+0	7	1000
36,014	14,700	13,900	2,860E+1	0,000E+0	1,710E+2	1,711E+2	0,000E+0	1,447E-1	1,429E-1	0,000E+0	7	1000
37,015	14,600	13,700	2,830E+1	0,000E+0	1,712E+2	1,711E+2	0,000E+0	1,429E-1	1,415E-1	0,000E+0	7	1000
38,015	14,700	13,600	2,830E+1	0,000E+0	1,713E+2	1,708E+2	0,000E+0	1,439E-1	1,416E-1	0,000E+0	7	1000
39,015	14,800	13,900	2,870E+1	0,000E+0	1,712E+2	1,713E+2	0,000E+0	1,451E-1	1,435E-1	0,000E+0	7	1000
40,016	14,800	13,800	2,860E+1	0,000E+0	1,714E+2	1,711E+2	0,000E+0	1,449E-1	1,430E-1	0,000E+0	7	1000
41,016	14,800	13,900	2,870E+1	0,000E+0	1,712E+2	1,711E+2	0,000E+0	1,452E-1	1,432E-1	0,000E+0	7	1000
42,017	14,800	13,900	2,870E+1	0,000E+0	1,712E+2	1,711E+2	0,000E+0	1,452E-1	1,432E-1	0,000E+0	7	1000
43,018	14,600	13,700	2,830E+1	0,000E+0	1,712E+2	1,711E+2	0,000E+0	1,433E-1	1,415E-1	0,000E+0	7	1000
44,019	14,700	13,800	2,850E+1	0,000E+0	1,714E+2	1,711E+2	0,000E+0	1,447E-1	1,426E-1	0,000E+0	7	1000
45,019	14,800	13,700	2,850E+1	0,000E+0	1,713E+2	1,712E+2	0,000E+0	1,447E-1	1,426E-1	0,000E+0	7	1000
46,020	14,800	13,800	2,860E+1	0,000E+0	1,712E+2	1,711E+2	0,000E+0	1,448E-1	1,428E-1	0,000E+0	7	1000
47,020	14,800	13,800	2,860E+1	0,000E+0	1,715E+2	1,712E+2	0,000E+0	1,451E-1	1,431E-1	0,000E+0	7	1000
48,020	14,800	13,800	2,860E+1	0,000E+0	1,715E+2	1,712E+2	0,000E+0	1,451E-1	1,431E-1	0,000E+0	7	1000
49,020	15,000	14,000	2,900E+1	0,000E+0	1,714E+2	1,712E+2	0,000E+0	1,464E-1	1,444E-1	0,000E+0	7	1000
50,020	14,700	13,700	2,840E+1	0,000E+0	1,714E+2	1,713E+2	0,000E+0	1,449E-1	1,429E-1	0,000E+0	7	1000
51,020	14,700	13,700	2,840E+1	0,000E+0	1,712E+2	1,712E+2	0,000E+0	1,444E-1	1,426E-1	0,000E+0	7	1000
52,020	14,900	13,900	2,880E+1	0,000E+0	1,716E+2	1,712E+2	0,000E+0	1,460E-1	1,437E-1	0,000E+0	7	1000
53,021	14,600	13,700	2,830E+1	0,000E+0	1,714E+2	1,714E+2	0,000E+0	1,438E-1	1,417E-1	0,000E+0	7	1000
54,022	14,600	13,700	2,830E+1	0,000E+0	1,714E+2	1,714E+2	0,000E+0	1,438E-1	1,417E-1	0,000E+0	7	1000
55,022	14,500	13,600	2,810E+1	0,000E+0	1,714E+2	1,714E+2	0,000E+0	1,431E-1	1,412E-1	0,000E+0	7	1000
56,022	14,700	13,900	2,860E+1	0,000E+0	1,712E+2	1,713E+2	0,000E+0	1,450E-1	1,434E-1	0,000E+0	7	1000
57,023	14,700	13,900	2,860E+1	0,000E+0	1,712E+2	1,713E+2	0,000E+0	1,450E-1	1,434E-1	0,000E+0	7	1000
58,023	14,600	13,700	2,830E+1	0,000E+0	1,712E+2	1,712E+2	0,000E+0	1,433E-1	1,418E-1	0,000E+0	7	1000
59,023	14,600	13,700	2,830E+1	0,000E+0	1,712E+2	1,712E+2	0,000E+0	1,433E-1	1,418E-1	0,000E+0	7	1000
60,023	14,800	13,800	2,860E+1	0,000E+0	1,713E+2	1,711E+2	0,000E+0	1,450E-1	1,433E-1	0,000E+0	7	1000
61,024	14,700	13,800	2,850E+1	0,000E+0	1,714E+2	1,714E+2	0,000E+0	1,441E-1	1,425E-1	0,000E+0	7	1000
62,024	14,500	13,600	2,810E+1	0,000E+0	1,712E+2	1,712E+2	0,000E+0	1,433E-1	1,410E-1	0,000E+0	7	1000
63,024	14,700	13,700	2,840E+1	0,000E+0	1,712E+2	1,711E+2	0,000E+0	1,440E-1	1,416E-1	0,000E+0	7	1000
64,024	14,700	13,700	2,840E+1	0,000E+0	1,712E+2	1,711E+2	0,000E+0	1,441E-1	1,416E-1	0,000E+0	7	1000
65,024	14,500	13,600	2,810E+1	0,000E+0	1,710E+2	1,711E+2	0,000E+0	1,424E-1	1,409E-1	0,000E+0	7	1000
66,025	14,900	13,800	2,870E+1	0,000E+0	1,714E+2	1,713E+2	0,000E+0	1,457E-1	1,429E-1	0,000E+0	7	1000
67,025	14,900	14,000	2,890E+1	0,000E+0	1,712E+2	1,713E+2	0,000E+0	1,462E-1	1,441E-1	0,000E+0	7	1000
68,025	14,900	13,900	2,880E+1	0,000E+0	1,714E+2	1,714E+2	0,000E+0	1,459E-1	1,439E-1	0,000E+0	7	1000
69,025	14,700	13,800	2,850E+1	0,000E+0	1,713E+2	1,712E+2	0,000E+0	1,447E-1	1,428E-1	0,000E+0	7	1000
70,025	14,700	13,800	2,850E+1	0,000E+0	1,713E+2	1,712E+2	0,000E+0	1,447E-1	1,428E-1	0,000E+0	7	1000
71,025	14,700	13,700	2,840E+1	0,000E+0	1,713E+2	1,711E+2	0,000E+0	1,445E-1	1,424E-1	0,000E+0	7	1000
72,025	14,700	13,700	2,840E+1	0,000E+0	1,715E+2	1,712E+2	0,000E+0	1,438E-1	1,420E-1	0,000E+0	7	1000
73,026	14,700	13,700	2,840E+1	0,000E+0	1,712E+2	1,710E+2	0,000E+0	1,442E-1	1,422E-1	0,000E+0	7	1000
74,027	14,700	13,700	2,840E+1	0,000E+0	1,712E+2	1,711E+2	0,000E+0	1,438E-1	1,419E-1	0,000E+0	7	1000
75,028	15,000	13,900	2,890E+1	0,000E+0	1,712E+2	1,712E+2	0,000E+0	1,465E-1	1,438E-1	0,000E+0	7	1000
76,028	14,800	13,700	2,850E+1	0,000E+0	1,713E+2	1,711E+2	0,000E+0	1,451E-1	1,424E-1	0,000E+0	7	1000
77,027	14,800	13,900	2,870E+1	0,000E+0	1,711E+2	1,713E+2	0,000E+0	1,454E-1	1,440E-1	0,000E+0	7	1000
78,028	14,900	13,800	2,870E+1	0,000E+0	1,713E+2	1,710E+2	0,000E+0	1,454E-1	1,430E-1	0,000E+0	7	1000
79,029	15,000	14,000	2,900E+1	0,000E+0	1,714E+2	1,711E+2	0,000E+0	1,467E-1	1,444E-1	0,000E+0	7	1000
80,029	15,000	14,000	2,900E+1	0,000E+0	1,714E+2	1,711E+2	0,000E+0	1,467E-1	1,444E-1	0,000E+0	7	1000
81,029	15,100	14,200	2,930E+1	0,000E+0	1,714E+2	1,714E+2	0,000E+0	1,479E-1	1,459E-1	0,000E+0	7	1000
82,029	14,800	14,000	2,880E+1	0,000E+0	1,716E+2	1,714E+2	0,000E+0	1,453E-1	1,438E-1	0,000E+0	7	1000
83,030	15,000	13,900	2,890E+1	0,000E+0	1,717E+2	1,716E+2	0,000E+0	1,468E-1	1,441E-1	0,000E+0	7	1000
84,030	14,900	13,900	2,880E+1	0,000E+0	1,713E+2	1,713E+2	0,000E+0	1,460E-1	1,442E-1	0,000E+0	7	1000
85,031	15,200	14,200	2,940E+1	0,000E+0	1,715E+2	1,713E+2	0,000E+0	1,485E-1	1,461E-1	0,000E+0	7	1000
86,031	15,200	14,300	2,950E+1	0,000E+0	1,712E+2	1,716E+2	0,000E+0	1,488E-1	1,465E-1	0,000E+0	7	1000
87,031	15,400	14,400	2,980E+1	0,000E+0	1,716E+2	1,713E+2	0,000E+0	1,505E-1	1,487E-1	0,000E+0	7	1000
88,031	15,400	14,300	2,970E+1	0,000E+0	1,719E+2	1,712E+2	0,000E+0	1,495E-1	1,472E-1	0,000E+0	7	1000
89,031	15,100	14,300	2,940E+1	0,000E+0	1,714E+2	1,715E+2	0,000E+0	1,482E-1	1,465E-1	0,000E+0	7	1000
90,032	15,300	14,300	2,960E+1	0,000E+0	1,716E+2	1,715E+2	0,000E+0	1,490E-1	1,467E-1	0,000E+0	7	1000
91,033	15,100	14,200	2,930E+1	0,000E+0	1,713E+2	1,714E+2	0,000E+0	1,480E-1	1,460E-1	0,000E+0	7	1000
92,033	15,200	14,200	2,940E+1	0,000E+0	1,715E+2	1,714E+2	0,000E+0	1,490E-1	1,464E-1	0,000E+0	7	1000
93,033	15,100	14,200	2,930E+1	0,000E+0	1,715E+2	1,713E+2	0,000E+0	1,481E-1	1,456E-1	0,000E+0	7	1000
94,033	15,300	14,400	2,970E+1	0,000E+0	1,715E+2	1,713E+2	0,000E+0	1,488E-1	1,475E-1	0,000E+0	7	1000
95,033	15,500	14,400	2,990E+1	0,000E+0	1,715E+2	1,714E+2	0,000E+0	1,504E-1	1,481E-1	0,000E+0	7	1000
96,033	15,500	14,400	2,990E+1	0,000E+0	1,715E+2	1,714E+2	0,000E+0	1,504E-1	1,481E-1	0,000E+0	7	1000
97,034	15,500	14,500	3,000E+1	0,000E+0	1,714E+2	1,716E+2	0,000E+0	1,506E-1	1,484E-1	0,000E+0	7	1000
98,034	15,600	14,600	3,020E+1	0,000E+0	1,716E+2	1,716E+2	0,000E+0	1,517E-1	1,492E-1	0,000E+0	7	1000
99,034	15,500	14,400	2,990E+1	0,000E+0	1,717E+2	1,713E+2	0,000E+0	1,504E-1	1,481E-1	0,000E+0	7	1000
100,034	15,400	14,500	2,990E+1	0,000E+0	1,715E+2	1,714E+2	0,000E+0	1,504E-1	1,488E-1	0,000E+0	7	1000
101,035	15,500	14,500	3,000E+1	0,000E+0	1,718E+2	1,715E+2	0,000E+0	1,506E-1	1,488E-1	0,000E+0	7	1000
102,035	15,600	14,600	3,020E+1	0,000E+0	1,717E+2	1,717E+2	0,000E+0	1,515E-1	1,491E-1	0,000E+0	7	1000
103,035	15,600	14,600	3,020E+1	0,000E+0	1,717E+2	1,717E+2	0,000E+0	1,515E-1	1,491E-1	0,000E+0	7	1000
104,035	15,800	14,800	3,060E+1	0,000E+0	1,717E+2	1,716E+2	0,000E+0	1,532E-1	1,514E-1	0,000E+0	7	1000
105,036	15,800	14,800	3,060E+1	0,000E+0	1,717E+2	1,716E+2	0,000E+0	1,532E-1	1,514E-1	0,000E+0	7	1000
106,036	16,100	15,000	3,110E+1	0,000E+0	1,719E+2	1,718E+2	0,000E+0	1,556E-1	1,528E-1	0,000E+0	7	1000
107,037	16,100	15,000	3,110E+1	0,000E+0	1,719E+2	1,717E+2	0,000E+0	1,553E-1	1,525E-1	0,000E+0	7	1000
108,037	15,900	14,900	3,080E+1	0,000E+0	1,720E+2	1,719E+2	0,000E+0	1,539E-1	1,518E-1	0,000E+0	7	1000
109,037	15,900	15,100	3,100E+1	0,000E+0	1,723E+2	1,724E+2	0,000E+0	1,545E-1	1,531E-1	0,000E+0	7	1000
110,037	15,600	14,700	3,030E+1	0,000E+0	1,719E+2	1,719E+2	0,000E+0	1,522E-1	1,500E-1	0,000E+0	7	1000
111,038	16,100	15,200	3,130E+1	0,000E+0	1,721E+2	1,721E+2	0,000E+0	1,562E-1	1,549E-1	0,000E+0	7	1000
112,039	15,800	14,800	3,060E+1	0,000E+0	1,719E+2	1,719E+2	0,000E+0	1,530E-1	1,511E-1	0,000E+0	7	1000
113,039	16,200	15,100	3,130E+1	0,000E+0	1,720E+2	1,719E+2	0,000E+0	1,564E-1	1,537E-1	0,000E+0	7	1000
114,039	16,200	15,100	3,130E+1	0,000E+0	1,720E+2	1,719E+2	0,000E+0	1,564E-1	1,537E-1	0,000E+0	7	1000
115,040	15,900	15,000	3,090E+1	0,000E+0	1,722E+2	1,721E+2	0,000E+0	1,542E-1	1,523E-1	0,000E+0	7	1000
116,041	16,200	15,100	3,130E+1	0,000E+0	1,720E+2	1,720E+2	0,000E+0	1,565E-1	1,542E-1	0,000E+0	7	1000
117,041	17,300	16,200	3,350E+1	0,000E+0	1,717E+2	1,719E+2	0,000E+0	1,647E-1	1,628E-1	0,000E+0	7	1000
118,041	17,500	16,400	3,390E+1	0,000E+0	1,724E+2	1,723E+2	0,000E+0	1,659E-1	1,639E-1	0,000E+0	7	1000
119,042	18,200	16,900	3,510E+1	0,000E+0	1,725E+2	1,724E+2	0,000E+0	1,718E-1	1,689E-1	0,000E+0	7	1000
120,043	18,600	17,500	3,610E+1	0,000E+0	1,725E+2	1,724E+2	0,000E+0	1,754E-1	1,738E-1	0,000E+0	7	1000
121,043	19,500	17,900	3,740E+1	0,000E+0	1,729E+2	1,723E+2	0,000E+0	1,807E-1	1,779E-1	0,000E+0	7	1000
122,044	20,200	18,700	3,890E+1	0,000E+0	1,729E+2	1,727E+2	0,000E+0	1,873E-1	1,849E-1	0,000E+0	7	1000
123,044	20,800	19,500	4,030E+1	0,000E+0	1,731E+2	1,729E+2	0,000E+0	1,923E-1	1,894E-1	0,000E+0	7	1000
124,044	21,900	20,700	4,260E+1	0,000E+0	1,732E+2	1,731E+2	0,000E+0	2,013E-1	1,995E-1	0,000E+0	7	1000
125,044	21,900	20,700	4,260E+1	0,000E+0	1,732E+2	1,731E+2	0,000E+0	2,013E-1	1,995E-1	0,000E+0	7	1000
126,043	24,400	23,500	4,790E+1	0,000E+0	1,740E+2	1,739E+2	0,000E+0	2,229E-1	2,200E-1	0,000E+0	7	1000
127,044	25,500	24,900	5,040E+1	0,000E+0	1,742E+2	1,741E+2	0,000E+0	2,327E-1	2,313E-1	0,000E+0	7	1000
128,043	25,500	24,900	5,040E+1	0,000E+0	1,742E+2	1,741E+2	0,000E+0	2,327E-1	2,313E-1	0,000E+0	7	1000
129,044	26,500	25,800	5,230E+1	0,000E+0	1,749E+2	1,743E+2	0,000E+0	2,411E-1	2,389E-1	0,000E+0	7	1000
130,045	27,600	27,200	5,480E+1	0,000E+0	1,748E+2	1,745E+2	0,000E+0	2,512E-1	2,488E-1	0,000E+0	7	1000
131,045	29,500	29,500	5,900E+1	0,000E+0	1,754E+2	1,750E+2	0,000E+0	2,681E-1	2,662E-1	0,000E+0	7	1000
132,046	30,300	30,500	6,080E+1	0,000E+0	1,755E+2	1,753E+2	0,000E+0	2,762E-1	2,744E-1	0,000E+0	7	1000
133,046	31,000	31,100	6,210E+1	0,000E+0	1,757E+2	1,755E+2	0,000E+0	2,825E-1	2,790E-1	0,000E+0	7	1000
134,046	32,100	32,200	6,430E+1	0,000E+0	1,758E+2	1,756E+2	0,000E+0	2,925E-1	2,884E-1	0,000E+0	7	1000
135,047	32,900	33,300	6,620E+1	0,000E+0	1,761E+2	1,757E+2	0,000E+0	3,002E-1	2,972E-1	0,000E+0	7	1000
136,048	32,900	33,300	6,620E+1	0,000E+0	1,761E+2	1,757E+2	0,000E+0	3,002E-1	2,972E-1	0,000E+0	7	1000
137,048	33,900	34,600	6,850E+1	0,000E+0	1,763E+2	1,760E+2	0,000E+0	3,095E-1	3,063E-1	0,000E+0	7	1000
138,048	34,600	35,300	6,990E+1	0,000E+0	1,762E+2	1,760E+2	0,000E+0	3,156E-1	3,119E-1	0,000E+0	7	1000
139,048	35,400	36,500	7,190E+1	0,000E+0	1,766E+2	1,765E+2	0,000E+0	3,242E-1	3,210E-1	0,000E+0	7	1000
140,048	35,400	36,500	7,190E+1	0,000E+0	1,766E+2	1,765E+2	0,000E+0	3,242E-1	3,210E-1	0,000E+0	7	1000
141,049	36,000	36,900	7,290E+1	0,000E+0	1,767E+2	1,764E+2	0,000E+0	3,287E-1	3,244E-1	0,000E+0	7	1000
142,050	36,400	37,700	7,410E+1	0,000E+0	1,767E+2	1,768E+2	0,000E+0	3,330E-1	3,305E-1	0,000E+0	7	1000
143,050	36,600	38,100	7,470E+1	0,000E+0	1,768E+2	1,767E+2	0,000E+0	3,363E-1	3,332E-1	0,000E+0	7	1000
144,050	36,900	38,300	7,520E+1	0,000E+0	1,770E+2	1,767E+2	0,000E+0	3,378E-1	3,342E-1	0,000E+0	7	1000
145,050	37,200	38,500	7,570E+1	0,000E+0	1,770E+2	1,767E+2	0,000E+0	3,395E-1	3,363E-1	0,000E+0	7	1000
146,050	37,400	39,000	7,640E+1	0,000E+0	1,772E+2	1,769E+2	0,000E+0	3,420E-1	3,393E-1	0,000E+0	7	1000
147,051	37,400	39,000	7,640E+1	0,000E+0	1,772E+2	1,769E+2	0,000E+0	3,420E-1	3,393E-1	0,000E+0	7	1000
148,051	38,000	39,700	7,770E+1	0,000E+0	1,771E+2	1,770E+2	0,000E+0	3,485E-1	3,454E-1	0,000E+0	7	1000
149,052	37,900	39,700	7,760E+1	0,000E+0	1,773E+2	1,770E+2	0,000E+0	3,476E-1	3,450E-1	0,000E+0	7	1000
150,052	37,900	39,600	7,750E+1	0,000E+0	1,769E+2	1,769E+2	0,000E+0	3,479E-1	3,443E-1	0,000E+0	7	1000
151,052	38,200	39,600	7,780E+1	0,000E+0	1,774E+2	1,771E+2	0,000E+0	3,494E-1	3,450E-1	0,000E+0	7	1000
152,052	38,200	39,800	7,800E+1	0,000E+0	1,774E+2	1,773E+2	0,000E+0	3,504E-1	3,462E-1	0,000E+0	7	1000
153,053	38,300	40,000	7,830E+1	0,000E+0	1,771E+2	1,771E+2	0,000E+0	3,511E-1	3,478E-1	0,000E+0	7	1000
154,053	38,300	40,300	7,860E+1	0,000E+0	1,774E+2	1,771E+2	0,000E+0	3,513E-1	3,493E-1	0,000E+0	7	1000
155,053	38,200	39,800	7,800E+1	0,000E+0	1,773E+2	1,771E+2	0,000E+0	3,503E-1	3,460E-1	0,000E+0	7	1000
156,053	38,400	40,000	7,840E+1	0,000E+0	1,772E+2	1,772E+2	0,000E+0	3,520E-1	3,480E-1	0,000E+0	7	1000
157,053	38,500	40,400	7,890E+1	0,000E+0	1,771E+2	1,772E+2	0,000E+0	3,535E-1	3,500E-1	0,000E+0	7	1000
158,054	38,700	40,600	7,930E+1	0,000E+0	1,773E+2	1,771E+2	0,000E+0	3,551E-1	3,519E-1	0,000E+0	7	1000
159,054	38,700	40,600	7,930E+1	0,000E+0	1,773E+2	1,771E+2	0,000E+0	3,551E-1	3,519E-1	0,000E+0	7	1000
160,054	38,600	40,400	7,900E+1	0,000E+0	1,771E+2	1,769E+2	0,000E+0	3,548E-1	3,506E-1	0,000E+0	7	1000
161,054	38,700	40,300	7,900E+1	0,000E+0	1,772E+2	1,770E+2	0,000E+0	3,546E-1	3,501E-1	0,000E+0	7	1000
162,055	38,700	40,300	7,900E+1	0,000E+0	1,772E+2	1,770E+2	0,000E+0	3,546E-1	3,501E-1	0,000E+0	7	1000
163,055	38,700	40,800	7,950E+1	0,000E+0	1,773E+2	1,771E+2	0,000E+0	3,573E-1	3,535E-1	0,000E+0	7	1000
164,055	38,700	40,400	7,910E+1	0,000E+0	1,773E+2	1,770E+2	0,000E+0	3,551E-1	3,508E-1	0,000E+0	7	1000
165,055	38,800	40,500	7,930E+1	0,000E+0	1,773E+2	1,772E+2	0,000E+0	3,551E-1	3,515E-1	0,000E+0	7	1000
166,055	38,700	40,600	7,930E+1	0,000E+0	1,774E+2	1,772E+2	0,000E+0	3,554E-1	3,521E-1	0,000E+0	7	1000
167,055	38,700	40,700	7,940E+1	0,000E+0	1,772E+2	1,769E+2	0,000E+0	3,557E-1	3,535E-1	0,000E+0	7	1000
168,055	38,800	40,600	7,940E+1	0,000E+0	1,773E+2	1,773E+2	0,000E+0	3,558E-1	3,519E-1	0,000E+0	7	1000
169,055	38,800	40,600	7,940E+1	0,000E+0	1,773E+2	1,773E+2	0,000E+0	3,558E-1	3,519E-1	0,000E+0	7	1000
170,054	38,800	40,600	7,940E+1	0,000E+0	1,773E+2	1,773E+2	0,000E+0	3,558E-1	3,519E-1	0,000E+0	7	1000
171,055	38,900	41,100	8,000E+1	0,000E+0	1,770E+2	1,773E+2	0,000E+0	3,576E-1	3,565E-1	0,000E+0	7	1000
172,055	38,800	40,800	7,960E+1	0,000E+0	1,773E+2	1,772E+2	0,000E+0	3,566E-1	3,540E-1	0,000E+0	7	1000
173,056	38,900	40,800	7,970E+1	0,000E+0	1,772E+2	1,771E+2	0,000E+0	3,573E-1	3,541E-1	0,000E+0	7	1000
174,057	38,900	40,800	7,970E+1	0,000E+0	1,772E+2	1,771E+2	0,000E+0	3,573E-1	3,541E-1	0,000E+0	7	1000
175,057	39,000	40,500	7,950E+1	0,000E+0	1,775E+2	1,769E+2	0,000E+0	3,577E-1	3,527E-1	0,000E+0	7	1000
176,057	38,800	40,800	7,960E+1	0,000E+0	1,773E+2	1,771E+2	0,000E+0	3,564E-1	3,533E-1	0,000E+0	7	1000
177,056	38,900	40,700	7,960E+1	0,000E+0	1,770E+2	1,770E+2	0,000E+0	3,578E-1	3,542E-1	0,000E+0	7	1000
178,058	38,800	40,800	7,960E+1	0,000E+0	1,773E+2	1,770E+2	0,000E+0	3,570E-1	3,535E-1	0,000E+0	7	1000
179,059	38,800	40,600	7,940E+1	0,000E+0	1,774E+2	1,771E+2	0,000E+0	3,558E-1	3,520E-1	0,000E+0	7	1000
180,059	39,000	40,600	7,960E+1	0,000E+0	1,773E+2	1,772E+2	0,000E+0	3,575E-1	3,525E-1	0,000E+0	7	1000
181,060	39,000	40,600	7,960E+1	0,000E+0	1,773E+2	1,772E+2	0,000E+0	3,575E-1	3,525E-1	0,000E+0	7	1000
182,060	39,000	40,600	7,960E+1	0,000E+0	1,773E+2	1,772E+2	0,000E+0	3,575E-1	3,525E-1	0,000E+0	7	1000
183,061	39,100	40,600	7,970E+1	0,000E+0	1,774E+2	1,771E+2	0,000E+0	3,586E-1	3,530E-1	0,000E+0	7	1000
184,062	39,000	40,900	7,990E+1	0,000E+0	1,772E+2	1,774E+2	0,000E+0	3,581E-1	3,541E-1	0,000E+0	7	1000
185,062	38,800	40,700	7,950E+1	0,000E+0	1,771E+2	1,771E+2	0,000E+0	3,562E-1	3,534E-1	0,000E+0	7	1000
186,062	38,800	40,900	7,970E+1	0,000E+0	1,773E+2	1,772E+2	0,000E+0	3,572E-1	3,546E-1	0,000E+0	7	1000
187,063	39,000	40,900	7,990E+1	0,000E+0	1,772E+2	1,773E+2	0,000E+0	3,583E-1	3,548E-1	0,000E+0	7	1000
188,063	38,900	40,800	7,970E+1	0,000E+0	1,775E+2	1,772E+2	0,000E+0	3,572E-1	3,535E-1	0,000E+0	7	1000
189,063	38,700	40,800	7,950E+1	0,000E+0	1,772E+2	1,773E+2	0,000E+0	3,558E-1	3,537E-1	0,000E+0	7	1000
190,064	39,000	40,600	7,960E+1	0,000E+0	1,771E+2	1,769E+2	0,000E+0	3,578E-1	3,530E-1	0,000E+0	7	1000
191,064	38,900	41,100	8,000E+1	0,000E+0	1,774E+2	1,772E+2	0,000E+0	3,579E-1	3,560E-1	0,000E+0	7	1000
192,065	38,900	41,100	8,000E+1	0,000E+0	1,774E+2	1,772E+2	0,000E+0	3,579E-1	3,560E-1	0,000E+0	7	1000
193,064	39,000	40,800	7,980E+1	0,000E+0	1,774E+2	1,770E+2	0,000E+0	3,578E-1	3,540E-1	0,000E+0	7	1000
194,065	39,100	40,900	8,000E+1	0,000E+0	1,773E+2	1,772E+2	0,000E+0	3,590E-1	3,545E-1	0,000E+0	7	1000
195,065	39,000	40,900	7,990E+1	0,000E+0	1,774E+2	1,771E+2	0,000E+0	3,589E-1	3,547E-1	0,000E+0	7	1000
196,065	39,000	41,200	8,020E+1	0,000E+0	1,772E+2	1,773E+2	0,000E+0	3,596E-1	3,571E-1	0,000E+0	7	1000
197,065	38,900	41,300	8,020E+1	0,000E+0	1,771E+2	1,774E+2	0,000E+0	3,596E-1	3,567E-1	0,000E+0	7	1000
198,065	39,100	40,900	8,000E+1	0,000E+0	1,773E+2	1,771E+2	0,000E+0	3,586E-1	3,549E-1	0,000E+0	7	1000
199,065	38,700	40,800	7,950E+1	0,000E+0	1,770E+2	1,771E+2	0,000E+0	3,562E-1	3,544E-1	0,000E+0	7	1000
200,065	38,800	40,900	7,970E+1	0,000E+0	1,771E+2	1,771E+2	0,000E+0	3,569E-1	3,548E-1	0,000E+0	7	1000
201,065	39,000	40,800	7,980E+1	0,000E+0	1,773E+2	1,769E+2	0,000E+0	3,582E-1	3,539E-1	0,000E+0	7	1000
202,065	39,000	40,700	7,970E+1	0,000E+0	1,771E+2	1,769E+2	0,000E+0	3,582E-1	3,539E-1	0,000E+0	7	1000
203,065	39,000	40,900	7,990E+1	0,000E+0	1,771E+2	1,772E+2	0,000E+0	3,582E-1	3,543E-1	0,000E+0	7	1000
204,065	39,000	40,900	7,990E+1	0,000E+0	1,771E+2	1,772E+2	0,000E+0	3,582E-1	3,543E-1	0,000E+0	7	1000
205,065	39,000	40,800	7,980E+1	0,000E+0	1,775E+2	1,771E+2	0,000E+0	3,576E-1	3,529E-1	0,000E+0	7	1000
206,065	38,700	41,000	7,970E+1	0,000E+0	1,772E+2	1,772E+2	0,000E+0	3,576E-1	3,549E-1	0,000E+0	7	1000
207,065	39,000	41,000	8,000E+1	0,000E+0	1,773E+2	1,770E+2	0,000E+0	3,586E-1	3,559E-1	0,000E+0	7	1000
208,066	38,900	40,900	7,980E+1	0,000E+0	1,771E+2	1,770E+2	0,000E+0	3,582E-1	3,547E-1	0,000E+0	7	1000
209,066	38,900	40,800	7,970E+1	0,000E+0	1,773E+2	1,772E+2	0,000E+0	3,568E-1	3,533E-1	0,000E+0	7	1000
210,066	38,900	40,800	7,970E+1	0,000E+0	1,771E+2	1,771E+2	0,000E+0	3,578E-1	3,546E-1	0,000E+0	7	1000
211,066	39,100	41,100	8,020E+1	0,000E+0	1,772E+2	1,773E+2	0,000E+0	3,590E-1	3,553E-1	0,000E+0	7	1000
212,066	39,100	40,800	7,990E+1	0,000E+0	1,775E+2	1,770E+2	0,000E+0	3,590E-1	3,539E-1	0,000E+0	7	1000
213,067	38,900	40,700	7,960E+1	0,000E+0	1,772E+2	1,772E+2	0,000E+0	3,567E-1	3,526E-1	0,000E+0	7	1000
214,067	39,100	40,600	7,970E+1	0,000E+0	1,773E+2	1,769E+2	0,000E+0	3,586E-1	3,530E-1	0,000E+0	7	1000
215,067	39,100	40,600	7,970E+1	0,000E+0	1,773E+2	1,769E+2	0,000E+0	3,586E-1	3,530E-1	0,000E+0	7	1000
216,067	39,200	40,600	7,980E+1	0,000E+0	1,775E+2	1,768E+2	0,000E+0	3,586E-1	3,530E-1	0,000E+0	7	1000
217,067	39,300	40,800	8,010E+1	0,000E+0	1,777E+2	1,771E+2	0,000E+0	3,599E-1	3,547E-1	0,000E+0	7	1000
218,067	39,100	41,000	8,010E+1	0,000E+0	1,773E+2	1,773E+2	0,000E+0	3,592E-1	3,553E-1	0,000E+0	7	1000
219,067	39,300	41,000	8,030E+1	0,000E+0	1,774E+2	1,771E+2	0,000E+0	3,599E-1	3,559E-1	0,000E+0	7	1000
220,067	39,300	41,000	8,030E+1	0,000E+0	1,774E+2	1,771E+2	0,000E+0	3,599E-1	3,559E-1	0,000E+0	7	1000
221,067	39,200	41,100	8,030E+1	0,000E+0	1,772E+2	1,772E+2	0,000E+0	3,601E-1	3,563E-1	0,000E+0	7	1000
222,067	39,100	41,300	8,040E+1	0,000E+0	1,773E+2	1,772E+2	0,000E+0	3,601E-1	3,569E-1	0,000E+0	7	1000
223,067	38,900	40,900	7,980E+1	0,000E+0	1,774E+2	1,771E+2	0,000E+0	3,578E-1	3,543E-1	0,000E+0	7	1000
224,067	39,000	40,800	7,980E+1	0,000E+0	1,772E+2	1,772E+2	0,000E+0	3,583E-1	3,536E-1	0,000E+0	7	1000
225,068	39,000	41,000	8,000E+1	0,000E+0	1,774E+2	1,770E+2	0,000E+0	3,585E-1	3,555E-1	0,000E+0	7	1000
226,067	39,000	41,000	8,000E+1	0,000E+0	1,772E+2	1,773E+2	0,000E+0	3,585E-1	3,551E-1	0,000E+0	7	1000
227,068	38,700	40,800	7,950E+1	0,000E+0	1,771E+2	1,774E+2	0,000E+0	3,563E-1	3,536E-1	0,000E+0	7	1000
228,068	38,800	40,800	7,960E+1	0,000E+0	1,773E+2	1,770E+2	0,000E+0	3,563E-1	3,533E-1	0,000E+0	7	1000
229,068	39,000	40,700	7,970E+1	0,000E+0	1,772E+2	1,771E+2	0,000E+0	3,587E-1	3,532E-1	0,000E+0	7	1000
230,068	39,000	41,000	8,000E+1	0,000E+0	1,770E+2	1,770E+2	0,000E+0	3,578E-1	3,548E-1	0,000E+0	7	1000
231,068	38,900	40,700	7,960E+1	0,000E+0	1,772E+2	1,772E+2	0,000E+0	3,569E-1	3,531E-1	0,000E+0	7	1000
232,068	38,900	40,700	7,960E+1	0,000E+0	1,772E+2	1,772E+2	0,000E+0	3,569E-1	3,531E-1	0,000E+0	7	1000
233,068	39,000	40,900	7,990E+1	0,000E+0	1,771E+2	1,770E+2	0,000E+0	3,580E-1	3,546E-1	0,000E+0	7	1000
234,069	39,000	40,800	7,980E+1	0,000E+0	1,771E+2	1,770E+2	0,000E+0	3,575E-1	3,536E-1	0,000E+0	7	1000
235,069	39,000	40,900	7,990E+1	0,000E+0	1,771E+2	1,770E+2	0,000E+0	3,580E-1	3,548E-1	0,000E+0	7	1000
236,069	39,100	41,100	8,020E+1	0,000E+0	1,773E+2	1,771E+2	0,000E+0	3,592E-1	3,559E-1	0,000E+0	7	1000
237,069	39,000	41,000	8,000E+1	0,000E+0	1,772E+2	1,770E+2	0,000E+0	3,594E-1	3,562E-1	0,000E+0	7	1000
238,069	39,000	41,000	8,000E+1	0,000E+0	1,772E+2	1,770E+2	0,000E+0	3,594E-1	3,562E-1	0,000E+0	7	1000
239,069	38,900	40,900	7,980E+1	0,000E+0	1,772E+2	1,770E+2	0,000E+0	3,572E-1	3,542E-1	0,000E+0	7	1000
240,069	38,900	40,600	7,950E+1	0,000E+0	1,770E+2	1,769E+2	0,000E+0	3,581E-1	3,534E-1	0,000E+0	7	1000
241,069	39,100	40,900	8,000E+1	0,000E+0	1,772E+2	1,768E+2	0,000E+0	3,588E-1	3,546E-1	0,000E+0	7	1000
242,069	39,000	41,000	8,000E+1	0,000E+0	1,771E+2	1,771E+2	0,000E+0	3,592E-1	3,555E-1	0,000E+0	7	1000
243,069	39,100	40,700	7,980E+1	0,000E+0	1,770E+2	1,768E+2	0,000E+0	3,592E-1	3,541E-1	0,000E+0	7	1000
244,069	39,200	41,100	8,030E+1	0,000E+0	1,771E+2	1,769E+2	0,000E+0	3,599E-1	3,567E-1	0,000E+0	7	1000
245,069	39,200	41,100	8,030E+1	0,000E+0	1,771E+2	1,769E+2	0,000E+0	3,599E-1	3,567E-1	0,000E+0	7	1000
246,070	39,200	41,100	8,030E+1	0,000E+0	1,771E+2	1,771E+2	0,000E+0	3,602E-1	3,564E-1	0,000E+0	7	1000
247,071	39,100	41,000	8,010E+1	0,000E+0	1,770E+2	1,769E+2	0,000E+0	3,592E-1	3,557E-1	0,000E+0	7	1000
248,070	39,100	41,000	8,010E+1	0,000E+0	1,770E+2	1,769E+2	0,000E+0	3,592E-1	3,557E-1	0,000E+0	7	1000
249,072	39,100	40,900	8,000E+1	0,000E+0	1,772E+2	1,771E+2	0,000E+0	3,594E-1	3,554E-1	0,000E+0	7	1000
250,073	39,200	40,800	8,000E+1	0,000E+0	1,771E+2	1,770E+2	0,000E+0	3,599E-1	3,549E-1	0,000E+0	7	1000
251,074	38,800	40,900	7,970E+1	0,000E+0	1,771E+2	1,770E+2	0,000E+0	3,572E-1	3,547E-1	0,000E+0	7	1000
252,075	38,900	41,100	8,000E+1	0,000E+0	1,772E+2	1,770E+2	0,000E+0	3,585E-1	3,558E-1	0,000E+0	7	1000
253,075	38,900	40,900	7,980E+1	0,000E+0	1,772E+2	1,771E+2	0,000E+0	3,581E-1	3,547E-1	0,000E+0	7	1000
254,075	39,000	40,900	7,990E+1	0,000E+0	1,772E+2	1,771E+2	0,000E+0	3,577E-1	3,540E-1	0,000E+0	7	1000
255,076	39,000	40,900	7,990E+1	0,000E+0	1,772E+2	1,771E+2	0,000E+0	3,577E-1	3,540E-1	0,000E+0	7	1000
256,076	38,900	41,000	7,990E+1	0,000E+0	1,772E+2	1,772E+2	0,000E+0	3,587E-1	3,555E-1	0,000E+0	7	1000
257,077	39,000	40,800	7,980E+1	0,000E+0	1,774E+2	1,770E+2	0,000E+0	3,579E-1	3,544E-1	0,000E+0	7	1000
258,077	39,000	41,000	8,000E+1	0,000E+0	1,771E+2	1,771E+2	0,000E+0	3,588E-1	3,557E-1	0,000E+0	7	1000
259,078	38,900	40,800	7,970E+1	0,000E+0	1,773E+2	1,769E+2	0,000E+0	3,570E-1	3,536E-1	0,000E+0	7	1000
260,079	39,100	41,000	8,010E+1	0,000E+0	1,772E+2	1,771E+2	0,000E+0	3,595E-1	3,558E-1	0,000E+0	7	1000
261,079	39,100	41,000	8,010E+1	0,000E+0	1,772E+2	1,771E+2	0,000E+0	3,595E-1	3,558E-1	0,000E+0	7	1000
262,080	38,900	40,900	7,980E+1	0,000E+0	1,771E+2	1,769E+2	0,000E+0	3,586E-1	3,559E-1	0,000E+0	7	1000
263,080	38,800	40,700	7,950E+1	0,000E+0	1,771E+2	1,772E+2	0,000E+0	3,566E-1	3,533E-1	0,000E+0	7	1000
264,080	38,900	40,800	7,970E+1	0,000E+0	1,771E+2	1,770E+2	0,000E+0	3,578E-1	3,542E-1	0,000E+0	7	1000
265,080	39,300	40,900	8,020E+1	0,000E+0	1,773E+2	1,770E+2	0,000E+0	3,604E-1	3,549E-1	0,000E+0	7	1000
266,080	39,000	41,200	8,020E+1	0,000E+0	1,769E+2	1,772E+2	0,000E+0	3,587E-1	3,562E-1	0,000E+0	7	1000
267,081	39,200	41,300	8,050E+1	0,000E+0	1,772E+2	1,771E+2	0,000E+0	3,609E-1	3,576E-1	0,000E+0	7	1000
268,081	39,300	41,000	8,030E+1	0,000E+0	1,774E+2	1,771E+2	0,000E+0	3,603E-1	3,557E-1	0,000E+0	7	1000
269,081	38,900	41,200	8,010E+1	0,000E+0	1,772E+2	1,771E+2	0,000E+0	3,591E-1	3,573E-1	0,000E+0	7	1000
270,081	39,200	40,900	8,010E+1	0,000E+0	1,775E+2	1,771E+2	0,000E+0	3,599E-1	3,549E-1	0,000E+0	7	1000
271,081	39,100	40,900	8,000E+1	0,000E+0	1,772E+2	1,772E+2	0,000E+0	3,592E-1	3,548E-1	0,000E+0	7	1000
272,081	39,100	40,900	8,000E+1	0,000E+0	1,772E+2	1,772E+2	0,000E+0	3,592E-1	3,548E-1	0,000E+0	7	1000
273,081	38,900	40,800	7,970E+1	0,000E+0	1,772E+2	1,772E+2	0,000E+0	3,578E-1	3,540E-1	0,000E+0	7	1000
274,081	38,900	40,900	7,980E+1	0,000E+0	1,772E+2	1,771E+2	0,000E+0	3,569E-1	3,549E-1	0,000E+0	7	1000
275,081	38,900	40,900	7,980E+1	0,000E+0	1,772E+2	1,771E+2	0,000E+0	3,569E-1	3,549E-1	0,000E+0	7	1000
276,082	38,900	40,900	7,980E+1	0,000E+0	1,772E+2	1,771E+2	0,000E+0	3,575E-1	3,546E-1	0,000E+0	7	1000
277,083	38,900	40,900	7,980E+1	0,000E+0	1,772E+2	1,769E+2	0,000E+0	3,578E-1	3,545E-1	0,000E+0	7	1000
278,083	39,000	40,800	7,980E+1	0,000E+0	1,772E+2	1,771E+2	0,000E+0	3,583E-1	3,545E-1	0,000E+0	7	1000
279,082	38,800	40,900	7,970E+1	0,000E+0	1,773E+2	1,773E+2	0,000E+0	3,570E-1	3,540E-1	0,000E+0	7	1000
280,083	39,100	40,900	8,000E+1	0,000E+0	1,773E+2	1,772E+2	0,000E+0	3,588E-1	3,551E-1	0,000E+0	7	1000
281,084	38,900	41,000	7,990E+1	0,000E+0	1,772E+2	1,772E+2	0,000E+0	3,582E-1	3,555E-1	0,000E+0	7	1000
282,084	38,900	41,000	7,990E+1	0,000E+0	1,772E+2	1,772E+2	0,000E+0	3,582E-1	3,555E-1	0,000E+0	7	1000
283,084	38,900	41,000	7,990E+1	0,000E+0	1,772E+2	1,773E+2	0,000E+0	3,586E-1	3,552E-1	0,000E+0	7	1000
284,085	38,900	41,000	7,990E+1	0,000E+0	1,772E+2	1,773E+2	0,000E+0	3,586E-1	3,552E-1	0,000E+0	7	1000
285,085	38,800	40,900	7,970E+1	0,000E+0	1,771E+2	1,771E+2	0,000E+0	3,576E-1	3,542E-1	0,000E+0	7	1000
286,085	38,900	40,900	7,980E+1	0,000E+0	1,773E+2	1,770E+2	0,000E+0	3,564E-1	3,536E-1	0,000E+0	7	1000
287,085	39,000	40,900	7,990E+1	0,000E+0	1,773E+2	1,770E+2	0,000E+0	3,587E-1	3,550E-1	0,000E+0	7	1000
288,085	39,200	41,000	8,020E+1	0,000E+0	1,774E+2	1,772E+2	0,000E+0	3,596E-1	3,562E-1	0,000E+0	7	1000
289,085	39,100	41,000	8,010E+1	0,000E+0	1,773E+2	1,772E+2	0,000E+0	3,592E-1	3,557E-1	0,000E+0	7	1000
290,086	39,300	40,900	8,020E+1	0,000E+0	1,772E+2	1,770E+2	0,000E+0	3,602E-1	3,552E-1	0,000E+0	7	1000
291,086	39,200	41,100	8,030E+1	0,000E+0	1,772E+2	1,773E+2	0,000E+0	3,597E-1	3,560E-1	0,000E+0	7	1000
292,086	39,200	41,000	8,020E+1	0,000E+0	1,773E+2	1,770E+2	0,000E+0	3,597E-1	3,558E-1	0,000E+0	7	1000
293,086	38,900	41,100	8,000E+1	0,000E+0	1,773E+2	1,771E+2	0,000E+0	3,577E-1	3,552E-1	0,000E+0	7	1000
294,087	38,900	41,100	8,000E+1	0,000E+0	1,773E+2	1,771E+2	0,000E+0	3,577E-1	3,552E-1	0,000E+0	7	1000
295,087	38,900	41,100	8,000E+1	0,000E+0	1,773E+2	1,771E+2	0,000E+0	3,577E-1	3,552E-1	0,000E+0	7	1000
296,087	38,900	40,800	7,970E+1	0,000E+0	1,772E+2	1,771E+2	0,000E+0	3,578E-1	3,541E-1	0,000E+0	7	1000
297,087	38,900	40,700	7,960E+1	0,000E+0	1,773E+2	1,771E+2	0,000E+0	3,576E-1	3,527E-1	0,000E+0	7	1000
298,087	39,200	41,000	8,020E+1	0,000E+0	1,771E+2	1,770E+2	0,000E+0	3,605E-1	3,562E-1	0,000E+0	7	1000
299,087	39,000	40,900	7,990E+1	0,000E+0	1,772E+2	1,770E+2	0,000E+0	3,587E-1	3,546E-1	0,000E+0	7	1000
300,087	38,900	40,800	7,970E+1	0,000E+0	1,770E+2	1,769E+2	0,000E+0	3,572E-1	3,545E-1	0,000E+0	7	1000
301,087	38,800	40,800	7,960E+1	0,000E+0	1,770E+2	1,769E+2	0,000E+0	3,568E-1	3,545E-1	0,000E+0	7	1000
302,087	38,800	40,800	7,960E+1	0,000E+0	1,770E+2	1,769E+2	0,000E+0	3,568E-1	3,545E-1	0,000E+0	7	1000
303,088	39,000	40,900	7,990E+1	0,000E+0	1,773E+2	1,771E+2	0,000E+0	3,585E-1	3,547E-1	0,000E+0	7	0001
304,088	39,000	40,900	7,990E+1	0,000E+0	1,772E+2	1,770E+2	0,000E+0	3,585E-1	3,549E-1	0,000E+0	7	0001
306,088	39,000	40,900	7,990E+1	0,000E+0	1,772E+2	1,770E+2	0,000E+0	3,585E-1	3,549E-1	0,000E+0	7	0001
306,088	39,000	41,000	8,000E+1	0,000E+0	1,770E+2	1,772E+2	0,000E+0	3,591E-1	3,554E-1	0,000E+0	7	0001
307,089	39,000	40,800	7,980E+1	0,000E+0	1,773E+2	1,770E+2	0,000E+0	3,581E-1	3,535E-1	0,000E+0	7	0001
308,089	39,000	40,600	7,960E+1	0,000E+0	1,772E+2	1,770E+2	0,000E+0	3,585E-1	3,535E-1	0,000E+0	7	0001
309,089	38,900	41,000	7,990E+1	0,000E+0	1,771E+2	1,770E+2	0,000E+0	3,584E-1	3,553E-1	0,000E+0	7	0001
310,089	39,000	41,000	8,000E+1	0,000E+0	1,772E+2	1,769E+2	0,000E+0	3,587E-1	3,562E-1	0,000E+0	7	0001
311,089	39,200	41,200	8,040E+1	0,000E+0	1,772E+2	1,771E+2	0,000E+0	3,601E-1	3,569E-1	0,000E+0	7	0001
312,089	39,200	41,200	8,040E+1	0,000E+0	1,772E+2	1,771E+2	0,000E+0	3,601E-1	3,569E-1	0,000E+0	7	0001
313,089	39,200	41,000	8,020E+1	0,000E+0	1,772E+2	1,771E+2	0,000E+0	3,599E-1	3,556E-1	0,000E+0	7	0001
314,089	39,300	41,200	8,050E+1	0,000E+0	1,772E+2	1,771E+2	0,000E+0	3,613E-1	3,579E-1	0,000E+0	7	0001
315,089	39,100	41,000	8,010E+1	0,000E+0	1,773E+2	1,772E+2	0,000E+0	3,596E-1	3,556E-1	0,000E+0	7	0001
316,089	39,100	40,900	8,000E+1	0,000E+0	1,773E+2	1,770E+2	0,000E+0	3,598E-1	3,547E-1	0,000E+0	7	0001
317,089	39,200	41,000	8,020E+1	0,000E+0	1,772E+2	1,771E+2	0,000E+0	3,596E-1	3,558E-1	0,000E+0	7	0001
318,089	39,000	40,900	7,990E+1	0,000E+0	1,772E+2	1,772E+2	0,000E+0	3,582E-1	3,548E-1	0,000E+0	7	0001
319,089	39,100	40,800	7,990E+1	0,000E+0	1,772E+2	1,768E+2	0,000E+0	3,591E-1	3,546E-1	0,000E+0	7	0001
320,089	38,500	40,300	7,880E+1	0,000E+0	1,767E+2	1,766E+2	0,000E+0	3,545E-1	3,505E-1	0,000E+0	7	0001
321,090	39,400	41,500	8,090E+1	0,000E+0	1,771E+2	1,771E+2	0,000E+0	3,627E-1	3,593E-1	0,000E+0	7	0001
322,090	39,200	41,000	8,020E+1	0,000E+0	1,773E+2	1,770E+2	0,000E+0	3,602E-1	3,568E-1	0,000E+0	7	0001
323,090	39,200	41,000	8,020E+1	0,000E+0	1,773E+2	1,770E+2	0,000E+0	3,602E-1	3,568E-1	0,000E+0	7	0001
324,090	39,200	41,000	8,020E+1	0,000E+0	1,773E+2	1,770E+2	0,000E+0	3,602E-1	3,568E-1	0,000E+0	7	0001
325,090	39,200	41,000	8,020E+1	0,000E+0	1,773E+2	1,770E+2	0,000E+0	3,602E-1	3,568E-1	0,000E+0	7	0001
326,090	39,200	41,000	8,020E+1	0,000E+0	1,773E+2	1,770E+2	0,000E+0	3,602E-1	3,568E-1	0,000E+0	7	0001
327,089	39,100	40,700	7,980E+1	0,000E+0	1,771E+2	1,771E+2	0,000E+0	3,594E-1	3,544E-1	0,000E+0	7	0001
328,090	39,100	40,700	7,980E+1	0,000E+0	1,771E+2	1,771E+2	0,000E+0	3,594E-1	3,544E-1	0,000E+0	7	0001
329,090	39,100	40,700	7,980E+1	0,000E+0	1,771E+2	1,771E+2	0,000E+0	3,594E-1	3,544E-1	0,000E+0	7	0001
330,090	39,000	41,000	8,000E+1	0,000E+0	1,771E+2	1,771E+2	0,000E+0	3,591E-1	3,554E-1	0,000E+0	7	0001
331,090	39,000	41,000	8,000E+1	0,000E+0	1,771E+2	1,771E+2	0,000E+0	3,591E-1	3,554E-1	0,000E+0	7	0001
332,091	39,000	41,000	8,000E+1	0,000E+0	1,771E+2	1,771E+2	0,000E+0	3,591E-1	3,554E-1	0,000E+0	7	0001
333,091	39,100	40,800	7,990E+1	0,000E+0	1,772E+2	1,769E+2	0,000E+0	3,591E-1	3,549E-1	0,000E+0	7	0001
334,091	39,000	40,900	7,990E+1	0,000E+0	1,770E+2	1,770E+2	0,000E+0	3,586E-1	3,554E-1	0,000E+0	7	0001
335,091	39,200	41,100	8,030E+1	0,000E+0	1,773E+2	1,770E+2	0,000E+0	3,611E-1	3,571E-1	0,000E+0	7	0001
336,091	39,000	41,200	8,020E+1	0,000E+0	1,770E+2	1,774E+2	0,000E+0	3,594E-1	3,569E-1	0,000E+0	7	0001
338,091	39,200	40,900	8,010E+1	0,000E+0	1,774E+2	1,769E+2	0,000E+0	3,598E-1	3,553E-1	0,000E+0	7	0001
338,091	39,200	40,900	8,010E+1	0,000E+0	1,774E+2	1,769E+2	0,000E+0	3,598E-1	3,553E-1	0,000E+0	7	0001
339,091	39,000	41,000	8,000E+1	0,000E+0	1,771E+2	1,772E+2	0,000E+0	3,587E-1	3,554E-1	0,000E+0	7	0001
340,091	38,900	40,800	7,970E+1	0,000E+0	1,771E+2	1,773E+2	0,000E+0	3,578E-1	3,536E-1	0,000E+0	7	0001
341,091	38,900	41,000	7,990E+1	0,000E+0	1,772E+2	1,771E+2	0,000E+0	3,588E-1	3,559E-1	0,000E+0	7	0001
342,092	39,000	40,900	7,990E+1	0,000E+0	1,773E+2	1,771E+2	0,000E+0	3,589E-1	3,551E-1	0,000E+0	7	0001
343,093	38,900	40,900	7,980E+1	0,000E+0	1,773E+2	1,773E+2	0,000E+0	3,577E-1	3,546E-1	0,000E+0	7	0001
344,094	39,000	41,000	8,000E+1	0,000E+0	1,772E+2	1,770E+2	0,000E+0	3,585E-1	3,558E-1	0,000E+0	7	0001
345,094	39,100	40,900	8,000E+1	0,000E+0	1,773E+2	1,771E+2	0,000E+0	3,589E-1	3,548E-1	0,000E+0	7	0001
346,094	38,900	40,600	7,950E+1	0,000E+0	1,772E+2	1,768E+2	0,000E+0	3,585E-1	3,534E-1	0,000E+0	7	0001
347,094	39,000	41,000	8,000E+1	0,000E+0	1,772E+2	1,771E+2	0,000E+0	3,592E-1	3,553E-1	0,000E+0	7	0001
348,095	39,000	41,000	8,000E+1	0,000E+0	1,772E+2	1,771E+2	0,000E+0	3,592E-1	3,553E-1	0,000E+0	7	0001
349,096	39,000	40,800	7,980E+1	0,000E+0	1,771E+2	1,771E+2	0,000E+0	3,585E-1	3,548E-1	0,000E+0	7	0001
350,097	39,100	40,800	7,990E+1	0,000E+0	1,772E+2	1,767E+2	0,000E+0	3,588E-1	3,549E-1	0,000E+0	7	0001
351,097	38,900	41,000	7,990E+1	0,000E+0	1,770E+2	1,772E+2	0,000E+0	3,585E-1	3,557E-1	0,000E+0	7	0001
352,097	39,000	40,800	7,980E+1	0,000E+0	1,772E+2	1,771E+2	0,000E+0	3,582E-1	3,542E-1	0,000E+0	7	0001
353,097	38,800	40,900	7,970E+1	0,000E+0	1,772E+2	1,771E+2	0,000E+0	3,577E-1	3,546E-1	0,000E+0	7	0001
354,097	38,900	41,200	8,010E+1	0,000E+0	1,771E+2	1,771E+2	0,000E+0	3,583E-1	3,570E-1	0,000E+0	7	0001
355,098	39,100	41,100	8,020E+1	0,000E+0	1,774E+2	1,772E+2	0,000E+0	3,595E-1	3,558E-1	0,000E+0	7	0001
356,098	39,000	41,300	8,030E+1	0,000E+0	1,772E+2	1,771E+2	0,000E+0	3,601E-1	3,574E-1	0,000E+0	7	0001
357,098	39,200	41,100	8,030E+1	0,000E+0	1,774E+2	1,771E+2	0,000E+0	3,610E-1	3,564E-1	0,000E+0	7	0001
358,099	39,200	40,900	8,010E+1	0,000E+0	1,771E+2	1,772E+2	0,000E+0	3,606E-1	3,554E-1	0,000E+0	7	0001
359,099	39,200	40,900	8,010E+1	0,000E+0	1,771E+2	1,772E+2	0,000E+0	3,606E-1	3,554E-1	0,000E+0	7	0001
360,099	39,200	40,900	8,010E+1	0,000E+0	1,774E+2	1,769E+2	0,000E+0	3,601E-1	3,553E-1	0,000E+0	7	0001
361,099	39,000	41,300	8,030E+1	0,000E+0	1,769E+2	1,771E+2	0,000E+0	3,595E-1	3,575E-1	0,000E+0	7	0001
362,099	38,900	40,800	7,970E+1	0,000E+0	1,773E+2	1,769E+2	0,000E+0	3,576E-1	3,542E-1	0,000E+0	7	0001
363,099	39,000	40,800	7,980E+1	0,000E+0	1,774E+2	1,770E+2	0,000E+0	3,596E-1	3,544E-1	0,000E+0	7	0001
364,099	39,000	40,800	7,980E+1	0,000E+0	1,772E+2	1,770E+2	0,000E+0	3,586E-1	3,552E-1	0,000E+0	7	0001
365,099	38,900	40,900	7,980E+1	0,000E+0	1,771E+2	1,771E+2	0,000E+0	3,580E-1	3,551E-1	0,000E+0	7	0001
366,100	39,100	40,900	8,000E+1	0,000E+0	1,773E+2	1,771E+2	0,000E+0	3,595E-1	3,551E-1	0,000E+0	7	0001
367,100	39,000	40,800	7,980E+1	0,000E+0	1,773E+2	1,770E+2	0,000E+0	3,587E-1	3,549E-1	0,000E+0	7	0001
368,100	39,000	40,700	7,970E+1	0,000E+0	1,771E+2	1,771E+2	0,000E+0	3,583E-1	3,541E-1	0,000E+0	7	0001
369,100	38,900	41,000	7,990E+1	0,000E+0	1,772E+2	1,771E+2	0,000E+0	3,582E-1	3,562E-1	0,000E+0	6	0001
370,100	39,000	41,100	8,010E+1	0,000E+0	1,772E+2	1,772E+2	0,000E+0	3,589E-1	3,562E-1	0,000E+0	6	0001
371,100	39,000	41,100	8,010E+1	0,000E+0	1,772E+2	1,772E+2	0,000E+0	3,589E-1	3,562E-1	0,000E+0	6	0001
372,100	38,900	41,000	7,990E+1	0,000E+0	1,770E+2	1,772E+2	0,000E+0	3,575E-1	3,552E-1	0,000E+0	6	0001
373,101	39,100	40,900	8,000E+1	0,000E+0	1,775E+2	1,771E+2	0,000E+0	3,596E-1	3,559E-1	0,000E+0	6	0001
374,101	39,200	41,000	8,020E+1	0,000E+0	1,773E+2	1,774E+2	0,000E+0	3,609E-1	3,561E-1	0,000E+0	6	0001
375,101	39,200	41,000	8,020E+1	0,000E+0	1,773E+2	1,774E+2	0,000E+0	3,609E-1	3,561E-1	0,000E+0	6	0001
376,102	39,200	41,000	8,020E+1	0,000E+0	1,773E+2	1,774E+2	0,000E+0	3,609E-1	3,561E-1	0,000E+0	6	0001
377,103	39,200	41,000	8,020E+1	0,000E+0	1,773E+2	1,774E+2	0,000E+0	3,609E-1	3,561E-1	0,000E+0	6	0001
378,103	39,200	40,900	8,010E+1	0,000E+0	1,775E+2	1,770E+2	0,000E+0	3,602E-1	3,559E-1	0,000E+0	6	0001
379,103	39,200	40,900	8,010E+1	0,000E+0	1,775E+2	1,770E+2	0,000E+0	3,602E-1	3,559E-1	0,000E+0	6	0001
380,103	39,200	40,900	8,010E+1	0,000E+0	1,775E+2	1,770E+2	0,000E+0	3,602E-1	3,559E-1	0,000E+0	6	0001
381,103	39,100	41,000	8,010E+1	0,000E+0	1,771E+2	1,771E+2	0,000E+0	3,603E-1	3,560E-1	0,000E+0	6	0001
382,103	39,100	41,000	8,010E+1	0,000E+0	1,771E+2	1,771E+2	0,000E+0	3,603E-1	3,560E-1	0,000E+0	6	0001
383,104	39,100	41,000	8,010E+1	0,000E+0	1,772E+2	1,771E+2	0,000E+0	3,596E-1	3,559E-1	0,000E+0	6	0001
384,104	39,100	41,000	8,010E+1	0,000E+0	1,772E+2	1,771E+2	0,000E+0	3,596E-1	3,559E-1	0,000E+0	6	0001
385,104	39,000	40,900	7,990E+1	0,000E+0	1,775E+2	1,772E+2	0,000E+0	3,591E-1	3,553E-1	0,000E+0	6	0001
386,104	38,900	40,700	7,960E+1	0,000E+0	1,779E+2	1,775E+2	0,000E+0	3,583E-1	3,538E-1	0,000E+0	6	0001
387,105	39,100	40,800	7,990E+1	0,000E+0	1,775E+2	1,774E+2	0,000E+0	3,593E-1	3,541E-1	0,000E+0	6	0001
388,106	39,100	41,100	8,020E+1	0,000E+0	1,776E+2	1,775E+2	0,000E+0	3,598E-1	3,564E-1	0,000E+0	6	0001
389,107	38,900	40,900	7,980E+1	0,000E+0	1,775E+2	1,771E+2	0,000E+0	3,588E-1	3,556E-1	0,000E+0	6	0001
390,108	39,100	40,900	8,000E+1	0,000E+0	1,776E+2	1,772E+2	0,000E+0	3,592E-1	3,551E-1	0,000E+0	6	0001
391,108	39,000	40,800	7,980E+1	0,000E+0	1,774E+2	1,772E+2	0,000E+0	3,590E-1	3,542E-1	0,000E+0	6	0001
392,108	39,100	41,200	8,030E+1	0,000E+0	1,771E+2	1,771E+2	0,000E+0	3,605E-1	3,570E-1	0,000E+0	6	0001
393,108	39,000	40,900	7,990E+1	0,000E+0	1,771E+2	1,770E+2	0,000E+0	3,600E-1	3,561E-1	0,000E+0	6	0001
394,109	39,000	40,600	7,960E+1	0,000E+0	1,771E+2	1,771E+2	0,000E+0	3,582E-1	3,537E-1	0,000E+0	6	0001
395,110	38,900	41,000	7,990E+1	0,000E+0	1,770E+2	1,772E+2	0,000E+0	3,579E-1	3,554E-1	0,000E+0	6	0001
396,110	39,400	41,000	8,040E+1	0,000E+0	1,774E+2	1,772E+2	0,000E+0	3,611E-1	3,570E-1	0,000E+0	6	0001
397,111	39,400	41,000	8,040E+1	0,000E+0	1,774E+2	1,772E+2	0,000E+0	3,611E-1	3,570E-1	0,000E+0	6	0001
398,111	39,000	40,800	7,980E+1	0,000E+0	1,773E+2	1,770E+2	0,000E+0	3,595E-1	3,549E-1	0,000E+0	6	0001
399,111	39,400	41,400	8,080E+1	0,000E+0	1,775E+2	1,771E+2	0,000E+0	3,623E-1	3,592E-1	0,000E+0	6	0001
400,111	39,000	41,200	8,020E+1	0,000E+0	1,770E+2	1,773E+2	0,000E+0	3,596E-1	3,574E-1	0,000E+0	6	0001
401,111	39,100	40,900	8,000E+1	0,000E+0	1,774E+2	1,772E+2	0,000E+0	3,600E-1	3,551E-1	0,000E+0	6	0001
402,111	39,000	41,100	8,010E+1	0,000E+0	1,773E+2	1,772E+2	0,000E+0	3,592E-1	3,562E-1	0,000E+0	6	0001
403,111	39,000	41,000	8,000E+1	0,000E+0	1,773E+2	1,770E+2	0,000E+0	3,596E-1	3,563E-1	0,000E+0	6	0001
404,111	39,000	40,700	7,970E+1	0,000E+0	1,772E+2	1,769E+2	0,000E+0	3,587E-1	3,548E-1	0,000E+0	6	0001
405,112	39,000	41,000	8,000E+1	0,000E+0	1,773E+2	1,771E+2	0,000E+0	3,591E-1	3,559E-1	0,000E+0	6	0001
406,112	38,700	40,800	7,950E+1	0,000E+0	1,771E+2	1,772E+2	0,000E+0	3,567E-1	3,541E-1	0,000E+0	6	0001
407,112	39,000	40,600	7,960E+1	0,000E+0	1,773E+2	1,769E+2	0,000E+0	3,583E-1	3,537E-1	0,000E+0	6	0001
408,113	39,000	40,600	7,960E+1	0,000E+0	1,773E+2	1,769E+2	0,000E+0	3,583E-1	3,537E-1	0,000E+0	6	0001
409,113	39,000	40,600	7,960E+1	0,000E+0	1,773E+2	1,769E+2	0,000E+0	3,583E-1	3,537E-1	0,000E+0	6	0001
410,114	39,100	40,800	7,990E+1	0,000E+0	1,773E+2	1,771E+2	0,000E+0	3,591E-1	3,550E-1	0,000E+0	6	0010
411,114	39,100	41,100	8,020E+1	0,000E+0	1,774E+2	1,774E+2	0,000E+0	3,595E-1	3,565E-1	0,000E+0	6	0010
412,114	39,100	40,900	8,000E+1	0,000E+0	1,776E+2	1,775E+2	0,000E+0	3,593E-1	3,554E-1	0,000E+0	6	0010
413,115	39,100	41,000	8,010E+1	0,000E+0	1,775E+2	1,773E+2	0,000E+0	3,596E-1	3,557E-1	0,000E+0	6	0010
414,115	39,400	40,800	8,020E+1	0,000E+0	1,775E+2	1,773E+2	0,000E+0	3,620E-1	3,558E-1	0,000E+0	6	0010
415,116	39,400	40,800	8,020E+1	0,000E+0	1,775E+2	1,773E+2	0,000E+0	3,620E-1	3,558E-1	0,000E+0	6	0010
416,117	39,000	40,900	7,990E+1	0,000E+0	1,772E+2	1,771E+2	0,000E+0	3,583E-1	3,547E-1	0,000E+0	6	0010
417,118	39,000	40,900	7,990E+1	0,000E+0	1,772E+2	1,772E+2	0,000E+0	3,586E-1	3,551E-1	0,000E+0	6	0010
418,119	39,300	41,200	8,050E+1	0,000E+0	1,772E+2	1,772E+2	0,000E+0	3,609E-1	3,575E-1	0,000E+0	6	0010
419,119	39,100	40,900	8,000E+1	0,000E+0	1,772E+2	1,770E+2	0,000E+0	3,592E-1	3,551E-1	0,000E+0	6	0010
420,119	39,100	41,000	8,010E+1	0,000E+0	1,772E+2	1,771E+2	0,000E+0	3,603E-1	3,564E-1	0,000E+0	6	0010
421,119	39,100	41,000	8,010E+1	0,000E+0	1,772E+2	1,771E+2	0,000E+0	3,603E-1	3,564E-1	0,000E+0	6	0010
422,120	39,100	40,900	8,000E+1	0,000E+0	1,775E+2	1,772E+2	0,000E+0	3,588E-1	3,552E-1	0,000E+0	6	0010
423,121	39,100	41,000	8,010E+1	0,000E+0	1,771E+2	1,771E+2	0,000E+0	3,597E-1	3,562E-1	0,000E+0	6	0010
424,121	39,100	40,900	8,000E+1	0,000E+0	1,772E+2	1,773E+2	0,000E+0	3,592E-1	3,555E-1	0,000E+0	6	0010
425,121	39,100	40,900	8,000E+1	0,000E+0	1,772E+2	1,773E+2	0,000E+0	3,592E-1	3,555E-1	0,000E+0	6	0010
426,120	38,900	40,900	7,980E+1	0,000E+0	1,774E+2	1,772E+2	0,000E+0	3,591E-1	3,555E-1	0,000E+0	6	0010
427,121	38,900	41,100	8,000E+1	0,000E+0	1,774E+2	1,770E+2	0,000E+0	3,591E-1	3,555E-1	0,000E+0	6	0010
428,122	39,000	41,000	8,000E+1	0,000E+0	1,773E+2	1,773E+2	0,000E+0	3,587E-1	3,552E-1	0,000E+0	6	0010
429,122	39,000	41,100	8,010E+1	0,000E+0	1,772E+2	1,772E+2	0,000E+0	3,591E-1	3,566E-1	0,000E+0	6	0010
430,122	38,600	40,800	7,940E+1	0,000E+0	1,772E+2	1,773E+2	0,000E+0	3,561E-1	3,540E-1	0,000E+0	6	0010
431,122	39,100	40,800	7,990E+1	0,000E+0	1,775E+2	1,770E+2	0,000E+0	3,590E-1	3,554E-1	0,000E+0	5	0010
432,122	39,100	40,800	7,990E+1	0,000E+0	1,775E+2	1,772E+2	0,000E+0	3,598E-1	3,549E-1	0,000E+0	2	0010
433,121	39,100	40,800	7,990E+1	0,000E+0	1,775E+2	1,772E+2	0,000E+0	3,598E-1	3,549E-1	0,000E+0	0	0010
434,123	39,100	41,000	8,010E+1	0,000E+0	1,771E+2	1,769E+2	0,000E+0	3,602E-1	3,564E-1	0,000E+0	0	0010
435,123	39,100	41,000	8,010E+1	0,000E+0	1,771E+2	1,769E+2	0,000E+0	3,602E-1	3,564E-1	0,000E+0	0	0010
436,123	39,100	41,000	8,010E+1	0,000E+0	1,771E+2	1,769E+2	0,000E+0	3,602E-1	3,564E-1	0,000E+0	0	0010
437,123	39,100	41,000	8,010E+1	0,000E+0	1,771E+2	1,769E+2	0,000E+0	3,602E-1	3,564E-1	0,000E+0	0	0010
438,123	39,100	41,000	8,010E+1	0,000E+0	1,771E+2	1,769E+2	0,000E+0	3,602E-1	3,564E-1	0,000E+0	0	0010
439,123	39,000	40,900	7,990E+1	0,000E+0	1,772E+2	1,769E+2	0,000E+0	3,597E-1	3,560E-1	0,000E+0	0	0010
440,124	39,000	40,900	7,990E+1	0,000E+0	1,772E+2	1,769E+2	0,000E+0	3,597E-1	3,560E-1	0,000E+0	0	0010
441,124	39,000	40,900	7,990E+1	0,000E+0	1,772E+2	1,769E+2	0,000E+0	3,597E-1	3,560E-1	0,000E+0	0	0010
442,124	39,000	40,900	7,990E+1	0,000E+0	1,772E+2	1,769E+2	0,000E+0	3,597E-1	3,560E-1	0,000E+0	0	0010
443,125	39,000	40,900	7,990E+1	0,000E+0	1,770E+2	1,770E+2	0,000E+0	3,593E-1	3,561E-1	0,000E+0	0	0010
444,125	39,000	40,900	7,990E+1	0,000E+0	1,770E+2	1,770E+2	0,000E+0	3,593E-1	3,561E-1	0,000E+0	0	0010
445,126	39,300	41,000	8,030E+1	0,000E+0	1,772E+2	1,770E+2	0,000E+0	3,607E-1	3,563E-1	0,000E+0	0	0010
446,126	39,300	41,000	8,030E+1	0,000E+0	1,772E+2	1,770E+2	0,000E+0	3,607E-1	3,563E-1	0,000E+0	0	0010
447,126	39,300	40,900	8,020E+1	0,000E+0	1,773E+2	1,767E+2	0,000E+0	3,616E-1	3,563E-1	0,000E+0	0	0010
448,126	38,900	41,000	7,990E+1	0,000E+0	1,769E+2	1,770E+2	0,000E+0	3,581E-1	3,560E-1	0,000E+0	0	0010
449,126	39,000	40,800	7,980E+1	0,000E+0	1,771E+2	1,767E+2	0,000E+0	3,593E-1	3,556E-1	0,000E+0	0	0010
450,126	39,000	41,100	8,010E+1	0,000E+0	1,770E+2	1,771E+2	0,000E+0	3,596E-1	3,561E-1	0,000E+0	0	0010
451,126	39,100	40,800	7,990E+1	0,000E+0	1,770E+2	1,769E+2	0,000E+0	3,595E-1	3,553E-1	0,000E+0	0	0010
452,126	39,200	40,800	8,000E+1	0,000E+0	1,773E+2	1,768E+2	0,000E+0	3,602E-1	3,556E-1	0,000E+0	0	0010
453,127	39,200	40,800	8,000E+1	0,000E+0	1,773E+2	1,768E+2	0,000E+0	3,602E-1	3,556E-1	0,000E+0	0	0010
454,127	38,700	41,000	7,970E+1	0,000E+0	1,768E+2	1,768E+2	0,000E+0	3,582E-1	3,554E-1	0,000E+0	0	0010
455,127	38,900	41,000	7,990E+1	0,000E+0	1,768E+2	1,768E+2	0,000E+0	3,590E-1	3,557E-1	0,000E+0	0	0010
456,128	39,200	41,200	8,040E+1	0,000E+0	1,769E+2	1,769E+2	0,000E+0	3,609E-1	3,581E-1	0,000E+0	0	0010
457,128	39,000	40,800	7,980E+1	0,000E+0	1,770E+2	1,769E+2	0,000E+0	3,587E-1	3,549E-1	0,000E+0	0	0010
458,128	39,000	40,700	7,970E+1	0,000E+0	1,771E+2	1,769E+2	0,000E+0	3,592E-1	3,549E-1	0,000E+0	0	0010
459,128	39,000	40,700	7,970E+1	0,000E+0	1,771E+2	1,769E+2	0,000E+0	3,592E-1	3,549E-1	0,000E+0	0	0010
460,128	39,300	41,100	8,040E+1	0,000E+0	1,772E+2	1,768E+2	0,000E+0	3,615E-1	3,567E-1	0,000E+0	0	0010
461,128	39,300	40,900	8,020E+1	0,000E+0	1,769E+2	1,768E+2	0,000E+0	3,613E-1	3,562E-1	0,000E+0	0	0010
462,128	39,100	41,000	8,010E+1	0,000E+0	1,771E+2	1,766E+2	0,000E+0	3,600E-1	3,571E-1	0,000E+0	0	0010
463,128	39,200	41,200	8,040E+1	0,000E+0	1,769E+2	1,769E+2	0,000E+0	3,621E-1	3,579E-1	0,000E+0	0	0010
464,128	39,200	41,000	8,020E+1	0,000E+0	1,769E+2	1,768E+2	0,000E+0	3,605E-1	3,559E-1	0,000E+0	0	0010
465,128	39,200	41,000	8,020E+1	0,000E+0	1,769E+2	1,768E+2	0,000E+0	3,605E-1	3,559E-1	0,000E+0	0	0010
466,127	38,900	40,800	7,970E+1	0,000E+0	1,769E+2	1,769E+2	0,000E+0	3,579E-1	3,546E-1	0,000E+0	0	0010
467,128	39,100	40,900	8,000E+1	0,000E+0	1,769E+2	1,767E+2	0,000E+0	3,605E-1	3,558E-1	0,000E+0	0	0010
468,128	39,000	40,900	7,990E+1	0,000E+0	1,771E+2	1,768E+2	0,000E+0	3,599E-1	3,556E-1	0,000E+0	0	0010
469,129	38,800	40,800	7,960E+1	0,000E+0	1,770E+2	1,767E+2	0,000E+0	3,579E-1	3,548E-1	0,000E+0	0	0010
470,129	38,900	40,700	7,960E+1	0,000E+0	1,768E+2	1,768E+2	0,000E+0	3,585E-1	3,546E-1	0,000E+0	0	0010
471,129	39,200	40,800	8,000E+1	0,000E+0	1,770E+2	1,768E+2	0,000E+0	3,605E-1	3,556E-1	0,000E+0	0	0010
472,129	39,000	41,100	8,010E+1	0,000E+0	1,770E+2	1,769E+2	0,000E+0	3,596E-1	3,560E-1	0,000E+0	0	0010
473,128	39,200	40,800	8,000E+1	0,000E+0	1,771E+2	1,767E+2	0,000E+0	3,600E-1	3,554E-1	0,000E+0	0	0010
474,129	39,000	41,100	8,010E+1	0,000E+0	1,771E+2	1,768E+2	0,000E+0	3,598E-1	3,569E-1	0,000E+0	0	0010
475,129	39,000	41,100	8,010E+1	0,000E+0	1,771E+2	1,768E+2	0,000E+0	3,598E-1	3,569E-1	0,000E+0	0	0010
476,129	39,100	40,700	7,980E+1	0,000E+0	1,770E+2	1,768E+2	0,000E+0	3,599E-1	3,544E-1	0,000E+0	0	0010
477,129	38,900	40,800	7,970E+1	0,000E+0	1,768E+2	1,767E+2	0,000E+0	3,579E-1	3,556E-1	0,000E+0	0	0010
478,129	39,000	41,100	8,010E+1	0,000E+0	1,769E+2	1,769E+2	0,000E+0	3,603E-1	3,574E-1	0,000E+0	0	0010
479,129	39,100	40,900	8,000E+1	0,000E+0	1,770E+2	1,767E+2	0,000E+0	3,603E-1	3,569E-1	0,000E+0	0	0010
480,129	39,200	41,000	8,020E+1	0,000E+0	1,770E+2	1,768E+2	0,000E+0	3,605E-1	3,574E-1	0,000E+0	0	0010
481,129	39,000	41,000	8,000E+1	0,000E+0	1,770E+2	1,769E+2	0,000E+0	3,596E-1	3,559E-1	0,000E+0	0	0010
482,129	39,000	41,000	8,000E+1	0,000E+0	1,770E+2	1,769E+2	0,000E+0	3,596E-1	3,559E-1	0,000E+0	0	0010
483,129	39,200	41,000	8,020E+1	0,000E+0	1,773E+2	1,770E+2	0,000E+0	3,607E-1	3,560E-1	0,000E+0	0	0010
484,129	39,300	41,100	8,040E+1	0,000E+0	1,771E+2	1,770E+2	0,000E+0	3,623E-1	3,576E-1	0,000E+0	0	0010
485,130	39,100	41,100	8,020E+1	0,000E+0	1,771E+2	1,768E+2	0,000E+0	3,600E-1	3,570E-1	0,000E+0	0	0010
486,130	39,000	40,900	7,990E+1	0,000E+0	1,769E+2	1,769E+2	0,000E+0	3,594E-1	3,553E-1	0,000E+0	0	0010
487,130	39,100	41,000	8,010E+1	0,000E+0	1,770E+2	1,769E+2	0,000E+0	3,598E-1	3,562E-1	0,000E+0	0	0010
488,131	39,200	41,200	8,040E+1	0,000E+0	1,771E+2	1,770E+2	0,000E+0	3,609E-1	3,574E-1	0,000E+0	1	0010
489,131	38,800	40,700	7,950E+1	0,000E+0	1,769E+2	1,771E+2	0,000E+0	3,575E-1	3,543E-1	0,000E+0	2	0010
490,132	38,900	40,800	7,970E+1	0,000E+0	1,772E+2	1,770E+2	0,000E+0	3,590E-1	3,558E-1	0,000E+0	3	0010
491,132	39,100	40,900	8,000E+1	0,000E+0	1,772E+2	1,771E+2	0,000E+0	3,594E-1	3,561E-1	0,000E+0	4	0010
492,133	39,100	40,900	8,000E+1	0,000E+0	1,772E+2	1,771E+2	0,000E+0	3,594E-1	3,561E-1	0,000E+0	5	0010
493,133	39,100	40,900	8,000E+1	0,000E+0	1,773E+2	1,772E+2	0,000E+0	3,598E-1	3,553E-1	0,000E+0	6	0010
494,133	38,900	41,000	7,990E+1	0,000E+0	1,772E+2	1,772E+2	0,000E+0	3,586E-1	3,556E-1	0,000E+0	6	0010
495,133	38,900	41,000	7,990E+1	0,000E+0	1,772E+2	1,770E+2	0,000E+0	3,587E-1	3,565E-1	0,000E+0	7	0010
496,133	39,000	41,000	8,000E+1	0,000E+0	1,772E+2	1,772E+2	0,000E+0	3,594E-1	3,560E-1	0,000E+0	7	0010
497,133	38,900	41,000	7,990E+1	0,000E+0	1,773E+2	1,771E+2	0,000E+0	3,588E-1	3,561E-1	0,000E+0	7	0010
498,133	39,000	41,200	8,020E+1	0,000E+0	1,773E+2	1,772E+2	0,000E+0	3,598E-1	3,578E-1	0,000E+0	7	0010
499,133	39,100	40,500	7,960E+1	0,000E+0	1,774E+2	1,771E+2	0,000E+0	3,590E-1	3,535E-1	0,000E+0	7	0010
500,134	38,800	41,100	7,990E+1	0,000E+0	1,772E+2	1,772E+2	0,000E+0	3,586E-1	3,563E-1	0,000E+0	7	0010
501,134	39,000	41,000	8,000E+1	0,000E+0	1,774E+2	1,772E+2	0,000E+0	3,589E-1	3,563E-1	0,000E+0	7	0010
502,134	39,000	41,000	8,000E+1	0,000E+0	1,774E+2	1,772E+2	0,000E+0	3,589E-1	3,563E-1	0,000E+0	7	0010
503,134	39,100	40,900	8,000E+1	0,000E+0	1,773E+2	1,771E+2	0,000E+0	3,601E-1	3,565E-1	0,000E+0	7	0010
504,134	39,300	41,000	8,030E+1	0,000E+0	1,775E+2	1,772E+2	0,000E+0	3,611E-1	3,564E-1	0,000E+0	7	0010
505,135	39,200	41,200	8,040E+1	0,000E+0	1,773E+2	1,772E+2	0,000E+0	3,607E-1	3,574E-1	0,000E+0	7	0010
506,136	39,000	41,100	8,010E+1	0,000E+0	1,773E+2	1,771E+2	0,000E+0	3,597E-1	3,571E-1	0,000E+0	7	0010
507,136	39,200	40,900	8,010E+1	0,000E+0	1,774E+2	1,771E+2	0,000E+0	3,598E-1	3,556E-1	0,000E+0	7	0010
508,136	38,900	40,700	7,960E+1	0,000E+0	1,773E+2	1,770E+2	0,000E+0	3,586E-1	3,541E-1	0,000E+0	7	0010
509,137	38,900	40,700	7,960E+1	0,000E+0	1,773E+2	1,770E+2	0,000E+0	3,586E-1	3,541E-1	0,000E+0	7	0010
510,138	38,900	41,000	7,990E+1	0,000E+0	1,772E+2	1,773E+2	0,000E+0	3,588E-1	3,554E-1	0,000E+0	7	0010
511,138	39,000	40,900	7,990E+1	0,000E+0	1,773E+2	1,771E+2	0,000E+0	3,586E-1	3,553E-1	0,000E+0	7	0010
512,137	39,100	40,800	7,990E+1	0,000E+0	1,772E+2	1,772E+2	0,000E+0	3,597E-1	3,550E-1	0,000E+0	7	0010
513,138	39,200	40,900	8,010E+1	0,000E+0	1,772E+2	1,771E+2	0,000E+0	3,605E-1	3,560E-1	0,000E+0	7	0010
514,138	38,900	41,100	8,000E+1	0,000E+0	1,771E+2	1,772E+2	0,000E+0	3,593E-1	3,569E-1	0,000E+0	7	0010
515,139	38,900	41,100	8,000E+1	0,000E+0	1,771E+2	1,772E+2	0,000E+0	3,593E-1	3,569E-1	0,000E+0	7	0010
516,139	39,000	40,900	7,990E+1	0,000E+0	1,774E+2	1,772E+2	0,000E+0	3,585E-1	3,552E-1	0,000E+0	7	0010
517,140	39,000	40,900	7,990E+1	0,000E+0	1,774E+2	1,772E+2	0,000E+0	3,585E-1	3,552E-1	0,000E+0	7	0010
518,141	39,000	40,800	7,980E+1	0,000E+0	1,772E+2	1,771E+2	0,000E+0	3,592E-1	3,554E-1	0,000E+0	7	0010
519,141	39,000	41,000	8,000E+1	0,000E+0	1,772E+2	1,772E+2	0,000E+0	3,592E-1	3,566E-1	0,000E+0	7	0010
520,141	39,100	41,100	8,020E+1	0,000E+0	1,769E+2	1,773E+2	0,000E+0	3,600E-1	3,570E-1	0,000E+0	7	0010
521,141	39,000	40,800	7,980E+1	0,000E+0	1,772E+2	1,771E+2	0,000E+0	3,592E-1	3,553E-1	0,000E+0	7	0010
522,141	39,100	40,900	8,000E+1	0,000E+0	1,773E+2	1,771E+2	0,000E+0	3,604E-1	3,555E-1	0,000E+0	7	0010
523,141	39,100	40,900	8,000E+1	0,000E+0	1,773E+2	1,771E+2	0,000E+0	3,604E-1	3,555E-1	0,000E+0	7	0010
524,141	38,900	40,500	7,940E+1	0,000E+0	1,772E+2	1,769E+2	0,000E+0	3,587E-1	3,531E-1	0,000E+0	7	0010
525,141	39,100	41,100	8,020E+1	0,000E+0	1,771E+2	1,772E+2	0,000E+0	3,601E-1	3,567E-1	0,000E+0	7	0010
526,141	39,100	41,100	8,020E+1	0,000E+0	1,771E+2	1,772E+2	0,000E+0	3,601E-1	3,567E-1	0,000E+0	7	0010
527,142	39,100	41,000	8,010E+1	0,000E+0	1,771E+2	1,771E+2	0,000E+0	3,604E-1	3,562E-1	0,000E+0	7	0010
528,143	39,300	41,400	8,070E+1	0,000E+0	1,772E+2	1,771E+2	0,000E+0	3,625E-1	3,587E-1	0,000E+0	7	0010
529,143	39,000	41,300	8,030E+1	0,000E+0	1,772E+2	1,772E+2	0,000E+0	3,598E-1	3,578E-1	0,000E+0	7	0010
530,143	39,200	40,700	7,990E+1	0,000E+0	1,772E+2	1,770E+2	0,000E+0	3,598E-1	3,546E-1	0,000E+0	7	0010
531,144	39,000	40,800	7,980E+1	0,000E+0	1,772E+2	1,772E+2	0,000E+0	3,585E-1	3,544E-1	0,000E+0	7	0010
532,144	39,000	40,800	7,980E+1	0,000E+0	1,771E+2	1,770E+2	0,000E+0	3,590E-1	3,550E-1	0,000E+0	7	0010
533,144	39,100	40,900	8,000E+1	0,000E+0	1,773E+2	1,771E+2	0,000E+0	3,599E-1	3,549E-1	0,000E+0	7	0010
534,144	39,200	40,800	8,000E+1	0,000E+0	1,771E+2	1,771E+2	0,000E+0	3,606E-1	3,552E-1	0,000E+0	7	0010
535,145	39,200	40,800	8,000E+1	0,000E+0	1,771E+2	1,771E+2	0,000E+0	3,606E-1	3,552E-1	0,000E+0	7	0010
536,146	32,400	32,700	6,510E+1	0,000E+0	1,758E+2	1,754E+2	0,000E+0	2,962E-1	2,931E-1	0,000E+0	7	0010
537,147	32,000	32,300	6,430E+1	0,000E+0	1,756E+2	1,756E+2	0,000E+0	2,917E-1	2,880E-1	0,000E+0	7	0010
538,148	32,000	32,300	6,430E+1	0,000E+0	1,756E+2	1,756E+2	0,000E+0	2,917E-1	2,880E-1	0,000E+0	7	0010
539,148	31,500	31,500	6,300E+1	0,000E+0	1,755E+2	1,754E+2	0,000E+0	2,875E-1	2,827E-1	0,000E+0	7	0010
540,149	30,300	30,200	6,050E+1	0,000E+0	1,753E+2	1,749E+2	0,000E+0	2,756E-1	2,726E-1	0,000E+0	7	0010
541,149	29,400	29,100	5,850E+1	0,000E+0	1,750E+2	1,746E+2	0,000E+0	2,675E-1	2,647E-1	0,000E+0	7	0010
542,150	28,800	28,400	5,720E+1	0,000E+0	1,749E+2	1,747E+2	0,000E+0	2,623E-1	2,588E-1	0,000E+0	7	0010
543,151	28,200	27,900	5,610E+1	0,000E+0	1,747E+2	1,748E+2	0,000E+0	2,572E-1	2,546E-1	0,000E+0	7	0010
544,152	27,800	27,300	5,510E+1	0,000E+0	1,747E+2	1,744E+2	0,000E+0	2,536E-1	2,506E-1	0,000E+0	7	0010
545,152	27,800	27,300	5,510E+1	0,000E+0	1,747E+2	1,744E+2	0,000E+0	2,536E-1	2,506E-1	0,000E+0	7	0010
546,152	27,800	27,300	5,510E+1	0,000E+0	1,747E+2	1,744E+2	0,000E+0	2,536E-1	2,506E-1	0,000E+0	7	0010
547,152	26,100	25,400	5,150E+1	0,000E+0	1,740E+2	1,740E+2	0,000E+0	2,378E-1	2,358E-1	0,000E+0	7	0010
548,152	25,500	24,900	5,040E+1	0,000E+0	1,740E+2	1,739E+2	0,000E+0	2,337E-1	2,319E-1	0,000E+0	7	0010
549,153	25,500	24,700	5,020E+1	0,000E+0	1,738E+2	1,740E+2	0,000E+0	2,335E-1	2,302E-1	0,000E+0	7	0010
550,154	25,200	24,600	4,980E+1	0,000E+0	1,739E+2	1,741E+2	0,000E+0	2,308E-1	2,295E-1	0,000E+0	7	0010
551,154	24,900	23,900	4,880E+1	0,000E+0	1,739E+2	1,738E+2	0,000E+0	2,269E-1	2,242E-1	0,000E+0	7	0010
552,155	25,100	24,200	4,930E+1	0,000E+0	1,740E+2	1,738E+2	0,000E+0	2,293E-1	2,258E-1	0,000E+0	7	0010
553,155	25,100	24,200	4,930E+1	0,000E+0	1,740E+2	1,738E+2	0,000E+0	2,293E-1	2,258E-1	0,000E+0	7	0010
554,155	25,400	24,400	4,980E+1	0,000E+0	1,741E+2	1,740E+2	0,000E+0	2,311E-1	2,277E-1	0,000E+0	7	0010
555,155	25,400	24,400	4,980E+1	0,000E+0	1,741E+2	1,740E+2	0,000E+0	2,311E-1	2,277E-1	0,000E+0	7	0010
556,155	25,300	24,700	5,000E+1	0,000E+0	1,739E+2	1,740E+2	0,000E+0	2,318E-1	2,299E-1	0,000E+0	7	0010
557,155	25,200	24,500	4,970E+1	0,000E+0	1,740E+2	1,739E+2	0,000E+0	2,308E-1	2,293E-1	0,000E+0	7	0010
558,155	25,200	24,600	4,980E+1	0,000E+0	1,741E+2	1,742E+2	0,000E+0	2,301E-1	2,291E-1	0,000E+0	7	0010
559,155	22,700	21,700	4,440E+1	0,000E+0	1,733E+2	1,733E+2	0,000E+0	2,109E-1	2,089E-1	0,000E+0	7	0010
560,156	24,500	23,600	4,810E+1	0,000E+0	1,735E+2	1,736E+2	0,000E+0	2,243E-1	2,223E-1	0,000E+0	7	0010
561,156	24,400	23,300	4,770E+1	0,000E+0	1,738E+2	1,736E+2	0,000E+0	2,227E-1	2,197E-1	0,000E+0	7	0010
562,156	24,200	23,300	4,750E+1	0,000E+0	1,738E+2	1,738E+2	0,000E+0	2,211E-1	2,189E-1	0,000E+0	7	0010
563,156	24,200	23,300	4,750E+1	0,000E+0	1,738E+2	1,738E+2	0,000E+0	2,211E-1	2,189E-1	0,000E+0	7	0010
564,156	24,600	23,700	4,830E+1	0,000E+0	1,735E+2	1,734E+2	0,000E+0	2,264E-1	2,242E-1	0,000E+0	7	0010
565,156	24,800	23,900	4,870E+1	0,000E+0	1,740E+2	1,739E+2	0,000E+0	2,268E-1	2,239E-1	0,000E+0	7	0010
566,156	24,800	24,000	4,880E+1	0,000E+0	1,739E+2	1,736E+2	0,000E+0	2,271E-1	2,247E-1	0,000E+0	7	0010
567,156	20,400	19,400	3,980E+1	0,000E+0	1,736E+2	1,735E+2	0,000E+0	1,935E-1	1,908E-1	0,000E+0	7	0010
568,156	20,400	19,400	3,980E+1	0,000E+0	1,736E+2	1,735E+2	0,000E+0	1,935E-1	1,908E-1	0,000E+0	7	0010
569,156	13,400	12,500	2,590E+1	0,000E+0	1,714E+2	1,715E+2	0,000E+0	1,321E-1	1,304E-1	0,000E+0	7	0010
570,157	13,600	12,800	2,640E+1	0,000E+0	1,694E+2	1,696E+2	0,000E+0	1,371E-1	1,359E-1	0,000E+0	7	0010
571,157	14,900	13,800	2,870E+1	0,000E+0	1,709E+2	1,707E+2	0,000E+0	1,465E-1	1,442E-1	0,000E+0	7	0010
572,157	14,100	13,200	2,730E+1	0,000E+0	1,710E+2	1,706E+2	0,000E+0	1,398E-1	1,383E-1	0,000E+0	7	0010
573,157	13,800	12,800	2,660E+1	0,000E+0	1,706E+2	1,703E+2	0,000E+0	1,375E-1	1,352E-1	0,000E+0	7	0010
574,158	14,000	13,200	2,720E+1	0,000E+0	1,705E+2	1,705E+2	0,000E+0	1,397E-1	1,381E-1	0,000E+0	7	0010
575,158	14,000	13,100	2,710E+1	0,000E+0	1,707E+2	1,706E+2	0,000E+0	1,390E-1	1,374E-1	0,000E+0	7	0010
576,158	14,000	13,100	2,710E+1	0,000E+0	1,706E+2	1,706E+2	0,000E+0	1,390E-1	1,375E-1	0,000E+0	7	0010
577,159	14,000	13,200	2,720E+1	0,000E+0	1,706E+2	1,705E+2	0,000E+0	1,392E-1	1,381E-1	0,000E+0	7	0010
578,159	14,200	13,300	2,750E+1	0,000E+0	1,707E+2	1,708E+2	0,000E+0	1,408E-1	1,391E-1	0,000E+0	7	0010
579,159	14,000	13,100	2,710E+1	0,000E+0	1,707E+2	1,705E+2	0,000E+0	1,395E-1	1,373E-1	0,000E+0	7	0010
580,159	14,000	13,100	2,710E+1	0,000E+0	1,707E+2	1,705E+2	0,000E+0	1,395E-1	1,373E-1	0,000E+0	7	0010
581,160	14,100	13,200	2,730E+1	0,000E+0	1,704E+2	1,706E+2	0,000E+0	1,397E-1	1,381E-1	0,000E+0	7	0010
582,161	14,100	13,200	2,730E+1	0,000E+0	1,708E+2	1,705E+2	0,000E+0	1,400E-1	1,380E-1	0,000E+0	7	0010
583,161	14,000	13,100	2,710E+1	0,000E+0	1,707E+2	1,707E+2	0,000E+0	1,392E-1	1,374E-1	0,000E+0	7	0010
584,161	14,100	13,200	2,730E+1	0,000E+0	1,706E+2	1,705E+2	0,000E+0	1,402E-1	1,381E-1	0,000E+0	7	0010
585,162	14,000	13,200	2,720E+1	0,000E+0	1,705E+2	1,706E+2	0,000E+0	1,392E-1	1,380E-1	0,000E+0	7	0010
586,162	14,400	13,400	2,780E+1	0,000E+0	1,708E+2	1,708E+2	0,000E+0	1,421E-1	1,405E-1	0,000E+0	7	0010
587,162	13,700	12,800	2,650E+1	0,000E+0	1,701E+2	1,699E+2	0,000E+0	1,367E-1	1,353E-1	0,000E+0	7	0010
588,162	3,400	2,800	6,200E+0	0,000E+0	1,420E+2	1,418E+2	0,000E+0	5,300E-2	5,220E-2	0,000E+0	7	0010
589,161	0,100	0,200	3,000E-1	0,000E+0	1,018E+2	1,018E+2	0,000E+0	0,000E+0	0,000E+0	0,000E+0	7	0010
590,162	0,100	0,200	3,000E-1	0,000E+0	8,221E+1	8,200E+1	0,000E+0	0,000E+0	0,000E+0	0,000E+0	7	0010
591,163	0,100	0,200	3,000E-1	0,000E+0	8,221E+1	8,200E+1	0,000E+0	0,000E+0	0,000E+0	0,000E+0	7	0010
592,163	0,100	0,100	2,000E-1	0,000E+0	5,215E+1	5,211E+1	0,000E+0	0,000E+0	0,000E+0	0,000E+0	7	0010
593,163	0,000	0,000	0,000E+0	0,000E+0	3,827E+1	3,827E+1	0,000E+0	0,000E+0	0,000E+0	0,000E+0	7	0010
594,164	0,000	0,000	0,000E+0	0,000E+0	2,655E+1	2,633E+1	0,000E+0	0,000E+0	0,000E+0	0,000E+0	7	0010
