t	IF	IR	VF	VR	VelSP	VelRE
0,000	0,000	0,000	0,000E+0	2,400E+1	0,000E+0
0,002	0,000	0,000	0,000E+0	2,400E+1	0,000E+0	0,000E+0
1,002	0,000	0,000	3,000E-1	2,400E+1	0,000E+0	0,000E+0
2,003	0,000	0,000	3,000E-1	2,400E+1	0,000E+0	0,000E+0
3,003	0,000	0,000	3,000E-1	2,400E+1	0,000E+0	0,000E+0
4,004	0,000	0,000	3,000E-1	2,400E+1	0,000E+0	0,000E+0
5,003	0,000	0,000	3,000E-1	2,400E+1	0,000E+0	0,000E+0
6,003	0,000	0,000	3,000E-1	2,400E+1	0,000E+0	0,000E+0
7,003	0,000	0,000	3,000E-1	2,400E+1	0,000E+0	0,000E+0
8,003	0,000	0,000	3,000E-1	2,400E+1	0,000E+0	0,000E+0
9,004	0,000	0,000	3,000E-1	2,400E+1	0,000E+0	0,000E+0
10,004	0,000	0,000	3,000E-1	2,400E+1	0,000E+0	0,000E+0
11,005	0,000	0,000	3,000E-1	2,400E+1	0,000E+0	0,000E+0
12,004	0,000	0,000	3,000E-1	2,400E+1	0,000E+0	0,000E+0
13,004	0,000	0,000	3,000E-1	2,400E+1	0,000E+0	0,000E+0
14,004	0,000	0,000	3,000E-1	2,400E+1	0,000E+0	0,000E+0
15,004	0,000	0,000	3,000E-1	2,400E+1	0,000E+0	0,000E+0
16,005	0,000	0,000	3,000E-1	2,400E+1	0,000E+0	0,000E+0
17,005	0,000	0,000	3,000E-1	2,400E+1	3,500E+3	0,000E+0
18,006	0,000	0,000	3,000E-1	2,400E+1	3,500E+3	0,000E+0
19,005	0,000	0,000	3,000E-1	2,400E+1	3,500E+3	0,000E+0
20,005	0,000	0,000	3,000E-1	2,400E+1	3,500E+3	0,000E+0
21,005	0,000	0,000	3,000E-1	2,400E+1	3,500E+3	0,000E+0
22,005	0,000	0,000	3,000E-1	2,400E+1	3,500E+3	0,000E+0
23,005	0,000	0,000	3,000E-1	2,400E+1	3,500E+3	0,000E+0
24,005	0,000	0,000	3,000E-1	2,400E+1	3,500E+3	0,000E+0
25,006	0,000	0,000	3,000E-1	2,400E+1	3,500E+3	0,000E+0
26,006	0,000	0,000	3,000E-1	2,400E+1	3,500E+3	1,011E+3
27,006	0,000	0,000	3,000E-1	2,400E+1	3,500E+3	3,810E+3
28,006	0,000	0,000	3,000E-1	2,400E+1	3,500E+3	3,783E+3
29,006	0,000	0,000	3,000E-1	2,400E+1	3,500E+3	3,507E+3
30,008	0,000	0,000	3,000E-1	2,400E+1	3,500E+3	3,303E+3
31,007	0,000	0,000	3,000E-1	2,400E+1	3,500E+3	3,360E+3
32,007	0,000	0,000	3,000E-1	2,400E+1	3,500E+3	3,529E+3
33,007	0,000	0,000	3,000E-1	2,400E+1	3,500E+3	3,522E+3
34,007	0,000	0,000	3,000E-1	2,400E+1	3,500E+3	3,490E+3
35,007	0,000	0,000	3,000E-1	2,400E+1	3,500E+3	3,481E+3
36,008	0,000	0,000	3,000E-1	2,400E+1	3,000E+3	3,363E+3
37,009	0,000	0,000	3,000E-1	2,400E+1	3,000E+3	3,050E+3
38,009	0,000	0,000	3,000E-1	2,400E+1	3,000E+3	2,788E+3
39,009	0,000	0,000	3,000E-1	2,400E+1	3,000E+3	2,751E+3
40,009	0,000	0,000	3,000E-1	2,400E+1	3,000E+3	2,996E+3
41,009	0,000	0,000	3,000E-1	2,400E+1	3,000E+3	3,085E+3
42,009	0,000	0,000	3,000E-1	2,400E+1	3,000E+3	3,036E+3
43,009	0,000	0,000	3,000E-1	2,400E+1	3,000E+3	2,979E+3
44,010	0,000	0,000	3,000E-1	2,400E+1	3,000E+3	2,959E+3
45,009	0,000	0,000	3,000E-1	2,400E+1	3,000E+3	3,007E+3
46,009	0,000	0,000	3,000E-1	2,400E+1	3,000E+3	3,018E+3
47,010	0,000	0,000	3,000E-1	2,400E+1	3,000E+3	2,998E+3
48,010	0,000	0,000	3,000E-1	2,400E+1	3,000E+3	2,991E+3
49,011	0,000	0,000	3,000E-1	2,400E+1	3,000E+3	3,004E+3
50,013	0,000	0,000	3,000E-1	2,400E+1	3,000E+3	3,003E+3
51,013	0,000	0,000	3,000E-1	2,400E+1	3,000E+3	3,001E+3
52,013	0,000	0,000	3,000E-1	2,400E+1	3,000E+3	2,998E+3
53,013	0,000	0,000	3,000E-1	2,400E+1	3,000E+3	2,945E+3
54,014	0,075	0,000	3,000E-1	2,400E+1	3,000E+3	2,944E+3
55,015	0,075	0,000	4,700E+0	2,400E+1	3,000E+3	2,995E+3
56,015	0,099	0,000	5,830E+0	2,400E+1	3,000E+3	2,992E+3
57,015	0,125	0,000	5,830E+0	2,400E+1	3,000E+3	2,976E+3
58,017	0,125	0,000	7,050E+0	2,400E+1	3,000E+3	2,973E+3
59,016	0,144	0,000	8,240E+0	2,400E+1	3,000E+3	2,983E+3
60,016	0,155	0,000	8,240E+0	2,400E+1	3,000E+3	2,993E+3
61,016	0,155	0,000	8,780E+0	2,400E+1	3,000E+3	2,980E+3
62,016	0,165	0,000	9,240E+0	2,400E+1	3,000E+3	2,982E+3
63,016	0,177	0,000	9,240E+0	2,400E+1	3,000E+3	2,977E+3
64,017	0,177	0,000	9,890E+0	2,400E+1	3,000E+3	2,998E+3
65,018	0,177	0,000	9,570E+0	2,400E+1	3,000E+3	2,986E+3
66,017	0,179	0,000	9,930E+0	2,400E+1	3,000E+3	2,991E+3
67,018	0,179	0,000	9,930E+0	2,400E+1	3,000E+3	3,000E+3
68,018	0,185	0,000	1,020E+1	2,400E+1	3,000E+3	2,998E+3
69,018	0,188	0,000	1,020E+1	2,400E+1	3,000E+3	2,993E+3
70,019	0,188	0,000	1,034E+1	2,400E+1	3,000E+3	3,000E+3
71,019	0,188	0,000	1,028E+1	2,400E+1	3,000E+3	2,999E+3
72,019	0,190	0,000	1,028E+1	2,400E+1	3,000E+3	3,001E+3
73,019	0,190	0,000	1,038E+1	2,400E+1	3,000E+3	3,000E+3
74,019	0,192	0,000	1,048E+1	2,400E+1	3,000E+3	3,010E+3
75,019	0,192	0,000	1,048E+1	2,400E+1	3,000E+3	2,999E+3
76,019	0,192	0,000	1,053E+1	2,400E+1	3,000E+3	3,002E+3
77,019	0,192	0,000	1,052E+1	2,400E+1	3,000E+3	2,995E+3
78,020	0,193	0,000	1,058E+1	2,400E+1	3,000E+3	2,998E+3
79,020	0,193	0,000	1,058E+1	2,400E+1	3,000E+3	2,998E+3
80,020	0,194	0,000	1,061E+1	2,400E+1	3,000E+3	3,003E+3
81,022	0,194	0,000	1,061E+1	2,400E+1	3,000E+3	3,004E+3
82,021	0,194	0,000	1,061E+1	2,400E+1	3,000E+3	3,007E+3
83,021	0,194	0,000	1,062E+1	2,400E+1	3,000E+3	3,003E+3
84,021	0,195	0,000	1,062E+1	2,400E+1	3,000E+3	3,013E+3
85,021	0,195	0,000	1,065E+1	2,400E+1	3,000E+3	3,000E+3
86,022	0,195	0,000	1,065E+1	2,400E+1	3,000E+3	3,004E+3
87,021	0,195	0,000	1,065E+1	2,400E+1	3,000E+3	2,993E+3
88,022	0,195	0,000	1,066E+1	2,400E+1	3,000E+3	3,007E+3
89,022	0,195	0,000	1,068E+1	2,400E+1	3,000E+3	2,997E+3
90,022	0,195	0,000	1,068E+1	2,400E+1	3,000E+3	2,998E+3
91,023	0,195	0,000	1,068E+1	2,400E+1	3,000E+3	3,000E+3
92,023	0,195	0,000	1,069E+1	2,400E+1	3,000E+3	3,001E+3
93,023	0,195	0,000	1,069E+1	2,400E+1	3,000E+3	2,999E+3
94,023	0,195	0,000	1,070E+1	2,400E+1	3,000E+3	3,004E+3
95,023	0,195	0,000	1,070E+1	2,400E+1	3,000E+3	2,997E+3
96,023	0,195	0,000	1,070E+1	2,400E+1	3,000E+3	2,995E+3
97,023	0,195	0,000	1,070E+1	2,400E+1	3,000E+3	3,006E+3
98,023	0,196	0,000	1,070E+1	2,400E+1	3,000E+3	3,006E+3
99,023	0,196	0,000	1,070E+1	2,400E+1	3,000E+3	2,997E+3
100,023	0,196	0,000	1,071E+1	2,400E+1	3,000E+3	3,005E+3
101,023	0,196	0,000	1,071E+1	2,400E+1	3,000E+3	3,010E+3
102,023	0,196	0,000	1,071E+1	2,400E+1	3,000E+3	3,002E+3
103,023	0,196	0,000	1,071E+1	2,400E+1	3,000E+3	2,992E+3
104,023	0,196	0,000	1,072E+1	2,400E+1	3,000E+3	3,000E+3
105,024	0,196	0,000	1,072E+1	2,400E+1	3,000E+3	3,002E+3
106,024	0,196	0,000	1,070E+1	2,400E+1	3,000E+3	2,995E+3
107,025	0,196	0,000	1,072E+1	2,400E+1	3,000E+3	3,006E+3
108,024	0,196	0,000	1,072E+1	2,400E+1	3,000E+3	3,010E+3
109,024	0,196	0,000	1,072E+1	2,400E+1	3,000E+3	3,005E+3
110,024	0,196	0,000	1,072E+1	2,400E+1	3,000E+3	2,996E+3
111,024	0,196	0,000	1,072E+1	2,400E+1	3,000E+3	3,001E+3
112,024	0,196	0,000	1,072E+1	2,400E+1	3,000E+3	3,005E+3
113,024	0,196	0,000	1,072E+1	2,400E+1	3,000E+3	2,994E+3
114,025	0,196	0,000	1,072E+1	2,400E+1	3,000E+3	3,008E+3
115,024	0,196	0,000	1,073E+1	2,400E+1	3,000E+3	3,000E+3
116,024	0,196	0,000	1,072E+1	2,400E+1	3,000E+3	3,003E+3
117,024	0,196	0,000	1,072E+1	2,400E+1	3,000E+3	3,001E+3
118,024	0,196	0,000	1,072E+1	2,400E+1	3,000E+3	3,005E+3
119,024	0,196	0,000	1,073E+1	2,400E+1	3,000E+3	3,000E+3
120,024	0,196	0,000	1,073E+1	2,400E+1	3,000E+3	3,001E+3
121,025	0,196	0,000	1,073E+1	2,400E+1	3,000E+3	2,998E+3
122,024	0,196	0,000	1,073E+1	2,400E+1	3,000E+3	2,999E+3
123,024	0,196	0,000	1,073E+1	2,400E+1	3,000E+3	3,007E+3
124,024	0,196	0,000	1,073E+1	2,400E+1	3,000E+3	2,993E+3
125,024	0,196	0,000	1,073E+1	2,400E+1	3,000E+3	2,999E+3
126,025	0,196	0,000	1,074E+1	2,400E+1	3,000E+3	2,999E+3
127,025	0,196	0,000	1,073E+1	2,400E+1	3,000E+3	2,997E+3
128,026	0,196	0,000	1,073E+1	2,400E+1	3,000E+3	2,998E+3
129,033	0,196	0,000	1,073E+1	2,400E+1	3,000E+3	2,992E+3
130,032	0,196	0,000	1,073E+1	2,400E+1	3,000E+3	3,004E+3
131,032	0,196	0,000	1,072E+1	2,400E+1	3,000E+3	3,001E+3
132,032	0,196	0,000	1,072E+1	2,400E+1	3,000E+3	2,997E+3
133,033	0,196	0,000	1,072E+1	2,400E+1	3,000E+3	3,002E+3
134,032	0,196	0,000	1,072E+1	2,400E+1	3,000E+3	3,002E+3
135,034	0,196	0,000	1,074E+1	2,400E+1	3,000E+3	3,008E+3
136,034	0,196	0,000	1,074E+1	2,400E+1	3,000E+3	2,988E+3
137,034	0,196	0,000	1,074E+1	2,400E+1	3,000E+3	2,999E+3
138,034	0,196	0,000	1,073E+1	2,400E+1	3,000E+3	3,000E+3
139,034	0,196	0,000	1,073E+1	2,400E+1	3,000E+3	3,000E+3
140,035	0,196	0,000	1,073E+1	2,400E+1	3,000E+3	3,000E+3
141,034	0,196	0,000	1,073E+1	2,400E+1	3,000E+3	2,998E+3
142,035	0,196	0,000	1,074E+1	2,400E+1	3,000E+3	2,999E+3
143,034	0,196	0,000	1,074E+1	2,400E+1	3,000E+3	2,995E+3
144,034	0,196	0,000	1,074E+1	2,400E+1	3,000E+3	3,000E+3
145,034	0,196	0,000	1,074E+1	2,400E+1	3,000E+3	3,000E+3
146,034	0,196	0,000	1,074E+1	2,400E+1	3,000E+3	3,007E+3
147,034	0,196	0,000	1,074E+1	2,400E+1	3,000E+3	3,015E+3
148,034	0,196	0,000	1,074E+1	2,400E+1	3,000E+3	3,003E+3
149,035	0,196	0,000	1,074E+1	2,400E+1	3,000E+3	2,994E+3
150,035	0,196	0,000	1,074E+1	2,400E+1	3,000E+3	3,000E+3
151,035	0,196	0,000	1,074E+1	2,400E+1	3,000E+3	3,006E+3
152,035	0,196	0,000	1,074E+1	2,400E+1	3,000E+3	3,010E+3
153,036	0,196	0,000	1,075E+1	2,400E+1	3,000E+3	3,006E+3
154,036	0,196	0,000	1,074E+1	2,400E+1	3,000E+3	2,998E+3
155,037	0,196	0,000	1,074E+1	2,400E+1	3,000E+3	2,999E+3
156,038	0,196	0,000	1,076E+1	2,400E+1	3,000E+3	3,009E+3
157,037	0,196	0,000	1,075E+1	2,400E+1	3,000E+3	2,992E+3
158,038	0,196	0,000	1,075E+1	2,400E+1	3,000E+3	3,000E+3
159,037	0,196	0,000	1,075E+1	2,400E+1	3,000E+3	3,003E+3
160,037	0,196	0,000	1,074E+1	2,400E+1	3,000E+3	2,999E+3
161,037	0,196	0,000	1,074E+1	2,400E+1	3,000E+3	2,996E+3
162,037	0,196	0,000	1,075E+1	2,400E+1	3,000E+3	3,000E+3
163,039	0,196	0,000	1,075E+1	2,400E+1	3,000E+3	3,008E+3
164,038	0,196	0,000	1,075E+1	2,400E+1	3,000E+3	3,001E+3
165,038	0,196	0,000	1,075E+1	2,400E+1	3,000E+3	3,008E+3
166,038	0,196	0,000	1,076E+1	2,400E+1	3,000E+3	2,994E+3
167,038	0,196	0,000	1,076E+1	2,400E+1	3,000E+3	3,006E+3
168,038	0,196	0,000	1,076E+1	2,400E+1	3,000E+3	3,010E+3
169,038	0,196	0,000	1,075E+1	2,400E+1	3,000E+3	3,009E+3
170,039	0,196	0,000	1,075E+1	2,400E+1	3,000E+3	3,006E+3
171,038	0,196	0,000	1,075E+1	2,400E+1	3,000E+3	3,004E+3
172,038	0,196	0,000	1,075E+1	2,400E+1	3,000E+3	3,012E+3
173,038	0,196	0,000	1,076E+1	2,400E+1	3,000E+3	3,006E+3
174,038	0,196	0,000	1,076E+1	2,400E+1	3,000E+3	3,003E+3
175,038	0,196	0,000	1,076E+1	2,400E+1	3,000E+3	2,999E+3
176,038	0,196	0,000	1,076E+1	2,400E+1	3,000E+3	2,995E+3
177,039	0,196	0,000	1,076E+1	2,400E+1	3,000E+3	3,004E+3
178,039	0,196	0,000	1,076E+1	2,400E+1	3,000E+3	3,003E+3
179,039	0,196	0,000	1,076E+1	2,400E+1	3,000E+3	3,000E+3
180,039	0,196	0,000	1,076E+1	2,400E+1	3,000E+3	3,001E+3
181,039	0,196	0,000	1,076E+1	2,400E+1	3,000E+3	3,004E+3
182,041	0,196	0,000	1,077E+1	2,400E+1	3,000E+3	3,005E+3
183,040	0,196	0,000	1,077E+1	2,400E+1	3,000E+3	3,001E+3
184,042	0,196	0,000	1,077E+1	2,400E+1	3,000E+3	2,998E+3
185,041	0,196	0,000	1,077E+1	2,400E+1	3,000E+3	2,999E+3
186,041	0,196	0,000	1,077E+1	2,400E+1	3,000E+3	2,997E+3
187,041	0,196	0,000	1,077E+1	2,400E+1	3,000E+3	3,004E+3
188,041	0,196	0,000	1,078E+1	2,400E+1	3,000E+3	3,001E+3
189,043	0,196	0,000	1,078E+1	2,400E+1	3,000E+3	3,003E+3
190,042	0,196	0,000	1,078E+1	2,400E+1	3,000E+3	3,000E+3
191,042	0,196	0,000	1,078E+1	2,400E+1	3,000E+3	2,995E+3
192,042	0,196	0,000	1,078E+1	2,400E+1	3,000E+3	3,001E+3
193,042	0,196	0,000	1,078E+1	2,400E+1	3,000E+3	3,002E+3
194,042	0,196	0,000	1,078E+1	2,400E+1	3,000E+3	2,998E+3
195,042	0,196	0,000	1,078E+1	2,400E+1	3,000E+3	2,989E+3
196,043	0,196	0,000	1,078E+1	2,400E+1	3,000E+3	2,992E+3
197,042	0,196	0,000	1,078E+1	2,400E+1	3,000E+3	3,000E+3
198,043	0,196	0,000	1,079E+1	2,400E+1	3,000E+3	3,005E+3
199,042	0,196	0,000	1,079E+1	2,400E+1	3,000E+3	2,983E+3
200,043	0,196	0,000	1,078E+1	2,400E+1	3,000E+3	3,000E+3
201,043	0,196	0,000	1,078E+1	2,400E+1	3,000E+3	2,994E+3
202,044	0,196	0,000	1,078E+1	2,400E+1	3,000E+3	3,002E+3
203,045	0,196	0,000	1,078E+1	2,400E+1	3,000E+3	2,997E+3
204,044	0,196	0,000	1,078E+1	2,400E+1	3,000E+3	3,009E+3
205,044	0,196	0,000	1,078E+1	2,400E+1	3,000E+3	2,997E+3
206,044	0,196	0,000	1,079E+1	2,400E+1	3,000E+3	3,008E+3
207,045	0,196	0,000	1,079E+1	2,400E+1	3,000E+3	3,003E+3
208,045	0,196	0,000	1,079E+1	2,400E+1	3,000E+3	3,001E+3
209,045	0,196	0,000	1,079E+1	2,400E+1	3,000E+3	2,997E+3
210,046	0,196	0,000	1,079E+1	2,400E+1	3,000E+3	3,003E+3
211,045	0,196	0,000	1,079E+1	2,400E+1	3,000E+3	3,001E+3
212,045	0,196	0,000	1,080E+1	2,400E+1	3,000E+3	3,007E+3
213,045	0,196	0,000	1,080E+1	2,400E+1	3,000E+3	2,999E+3
214,045	0,196	0,000	1,080E+1	2,400E+1	3,000E+3	2,995E+3
215,045	0,196	0,000	1,080E+1	2,400E+1	3,000E+3	2,994E+3
216,045	0,196	0,000	1,079E+1	2,400E+1	3,000E+3	2,994E+3
217,046	0,196	0,000	1,079E+1	2,400E+1	3,000E+3	3,000E+3
218,045	0,196	0,000	1,080E+1	2,400E+1	3,000E+3	3,002E+3
219,045	0,196	0,000	1,080E+1	2,400E+1	3,000E+3	3,003E+3
220,046	0,196	0,000	1,080E+1	2,400E+1	3,000E+3	2,992E+3
221,045	0,196	0,000	1,080E+1	2,400E+1	3,000E+3	3,004E+3
222,046	0,196	0,000	1,080E+1	2,400E+1	3,000E+3	3,000E+3
223,046	0,196	0,000	1,081E+1	2,400E+1	3,000E+3	2,997E+3
224,047	0,196	0,000	1,081E+1	2,400E+1	3,000E+3	2,995E+3
225,047	0,196	0,000	1,080E+1	2,400E+1	3,000E+3	3,002E+3
226,048	0,195	0,000	1,080E+1	2,400E+1	3,000E+3	3,002E+3
227,048	0,195	0,000	1,080E+1	2,400E+1	3,000E+3	3,000E+3
228,049	0,196	0,000	1,082E+1	2,400E+1	3,000E+3	3,003E+3
229,048	0,196	0,000	1,081E+1	2,400E+1	3,000E+3	3,000E+3
230,049	0,196	0,000	1,081E+1	2,400E+1	3,000E+3	3,000E+3
231,050	0,196	0,000	1,081E+1	2,400E+1	3,000E+3	3,000E+3
232,050	0,196	0,000	1,081E+1	2,400E+1	3,000E+3	2,996E+3
233,050	0,196	0,000	1,081E+1	2,400E+1	3,000E+3	2,997E+3
234,051	0,196	0,000	1,081E+1	2,400E+1	3,000E+3	2,995E+3
235,052	0,196	0,000	1,081E+1	2,400E+1	3,000E+3	3,001E+3
236,051	0,196	0,000	1,081E+1	2,400E+1	3,000E+3	3,003E+3
237,051	0,195	0,000	1,082E+1	2,400E+1	3,000E+3	3,008E+3
238,051	0,195	0,000	1,082E+1	2,400E+1	3,000E+3	3,002E+3
239,052	0,196	0,000	1,082E+1	2,400E+1	3,000E+3	3,005E+3
240,052	0,195	0,000	1,082E+1	2,400E+1	3,000E+3	2,997E+3
241,052	0,195	0,000	1,082E+1	2,400E+1	3,000E+3	3,010E+3
242,052	0,195	0,000	1,082E+1	2,400E+1	3,000E+3	3,006E+3
243,053	0,195	0,000	1,082E+1	2,400E+1	3,000E+3	2,991E+3
244,052	0,195	0,000	1,082E+1	2,400E+1	3,000E+3	2,998E+3
245,053	0,195	0,000	1,082E+1	2,400E+1	3,000E+3	3,005E+3
246,052	0,195	0,000	1,083E+1	2,400E+1	3,000E+3	2,997E+3
247,052	0,195	0,000	1,083E+1	2,400E+1	3,000E+3	2,994E+3
248,053	0,196	0,000	1,083E+1	2,400E+1	3,000E+3	3,003E+3
249,053	0,195	0,000	1,083E+1	2,400E+1	3,000E+3	3,004E+3
250,055	0,195	0,000	1,083E+1	2,400E+1	3,000E+3	3,007E+3
251,054	0,195	0,000	1,084E+1	2,400E+1	3,000E+3	2,988E+3
252,055	0,195	0,000	1,083E+1	2,400E+1	3,000E+3	3,006E+3
253,056	0,195	0,000	1,083E+1	2,400E+1	3,000E+3	3,012E+3
254,056	0,195	0,000	1,084E+1	2,400E+1	3,000E+3	3,000E+3
255,056	0,195	0,000	1,084E+1	2,400E+1	3,000E+3	3,006E+3
256,056	0,195	0,000	1,084E+1	2,400E+1	3,000E+3	3,001E+3
257,057	0,195	0,000	1,084E+1	2,400E+1	3,000E+3	3,000E+3
258,056	0,195	0,000	1,084E+1	2,400E+1	3,000E+3	2,998E+3
259,056	0,195	0,000	1,084E+1	2,400E+1	3,000E+3	3,006E+3
260,056	0,195	0,000	1,084E+1	2,400E+1	3,000E+3	3,003E+3
261,056	0,195	0,000	1,084E+1	2,400E+1	3,000E+3	3,010E+3
262,056	0,195	0,000	1,084E+1	2,400E+1	3,000E+3	3,003E+3
263,057	0,195	0,000	1,084E+1	2,400E+1	3,000E+3	2,993E+3
264,057	0,195	0,000	1,084E+1	2,400E+1	3,000E+3	2,993E+3
265,058	0,195	0,000	1,084E+1	2,400E+1	3,000E+3	2,998E+3
266,058	0,195	0,000	1,084E+1	2,400E+1	3,000E+3	2,997E+3
267,059	0,195	0,000	1,084E+1	2,400E+1	3,000E+3	3,002E+3
268,058	0,195	0,000	1,085E+1	2,400E+1	3,000E+3	2,998E+3
269,060	0,195	0,000	1,085E+1	2,400E+1	3,000E+3	3,003E+3
270,060	0,195	0,000	1,085E+1	2,400E+1	3,000E+3	2,998E+3
271,059	0,195	0,000	1,085E+1	2,400E+1	3,000E+3	2,997E+3
272,060	0,195	0,000	1,086E+1	2,400E+1	3,000E+3	3,007E+3
273,059	0,195	0,000	1,086E+1	2,400E+1	3,000E+3	3,001E+3
274,059	0,195	0,000	1,086E+1	2,400E+1	3,000E+3	3,001E+3
275,059	0,195	0,000	1,086E+1	2,400E+1	3,000E+3	3,008E+3
276,059	0,195	0,000	1,086E+1	2,400E+1	3,000E+3	2,999E+3
277,060	0,195	0,000	1,086E+1	2,400E+1	3,000E+3	2,999E+3
278,059	0,195	0,000	1,086E+1	2,400E+1	3,000E+3	2,992E+3
279,060	0,195	0,000	1,086E+1	2,400E+1	3,000E+3	2,986E+3
280,059	0,195	0,000	1,086E+1	2,400E+1	3,000E+3	3,001E+3
281,059	0,195	0,000	1,087E+1	2,400E+1	3,000E+3	2,996E+3
282,059	0,195	0,000	1,087E+1	2,400E+1	3,000E+3	3,001E+3
283,059	0,195	0,000	1,087E+1	2,400E+1	3,000E+3	2,995E+3
284,061	0,195	0,000	1,087E+1	2,400E+1	3,000E+3	2,996E+3
285,060	0,195	0,000	1,087E+1	2,400E+1	3,000E+3	2,999E+3
286,060	0,195	0,000	1,086E+1	2,400E+1	3,000E+3	3,006E+3
287,061	0,195	0,000	1,088E+1	2,400E+1	3,000E+3	3,000E+3
288,061	0,195	0,000	1,088E+1	2,400E+1	3,000E+3	2,995E+3
289,061	0,195	0,000	1,087E+1	2,400E+1	3,000E+3	3,000E+3
290,061	0,195	0,000	1,087E+1	2,400E+1	3,000E+3	3,013E+3
291,061	0,195	0,000	1,087E+1	2,400E+1	3,000E+3	2,989E+3
292,062	0,195	0,000	1,087E+1	2,400E+1	3,000E+3	3,000E+3
293,061	0,195	0,000	1,088E+1	2,400E+1	3,000E+3	3,003E+3
294,061	0,195	0,000	1,088E+1	2,400E+1	3,000E+3	2,997E+3
295,061	0,195	0,000	1,088E+1	2,400E+1	3,000E+3	3,007E+3
296,061	0,195	0,000	1,088E+1	2,400E+1	3,000E+3	3,012E+3
297,061	0,195	0,000	1,088E+1	2,400E+1	3,000E+3	3,004E+3
298,061	0,195	0,000	1,088E+1	2,400E+1	3,000E+3	2,975E+3
299,062	0,195	0,000	1,088E+1	2,400E+1	3,000E+3	2,994E+3
300,061	0,195	0,000	1,089E+1	2,400E+1	3,000E+3	2,995E+3
301,061	0,195	0,000	1,089E+1	2,400E+1	3,000E+3	2,993E+3
302,061	0,195	0,000	1,089E+1	2,400E+1	3,000E+3	2,996E+3
303,061	0,195	0,000	1,089E+1	2,400E+1	3,000E+3	3,007E+3
304,061	0,195	0,000	1,089E+1	2,400E+1	3,000E+3	2,994E+3
305,061	0,195	0,000	1,089E+1	2,400E+1	3,000E+3	2,996E+3
306,062	0,195	0,000	1,089E+1	2,400E+1	3,000E+3	2,991E+3
307,062	0,195	0,000	1,089E+1	2,400E+1	3,000E+3	3,005E+3
308,063	0,195	0,000	1,090E+1	2,400E+1	3,000E+3	3,001E+3
309,063	0,195	0,000	1,090E+1	2,400E+1	3,000E+3	3,001E+3
310,063	0,195	0,000	1,090E+1	2,400E+1	3,000E+3	2,996E+3
311,064	0,195	0,000	1,090E+1	2,400E+1	3,000E+3	3,001E+3
312,063	0,195	0,000	1,090E+1	2,400E+1	3,000E+3	3,001E+3
313,063	0,195	0,000	1,090E+1	2,400E+1	3,000E+3	2,992E+3
314,063	0,195	0,000	1,090E+1	2,400E+1	3,000E+3	2,998E+3
315,063	0,195	0,000	1,090E+1	2,400E+1	3,000E+3	3,001E+3
316,063	0,195	0,000	1,090E+1	2,400E+1	3,000E+3	2,996E+3
317,063	0,195	0,000	1,091E+1	2,400E+1	3,000E+3	3,003E+3
318,065	0,195	0,000	1,090E+1	2,400E+1	3,000E+3	2,995E+3
319,065	0,195	0,000	1,090E+1	2,400E+1	3,000E+3	3,005E+3
320,066	0,195	0,000	1,091E+1	2,400E+1	3,000E+3	2,988E+3
321,066	0,195	0,000	1,091E+1	2,400E+1	3,000E+3	3,000E+3
322,067	0,195	0,000	1,091E+1	2,400E+1	3,000E+3	3,010E+3
323,066	0,195	0,000	1,091E+1	2,400E+1	3,000E+3	3,001E+3
324,066	0,195	0,000	1,091E+1	2,400E+1	3,000E+3	2,995E+3
325,066	0,195	0,000	1,091E+1	2,400E+1	3,000E+3	2,990E+3
326,066	0,195	0,000	1,092E+1	2,400E+1	3,000E+3	2,997E+3
327,067	0,195	0,000	1,092E+1	2,400E+1	3,000E+3	2,995E+3
328,066	0,195	0,000	1,092E+1	2,400E+1	3,000E+3	2,995E+3
329,066	0,195	0,000	1,091E+1	2,400E+1	3,000E+3	2,996E+3
330,067	0,195	0,000	1,092E+1	2,400E+1	3,000E+3	2,995E+3
331,067	0,195	0,000	1,092E+1	2,400E+1	3,000E+3	2,993E+3
332,067	0,195	0,000	1,092E+1	2,400E+1	3,000E+3	2,992E+3
333,067	0,195	0,000	1,093E+1	2,400E+1	3,000E+3	3,009E+3
334,068	0,195	0,000	1,093E+1	2,400E+1	3,000E+3	2,999E+3
335,067	0,195	0,000	1,092E+1	2,400E+1	3,000E+3	3,006E+3
336,068	0,195	0,000	1,093E+1	2,400E+1	3,000E+3	3,019E+3
337,069	0,195	0,000	1,093E+1	2,400E+1	3,000E+3	2,999E+3
338,069	0,195	0,000	1,093E+1	2,400E+1	3,000E+3	2,999E+3
339,070	0,195	0,000	1,093E+1	2,400E+1	3,000E+3	3,007E+3
340,070	0,195	0,000	1,093E+1	2,400E+1	3,000E+3	2,998E+3
341,071	0,195	0,000	1,093E+1	2,400E+1	3,000E+3	3,009E+3
342,070	0,195	0,000	1,093E+1	2,400E+1	3,000E+3	2,992E+3
343,070	0,195	0,000	1,094E+1	2,400E+1	3,000E+3	3,007E+3
344,070	0,195	0,000	1,094E+1	2,400E+1	3,000E+3	2,997E+3
345,070	0,195	0,000	1,094E+1	2,400E+1	3,000E+3	3,001E+3
346,070	0,195	0,000	1,094E+1	2,400E+1	3,000E+3	3,009E+3
347,070	0,195	0,000	1,094E+1	2,400E+1	3,000E+3	3,012E+3
348,071	0,195	0,000	1,094E+1	2,400E+1	3,000E+3	2,995E+3
349,070	0,195	0,000	1,094E+1	2,400E+1	3,000E+3	2,993E+3
350,070	0,195	0,000	1,094E+1	2,400E+1	3,000E+3	3,008E+3
351,071	0,195	0,000	1,094E+1	2,400E+1	3,000E+3	3,000E+3
352,071	0,195	0,000	1,094E+1	2,400E+1	3,000E+3	2,997E+3
353,072	0,195	0,000	1,095E+1	2,400E+1	3,000E+3	3,007E+3
354,072	0,195	0,000	1,095E+1	2,400E+1	3,000E+3	3,000E+3
355,073	0,195	0,000	1,093E+1	2,400E+1	3,000E+3	2,997E+3
356,072	0,195	0,000	1,095E+1	2,400E+1	3,000E+3	2,994E+3
357,072	0,195	0,000	1,095E+1	2,400E+1	3,000E+3	2,997E+3
358,073	0,195	0,000	1,095E+1	2,400E+1	3,000E+3	3,005E+3
359,073	0,195	0,000	1,095E+1	2,400E+1	3,000E+3	3,000E+3
360,073	0,195	0,000	1,095E+1	2,400E+1	3,000E+3	3,001E+3
361,074	0,195	0,000	1,096E+1	2,400E+1	3,000E+3	2,999E+3
362,074	0,195	0,000	1,096E+1	2,400E+1	3,000E+3	3,003E+3
363,074	0,195	0,000	1,095E+1	2,400E+1	3,000E+3	2,993E+3
364,074	0,195	0,000	1,095E+1	2,400E+1	3,000E+3	3,005E+3
365,074	0,195	0,000	1,095E+1	2,400E+1	3,000E+3	3,005E+3
366,074	0,195	0,000	1,096E+1	2,400E+1	3,000E+3	3,001E+3
367,075	0,195	0,000	1,096E+1	2,400E+1	3,000E+3	2,998E+3
368,074	0,195	0,000	1,097E+1	2,400E+1	3,000E+3	3,000E+3
369,075	0,195	0,000	1,097E+1	2,400E+1	3,000E+3	2,997E+3
370,074	0,195	0,000	1,097E+1	2,400E+1	3,000E+3	2,995E+3
371,075	0,195	0,000	1,097E+1	2,400E+1	3,000E+3	2,997E+3
372,076	0,195	0,000	1,097E+1	2,400E+1	3,000E+3	3,006E+3
373,077	0,195	0,000	1,097E+1	2,400E+1	3,000E+3	2,991E+3
374,076	0,195	0,000	1,097E+1	2,400E+1	3,000E+3	3,004E+3
375,076	0,195	0,000	1,097E+1	2,400E+1	3,000E+3	3,006E+3
376,076	0,195	0,000	1,097E+1	2,400E+1	3,000E+3	3,003E+3
377,076	0,195	0,000	1,097E+1	2,400E+1	3,000E+3	2,997E+3
378,078	0,195	0,000	1,097E+1	2,400E+1	3,000E+3	2,997E+3
379,077	0,195	0,000	1,097E+1	2,400E+1	3,000E+3	2,984E+3
380,078	0,195	0,000	1,097E+1	2,400E+1	3,000E+3	3,001E+3
381,077	0,195	0,000	1,097E+1	2,400E+1	3,000E+3	3,000E+3
382,077	0,195	0,000	1,097E+1	2,400E+1	3,000E+3	2,995E+3
383,077	0,195	0,000	1,098E+1	2,400E+1	3,000E+3	2,998E+3
384,077	0,195	0,000	1,098E+1	2,400E+1	3,000E+3	3,002E+3
385,077	0,195	0,000	1,098E+1	2,400E+1	3,000E+3	3,000E+3
386,077	0,195	0,000	1,098E+1	2,400E+1	3,000E+3	3,007E+3
387,077	0,195	0,000	1,098E+1	2,400E+1	3,000E+3	3,003E+3
388,077	0,195	0,000	1,099E+1	2,400E+1	3,000E+3	3,001E+3
389,079	0,195	0,000	1,098E+1	2,400E+1	3,000E+3	2,999E+3
390,079	0,195	0,000	1,098E+1	2,400E+1	3,000E+3	2,998E+3
391,080	0,195	0,000	1,099E+1	2,400E+1	3,000E+3	3,003E+3
392,080	0,195	0,000	1,098E+1	2,400E+1	3,000E+3	2,993E+3
393,081	0,195	0,000	1,098E+1	2,400E+1	3,000E+3	2,994E+3
394,081	0,195	0,000	1,098E+1	2,400E+1	3,000E+3	3,007E+3
395,081	0,195	0,000	1,099E+1	2,400E+1	3,000E+3	2,998E+3
396,081	0,195	0,000	1,099E+1	2,400E+1	3,000E+3	2,998E+3
397,081	0,195	0,000	1,099E+1	2,400E+1	3,000E+3	2,998E+3
398,081	0,195	0,000	1,099E+1	2,400E+1	3,000E+3	3,003E+3
399,082	0,195	0,000	1,100E+1	2,400E+1	3,000E+3	3,003E+3
400,081	0,195	0,000	1,100E+1	2,400E+1	3,000E+3	3,004E+3
401,083	0,195	0,000	1,100E+1	2,400E+1	3,000E+3	2,995E+3
402,082	0,195	0,000	1,100E+1	2,400E+1	3,000E+3	2,995E+3
403,082	0,195	0,000	1,100E+1	2,400E+1	3,000E+3	3,009E+3
404,082	0,195	0,000	1,101E+1	2,400E+1	3,000E+3	3,006E+3
405,082	0,195	0,000	1,101E+1	2,400E+1	3,000E+3	3,000E+3
406,084	0,195	0,000	1,100E+1	2,400E+1	3,000E+3	2,996E+3
407,083	0,195	0,000	1,101E+1	2,400E+1	3,000E+3	3,001E+3
408,084	0,195	0,000	1,101E+1	2,400E+1	3,000E+3	3,000E+3
409,083	0,195	0,000	1,100E+1	2,400E+1	3,000E+3	3,005E+3
410,083	0,195	0,000	1,100E+1	2,400E+1	3,000E+3	2,996E+3
411,083	0,195	0,000	1,100E+1	2,400E+1	3,000E+3	3,011E+3
412,083	0,195	0,000	1,101E+1	2,400E+1	3,000E+3	3,015E+3
413,084	0,195	0,000	1,102E+1	2,400E+1	3,000E+3	3,002E+3
414,083	0,195	0,000	1,102E+1	2,400E+1	3,000E+3	3,018E+3
415,084	0,195	0,000	1,102E+1	2,400E+1	3,000E+3	2,998E+3
416,084	0,195	0,000	1,101E+1	2,400E+1	3,000E+3	3,001E+3
417,084	0,195	0,000	1,101E+1	2,400E+1	3,000E+3	3,014E+3
418,086	0,195	0,000	1,101E+1	2,400E+1	3,000E+3	3,001E+3
419,086	0,195	0,000	1,101E+1	2,400E+1	3,000E+3	3,000E+3
420,088	0,195	0,000	1,103E+1	2,400E+1	3,000E+3	2,994E+3
421,087	0,195	0,000	1,103E+1	2,400E+1	3,000E+3	2,998E+3
422,087	0,195	0,000	1,103E+1	2,400E+1	3,000E+3	2,997E+3
423,087	0,195	0,000	1,103E+1	2,400E+1	3,000E+3	3,005E+3
424,088	0,195	0,000	1,103E+1	2,400E+1	3,000E+3	3,001E+3
425,088	0,195	0,000	1,102E+1	2,400E+1	3,000E+3	2,995E+3
426,088	0,195	0,000	1,102E+1	2,400E+1	3,000E+3	3,001E+3
427,089	0,195	0,000	1,103E+1	2,400E+1	3,000E+3	3,005E+3
428,089	0,195	0,000	1,103E+1	2,400E+1	3,000E+3	3,001E+3
429,090	0,195	0,000	1,103E+1	2,400E+1	3,000E+3	3,002E+3
430,089	0,195	0,000	1,102E+1	2,400E+1	3,000E+3	3,000E+3
431,089	0,195	0,000	1,103E+1	2,400E+1	3,000E+3	2,998E+3
432,090	0,195	0,000	1,103E+1	2,400E+1	3,000E+3	3,000E+3
433,091	0,195	0,000	1,103E+1	2,400E+1	3,000E+3	3,003E+3
434,092	0,195	0,000	1,103E+1	2,400E+1	3,000E+3	2,994E+3
435,091	0,195	0,000	1,103E+1	2,400E+1	3,000E+3	3,000E+3
436,092	0,195	0,000	1,103E+1	2,400E+1	3,000E+3	2,999E+3
437,091	0,195	0,000	1,103E+1	2,400E+1	3,000E+3	2,995E+3
438,091	0,195	0,000	1,104E+1	2,400E+1	3,000E+3	2,996E+3
439,091	0,195	0,000	1,104E+1	2,400E+1	3,000E+3	3,013E+3
440,091	0,195	0,000	1,104E+1	2,400E+1	3,000E+3	3,010E+3
441,091	0,195	0,000	1,104E+1	2,400E+1	3,000E+3	3,000E+3
442,092	0,195	0,000	1,104E+1	2,400E+1	3,000E+3	3,004E+3
443,093	0,195	0,000	1,104E+1	2,400E+1	3,000E+3	2,991E+3
444,092	0,195	0,000	1,104E+1	2,400E+1	3,000E+3	2,986E+3
445,092	0,195	0,000	1,104E+1	2,400E+1	3,000E+3	2,993E+3
446,093	0,195	0,000	1,104E+1	2,400E+1	3,000E+3	2,998E+3
447,093	0,195	0,000	1,104E+1	2,400E+1	3,000E+3	2,994E+3
448,095	0,195	0,000	1,105E+1	2,400E+1	3,000E+3	2,998E+3
449,094	0,195	0,000	1,105E+1	2,400E+1	3,000E+3	2,994E+3
450,095	0,195	0,000	1,104E+1	2,400E+1	3,000E+3	3,001E+3
451,094	0,195	0,000	1,105E+1	2,400E+1	3,000E+3	2,994E+3
452,094	0,195	0,000	1,105E+1	2,400E+1	3,000E+3	3,009E+3
453,094	0,195	0,000	1,105E+1	2,400E+1	3,000E+3	3,001E+3
454,095	0,195	0,000	1,106E+1	2,400E+1	3,000E+3	2,998E+3
455,096	0,195	0,000	1,106E+1	2,400E+1	3,000E+3	3,013E+3
456,096	0,195	0,000	1,105E+1	2,400E+1	3,000E+3	2,994E+3
457,097	0,195	0,000	1,106E+1	2,400E+1	3,000E+3	2,994E+3
458,096	0,195	0,000	1,106E+1	2,400E+1	3,000E+3	2,994E+3
459,096	0,195	0,000	1,106E+1	2,400E+1	3,000E+3	3,008E+3
460,096	0,195	0,000	1,106E+1	2,400E+1	3,000E+3	2,998E+3
461,096	0,195	0,000	1,106E+1	2,400E+1	3,000E+3	3,001E+3
462,097	0,195	0,000	1,107E+1	2,400E+1	3,000E+3	3,007E+3
463,097	0,195	0,000	1,106E+1	2,400E+1	3,000E+3	2,998E+3
464,097	0,195	0,000	1,106E+1	2,400E+1	3,000E+3	3,003E+3
465,097	0,195	0,000	1,107E+1	2,400E+1	3,000E+3	2,999E+3
466,097	0,195	0,000	1,107E+1	2,400E+1	3,000E+3	3,000E+3
467,099	0,195	0,000	1,106E+1	2,400E+1	3,000E+3	3,001E+3
468,098	0,195	0,000	1,106E+1	2,400E+1	3,000E+3	3,010E+3
469,099	0,195	0,000	1,106E+1	2,400E+1	3,000E+3	3,000E+3
470,099	0,195	0,000	1,106E+1	2,400E+1	3,000E+3	3,008E+3
471,099	0,195	0,000	1,107E+1	2,400E+1	3,000E+3	2,994E+3
472,099	0,195	0,000	1,107E+1	2,400E+1	3,000E+3	2,996E+3
473,100	0,195	0,000	1,107E+1	2,400E+1	3,000E+3	3,006E+3
474,101	0,195	0,000	1,107E+1	2,400E+1	3,000E+3	3,004E+3
475,101	0,195	0,000	1,108E+1	2,400E+1	3,000E+3	3,002E+3
476,101	0,194	0,000	1,108E+1	2,400E+1	3,000E+3	2,992E+3
477,101	0,194	0,000	1,108E+1	2,400E+1	3,000E+3	2,995E+3
478,101	0,194	0,000	1,108E+1	2,400E+1	3,000E+3	3,015E+3
479,101	0,194	0,000	1,107E+1	2,400E+1	3,000E+3	3,001E+3
480,102	0,194	0,000	1,108E+1	2,400E+1	3,000E+3	2,998E+3
481,104	0,194	0,000	1,108E+1	2,400E+1	3,000E+3	3,011E+3
482,103	0,194	0,000	1,107E+1	2,400E+1	3,000E+3	3,006E+3
483,104	0,194	0,000	1,107E+1	2,400E+1	3,000E+3	2,994E+3
484,105	0,195	0,000	1,108E+1	2,400E+1	3,000E+3	2,992E+3
485,105	0,195	0,000	1,108E+1	2,400E+1	3,000E+3	2,988E+3
486,105	0,195	0,000	1,109E+1	2,400E+1	3,000E+3	3,005E+3
487,105	0,195	0,000	1,109E+1	2,400E+1	3,000E+3	2,999E+3
488,105	0,195	0,000	1,109E+1	2,400E+1	3,000E+3	2,997E+3
489,106	0,195	0,000	1,110E+1	2,400E+1	3,000E+3	3,000E+3
490,106	0,195	0,000	1,110E+1	2,400E+1	3,000E+3	3,006E+3
491,106	0,195	0,000	1,109E+1	2,400E+1	3,000E+3	2,998E+3
492,106	0,195	0,000	1,109E+1	2,400E+1	3,000E+3	3,003E+3
493,107	0,195	0,000	1,109E+1	2,400E+1	3,000E+3	2,997E+3
494,107	0,194	0,000	1,109E+1	2,400E+1	3,000E+3	3,000E+3
495,108	0,195	0,000	1,110E+1	2,400E+1	3,000E+3	3,001E+3
496,108	0,194	0,000	1,110E+1	2,400E+1	3,000E+3	2,994E+3
497,110	0,194	0,000	1,109E+1	2,400E+1	3,000E+3	3,003E+3
498,110	0,194	0,000	1,109E+1	2,400E+1	3,000E+3	3,004E+3
499,110	0,194	0,000	1,109E+1	2,400E+1	3,000E+3	3,000E+3
500,111	0,194	0,000	1,110E+1	2,400E+1	3,000E+3	3,001E+3
501,110	0,195	0,000	1,110E+1	2,400E+1	3,000E+3	2,993E+3
502,111	0,194	0,000	1,110E+1	2,400E+1	3,000E+3	2,994E+3
503,111	0,194	0,000	1,110E+1	2,400E+1	3,000E+3	3,000E+3
504,113	0,194	0,000	1,111E+1	2,400E+1	3,000E+3	3,001E+3
505,113	0,194	0,000	1,111E+1	2,400E+1	3,000E+3	2,988E+3
506,113	0,194	0,000	1,110E+1	2,400E+1	3,000E+3	3,000E+3
507,113	0,194	0,000	1,110E+1	2,400E+1	3,000E+3	3,004E+3
508,113	0,194	0,000	1,110E+1	2,400E+1	3,000E+3	3,001E+3
509,113	0,194	0,000	1,111E+1	2,400E+1	3,000E+3	2,994E+3
510,113	0,195	0,000	1,111E+1	2,400E+1	3,000E+3	2,994E+3
511,114	0,194	0,000	1,111E+1	2,400E+1	3,000E+3	3,004E+3
512,114	0,194	0,000	1,112E+1	2,400E+1	3,000E+3	2,996E+3
513,115	0,194	0,000	1,111E+1	2,400E+1	3,000E+3	3,000E+3
514,115	0,194	0,000	1,111E+1	2,400E+1	3,000E+3	3,000E+3
515,116	0,194	0,000	1,111E+1	2,400E+1	3,000E+3	2,994E+3
516,116	0,194	0,000	1,113E+1	2,400E+1	3,000E+3	3,008E+3
517,116	0,194	0,000	1,113E+1	2,400E+1	3,000E+3	3,003E+3
518,117	0,194	0,000	1,112E+1	2,400E+1	3,000E+3	2,995E+3
519,116	0,194	0,000	1,112E+1	2,400E+1	3,000E+3	3,005E+3
520,117	0,194	0,000	1,112E+1	2,400E+1	3,000E+3	2,992E+3
521,118	0,194	0,000	1,112E+1	2,400E+1	3,000E+3	3,003E+3
522,118	0,194	0,000	1,112E+1	2,400E+1	3,000E+3	2,996E+3
523,120	0,194	0,000	1,112E+1	2,400E+1	3,000E+3	3,003E+3
524,120	0,194	0,000	1,112E+1	2,400E+1	3,000E+3	2,994E+3
525,120	0,194	0,000	1,113E+1	2,400E+1	3,000E+3	3,003E+3
526,120	0,194	0,000	1,113E+1	2,400E+1	3,000E+3	3,001E+3
527,120	0,194	0,000	1,112E+1	2,400E+1	3,000E+3	2,993E+3
528,120	0,194	0,000	1,113E+1	2,400E+1	3,000E+3	2,998E+3
529,120	0,194	0,000	1,113E+1	2,400E+1	3,000E+3	2,994E+3
530,121	0,194	0,000	1,113E+1	2,400E+1	3,000E+3	3,000E+3
531,120	0,194	0,000	1,113E+1	2,400E+1	3,000E+3	2,994E+3
532,120	0,194	0,000	1,113E+1	2,400E+1	3,000E+3	3,012E+3
533,120	0,194	0,000	1,113E+1	2,400E+1	3,000E+3	2,992E+3
534,120	0,194	0,000	1,114E+1	2,400E+1	3,000E+3	2,998E+3
535,120	0,194	0,000	1,114E+1	2,400E+1	3,000E+3	2,995E+3
536,120	0,194	0,000	1,114E+1	2,400E+1	3,000E+3	3,005E+3
537,121	0,194	0,000	1,114E+1	2,400E+1	3,000E+3	3,003E+3
538,120	0,194	0,000	1,114E+1	2,400E+1	3,000E+3	2,992E+3
539,120	0,194	0,000	1,113E+1	2,400E+1	3,000E+3	3,005E+3
540,120	0,194	0,000	1,114E+1	2,400E+1	3,000E+3	3,004E+3
541,120	0,194	0,000	1,114E+1	2,400E+1	3,000E+3	3,014E+3
542,121	0,194	0,000	1,114E+1	2,400E+1	3,000E+3	2,995E+3
543,120	0,194	0,000	1,114E+1	2,400E+1	3,000E+3	3,006E+3
544,120	0,194	0,000	1,114E+1	2,400E+1	3,000E+3	3,003E+3
545,120	0,194	0,000	1,114E+1	2,400E+1	3,000E+3	3,006E+3
546,120	0,194	0,000	1,114E+1	2,400E+1	3,000E+3	3,009E+3
547,121	0,194	0,000	1,114E+1	2,400E+1	3,000E+3	2,994E+3
548,120	0,194	0,000	1,115E+1	2,400E+1	3,000E+3	3,007E+3
549,121	0,194	0,000	1,115E+1	2,400E+1	3,000E+3	3,006E+3
550,121	0,194	0,000	1,115E+1	2,400E+1	3,000E+3	2,995E+3
551,122	0,194	0,000	1,115E+1	2,400E+1	3,000E+3	2,997E+3
552,122	0,194	0,000	1,115E+1	2,400E+1	3,000E+3	2,992E+3
553,122	0,194	0,000	1,115E+1	2,400E+1	3,000E+3	3,000E+3
554,123	0,194	0,000	1,115E+1	2,400E+1	3,000E+3	2,991E+3
555,122	0,194	0,000	1,116E+1	2,400E+1	3,000E+3	3,000E+3
556,122	0,194	0,000	1,116E+1	2,400E+1	3,000E+3	3,002E+3
557,122	0,194	0,000	1,115E+1	2,400E+1	3,000E+3	3,001E+3
558,122	0,194	0,000	1,116E+1	2,400E+1	3,000E+3	3,006E+3
559,122	0,194	0,000	1,116E+1	2,400E+1	3,000E+3	3,006E+3
560,123	0,194	0,000	1,115E+1	2,400E+1	3,000E+3	3,003E+3
561,124	0,194	0,000	1,116E+1	2,400E+1	3,000E+3	3,000E+3
562,124	0,194	0,000	1,116E+1	2,400E+1	3,000E+3	3,007E+3
563,125	0,194	0,000	1,116E+1	2,400E+1	3,000E+3	3,001E+3
564,124	0,194	0,000	1,116E+1	2,400E+1	3,000E+3	3,003E+3
565,124	0,194	0,000	1,116E+1	2,400E+1	3,000E+3	3,007E+3
566,125	0,194	0,000	1,116E+1	2,400E+1	3,000E+3	2,997E+3
567,125	0,194	0,000	1,116E+1	2,400E+1	3,000E+3	3,001E+3
568,126	0,194	0,000	1,116E+1	2,400E+1	3,000E+3	3,000E+3
569,125	0,194	0,000	1,116E+1	2,400E+1	3,000E+3	2,990E+3
570,125	0,194	0,000	1,117E+1	2,400E+1	3,000E+3	3,000E+3
571,126	0,194	0,000	1,117E+1	2,400E+1	3,000E+3	3,001E+3
572,126	0,194	0,000	1,117E+1	2,400E+1	3,000E+3	3,000E+3
573,126	0,194	0,000	1,117E+1	2,400E+1	3,000E+3	3,006E+3
574,127	0,194	0,000	1,117E+1	2,400E+1	3,000E+3	3,007E+3
575,128	0,194	0,000	1,117E+1	2,400E+1	3,000E+3	3,002E+3
576,128	0,194	0,000	1,117E+1	2,400E+1	3,000E+3	2,997E+3
577,129	0,194	0,000	1,117E+1	2,400E+1	3,000E+3	3,004E+3
578,129	0,194	0,000	1,117E+1	2,400E+1	3,000E+3	3,002E+3
579,129	0,194	0,000	1,118E+1	2,400E+1	3,000E+3	3,007E+3
580,131	0,194	0,000	1,118E+1	2,400E+1	3,000E+3	3,002E+3
581,130	0,194	0,000	1,118E+1	2,400E+1	3,000E+3	2,995E+3
582,131	0,194	0,000	1,118E+1	2,400E+1	3,000E+3	3,007E+3
583,130	0,194	0,000	1,118E+1	2,400E+1	3,000E+3	3,001E+3
584,130	0,194	0,000	1,118E+1	2,400E+1	3,000E+3	2,995E+3
585,130	0,194	0,000	1,118E+1	2,400E+1	3,000E+3	3,007E+3
586,131	0,194	0,000	1,118E+1	2,400E+1	3,000E+3	2,996E+3
587,131	0,194	0,000	1,118E+1	2,400E+1	3,000E+3	2,996E+3
588,132	0,194	0,000	1,118E+1	2,400E+1	3,000E+3	2,998E+3
589,132	0,194	0,000	1,118E+1	2,400E+1	3,000E+3	2,997E+3
590,132	0,194	0,000	1,119E+1	2,400E+1	3,000E+3	3,000E+3
591,132	0,194	0,000	1,119E+1	2,400E+1	3,000E+3	2,999E+3
592,133	0,194	0,000	1,119E+1	2,400E+1	3,000E+3	2,995E+3
593,133	0,194	0,000	1,119E+1	2,400E+1	3,000E+3	3,008E+3
594,133	0,194	0,000	1,119E+1	2,400E+1	3,000E+3	3,003E+3
595,134	0,194	0,000	1,119E+1	2,400E+1	3,000E+3	3,000E+3
596,133	0,194	0,000	1,119E+1	2,400E+1	3,000E+3	3,000E+3
597,133	0,194	0,000	1,119E+1	2,400E+1	3,000E+3	2,996E+3
598,133	0,194	0,000	1,120E+1	2,400E+1	3,000E+3	2,994E+3
599,133	0,194	0,000	1,120E+1	2,400E+1	3,000E+3	3,006E+3
600,133	0,194	0,000	1,119E+1	2,400E+1	3,000E+3	2,995E+3
601,135	0,194	0,000	1,120E+1	2,400E+1	3,000E+3	3,005E+3
602,134	0,194	0,000	1,120E+1	2,400E+1	3,000E+3	2,999E+3
603,134	0,194	0,000	1,120E+1	2,400E+1	3,000E+3	3,000E+3
604,136	0,194	0,000	1,120E+1	2,400E+1	3,000E+3	2,997E+3
605,135	0,194	0,000	1,120E+1	2,400E+1	3,000E+3	3,001E+3
606,135	0,194	0,000	1,120E+1	2,400E+1	3,000E+3	3,001E+3
607,135	0,194	0,000	1,120E+1	2,400E+1	3,000E+3	3,004E+3
608,135	0,194	0,000	1,120E+1	2,400E+1	3,000E+3	3,005E+3
609,135	0,194	0,000	1,120E+1	2,400E+1	3,000E+3	3,004E+3
610,136	0,194	0,000	1,120E+1	2,400E+1	3,000E+3	3,010E+3
611,137	0,194	0,000	1,120E+1	2,400E+1	3,000E+3	2,997E+3
612,137	0,194	0,000	1,120E+1	2,400E+1	3,000E+3	3,002E+3
613,137	0,194	0,000	1,121E+1	2,400E+1	3,000E+3	2,994E+3
614,137	0,194	0,000	1,121E+1	2,400E+1	3,000E+3	3,001E+3
615,137	0,194	0,000	1,121E+1	2,400E+1	3,000E+3	2,997E+3
616,138	0,194	0,000	1,121E+1	2,400E+1	3,000E+3	2,997E+3
617,137	0,194	0,000	1,121E+1	2,400E+1	3,000E+3	3,007E+3
618,137	0,194	0,000	1,121E+1	2,400E+1	3,000E+3	3,007E+3
619,137	0,194	0,000	1,122E+1	2,400E+1	3,000E+3	2,998E+3
620,137	0,194	0,000	1,122E+1	2,400E+1	3,000E+3	2,992E+3
621,137	0,194	0,000	1,121E+1	2,400E+1	3,000E+3	3,006E+3
622,137	0,194	0,000	1,122E+1	2,400E+1	3,000E+3	2,995E+3
623,139	0,194	0,000	1,122E+1	2,400E+1	3,000E+3	3,003E+3
624,138	0,194	0,000	1,121E+1	2,400E+1	3,000E+3	3,001E+3
625,138	0,194	0,000	1,122E+1	2,400E+1	3,000E+3	2,997E+3
626,138	0,194	0,000	1,122E+1	2,400E+1	3,000E+3	2,995E+3
627,138	0,194	0,000	1,123E+1	2,400E+1	3,000E+3	3,002E+3
628,138	0,194	0,000	1,122E+1	2,400E+1	3,000E+3	3,003E+3
629,139	0,194	0,000	1,122E+1	2,400E+1	3,000E+3	2,991E+3
630,139	0,194	0,000	1,122E+1	2,400E+1	3,000E+3	3,000E+3
631,139	0,194	0,000	1,121E+1	2,400E+1	3,000E+3	2,997E+3
632,139	0,194	0,000	1,121E+1	2,400E+1	3,000E+3	3,006E+3
633,139	0,194	0,000	1,122E+1	2,400E+1	3,000E+3	2,998E+3
634,140	0,194	0,000	1,122E+1	2,400E+1	3,000E+3	2,999E+3
635,140	0,194	0,000	1,122E+1	2,400E+1	3,000E+3	3,000E+3
636,141	0,194	0,000	1,123E+1	2,400E+1	3,000E+3	3,000E+3
637,141	0,194	0,000	1,123E+1	2,400E+1	3,000E+3	3,006E+3
638,141	0,194	0,000	1,123E+1	2,400E+1	3,000E+3	2,991E+3
639,141	0,194	0,000	1,123E+1	2,400E+1	3,000E+3	3,004E+3
640,142	0,194	0,000	1,123E+1	2,400E+1	3,000E+3	2,997E+3
641,142	0,194	0,000	1,123E+1	2,400E+1	3,000E+3	2,998E+3
642,142	0,194	0,000	1,123E+1	2,400E+1	3,000E+3	3,006E+3
643,143	0,194	0,000	1,124E+1	2,400E+1	3,000E+3	2,997E+3
644,142	0,194	0,000	1,124E+1	2,400E+1	3,000E+3	3,003E+3
645,143	0,194	0,000	1,123E+1	2,400E+1	3,000E+3	3,004E+3
646,143	0,194	0,000	1,123E+1	2,400E+1	3,000E+3	2,999E+3
647,144	0,194	0,000	1,123E+1	2,400E+1	3,000E+3	2,998E+3
648,145	0,194	0,000	1,124E+1	2,400E+1	3,000E+3	3,000E+3
649,144	0,194	0,000	1,124E+1	2,400E+1	3,000E+3	3,000E+3
650,144	0,194	0,000	1,124E+1	2,400E+1	3,000E+3	3,014E+3
651,144	0,194	0,000	1,124E+1	2,400E+1	3,000E+3	3,010E+3
652,145	0,194	0,000	1,124E+1	2,400E+1	3,000E+3	3,000E+3
653,146	0,194	0,000	1,124E+1	2,400E+1	3,000E+3	3,001E+3
654,145	0,194	0,000	1,124E+1	2,400E+1	3,000E+3	3,000E+3
655,146	0,194	0,000	1,124E+1	2,400E+1	3,000E+3	3,000E+3
656,146	0,194	0,000	1,124E+1	2,400E+1	3,000E+3	3,000E+3
657,146	0,194	0,000	1,124E+1	2,400E+1	3,000E+3	2,998E+3
658,146	0,194	0,000	1,124E+1	2,400E+1	3,000E+3	3,006E+3
659,147	0,194	0,000	1,124E+1	2,400E+1	3,000E+3	2,996E+3
660,147	0,194	0,000	1,124E+1	2,400E+1	3,000E+3	3,001E+3
661,147	0,194	0,000	1,125E+1	2,400E+1	3,000E+3	3,004E+3
662,148	0,194	0,000	1,125E+1	2,400E+1	3,000E+3	2,998E+3
663,147	0,194	0,000	1,125E+1	2,400E+1	3,000E+3	3,005E+3
664,148	0,194	0,000	1,125E+1	2,400E+1	3,000E+3	3,007E+3
665,147	0,194	0,000	1,125E+1	2,400E+1	3,000E+3	2,995E+3
666,147	0,194	0,000	1,125E+1	2,400E+1	3,000E+3	3,004E+3
667,147	0,194	0,000	1,125E+1	2,400E+1	3,000E+3	3,001E+3
668,147	0,194	0,000	1,126E+1	2,400E+1	3,000E+3	3,001E+3
669,148	0,194	0,000	1,125E+1	2,400E+1	3,000E+3	2,999E+3
670,147	0,194	0,000	1,125E+1	2,400E+1	3,000E+3	3,004E+3
671,147	0,194	0,000	1,126E+1	2,400E+1	3,000E+3	3,007E+3
672,147	0,194	0,000	1,126E+1	2,400E+1	3,000E+3	3,006E+3
673,148	0,194	0,000	1,126E+1	2,400E+1	3,000E+3	3,003E+3
674,148	0,194	0,000	1,126E+1	2,400E+1	3,000E+3	3,000E+3
675,148	0,194	0,000	1,126E+1	2,400E+1	3,000E+3	3,000E+3
676,148	0,194	0,000	1,126E+1	2,400E+1	3,000E+3	3,004E+3
677,149	0,194	0,000	1,126E+1	2,400E+1	3,000E+3	3,001E+3
678,149	0,194	0,000	1,126E+1	2,400E+1	3,000E+3	3,001E+3
679,149	0,194	0,000	1,126E+1	2,400E+1	3,000E+3	2,995E+3
680,150	0,194	0,000	1,127E+1	2,400E+1	3,000E+3	3,010E+3
681,149	0,194	0,000	1,127E+1	2,400E+1	3,000E+3	3,000E+3
682,150	0,194	0,000	1,127E+1	2,400E+1	3,000E+3	3,006E+3
683,150	0,194	0,000	1,126E+1	2,400E+1	3,000E+3	3,007E+3
684,150	0,194	0,000	1,126E+1	2,400E+1	3,000E+3	3,004E+3
685,150	0,194	0,000	1,126E+1	2,400E+1	3,000E+3	3,009E+3
686,151	0,194	0,000	1,126E+1	2,400E+1	3,000E+3	2,999E+3
687,152	0,194	0,000	1,127E+1	2,400E+1	3,000E+3	3,003E+3
688,152	0,194	0,000	1,127E+1	2,400E+1	3,000E+3	3,003E+3
689,152	0,194	0,000	1,127E+1	2,400E+1	3,000E+3	2,997E+3
690,152	0,194	0,000	1,127E+1	2,400E+1	3,000E+3	3,001E+3
691,152	0,194	0,000	1,127E+1	2,400E+1	3,000E+3	3,009E+3
692,154	0,194	0,000	1,128E+1	2,400E+1	3,000E+3	3,007E+3
693,153	0,194	0,000	1,128E+1	2,400E+1	3,000E+3	3,004E+3
694,153	0,194	0,000	1,128E+1	2,400E+1	3,000E+3	2,994E+3
695,153	0,194	0,000	1,127E+1	2,400E+1	3,000E+3	3,006E+3
696,153	0,194	0,000	1,127E+1	2,400E+1	3,000E+3	3,005E+3
697,153	0,194	0,000	1,128E+1	2,400E+1	3,000E+3	2,997E+3
698,153	0,194	0,000	1,128E+1	2,400E+1	3,000E+3	3,011E+3
699,154	0,194	0,000	1,128E+1	2,400E+1	3,000E+3	2,998E+3
700,153	0,194	0,000	1,127E+1	2,400E+1	3,000E+3	3,007E+3
701,153	0,194	0,000	1,127E+1	2,400E+1	3,000E+3	3,006E+3
702,153	0,194	0,000	1,127E+1	2,400E+1	3,000E+3	3,000E+3
703,153	0,194	0,000	1,128E+1	2,400E+1	3,000E+3	3,001E+3
704,154	0,194	0,000	1,128E+1	2,400E+1	3,000E+3	3,004E+3
705,154	0,194	0,000	1,128E+1	2,400E+1	3,000E+3	2,994E+3
706,155	0,194	0,000	1,129E+1	2,400E+1	3,000E+3	2,994E+3
707,154	0,194	0,000	1,129E+1	2,400E+1	3,000E+3	2,997E+3
708,155	0,194	0,000	1,129E+1	2,400E+1	3,000E+3	2,996E+3
709,154	0,194	0,000	1,129E+1	2,400E+1	3,000E+3	3,006E+3
710,154	0,194	0,000	1,128E+1	2,400E+1	3,000E+3	2,995E+3
711,154	0,194	0,000	1,129E+1	2,400E+1	3,000E+3	2,997E+3
712,154	0,194	0,000	1,129E+1	2,400E+1	3,000E+3	2,997E+3
713,156	0,194	0,000	1,129E+1	2,400E+1	3,000E+3	2,997E+3
714,155	0,194	0,000	1,129E+1	2,400E+1	3,000E+3	2,994E+3
715,155	0,194	0,000	1,129E+1	2,400E+1	3,000E+3	3,009E+3
716,155	0,194	0,000	1,129E+1	2,400E+1	3,000E+3	2,995E+3
717,155	0,194	0,000	1,129E+1	2,400E+1	3,000E+3	2,999E+3
718,155	0,194	0,000	1,129E+1	2,400E+1	3,000E+3	3,008E+3
719,155	0,194	0,000	1,129E+1	2,400E+1	3,000E+3	2,999E+3
720,156	0,194	0,000	1,130E+1	2,400E+1	3,000E+3	2,995E+3
721,156	0,194	0,000	1,130E+1	2,400E+1	3,000E+3	2,994E+3
722,156	0,194	0,000	1,130E+1	2,400E+1	3,000E+3	3,010E+3
723,156	0,194	0,000	1,130E+1	2,400E+1	3,000E+3	2,998E+3
724,157	0,194	0,000	1,129E+1	2,400E+1	3,000E+3	3,014E+3
725,159	0,194	0,000	1,129E+1	2,400E+1	3,000E+3	2,989E+3
726,159	0,194	0,000	1,130E+1	2,400E+1	3,000E+3	2,993E+3
727,159	0,194	0,000	1,130E+1	2,400E+1	3,000E+3	2,999E+3
728,159	0,194	0,000	1,130E+1	2,400E+1	3,000E+3	3,004E+3
729,159	0,194	0,000	1,130E+1	2,400E+1	3,000E+3	2,999E+3
730,160	0,194	0,000	1,130E+1	2,400E+1	3,000E+3	3,004E+3
731,159	0,194	0,000	1,130E+1	2,400E+1	3,000E+3	3,001E+3
732,160	0,194	0,000	1,131E+1	2,400E+1	3,000E+3	3,003E+3
733,160	0,194	0,000	1,131E+1	2,400E+1	3,000E+3	3,004E+3
734,161	0,194	0,000	1,131E+1	2,400E+1	3,000E+3	3,007E+3
735,162	0,194	0,000	1,130E+1	2,400E+1	3,000E+3	2,997E+3
736,162	0,194	0,000	1,130E+1	2,400E+1	3,000E+3	3,001E+3
737,162	0,194	0,000	1,131E+1	2,400E+1	3,000E+3	2,996E+3
738,164	0,194	0,000	1,131E+1	2,400E+1	3,000E+3	3,000E+3
739,163	0,194	0,000	1,131E+1	2,400E+1	3,000E+3	2,998E+3
740,163	0,194	0,000	1,131E+1	2,400E+1	3,000E+3	3,003E+3
741,163	0,194	0,000	1,131E+1	2,400E+1	3,000E+3	3,012E+3
742,163	0,194	0,000	1,131E+1	2,400E+1	3,000E+3	2,990E+3
743,164	0,194	0,000	1,131E+1	2,400E+1	3,000E+3	3,007E+3
744,163	0,194	0,000	1,131E+1	2,400E+1	3,000E+3	3,012E+3
745,164	0,194	0,000	1,131E+1	2,400E+1	3,000E+3	2,997E+3
746,163	0,194	0,000	1,131E+1	2,400E+1	3,000E+3	3,005E+3
747,163	0,194	0,000	1,132E+1	2,400E+1	3,000E+3	3,003E+3
748,163	0,194	0,000	1,132E+1	2,400E+1	3,000E+3	3,009E+3
749,164	0,194	0,000	1,132E+1	2,400E+1	3,000E+3	2,999E+3
750,166	0,193	0,000	1,132E+1	2,400E+1	3,000E+3	3,001E+3
751,165	0,193	0,000	1,132E+1	2,400E+1	3,000E+3	3,000E+3
752,165	0,194	0,000	1,132E+1	2,400E+1	3,000E+3	3,006E+3
753,166	0,194	0,000	1,132E+1	2,400E+1	3,000E+3	3,001E+3
754,166	0,194	0,000	1,132E+1	2,400E+1	3,000E+3	2,998E+3
755,166	0,194	0,000	1,132E+1	2,400E+1	3,000E+3	2,989E+3
756,166	0,194	0,000	1,132E+1	2,400E+1	3,000E+3	2,999E+3
757,167	0,194	0,000	1,132E+1	2,400E+1	3,000E+3	3,000E+3
758,166	0,194	0,000	1,132E+1	2,400E+1	3,000E+3	3,006E+3
759,167	0,194	0,000	1,132E+1	2,400E+1	3,000E+3	2,997E+3
760,166	0,193	0,000	1,133E+1	2,400E+1	3,000E+3	2,998E+3
761,167	0,193	0,000	1,133E+1	2,400E+1	3,000E+3	3,008E+3
762,167	0,194	0,000	1,133E+1	2,400E+1	3,000E+3	3,001E+3
763,168	0,194	0,000	1,133E+1	2,400E+1	3,000E+3	3,000E+3
764,169	0,194	0,000	1,133E+1	2,400E+1	3,000E+3	3,007E+3
765,168	0,193	0,000	1,133E+1	2,400E+1	3,000E+3	3,011E+3
766,168	0,193	0,000	1,133E+1	2,400E+1	3,000E+3	2,997E+3
767,168	0,193	0,000	1,133E+1	2,400E+1	3,000E+3	3,001E+3
768,168	0,193	0,000	1,133E+1	2,400E+1	3,000E+3	3,002E+3
769,168	0,193	0,000	1,133E+1	2,400E+1	3,000E+3	2,995E+3
770,168	0,193	0,000	1,133E+1	2,400E+1	3,000E+3	3,010E+3
771,170	0,194	0,000	1,134E+1	2,400E+1	3,000E+3	2,999E+3
772,169	0,193	0,000	1,133E+1	2,400E+1	3,000E+3	3,002E+3
773,169	0,193	0,000	1,133E+1	2,400E+1	3,000E+3	3,004E+3
774,169	0,194	0,000	1,134E+1	2,400E+1	3,000E+3	3,004E+3
775,171	0,194	0,000	1,134E+1	2,400E+1	3,000E+3	3,003E+3
776,170	0,194	0,000	1,134E+1	2,400E+1	3,000E+3	3,003E+3
777,171	0,194	0,000	1,134E+1	2,400E+1	3,000E+3	2,993E+3
778,171	0,194	0,000	1,134E+1	2,400E+1	3,000E+3	3,006E+3
779,171	0,193	0,000	1,134E+1	2,400E+1	3,000E+3	3,001E+3
780,171	0,193	0,000	1,134E+1	2,400E+1	3,000E+3	2,997E+3
781,171	0,193	0,000	1,134E+1	2,400E+1	3,000E+3	3,003E+3
782,171	0,193	0,000	1,134E+1	2,400E+1	3,000E+3	2,997E+3
783,171	0,193	0,000	1,134E+1	2,400E+1	3,000E+3	2,994E+3
784,172	0,194	0,000	1,135E+1	2,400E+1	3,000E+3	2,997E+3
785,171	0,194	0,000	1,135E+1	2,400E+1	3,000E+3	2,995E+3
786,171	0,193	0,000	1,135E+1	2,400E+1	3,000E+3	3,000E+3
787,172	0,193	0,000	1,135E+1	2,400E+1	3,000E+3	2,990E+3
788,172	0,193	0,000	1,135E+1	2,400E+1	3,000E+3	3,001E+3
789,172	0,193	0,000	1,135E+1	2,400E+1	3,000E+3	3,000E+3
790,173	0,193	0,000	1,135E+1	2,400E+1	3,000E+3	2,997E+3
791,174	0,193	0,000	1,134E+1	2,400E+1	3,000E+3	2,996E+3
792,174	0,193	0,000	1,135E+1	2,400E+1	3,000E+3	2,999E+3
793,175	0,193	0,000	1,135E+1	2,400E+1	3,000E+3	3,004E+3
794,174	0,193	0,000	1,135E+1	2,400E+1	3,000E+3	2,999E+3
795,175	0,193	0,000	1,135E+1	2,400E+1	3,000E+3	3,004E+3
796,175	0,193	0,000	1,135E+1	2,400E+1	3,000E+3	3,000E+3
797,175	0,193	0,000	1,136E+1	2,400E+1	3,000E+3	2,996E+3
798,176	0,193	0,000	1,136E+1	2,400E+1	3,000E+3	3,003E+3
799,175	0,193	0,000	1,136E+1	2,400E+1	3,000E+3	2,993E+3
800,176	0,193	0,000	1,135E+1	2,400E+1	3,000E+3	2,996E+3
801,175	0,193	0,000	1,135E+1	2,400E+1	3,000E+3	2,989E+3
802,175	0,193	0,000	1,135E+1	2,400E+1	3,000E+3	3,000E+3
803,175	0,193	0,000	1,136E+1	2,400E+1	3,000E+3	3,002E+3
804,175	0,193	0,000	1,136E+1	2,400E+1	3,000E+3	2,997E+3
805,176	0,193	0,000	1,136E+1	2,400E+1	3,000E+3	3,001E+3
806,175	0,193	0,000	1,136E+1	2,400E+1	3,000E+3	2,953E+3
807,175	0,193	0,000	1,136E+1	2,400E+1	3,000E+3	3,015E+3
808,175	0,193	0,000	1,136E+1	2,400E+1	3,000E+3	2,998E+3
809,175	0,193	0,000	1,137E+1	2,400E+1	3,000E+3	3,006E+3
810,175	0,193	0,000	1,137E+1	2,400E+1	3,000E+3	3,004E+3
811,175	0,193	0,000	1,137E+1	2,400E+1	3,000E+3	2,995E+3
812,175	0,193	0,000	1,136E+1	2,400E+1	3,000E+3	3,001E+3
813,176	0,193	0,000	1,137E+1	2,400E+1	3,000E+3	2,999E+3
814,177	0,193	0,000	1,137E+1	2,400E+1	3,000E+3	2,994E+3
815,176	0,193	0,000	1,137E+1	2,400E+1	3,000E+3	3,008E+3
816,178	0,193	0,000	1,137E+1	2,400E+1	3,000E+3	2,990E+3
817,177	0,193	0,000	1,137E+1	2,400E+1	3,000E+3	3,000E+3
818,177	0,193	0,000	1,137E+1	2,400E+1	3,000E+3	3,007E+3
819,177	0,193	0,000	1,138E+1	2,400E+1	3,000E+3	3,000E+3
820,178	0,193	0,000	1,138E+1	2,400E+1	3,000E+3	3,003E+3
821,179	0,193	0,000	1,137E+1	2,400E+1	3,000E+3	2,991E+3
822,178	0,193	0,000	1,138E+1	2,400E+1	3,000E+3	2,998E+3
823,178	0,193	0,000	1,138E+1	2,400E+1	3,000E+3	2,995E+3
824,178	0,193	0,000	1,137E+1	2,400E+1	3,000E+3	2,995E+3
825,179	0,193	0,000	1,138E+1	2,400E+1	3,000E+3	3,009E+3
826,180	0,193	0,000	1,138E+1	2,400E+1	3,000E+3	2,992E+3
827,180	0,193	0,000	1,138E+1	2,400E+1	3,000E+3	3,005E+3
828,181	0,193	0,000	1,137E+1	2,400E+1	3,000E+3	3,018E+3
829,180	0,193	0,000	1,137E+1	2,400E+1	3,000E+3	3,004E+3
830,181	0,193	0,000	1,138E+1	2,400E+1	3,000E+3	2,999E+3
831,181	0,193	0,000	1,138E+1	2,400E+1	3,000E+3	3,011E+3
832,181	0,193	0,000	1,138E+1	2,400E+1	3,000E+3	3,002E+3
833,181	0,193	0,000	1,138E+1	2,400E+1	3,000E+3	2,999E+3
834,181	0,193	0,000	1,137E+1	2,400E+1	3,000E+3	3,001E+3
835,182	0,193	0,000	1,137E+1	2,400E+1	3,000E+3	3,006E+3
836,182	0,193	0,000	1,139E+1	2,400E+1	3,000E+3	3,004E+3
837,183	0,193	0,000	1,138E+1	2,400E+1	3,000E+3	2,997E+3
838,183	0,193	0,000	1,138E+1	2,400E+1	3,000E+3	3,001E+3
839,183	0,193	0,000	1,138E+1	2,400E+1	3,000E+3	2,995E+3
840,185	0,193	0,000	1,139E+1	2,400E+1	3,000E+3	3,003E+3
841,184	0,193	0,000	1,139E+1	2,400E+1	3,000E+3	3,010E+3
842,186	0,193	0,000	1,139E+1	2,400E+1	3,000E+3	2,991E+3
843,185	0,193	0,000	1,138E+1	2,400E+1	3,000E+3	2,993E+3
844,186	0,193	0,000	1,138E+1	2,400E+1	3,000E+3	2,995E+3
845,187	0,193	0,000	1,139E+1	2,400E+1	3,000E+3	3,010E+3
846,188	0,193	0,000	1,139E+1	2,400E+1	3,000E+3	2,999E+3
847,190	0,193	0,000	1,139E+1	2,400E+1	3,000E+3	2,992E+3
848,190	0,193	0,000	1,139E+1	2,400E+1	3,000E+3	3,003E+3
849,190	0,193	0,000	1,139E+1	2,400E+1	3,000E+3	2,997E+3
850,190	0,193	0,000	1,139E+1	2,400E+1	3,000E+3	2,994E+3
851,191	0,193	0,000	1,139E+1	2,400E+1	3,000E+3	2,999E+3
852,192	0,193	0,000	1,139E+1	2,400E+1	3,000E+3	2,996E+3
853,193	0,193	0,000	1,139E+1	2,400E+1	3,000E+3	2,998E+3
854,194	0,193	0,000	1,139E+1	2,400E+1	3,000E+3	2,994E+3
855,194	0,193	0,000	1,140E+1	2,400E+1	3,000E+3	3,006E+3
856,194	0,193	0,000	1,140E+1	2,400E+1	3,000E+3	3,001E+3
857,194	0,193	0,000	1,139E+1	2,400E+1	3,000E+3	2,995E+3
858,194	0,193	0,000	1,140E+1	2,400E+1	3,000E+3	3,006E+3
859,194	0,193	0,000	1,140E+1	2,400E+1	3,000E+3	3,002E+3
860,194	0,193	0,000	1,140E+1	2,400E+1	3,000E+3	3,001E+3
861,194	0,193	0,000	1,139E+1	2,400E+1	3,000E+3	3,002E+3
862,195	0,193	0,000	1,139E+1	2,400E+1	3,000E+3	2,988E+3
863,195	0,193	0,000	1,140E+1	2,400E+1	3,000E+3	3,003E+3
864,196	0,193	0,000	1,140E+1	2,400E+1	3,000E+3	2,992E+3
865,197	0,193	0,000	1,140E+1	2,400E+1	3,000E+3	2,992E+3
866,197	0,193	0,000	1,140E+1	2,400E+1	3,000E+3	3,003E+3
867,198	0,193	0,000	1,140E+1	2,400E+1	3,000E+3	3,004E+3
868,198	0,193	0,000	1,140E+1	2,400E+1	3,000E+3	3,006E+3
869,199	0,193	0,000	1,141E+1	2,400E+1	3,000E+3	2,996E+3
870,199	0,193	0,000	1,140E+1	2,400E+1	3,000E+3	2,997E+3
871,200	0,193	0,000	1,140E+1	2,400E+1	3,000E+3	3,003E+3
872,200	0,193	0,000	1,140E+1	2,400E+1	3,000E+3	2,998E+3
873,200	0,193	0,000	1,140E+1	2,400E+1	3,000E+3	3,006E+3
874,200	0,193	0,000	1,140E+1	2,400E+1	3,000E+3	3,013E+3
875,200	0,193	0,000	1,141E+1	2,400E+1	3,000E+3	2,999E+3
876,201	0,193	0,000	1,141E+1	2,400E+1	3,000E+3	2,995E+3
877,200	0,193	0,000	1,141E+1	2,400E+1	3,000E+3	2,998E+3
878,200	0,193	0,000	1,141E+1	2,400E+1	3,000E+3	2,992E+3
879,201	0,193	0,000	1,141E+1	2,400E+1	3,000E+3	3,004E+3
880,201	0,193	0,000	1,141E+1	2,400E+1	3,000E+3	2,992E+3
881,202	0,193	0,000	1,142E+1	2,400E+1	3,000E+3	3,010E+3
882,201	0,193	0,000	1,141E+1	2,400E+1	3,000E+3	3,004E+3
883,203	0,193	0,000	1,141E+1	2,400E+1	3,000E+3	3,004E+3
884,202	0,193	0,000	1,141E+1	2,400E+1	3,000E+3	3,002E+3
885,203	0,193	0,000	1,141E+1	2,400E+1	3,000E+3	2,992E+3
886,203	0,193	0,000	1,141E+1	2,400E+1	3,000E+3	3,007E+3
887,204	0,193	0,000	1,141E+1	2,400E+1	3,000E+3	3,001E+3
888,205	0,193	0,000	1,142E+1	2,400E+1	3,000E+3	3,004E+3
889,205	0,193	0,000	1,142E+1	2,400E+1	3,000E+3	3,006E+3
890,205	0,193	0,000	1,142E+1	2,400E+1	3,000E+3	3,022E+3
891,205	0,193	0,000	1,142E+1	2,400E+1	3,000E+3	2,996E+3
892,206	0,193	0,000	1,142E+1	2,400E+1	3,000E+3	2,998E+3
893,207	0,193	0,000	1,142E+1	2,400E+1	3,000E+3	2,994E+3
894,207	0,193	0,000	1,142E+1	2,400E+1	3,000E+3	2,991E+3
895,208	0,193	0,000	1,142E+1	2,400E+1	3,000E+3	3,000E+3
896,207	0,193	0,000	1,142E+1	2,400E+1	3,000E+3	3,006E+3
897,209	0,193	0,000	1,142E+1	2,400E+1	3,000E+3	3,001E+3
898,209	0,193	0,000	1,142E+1	2,400E+1	3,000E+3	2,993E+3
899,209	0,193	0,000	1,142E+1	2,400E+1	3,000E+3	3,003E+3
900,210	0,193	0,000	1,142E+1	2,400E+1	3,000E+3	2,997E+3
901,211	0,193	0,000	1,142E+1	2,400E+1	3,000E+3	2,998E+3
