t	IF	IR	VF	VR	VelSP	VelRE
2382,705	0,000	0,000	3,000E-1	2,400E+1	0,000E+0	0,000E+0
0,009	0,000	0,000	3,000E-1	2,400E+1	0,000E+0	0,000E+0
1,010	0,000	0,000	3,000E-1	2,400E+1	0,000E+0	0,000E+0
2,009	0,000	0,000	3,000E-1	2,400E+1	0,000E+0	0,000E+0
3,010	0,000	0,000	3,000E-1	2,400E+1	0,000E+0	0,000E+0
4,010	0,000	0,000	3,000E-1	2,400E+1	0,000E+0	0,000E+0
5,011	0,000	0,000	3,000E-1	2,400E+1	0,000E+0	0,000E+0
6,012	0,000	0,000	3,000E-1	2,400E+1	0,000E+0	0,000E+0
7,011	0,000	0,000	3,000E-1	2,400E+1	0,000E+0	0,000E+0
8,012	0,000	0,000	3,000E-1	2,400E+1	0,000E+0	0,000E+0
9,011	0,000	0,000	3,000E-1	2,400E+1	0,000E+0	0,000E+0
10,012	0,000	0,000	3,000E-1	2,400E+1	0,000E+0	0,000E+0
11,011	0,000	0,100	3,000E-1	2,400E+1	0,000E+0	0,000E+0
12,012	0,000	0,100	3,000E-1	2,400E+1	0,000E+0	0,000E+0
13,012	0,000	0,100	3,000E-1	2,400E+1	0,000E+0	0,000E+0
14,012	0,000	0,100	3,000E-1	2,400E+1	0,000E+0	0,000E+0
15,013	0,000	0,100	3,000E-1	2,400E+1	0,000E+0	0,000E+0
16,012	0,000	0,100	3,000E-1	2,400E+1	3,500E+3	0,000E+0
17,013	0,000	0,100	3,000E-1	2,400E+1	3,500E+3	0,000E+0
18,013	0,000	0,100	3,000E-1	2,400E+1	3,500E+3	0,000E+0
19,014	0,000	0,100	3,000E-1	2,400E+1	3,500E+3	1,012E+3
20,014	0,000	0,100	3,000E-1	2,400E+1	3,500E+3	3,817E+3
21,013	0,000	0,100	3,000E-1	2,400E+1	3,500E+3	3,765E+3
22,014	0,000	0,100	3,000E-1	2,400E+1	3,500E+3	3,453E+3
23,013	0,000	0,100	3,000E-1	2,400E+1	3,500E+3	3,288E+3
24,015	0,000	0,100	3,000E-1	2,400E+1	3,500E+3	3,479E+3
25,015	0,000	0,100	3,000E-1	2,400E+1	3,500E+3	3,551E+3
26,015	0,000	0,100	3,000E-1	2,400E+1	3,500E+3	3,505E+3
27,015	0,000	0,100	3,000E-1	2,400E+1	3,500E+3	3,498E+3
28,015	0,000	0,100	3,000E-1	2,400E+1	3,500E+3	3,507E+3
29,016	0,000	0,100	3,000E-1	2,400E+1	3,500E+3	3,498E+3
30,015	0,000	0,100	3,000E-1	2,400E+1	3,500E+3	3,494E+3
31,016	0,000	0,100	3,000E-1	2,400E+1	3,500E+3	3,497E+3
32,016	0,000	0,100	3,000E-1	2,400E+1	3,500E+3	3,507E+3
33,017	0,100	0,100	3,000E-1	2,400E+1	3,500E+3	3,376E+3
34,018	0,100	0,100	5,940E+0	2,400E+1	3,500E+3	3,500E+3
35,017	0,116	0,100	6,820E+0	2,400E+1	3,500E+3	3,473E+3
36,018	0,136	0,100	6,820E+0	2,400E+1	3,500E+3	3,472E+3
37,017	0,136	0,100	7,690E+0	2,400E+1	3,500E+3	3,505E+3
38,018	0,146	0,100	8,220E+0	2,400E+1	3,500E+3	3,506E+3
39,018	0,146	0,100	8,220E+0	2,400E+1	3,500E+3	3,485E+3
40,017	0,154	0,100	8,610E+0	2,400E+1	3,500E+3	3,501E+3
41,018	0,162	0,100	9,090E+0	2,400E+1	3,500E+3	3,473E+3
42,018	0,162	0,100	9,090E+0	2,400E+1	3,500E+3	3,590E+3
43,020	0,126	0,100	7,000E+0	2,400E+1	3,500E+3	3,497E+3
44,021	0,122	0,100	7,590E+0	2,400E+1	3,500E+3	3,498E+3
45,021	0,122	0,100	7,590E+0	2,400E+1	3,500E+3	3,500E+3
46,021	0,130	0,100	7,190E+0	2,400E+1	3,500E+3	3,483E+3
47,021	0,127	0,100	7,130E+0	2,400E+1	3,500E+3	3,500E+3
48,021	0,126	0,100	7,130E+0	2,400E+1	3,500E+3	3,512E+3
49,022	0,126	0,100	6,960E+0	2,400E+1	2,700E+3	3,465E+3
50,021	0,125	0,100	6,930E+0	2,400E+1	2,700E+3	2,718E+3
51,022	0,136	0,100	6,930E+0	2,400E+1	2,700E+3	2,682E+3
52,022	0,136	0,100	7,600E+0	2,400E+1	2,700E+3	2,702E+3
53,022	0,134	0,100	7,230E+0	2,400E+1	2,700E+3	2,705E+3
54,022	0,132	0,100	7,230E+0	2,400E+1	2,700E+3	2,700E+3
55,021	0,132	0,100	7,320E+0	2,400E+1	2,700E+3	2,705E+3
56,023	0,134	0,100	7,440E+0	2,400E+1	2,700E+3	2,701E+3
57,023	0,134	0,100	7,440E+0	2,400E+1	2,700E+3	2,693E+3
58,024	0,134	0,100	7,460E+0	2,400E+1	2,700E+3	2,692E+3
59,024	0,135	0,100	7,490E+0	2,400E+1	2,700E+3	2,703E+3
60,023	0,135	0,100	7,490E+0	2,400E+1	2,700E+3	2,691E+3
61,025	0,136	0,100	7,530E+0	2,400E+1	2,700E+3	2,691E+3
62,025	0,136	0,100	7,550E+0	2,400E+1	2,700E+3	2,702E+3
63,026	0,136	0,100	7,550E+0	2,400E+1	2,700E+3	2,696E+3
64,025	0,137	0,100	7,570E+0	2,400E+1	2,700E+3	2,696E+3
65,027	0,137	0,100	7,590E+0	2,400E+1	2,700E+3	2,706E+3
66,027	0,137	0,100	7,590E+0	2,400E+1	2,700E+3	2,702E+3
67,028	0,137	0,100	7,610E+0	2,400E+1	2,700E+3	2,708E+3
68,028	0,138	0,100	7,610E+0	2,400E+1	2,700E+3	2,703E+3
69,027	0,138	0,100	7,610E+0	2,400E+1	2,700E+3	2,696E+3
70,029	0,138	0,100	7,640E+0	2,400E+1	2,700E+3	2,692E+3
71,029	0,138	0,100	7,650E+0	2,400E+1	2,700E+3	2,703E+3
72,030	0,138	0,100	7,650E+0	2,400E+1	2,700E+3	2,699E+3
73,031	0,138	0,100	7,650E+0	2,400E+1	2,700E+3	2,681E+3
74,031	0,139	0,100	7,670E+0	2,400E+1	2,700E+3	2,701E+3
75,031	0,139	0,100	7,670E+0	2,400E+1	2,700E+3	2,702E+3
76,030	0,139	0,100	7,670E+0	2,400E+1	2,700E+3	2,701E+3
77,031	0,139	0,100	7,680E+0	2,400E+1	2,700E+3	2,701E+3
78,030	0,139	0,100	7,680E+0	2,400E+1	2,700E+3	2,701E+3
79,031	0,139	0,100	7,690E+0	2,400E+1	2,700E+3	2,699E+3
80,031	0,139	0,100	7,690E+0	2,400E+1	2,700E+3	2,705E+3
81,031	0,139	0,100	7,690E+0	2,400E+1	2,700E+3	2,703E+3
82,031	0,139	0,100	7,690E+0	2,400E+1	2,700E+3	2,706E+3
83,031	0,139	0,100	7,690E+0	2,400E+1	2,700E+3	2,708E+3
84,033	0,139	0,100	7,690E+0	2,400E+1	2,700E+3	2,697E+3
85,033	0,139	0,100	7,690E+0	2,400E+1	2,700E+3	2,700E+3
86,034	0,139	0,100	7,690E+0	2,400E+1	2,700E+3	2,702E+3
87,034	0,139	0,100	7,700E+0	2,400E+1	2,700E+3	2,692E+3
88,033	0,139	0,100	7,700E+0	2,400E+1	2,700E+3	2,703E+3
89,034	0,139	0,100	7,690E+0	2,400E+1	2,700E+3	2,698E+3
90,033	0,139	0,100	7,690E+0	2,400E+1	2,700E+3	2,703E+3
91,034	0,139	0,100	7,700E+0	2,400E+1	2,700E+3	2,701E+3
92,033	0,139	0,100	7,710E+0	2,400E+1	2,700E+3	2,699E+3
93,035	0,139	0,100	7,710E+0	2,400E+1	2,700E+3	2,701E+3
94,036	0,139	0,100	7,710E+0	2,400E+1	2,700E+3	2,692E+3
95,036	0,139	0,100	7,710E+0	2,400E+1	2,700E+3	2,691E+3
96,037	0,139	0,100	7,720E+0	2,400E+1	2,700E+3	2,694E+3
97,036	0,139	0,100	7,710E+0	2,400E+1	2,700E+3	2,703E+3
98,038	0,139	0,100	7,710E+0	2,400E+1	2,700E+3	2,703E+3
99,038	0,139	0,100	7,720E+0	2,400E+1	2,700E+3	2,702E+3
100,038	0,139	0,100	7,720E+0	2,400E+1	2,700E+3	2,696E+3
101,038	0,139	0,100	7,720E+0	2,400E+1	2,700E+3	2,693E+3
102,037	0,139	0,100	7,720E+0	2,400E+1	2,700E+3	2,697E+3
103,038	0,139	0,100	7,710E+0	2,400E+1	2,700E+3	2,703E+3
104,037	0,139	0,100	7,720E+0	2,400E+1	2,700E+3	2,704E+3
105,038	0,139	0,100	7,720E+0	2,400E+1	2,700E+3	2,699E+3
106,037	0,140	0,100	7,730E+0	2,400E+1	2,700E+3	2,696E+3
107,039	0,140	0,100	7,730E+0	2,400E+1	2,700E+3	2,692E+3
108,039	0,140	0,100	7,740E+0	2,400E+1	2,700E+3	2,700E+3
109,039	0,140	0,100	7,740E+0	2,400E+1	2,700E+3	2,697E+3
110,039	0,140	0,100	7,740E+0	2,400E+1	2,700E+3	2,703E+3
111,038	0,140	0,100	7,740E+0	2,400E+1	2,700E+3	2,696E+3
112,039	0,140	0,100	7,750E+0	2,400E+1	2,700E+3	2,699E+3
113,039	0,140	0,100	7,750E+0	2,400E+1	2,700E+3	2,694E+3
114,040	0,140	0,100	7,750E+0	2,400E+1	2,700E+3	2,699E+3
115,040	0,140	0,100	7,750E+0	2,400E+1	2,700E+3	2,702E+3
116,041	0,140	0,100	7,750E+0	2,400E+1	2,700E+3	2,707E+3
117,040	0,140	0,100	7,750E+0	2,400E+1	2,700E+3	2,696E+3
118,041	0,140	0,100	7,750E+0	2,400E+1	2,700E+3	2,709E+3
119,040	0,140	0,100	7,750E+0	2,400E+1	2,700E+3	2,691E+3
120,042	0,140	0,100	7,750E+0	2,400E+1	2,700E+3	2,703E+3
121,043	0,140	0,100	7,750E+0	2,400E+1	2,700E+3	2,700E+3
122,042	0,140	0,100	7,750E+0	2,400E+1	2,700E+3	2,705E+3
123,043	0,140	0,100	7,750E+0	2,400E+1	2,700E+3	2,702E+3
124,042	0,140	0,100	7,750E+0	2,400E+1	2,700E+3	2,699E+3
125,043	0,140	0,100	7,750E+0	2,400E+1	2,700E+3	2,707E+3
126,043	0,140	0,100	7,760E+0	2,400E+1	2,700E+3	2,698E+3
127,044	0,140	0,100	7,760E+0	2,400E+1	2,700E+3	2,685E+3
128,044	0,140	0,100	7,760E+0	2,400E+1	2,700E+3	2,697E+3
129,043	0,140	0,100	7,760E+0	2,400E+1	2,700E+3	2,703E+3
130,044	0,140	0,100	7,760E+0	2,400E+1	2,700E+3	2,699E+3
131,043	0,140	0,100	7,770E+0	2,400E+1	2,700E+3	2,703E+3
132,044	0,140	0,100	7,770E+0	2,400E+1	2,700E+3	2,697E+3
133,044	0,140	0,100	7,770E+0	2,400E+1	2,700E+3	2,708E+3
134,045	0,140	0,100	7,780E+0	2,400E+1	2,700E+3	2,705E+3
135,044	0,140	0,100	7,780E+0	2,400E+1	2,700E+3	2,695E+3
136,045	0,140	0,100	7,780E+0	2,400E+1	2,700E+3	2,697E+3
137,044	0,140	0,100	7,770E+0	2,400E+1	2,700E+3	2,696E+3
138,046	0,140	0,100	7,770E+0	2,400E+1	2,700E+3	2,697E+3
139,045	0,140	0,100	7,770E+0	2,400E+1	2,700E+3	2,703E+3
140,047	0,140	0,100	7,770E+0	2,400E+1	2,700E+3	2,690E+3
141,047	0,140	0,100	7,770E+0	2,400E+1	2,700E+3	2,687E+3
142,047	0,140	0,100	7,770E+0	2,400E+1	2,700E+3	2,702E+3
143,047	0,140	0,100	7,780E+0	2,400E+1	2,700E+3	2,702E+3
144,046	0,141	0,100	7,780E+0	2,400E+1	2,700E+3	2,704E+3
145,047	0,141	0,100	7,780E+0	2,400E+1	2,700E+3	2,704E+3
146,046	0,141	0,100	7,780E+0	2,400E+1	2,700E+3	2,706E+3
147,047	0,141	0,100	7,780E+0	2,400E+1	2,700E+3	2,696E+3
148,047	0,141	0,100	7,780E+0	2,400E+1	2,700E+3	2,684E+3
149,047	0,141	0,100	7,790E+0	2,400E+1	2,700E+3	2,699E+3
150,049	0,141	0,100	7,790E+0	2,400E+1	2,700E+3	2,696E+3
151,048	0,141	0,100	7,780E+0	2,400E+1	2,700E+3	2,697E+3
152,049	0,141	0,100	7,790E+0	2,400E+1	2,700E+3	2,698E+3
153,048	0,141	0,100	7,790E+0	2,400E+1	2,700E+3	2,702E+3
154,049	0,141	0,100	7,790E+0	2,400E+1	2,700E+3	2,701E+3
155,049	0,141	0,100	7,790E+0	2,400E+1	2,700E+3	2,700E+3
156,050	0,141	0,100	7,790E+0	2,400E+1	2,700E+3	2,692E+3
157,051	0,141	0,100	7,790E+0	2,400E+1	2,700E+3	2,700E+3
158,051	0,141	0,100	7,800E+0	2,400E+1	2,700E+3	2,695E+3
159,052	0,141	0,100	7,800E+0	2,400E+1	2,700E+3	2,693E+3
160,052	0,141	0,100	7,800E+0	2,400E+1	2,700E+3	2,699E+3
161,053	0,141	0,100	7,800E+0	2,400E+1	2,700E+3	2,695E+3
162,053	0,141	0,100	7,800E+0	2,400E+1	2,700E+3	2,704E+3
163,052	0,141	0,100	7,800E+0	2,400E+1	2,700E+3	2,700E+3
164,053	0,141	0,100	7,800E+0	2,400E+1	2,700E+3	2,692E+3
165,055	0,141	0,100	7,800E+0	2,400E+1	2,700E+3	2,702E+3
166,054	0,141	0,100	7,800E+0	2,400E+1	2,700E+3	2,706E+3
167,055	0,141	0,100	7,800E+0	2,400E+1	2,700E+3	2,706E+3
168,056	0,141	0,100	7,800E+0	2,400E+1	2,700E+3	2,699E+3
169,056	0,141	0,100	7,800E+0	2,400E+1	2,700E+3	2,709E+3
170,056	0,141	0,100	7,800E+0	2,400E+1	2,700E+3	2,706E+3
171,055	0,141	0,100	7,790E+0	2,400E+1	2,700E+3	2,697E+3
172,056	0,141	0,100	7,800E+0	2,400E+1	2,700E+3	2,706E+3
173,055	0,141	0,100	7,800E+0	2,400E+1	2,700E+3	2,696E+3
174,056	0,141	0,100	7,800E+0	2,400E+1	2,700E+3	2,698E+3
175,056	0,141	0,100	7,800E+0	2,400E+1	2,700E+3	2,707E+3
176,056	0,141	0,100	7,800E+0	2,400E+1	2,700E+3	2,701E+3
177,056	0,141	0,100	7,800E+0	2,400E+1	2,700E+3	2,692E+3
178,056	0,141	0,100	7,800E+0	2,400E+1	2,700E+3	2,701E+3
179,057	0,141	0,100	7,800E+0	2,400E+1	2,700E+3	2,706E+3
180,058	0,141	0,100	7,800E+0	2,400E+1	2,700E+3	2,695E+3
181,057	0,141	0,100	7,810E+0	2,400E+1	2,700E+3	2,698E+3
182,059	0,141	0,100	7,810E+0	2,400E+1	2,700E+3	2,708E+3
183,059	0,141	0,100	7,810E+0	2,400E+1	2,700E+3	2,705E+3
184,059	0,141	0,100	7,810E+0	2,400E+1	2,700E+3	2,699E+3
185,059	0,141	0,100	7,800E+0	2,400E+1	2,700E+3	2,698E+3
186,060	0,141	0,100	7,800E+0	2,400E+1	2,700E+3	2,698E+3
187,061	0,141	0,100	7,800E+0	2,400E+1	2,700E+3	2,695E+3
188,060	0,141	0,100	7,800E+0	2,400E+1	2,700E+3	2,710E+3
189,061	0,141	0,100	7,800E+0	2,400E+1	2,700E+3	2,706E+3
190,060	0,141	0,100	7,800E+0	2,400E+1	2,700E+3	2,699E+3
191,061	0,141	0,100	7,800E+0	2,400E+1	2,700E+3	2,685E+3
192,062	0,141	0,100	7,810E+0	2,400E+1	2,700E+3	2,697E+3
193,061	0,141	0,100	7,810E+0	2,400E+1	2,700E+3	2,700E+3
194,063	0,141	0,100	7,810E+0	2,400E+1	2,700E+3	2,697E+3
195,063	0,141	0,100	7,810E+0	2,400E+1	2,700E+3	2,701E+3
196,064	0,141	0,100	7,800E+0	2,400E+1	2,700E+3	2,693E+3
197,063	0,141	0,100	7,810E+0	2,400E+1	2,700E+3	2,702E+3
198,064	0,141	0,100	7,810E+0	2,400E+1	2,700E+3	2,692E+3
199,064	0,141	0,100	7,810E+0	2,400E+1	2,700E+3	2,698E+3
200,063	0,141	0,100	7,810E+0	2,400E+1	2,700E+3	2,700E+3
201,064	0,141	0,100	7,820E+0	2,400E+1	2,700E+3	2,699E+3
202,065	0,141	0,100	7,820E+0	2,400E+1	2,700E+3	2,699E+3
203,065	0,141	0,100	7,820E+0	2,400E+1	2,700E+3	2,691E+3
204,064	0,141	0,100	7,820E+0	2,400E+1	2,700E+3	2,695E+3
205,066	0,141	0,100	7,820E+0	2,400E+1	2,700E+3	2,706E+3
206,066	0,141	0,100	7,810E+0	2,400E+1	2,700E+3	2,699E+3
207,065	0,141	0,100	7,810E+0	2,400E+1	2,700E+3	2,700E+3
208,066	0,141	0,100	7,810E+0	2,400E+1	2,700E+3	2,699E+3
209,066	0,141	0,100	7,810E+0	2,400E+1	2,700E+3	2,700E+3
210,068	0,141	0,100	7,810E+0	2,400E+1	2,700E+3	2,702E+3
211,067	0,141	0,100	7,810E+0	2,400E+1	2,700E+3	2,704E+3
212,069	0,141	0,100	7,820E+0	2,400E+1	2,700E+3	2,702E+3
213,069	0,141	0,100	7,810E+0	2,400E+1	2,700E+3	2,682E+3
214,069	0,141	0,100	7,810E+0	2,400E+1	2,700E+3	2,704E+3
215,069	0,141	0,100	7,810E+0	2,400E+1	2,700E+3	2,701E+3
216,069	0,141	0,100	7,810E+0	2,400E+1	2,700E+3	2,693E+3
217,069	0,141	0,100	7,810E+0	2,400E+1	2,700E+3	2,702E+3
218,068	0,141	0,100	7,820E+0	2,400E+1	2,700E+3	2,700E+3
219,069	0,141	0,100	7,820E+0	2,400E+1	2,700E+3	2,694E+3
220,068	0,141	0,100	7,820E+0	2,400E+1	2,700E+3	2,697E+3
221,069	0,141	0,100	7,820E+0	2,400E+1	2,700E+3	2,700E+3
222,069	0,141	0,100	7,820E+0	2,400E+1	2,700E+3	2,698E+3
223,068	0,141	0,100	7,820E+0	2,400E+1	2,700E+3	2,699E+3
224,069	0,141	0,100	7,820E+0	2,400E+1	2,700E+3	2,694E+3
225,069	0,141	0,100	7,820E+0	2,400E+1	2,700E+3	2,700E+3
226,068	0,141	0,100	7,820E+0	2,400E+1	2,700E+3	2,702E+3
227,069	0,141	0,100	7,820E+0	2,400E+1	2,700E+3	2,692E+3
228,068	0,141	0,100	7,820E+0	2,400E+1	2,700E+3	2,705E+3
229,069	0,141	0,100	7,820E+0	2,400E+1	2,700E+3	2,704E+3
230,068	0,141	0,100	7,820E+0	2,400E+1	2,700E+3	2,694E+3
231,069	0,141	0,100	7,820E+0	2,400E+1	2,700E+3	2,701E+3
232,068	0,141	0,100	7,820E+0	2,400E+1	2,700E+3	2,704E+3
233,069	0,141	0,100	7,830E+0	2,400E+1	2,700E+3	2,702E+3
234,069	0,141	0,100	7,830E+0	2,400E+1	2,700E+3	2,705E+3
235,068	0,141	0,100	7,830E+0	2,400E+1	2,700E+3	2,705E+3
236,070	0,141	0,100	7,830E+0	2,400E+1	2,700E+3	2,686E+3
237,069	0,141	0,100	7,830E+0	2,400E+1	2,700E+3	2,704E+3
238,070	0,141	0,100	7,830E+0	2,400E+1	2,700E+3	2,701E+3
239,070	0,141	0,100	7,830E+0	2,400E+1	2,700E+3	2,707E+3
240,070	0,141	0,100	7,830E+0	2,400E+1	2,700E+3	2,694E+3
241,070	0,141	0,100	7,830E+0	2,400E+1	2,700E+3	2,697E+3
242,069	0,141	0,100	7,830E+0	2,400E+1	2,700E+3	2,694E+3
243,069	0,141	0,100	7,830E+0	2,400E+1	2,700E+3	2,701E+3
244,070	0,141	0,100	7,830E+0	2,400E+1	2,700E+3	2,703E+3
245,069	0,141	0,100	7,830E+0	2,400E+1	2,700E+3	2,711E+3
246,070	0,141	0,100	7,830E+0	2,400E+1	2,700E+3	2,704E+3
247,070	0,141	0,100	7,830E+0	2,400E+1	2,700E+3	2,700E+3
248,071	0,141	0,100	7,830E+0	2,400E+1	2,700E+3	2,705E+3
249,071	0,141	0,100	7,830E+0	2,400E+1	2,700E+3	2,703E+3
250,070	0,141	0,100	7,830E+0	2,400E+1	2,700E+3	2,704E+3
251,071	0,141	0,100	7,830E+0	2,400E+1	2,700E+3	2,693E+3
252,071	0,141	0,100	7,830E+0	2,400E+1	2,700E+3	2,698E+3
253,072	0,141	0,100	7,840E+0	2,400E+1	2,700E+3	2,696E+3
254,071	0,141	0,100	7,840E+0	2,400E+1	2,700E+3	2,703E+3
255,072	0,141	0,100	7,830E+0	2,400E+1	2,700E+3	2,704E+3
256,071	0,141	0,100	7,840E+0	2,400E+1	2,700E+3	2,701E+3
257,073	0,141	0,100	7,840E+0	2,400E+1	2,700E+3	2,697E+3
258,073	0,141	0,100	7,840E+0	2,400E+1	2,700E+3	2,696E+3
259,073	0,141	0,100	7,840E+0	2,400E+1	2,700E+3	2,703E+3
260,074	0,141	0,100	7,840E+0	2,400E+1	2,700E+3	2,708E+3
261,074	0,141	0,100	7,840E+0	2,400E+1	2,700E+3	2,700E+3
262,075	0,141	0,100	7,840E+0	2,400E+1	2,700E+3	2,694E+3
263,076	0,141	0,100	7,840E+0	2,400E+1	2,700E+3	2,692E+3
264,076	0,141	0,100	7,840E+0	2,400E+1	2,700E+3	2,698E+3
265,077	0,141	0,100	7,840E+0	2,400E+1	2,700E+3	2,699E+3
266,076	0,141	0,100	7,840E+0	2,400E+1	2,700E+3	2,699E+3
267,077	0,141	0,100	7,840E+0	2,400E+1	2,700E+3	2,697E+3
268,076	0,141	0,100	7,840E+0	2,400E+1	2,700E+3	2,702E+3
269,077	0,141	0,100	7,840E+0	2,400E+1	2,700E+3	2,704E+3
270,077	0,141	0,100	7,840E+0	2,400E+1	2,700E+3	2,696E+3
271,076	0,141	0,100	7,840E+0	2,400E+1	2,700E+3	2,695E+3
272,077	0,141	0,100	7,840E+0	2,400E+1	2,700E+3	2,699E+3
273,077	0,141	0,100	7,850E+0	2,400E+1	2,700E+3	2,697E+3
274,078	0,141	0,100	7,850E+0	2,400E+1	2,700E+3	2,707E+3
275,079	0,141	0,100	7,850E+0	2,400E+1	2,700E+3	2,704E+3
276,079	0,141	0,100	7,840E+0	2,400E+1	2,700E+3	2,697E+3
277,079	0,141	0,100	7,840E+0	2,400E+1	2,700E+3	2,690E+3
278,078	0,141	0,100	7,840E+0	2,400E+1	2,700E+3	2,701E+3
279,079	0,141	0,100	7,840E+0	2,400E+1	2,700E+3	2,698E+3
280,078	0,141	0,100	7,840E+0	2,400E+1	2,700E+3	2,695E+3
281,080	0,141	0,100	7,840E+0	2,400E+1	2,700E+3	2,703E+3
282,080	0,141	0,100	7,840E+0	2,400E+1	2,700E+3	2,692E+3
283,079	0,141	0,100	7,840E+0	2,400E+1	2,700E+3	2,692E+3
284,080	0,141	0,100	7,840E+0	2,400E+1	2,700E+3	2,696E+3
285,080	0,141	0,100	7,850E+0	2,400E+1	2,700E+3	2,703E+3
286,079	0,141	0,100	7,850E+0	2,400E+1	2,700E+3	2,699E+3
287,080	0,141	0,100	7,850E+0	2,400E+1	2,700E+3	2,686E+3
288,080	0,141	0,100	7,850E+0	2,400E+1	2,700E+3	2,699E+3
289,081	0,141	0,100	7,850E+0	2,400E+1	2,700E+3	2,696E+3
290,081	0,141	0,100	7,850E+0	2,400E+1	2,700E+3	2,703E+3
291,080	0,141	0,100	7,850E+0	2,400E+1	2,700E+3	2,704E+3
292,081	0,141	0,100	7,840E+0	2,400E+1	2,700E+3	2,703E+3
293,080	0,141	0,100	7,850E+0	2,400E+1	2,700E+3	2,704E+3
294,082	0,141	0,100	7,850E+0	2,400E+1	2,700E+3	2,701E+3
295,083	0,141	0,100	7,850E+0	2,400E+1	2,700E+3	2,691E+3
296,083	0,141	0,100	7,850E+0	2,400E+1	2,700E+3	2,711E+3
297,084	0,141	0,100	7,850E+0	2,400E+1	2,700E+3	2,691E+3
298,083	0,141	0,100	7,850E+0	2,400E+1	2,700E+3	2,692E+3
299,085	0,141	0,100	7,850E+0	2,400E+1	2,700E+3	2,703E+3
300,085	0,141	0,100	7,850E+0	2,400E+1	2,700E+3	2,701E+3
301,085	0,141	0,100	7,850E+0	2,400E+1	2,700E+3	2,702E+3
302,085	0,141	0,100	7,850E+0	2,400E+1	2,700E+3	2,687E+3
303,084	0,141	0,100	7,850E+0	2,400E+1	2,700E+3	2,699E+3
304,085	0,141	0,100	7,860E+0	2,400E+1	2,700E+3	2,693E+3
305,084	0,141	0,100	7,860E+0	2,400E+1	2,700E+3	2,692E+3
306,085	0,141	0,100	7,850E+0	2,400E+1	2,700E+3	2,701E+3
307,086	0,141	0,100	7,850E+0	2,400E+1	2,700E+3	2,698E+3
308,085	0,141	0,100	7,850E+0	2,400E+1	2,700E+3	2,703E+3
309,087	0,141	0,100	7,860E+0	2,400E+1	2,700E+3	2,697E+3
310,087	0,141	0,100	7,860E+0	2,400E+1	2,700E+3	2,699E+3
311,089	0,141	0,100	7,860E+0	2,400E+1	2,700E+3	2,697E+3
312,089	0,141	0,100	7,860E+0	2,400E+1	2,700E+3	2,699E+3
313,089	0,141	0,100	7,860E+0	2,400E+1	2,700E+3	2,697E+3
314,090	0,141	0,100	7,860E+0	2,400E+1	2,700E+3	2,690E+3
315,091	0,141	0,100	7,860E+0	2,400E+1	2,700E+3	2,700E+3
316,090	0,141	0,100	7,860E+0	2,400E+1	2,700E+3	2,705E+3
317,091	0,141	0,100	7,860E+0	2,400E+1	2,700E+3	2,704E+3
318,091	0,141	0,100	7,860E+0	2,400E+1	2,700E+3	2,704E+3
319,091	0,141	0,100	7,860E+0	2,400E+1	2,700E+3	2,705E+3
320,090	0,141	0,100	7,860E+0	2,400E+1	2,700E+3	2,704E+3
321,091	0,141	0,100	7,860E+0	2,400E+1	2,700E+3	2,699E+3
322,090	0,141	0,100	7,850E+0	2,400E+1	2,700E+3	2,699E+3
323,091	0,141	0,100	7,860E+0	2,400E+1	2,700E+3	2,696E+3
324,090	0,141	0,100	7,860E+0	2,400E+1	2,700E+3	2,710E+3
325,091	0,141	0,100	7,860E+0	2,400E+1	2,700E+3	2,695E+3
326,091	0,141	0,100	7,860E+0	2,400E+1	2,700E+3	2,702E+3
327,090	0,141	0,100	7,860E+0	2,400E+1	2,700E+3	2,690E+3
328,091	0,141	0,100	7,860E+0	2,400E+1	2,700E+3	2,697E+3
329,091	0,141	0,100	7,860E+0	2,400E+1	2,700E+3	2,705E+3
330,092	0,141	0,100	7,860E+0	2,400E+1	2,700E+3	2,699E+3
331,092	0,141	0,100	7,860E+0	2,400E+1	2,700E+3	2,696E+3
332,093	0,141	0,100	7,860E+0	2,400E+1	2,700E+3	2,700E+3
333,094	0,141	0,100	7,870E+0	2,400E+1	2,700E+3	2,707E+3
334,093	0,141	0,100	7,870E+0	2,400E+1	2,700E+3	2,690E+3
335,095	0,141	0,100	7,870E+0	2,400E+1	2,700E+3	2,698E+3
336,094	0,141	0,100	7,860E+0	2,400E+1	2,700E+3	2,701E+3
337,095	0,141	0,100	7,860E+0	2,400E+1	2,700E+3	2,703E+3
338,094	0,141	0,100	7,860E+0	2,400E+1	2,700E+3	2,698E+3
339,095	0,141	0,100	7,860E+0	2,400E+1	2,700E+3	2,703E+3
340,094	0,141	0,100	7,860E+0	2,400E+1	2,700E+3	2,703E+3
341,095	0,141	0,100	7,860E+0	2,400E+1	2,700E+3	2,698E+3
342,095	0,141	0,100	7,860E+0	2,400E+1	2,700E+3	2,699E+3
343,094	0,141	0,100	7,860E+0	2,400E+1	2,700E+3	2,704E+3
344,096	0,141	0,100	7,860E+0	2,400E+1	2,700E+3	2,698E+3
345,096	0,141	0,100	7,870E+0	2,400E+1	2,700E+3	2,701E+3
346,095	0,141	0,100	7,870E+0	2,400E+1	2,700E+3	2,698E+3
347,096	0,141	0,100	7,870E+0	2,400E+1	2,700E+3	2,694E+3
348,095	0,141	0,100	7,870E+0	2,400E+1	2,700E+3	2,696E+3
349,096	0,141	0,100	7,870E+0	2,400E+1	2,700E+3	2,698E+3
350,096	0,141	0,100	7,870E+0	2,400E+1	2,700E+3	2,697E+3
351,095	0,141	0,100	7,870E+0	2,400E+1	2,700E+3	2,709E+3
352,097	0,141	0,100	7,870E+0	2,400E+1	2,700E+3	2,703E+3
353,096	0,141	0,100	7,870E+0	2,400E+1	2,700E+3	2,699E+3
354,098	0,141	0,100	7,870E+0	2,400E+1	2,700E+3	2,704E+3
355,097	0,141	0,100	7,870E+0	2,400E+1	2,700E+3	2,688E+3
356,098	0,141	0,100	7,870E+0	2,400E+1	2,700E+3	2,700E+3
357,098	0,141	0,100	7,870E+0	2,400E+1	2,700E+3	2,703E+3
358,097	0,141	0,100	7,870E+0	2,400E+1	2,700E+3	2,701E+3
359,098	0,141	0,100	7,870E+0	2,400E+1	2,700E+3	2,690E+3
360,097	0,141	0,100	7,870E+0	2,400E+1	2,700E+3	2,691E+3
361,098	0,141	0,100	7,870E+0	2,400E+1	2,700E+3	2,693E+3
362,098	0,141	0,100	7,870E+0	2,400E+1	2,700E+3	2,696E+3
363,099	0,141	0,100	7,870E+0	2,400E+1	2,700E+3	2,696E+3
364,099	0,141	0,100	7,870E+0	2,400E+1	2,700E+3	2,700E+3
365,098	0,141	0,100	7,870E+0	2,400E+1	2,700E+3	2,688E+3
366,099	0,141	0,100	7,880E+0	2,400E+1	2,700E+3	2,691E+3
367,099	0,142	0,100	7,870E+0	2,400E+1	2,700E+3	2,693E+3
368,100	0,142	0,100	7,870E+0	2,400E+1	2,700E+3	2,694E+3
369,100	0,141	0,100	7,870E+0	2,400E+1	2,700E+3	2,703E+3
370,099	0,141	0,100	7,870E+0	2,400E+1	2,700E+3	2,702E+3
371,100	0,141	0,100	7,870E+0	2,400E+1	2,700E+3	2,698E+3
372,100	0,141	0,100	7,870E+0	2,400E+1	2,700E+3	2,685E+3
373,100	0,141	0,100	7,870E+0	2,400E+1	2,700E+3	2,701E+3
374,101	0,141	0,100	7,870E+0	2,400E+1	2,700E+3	2,697E+3
375,101	0,141	0,100	7,870E+0	2,400E+1	2,700E+3	2,693E+3
376,103	0,141	0,100	7,870E+0	2,400E+1	2,700E+3	2,695E+3
377,103	0,141	0,100	7,870E+0	2,400E+1	2,700E+3	2,699E+3
378,104	0,141	0,100	7,870E+0	2,400E+1	2,700E+3	2,700E+3
379,104	0,141	0,100	7,870E+0	2,400E+1	2,700E+3	2,704E+3
380,103	0,141	0,100	7,870E+0	2,400E+1	2,700E+3	2,705E+3
381,104	0,141	0,100	7,880E+0	2,400E+1	2,700E+3	2,701E+3
382,103	0,141	0,100	7,880E+0	2,400E+1	2,700E+3	2,699E+3
383,105	0,141	0,100	7,880E+0	2,400E+1	2,700E+3	2,695E+3
384,105	0,141	0,100	7,880E+0	2,400E+1	2,700E+3	2,707E+3
385,105	0,141	0,100	7,880E+0	2,400E+1	2,700E+3	2,696E+3
386,105	0,141	0,100	7,880E+0	2,400E+1	2,700E+3	2,704E+3
387,105	0,141	0,100	7,880E+0	2,400E+1	2,700E+3	2,696E+3
388,105	0,141	0,100	7,880E+0	2,400E+1	2,700E+3	2,705E+3
389,106	0,142	0,100	7,880E+0	2,400E+1	2,700E+3	2,704E+3
390,105	0,142	0,100	7,880E+0	2,400E+1	2,700E+3	2,699E+3
391,106	0,142	0,100	7,880E+0	2,400E+1	2,700E+3	2,704E+3
392,106	0,142	0,100	7,880E+0	2,400E+1	2,700E+3	2,697E+3
393,106	0,141	0,100	7,880E+0	2,400E+1	2,700E+3	2,705E+3
394,107	0,141	0,100	7,880E+0	2,400E+1	2,700E+3	2,703E+3
395,106	0,141	0,100	7,880E+0	2,400E+1	2,700E+3	2,705E+3
396,107	0,141	0,100	7,880E+0	2,400E+1	2,700E+3	2,706E+3
397,107	0,141	0,100	7,880E+0	2,400E+1	2,700E+3	2,707E+3
398,106	0,141	0,100	7,880E+0	2,400E+1	2,700E+3	2,694E+3
399,107	0,141	0,100	7,880E+0	2,400E+1	2,700E+3	2,697E+3
400,106	0,141	0,100	7,880E+0	2,400E+1	2,700E+3	2,689E+3
401,107	0,141	0,100	7,880E+0	2,400E+1	2,700E+3	2,701E+3
402,107	0,141	0,100	7,880E+0	2,400E+1	2,700E+3	2,706E+3
403,107	0,141	0,100	7,880E+0	2,400E+1	2,700E+3	2,702E+3
404,108	0,141	0,100	7,880E+0	2,400E+1	2,700E+3	2,698E+3
405,108	0,141	0,100	7,880E+0	2,400E+1	2,700E+3	2,699E+3
406,107	0,141	0,100	7,880E+0	2,400E+1	2,700E+3	2,699E+3
407,108	0,141	0,100	7,880E+0	2,400E+1	2,700E+3	2,698E+3
408,108	0,141	0,100	7,880E+0	2,400E+1	2,700E+3	2,699E+3
409,110	0,141	0,100	7,880E+0	2,400E+1	2,700E+3	2,690E+3
410,110	0,142	0,100	7,890E+0	2,400E+1	2,700E+3	2,700E+3
411,112	0,142	0,100	7,890E+0	2,400E+1	2,700E+3	2,700E+3
412,112	0,142	0,100	7,890E+0	2,400E+1	2,700E+3	2,693E+3
413,111	0,142	0,100	7,890E+0	2,400E+1	2,700E+3	2,693E+3
414,112	0,142	0,100	7,890E+0	2,400E+1	2,700E+3	2,704E+3
415,111	0,142	0,100	7,890E+0	2,400E+1	2,700E+3	2,708E+3
416,112	0,142	0,100	7,890E+0	2,400E+1	2,700E+3	2,693E+3
417,111	0,141	0,100	7,890E+0	2,400E+1	2,700E+3	2,691E+3
418,112	0,141	0,100	7,890E+0	2,400E+1	2,700E+3	2,696E+3
419,112	0,141	0,100	7,890E+0	2,400E+1	2,700E+3	2,700E+3
420,111	0,141	0,100	7,890E+0	2,400E+1	2,700E+3	2,697E+3
421,113	0,141	0,100	7,890E+0	2,400E+1	2,700E+3	2,699E+3
422,113	0,142	0,100	7,890E+0	2,400E+1	2,700E+3	2,706E+3
423,115	0,142	0,100	7,890E+0	2,400E+1	2,700E+3	2,701E+3
424,115	0,142	0,100	7,890E+0	2,400E+1	2,700E+3	2,704E+3
425,115	0,142	0,100	7,890E+0	2,400E+1	2,700E+3	2,699E+3
426,115	0,142	0,100	7,900E+0	2,400E+1	2,700E+3	2,695E+3
427,114	0,141	0,100	7,890E+0	2,400E+1	2,700E+3	2,696E+3
428,116	0,141	0,100	7,890E+0	2,400E+1	2,700E+3	2,703E+3
429,115	0,141	0,100	7,890E+0	2,400E+1	2,700E+3	2,702E+3
430,116	0,141	0,100	7,890E+0	2,400E+1	2,700E+3	2,703E+3
431,116	0,141	0,100	7,890E+0	2,400E+1	2,700E+3	2,705E+3
432,115	0,141	0,100	7,890E+0	2,400E+1	2,700E+3	2,705E+3
433,117	0,141	0,100	7,880E+0	2,400E+1	2,700E+3	2,691E+3
434,116	0,141	0,100	7,880E+0	2,400E+1	2,700E+3	2,693E+3
435,117	0,141	0,100	7,890E+0	2,400E+1	2,700E+3	2,688E+3
436,118	0,141	0,100	7,890E+0	2,400E+1	2,700E+3	2,701E+3
437,118	0,141	0,100	7,880E+0	2,400E+1	2,700E+3	2,698E+3
438,119	0,141	0,100	7,880E+0	2,400E+1	2,700E+3	2,697E+3
439,118	0,141	0,100	7,880E+0	2,400E+1	2,700E+3	2,701E+3
440,120	0,142	0,100	7,890E+0	2,400E+1	2,700E+3	2,699E+3
441,119	0,142	0,100	7,900E+0	2,400E+1	2,700E+3	2,700E+3
442,120	0,142	0,100	7,890E+0	2,400E+1	2,700E+3	2,699E+3
443,120	0,142	0,100	7,890E+0	2,400E+1	2,700E+3	2,711E+3
444,120	0,142	0,100	7,900E+0	2,400E+1	2,700E+3	2,698E+3
445,120	0,141	0,100	7,890E+0	2,400E+1	2,700E+3	2,699E+3
446,119	0,141	0,100	7,890E+0	2,400E+1	2,700E+3	2,701E+3
447,121	0,141	0,100	7,890E+0	2,400E+1	2,700E+3	2,696E+3
448,120	0,141	0,100	7,890E+0	2,400E+1	2,700E+3	2,696E+3
449,121	0,141	0,100	7,890E+0	2,400E+1	2,700E+3	2,698E+3
450,121	0,141	0,100	7,890E+0	2,400E+1	2,700E+3	2,702E+3
451,120	0,141	0,100	7,890E+0	2,400E+1	2,700E+3	2,695E+3
452,121	0,141	0,100	7,890E+0	2,400E+1	2,700E+3	2,708E+3
453,120	0,141	0,100	7,890E+0	2,400E+1	2,700E+3	2,703E+3
454,121	0,141	0,100	7,890E+0	2,400E+1	2,700E+3	2,704E+3
455,120	0,141	0,100	7,890E+0	2,400E+1	2,700E+3	2,698E+3
456,122	0,142	0,100	7,900E+0	2,400E+1	2,700E+3	2,700E+3
457,122	0,142	0,100	7,900E+0	2,400E+1	2,700E+3	2,694E+3
458,121	0,142	0,100	7,900E+0	2,400E+1	2,700E+3	2,705E+3
459,122	0,141	0,100	7,900E+0	2,400E+1	2,700E+3	2,700E+3
460,121	0,141	0,100	7,900E+0	2,400E+1	2,700E+3	2,700E+3
461,122	0,141	0,100	7,900E+0	2,400E+1	2,700E+3	2,693E+3
462,122	0,141	0,100	7,900E+0	2,400E+1	2,700E+3	2,702E+3
463,123	0,142	0,100	7,900E+0	2,400E+1	2,700E+3	2,690E+3
464,123	0,142	0,100	7,900E+0	2,400E+1	2,700E+3	2,703E+3
465,124	0,142	0,100	7,900E+0	2,400E+1	2,700E+3	2,692E+3
466,124	0,142	0,100	7,900E+0	2,400E+1	2,700E+3	2,690E+3
467,124	0,142	0,100	7,900E+0	2,400E+1	2,700E+3	2,694E+3
468,123	0,142	0,100	7,900E+0	2,400E+1	2,700E+3	2,700E+3
469,124	0,142	0,100	7,900E+0	2,400E+1	2,700E+3	2,704E+3
470,123	0,142	0,100	7,890E+0	2,400E+1	2,700E+3	2,704E+3
471,124	0,142	0,100	7,890E+0	2,400E+1	2,700E+3	2,695E+3
472,124	0,142	0,100	7,900E+0	2,400E+1	2,700E+3	2,707E+3
473,124	0,142	0,100	7,900E+0	2,400E+1	2,700E+3	2,703E+3
474,124	0,142	0,100	7,900E+0	2,400E+1	2,700E+3	2,694E+3
475,123	0,142	0,100	7,900E+0	2,400E+1	2,700E+3	2,696E+3
476,125	0,142	0,100	7,900E+0	2,400E+1	2,700E+3	2,701E+3
477,125	0,142	0,100	7,900E+0	2,400E+1	2,700E+3	2,684E+3
478,124	0,142	0,100	7,900E+0	2,400E+1	2,700E+3	2,702E+3
479,125	0,142	0,100	7,900E+0	2,400E+1	2,700E+3	2,697E+3
480,124	0,142	0,100	7,900E+0	2,400E+1	2,700E+3	2,704E+3
481,126	0,142	0,100	7,900E+0	2,400E+1	2,700E+3	2,710E+3
482,126	0,142	0,100	7,900E+0	2,400E+1	2,700E+3	2,707E+3
483,125	0,142	0,100	7,900E+0	2,400E+1	2,700E+3	2,705E+3
484,126	0,142	0,100	7,900E+0	2,400E+1	2,700E+3	2,700E+3
485,125	0,142	0,100	7,900E+0	2,400E+1	2,700E+3	2,706E+3
486,126	0,142	0,100	7,900E+0	2,400E+1	2,700E+3	2,701E+3
487,125	0,142	0,100	7,900E+0	2,400E+1	2,700E+3	2,691E+3
488,126	0,142	0,100	7,910E+0	2,400E+1	2,700E+3	2,708E+3
489,126	0,142	0,100	7,900E+0	2,400E+1	2,700E+3	2,695E+3
490,125	0,142	0,100	7,900E+0	2,400E+1	2,700E+3	2,701E+3
491,126	0,142	0,100	7,900E+0	2,400E+1	2,700E+3	2,698E+3
492,126	0,142	0,100	7,900E+0	2,400E+1	2,700E+3	2,700E+3
493,126	0,142	0,100	7,900E+0	2,400E+1	2,700E+3	2,699E+3
494,128	0,142	0,100	7,910E+0	2,400E+1	2,700E+3	2,701E+3
495,129	0,142	0,100	7,910E+0	2,400E+1	2,700E+3	2,695E+3
496,129	0,142	0,100	7,910E+0	2,400E+1	2,700E+3	2,695E+3
497,129	0,142	0,100	7,910E+0	2,400E+1	2,700E+3	2,713E+3
498,128	0,142	0,100	7,910E+0	2,400E+1	2,700E+3	2,697E+3
499,129	0,142	0,100	7,910E+0	2,400E+1	2,700E+3	2,703E+3
500,129	0,142	0,100	7,910E+0	2,400E+1	2,700E+3	2,700E+3
501,130	0,142	0,100	7,910E+0	2,400E+1	2,700E+3	2,709E+3
502,130	0,142	0,100	7,910E+0	2,400E+1	2,700E+3	2,696E+3
503,129	0,142	0,100	7,910E+0	2,400E+1	2,700E+3	2,703E+3
504,130	0,142	0,100	7,910E+0	2,400E+1	2,700E+3	2,703E+3
505,130	0,142	0,100	7,910E+0	2,400E+1	2,700E+3	2,702E+3
506,132	0,142	0,100	7,910E+0	2,400E+1	2,700E+3	2,698E+3
507,132	0,142	0,100	7,910E+0	2,400E+1	2,700E+3	2,699E+3
508,134	0,142	0,100	7,910E+0	2,400E+1	2,700E+3	2,702E+3
509,134	0,142	0,100	7,910E+0	2,400E+1	2,700E+3	2,701E+3
510,133	0,142	0,100	7,910E+0	2,400E+1	2,700E+3	2,693E+3
511,134	0,142	0,100	7,910E+0	2,400E+1	2,700E+3	2,696E+3
512,135	0,142	0,100	7,910E+0	2,400E+1	2,700E+3	2,698E+3
513,134	0,142	0,100	7,910E+0	2,400E+1	2,700E+3	2,707E+3
514,135	0,142	0,100	7,910E+0	2,400E+1	2,700E+3	2,697E+3
515,136	0,142	0,100	7,910E+0	2,400E+1	2,700E+3	2,701E+3
516,136	0,142	0,100	7,910E+0	2,400E+1	2,700E+3	2,698E+3
517,136	0,142	0,100	7,910E+0	2,400E+1	2,700E+3	2,709E+3
518,138	0,142	0,100	7,910E+0	2,400E+1	2,700E+3	2,699E+3
519,137	0,141	0,100	7,910E+0	2,400E+1	2,700E+3	2,706E+3
520,139	0,141	0,100	7,920E+0	2,400E+1	2,700E+3	2,693E+3
521,139	0,142	0,100	7,920E+0	2,400E+1	2,700E+3	2,689E+3
522,140	0,142	0,100	7,920E+0	2,400E+1	2,700E+3	2,698E+3
523,142	0,142	0,100	7,920E+0	2,400E+1	2,700E+3	2,707E+3
524,143	0,142	0,100	7,920E+0	2,400E+1	2,700E+3	2,703E+3
525,142	0,142	0,100	7,920E+0	2,400E+1	2,700E+3	2,706E+3
526,143	0,142	0,100	7,920E+0	2,400E+1	2,700E+3	2,704E+3
527,143	0,142	0,100	7,920E+0	2,400E+1	2,700E+3	2,702E+3
528,143	0,142	0,100	7,920E+0	2,400E+1	2,700E+3	2,699E+3
529,143	0,142	0,100	7,920E+0	2,400E+1	2,700E+3	2,692E+3
530,142	0,142	0,100	7,920E+0	2,400E+1	2,700E+3	2,699E+3
531,142	0,142	0,100	7,920E+0	2,400E+1	2,700E+3	2,693E+3
532,143	0,142	0,100	7,920E+0	2,400E+1	2,700E+3	2,702E+3
533,144	0,142	0,100	7,910E+0	2,400E+1	2,700E+3	2,699E+3
534,144	0,142	0,100	7,910E+0	2,400E+1	2,700E+3	2,687E+3
535,144	0,142	0,100	7,910E+0	2,400E+1	2,700E+3	2,705E+3
536,143	0,142	0,100	7,910E+0	2,400E+1	2,700E+3	2,693E+3
537,145	0,142	0,100	7,920E+0	2,400E+1	2,700E+3	2,701E+3
538,144	0,142	0,100	7,920E+0	2,400E+1	2,700E+3	2,695E+3
539,145	0,142	0,100	7,920E+0	2,400E+1	2,700E+3	2,701E+3
540,145	0,142	0,100	7,920E+0	2,400E+1	2,700E+3	2,691E+3
541,144	0,142	0,100	7,920E+0	2,400E+1	2,700E+3	2,697E+3
542,145	0,142	0,100	7,920E+0	2,400E+1	2,700E+3	2,693E+3
543,144	0,142	0,100	7,920E+0	2,400E+1	2,700E+3	2,692E+3
544,146	0,142	0,100	7,920E+0	2,400E+1	2,700E+3	2,701E+3
545,145	0,142	0,100	7,920E+0	2,400E+1	2,700E+3	2,705E+3
546,146	0,142	0,100	7,920E+0	2,400E+1	2,700E+3	2,695E+3
547,146	0,142	0,100	7,920E+0	2,400E+1	2,700E+3	2,703E+3
548,145	0,142	0,100	7,920E+0	2,400E+1	2,700E+3	2,706E+3
549,146	0,142	0,100	7,920E+0	2,400E+1	2,700E+3	2,694E+3
550,145	0,142	0,100	7,930E+0	2,400E+1	2,700E+3	2,701E+3
551,147	0,142	0,100	7,930E+0	2,400E+1	2,700E+3	2,694E+3
552,146	0,142	0,100	7,920E+0	2,400E+1	2,700E+3	2,689E+3
553,147	0,142	0,100	7,920E+0	2,400E+1	2,700E+3	2,696E+3
554,147	0,142	0,100	7,920E+0	2,400E+1	2,700E+3	2,700E+3
555,146	0,142	0,100	7,920E+0	2,400E+1	2,700E+3	2,714E+3
556,147	0,142	0,100	7,920E+0	2,400E+1	2,700E+3	2,706E+3
557,147	0,142	0,100	7,920E+0	2,400E+1	2,700E+3	2,701E+3
558,148	0,142	0,100	7,920E+0	2,400E+1	2,700E+3	2,705E+3
559,149	0,142	0,100	7,920E+0	2,400E+1	2,700E+3	2,701E+3
560,148	0,142	0,100	7,920E+0	2,400E+1	2,700E+3	2,695E+3
561,149	0,142	0,100	7,920E+0	2,400E+1	2,700E+3	2,694E+3
562,148	0,142	0,100	7,920E+0	2,400E+1	2,700E+3	2,700E+3
563,149	0,142	0,100	7,920E+0	2,400E+1	2,700E+3	2,700E+3
564,149	0,142	0,100	7,920E+0	2,400E+1	2,700E+3	2,709E+3
565,150	0,142	0,100	7,930E+0	2,400E+1	2,700E+3	2,704E+3
566,151	0,142	0,100	7,930E+0	2,400E+1	2,700E+3	2,699E+3
567,150	0,142	0,100	7,930E+0	2,400E+1	2,700E+3	2,701E+3
568,151	0,142	0,100	7,930E+0	2,400E+1	2,700E+3	2,704E+3
569,150	0,142	0,100	7,930E+0	2,400E+1	2,700E+3	2,693E+3
570,151	0,142	0,100	7,930E+0	2,400E+1	2,700E+3	2,692E+3
571,151	0,142	0,100	7,930E+0	2,400E+1	2,700E+3	2,702E+3
572,151	0,142	0,100	7,920E+0	2,400E+1	2,700E+3	2,706E+3
573,151	0,142	0,100	7,920E+0	2,400E+1	2,700E+3	2,702E+3
574,150	0,142	0,100	7,930E+0	2,400E+1	2,700E+3	2,704E+3
575,151	0,142	0,100	7,930E+0	2,400E+1	2,700E+3	2,705E+3
576,150	0,142	0,100	7,930E+0	2,400E+1	2,700E+3	2,704E+3
577,151	0,142	0,100	7,930E+0	2,400E+1	2,700E+3	2,709E+3
578,151	0,142	0,100	7,930E+0	2,400E+1	2,700E+3	2,702E+3
579,151	0,142	0,100	7,930E+0	2,400E+1	2,700E+3	2,694E+3
580,151	0,142	0,100	7,930E+0	2,400E+1	2,700E+3	2,686E+3
581,150	0,142	0,100	7,930E+0	2,400E+1	2,700E+3	2,699E+3
582,151	0,142	0,100	7,930E+0	2,400E+1	2,700E+3	2,704E+3
583,150	0,142	0,100	7,930E+0	2,400E+1	2,700E+3	2,700E+3
584,150	0,142	0,100	7,930E+0	2,400E+1	2,700E+3	2,696E+3
585,150	0,142	0,100	7,930E+0	2,400E+1	2,700E+3	2,697E+3
586,151	0,142	0,100	7,930E+0	2,400E+1	2,700E+3	2,704E+3
587,150	0,142	0,100	7,930E+0	2,400E+1	2,700E+3	2,691E+3
588,151	0,142	0,100	7,930E+0	2,400E+1	2,700E+3	2,705E+3
589,151	0,142	0,100	7,930E+0	2,400E+1	2,700E+3	2,694E+3
590,151	0,142	0,100	7,930E+0	2,400E+1	2,700E+3	2,699E+3
591,151	0,142	0,100	7,930E+0	2,400E+1	2,700E+3	2,699E+3
592,150	0,142	0,100	7,930E+0	2,400E+1	2,700E+3	2,701E+3
593,152	0,142	0,100	7,930E+0	2,400E+1	2,700E+3	2,702E+3
594,151	0,142	0,100	7,930E+0	2,400E+1	2,700E+3	2,696E+3
595,153	0,142	0,100	7,930E+0	2,400E+1	2,700E+3	2,702E+3
596,154	0,142	0,100	7,930E+0	2,400E+1	2,700E+3	2,701E+3
597,154	0,142	0,100	7,930E+0	2,400E+1	2,700E+3	2,700E+3
598,154	0,142	0,100	7,930E+0	2,400E+1	2,700E+3	2,701E+3
599,153	0,142	0,100	7,930E+0	2,400E+1	2,700E+3	2,701E+3
600,155	0,142	0,100	7,930E+0	2,400E+1	2,700E+3	2,705E+3
601,155	0,142	0,100	7,930E+0	2,400E+1	2,700E+3	2,702E+3
602,156	0,142	0,100	7,930E+0	2,400E+1	2,700E+3	2,705E+3
603,157	0,142	0,100	7,930E+0	2,400E+1	2,700E+3	2,701E+3
604,157	0,142	0,100	7,930E+0	2,400E+1	2,700E+3	2,691E+3
605,158	0,142	0,100	7,930E+0	2,400E+1	2,700E+3	2,694E+3
606,157	0,142	0,100	7,930E+0	2,400E+1	2,700E+3	2,703E+3
607,158	0,142	0,100	7,930E+0	2,400E+1	2,700E+3	2,697E+3
608,157	0,142	0,100	7,930E+0	2,400E+1	2,700E+3	2,708E+3
609,158	0,142	0,100	7,930E+0	2,400E+1	2,700E+3	2,694E+3
610,157	0,142	0,100	7,930E+0	2,400E+1	2,700E+3	2,704E+3
611,158	0,142	0,100	7,930E+0	2,400E+1	2,700E+3	2,704E+3
612,157	0,142	0,100	7,940E+0	2,400E+1	2,700E+3	2,696E+3
613,159	0,142	0,100	7,930E+0	2,400E+1	2,700E+3	2,706E+3
614,159	0,142	0,100	7,930E+0	2,400E+1	2,700E+3	2,700E+3
615,159	0,142	0,100	7,940E+0	2,400E+1	2,700E+3	2,705E+3
616,161	0,142	0,100	7,940E+0	2,400E+1	2,700E+3	2,692E+3
617,160	0,142	0,100	7,940E+0	2,400E+1	2,700E+3	2,700E+3
618,162	0,142	0,100	7,940E+0	2,400E+1	2,700E+3	2,706E+3
619,163	0,142	0,100	7,940E+0	2,400E+1	2,700E+3	2,697E+3
620,163	0,142	0,100	7,940E+0	2,400E+1	2,700E+3	2,706E+3
621,164	0,142	0,100	7,940E+0	2,400E+1	2,700E+3	2,710E+3
622,163	0,142	0,100	7,940E+0	2,400E+1	2,700E+3	2,693E+3
623,164	0,142	0,100	7,940E+0	2,400E+1	2,700E+3	2,691E+3
624,164	0,142	0,100	7,930E+0	2,400E+1	2,700E+3	2,703E+3
625,164	0,142	0,100	7,930E+0	2,400E+1	2,700E+3	2,704E+3
626,164	0,142	0,100	7,930E+0	2,400E+1	2,700E+3	2,697E+3
627,163	0,142	0,100	7,940E+0	2,400E+1	2,700E+3	2,702E+3
628,164	0,142	0,100	7,960E+0	2,400E+1	2,700E+3	2,700E+3
629,164	0,142	0,100	7,940E+0	2,400E+1	2,700E+3	2,704E+3
630,165	0,142	0,100	7,940E+0	2,400E+1	2,700E+3	2,708E+3
631,165	0,142	0,100	7,940E+0	2,400E+1	2,700E+3	2,701E+3
632,164	0,142	0,100	7,940E+0	2,400E+1	2,700E+3	2,700E+3
633,165	0,142	0,100	7,940E+0	2,400E+1	2,700E+3	2,702E+3
634,164	0,142	0,100	7,940E+0	2,400E+1	2,700E+3	2,707E+3
635,164	0,142	0,100	7,950E+0	2,400E+1	2,700E+3	2,698E+3
636,166	0,142	0,100	7,950E+0	2,400E+1	2,700E+3	2,699E+3
637,166	0,142	0,100	7,940E+0	2,400E+1	2,700E+3	2,696E+3
638,167	0,142	0,100	7,940E+0	2,400E+1	2,700E+3	2,694E+3
639,168	0,142	0,100	7,940E+0	2,400E+1	2,700E+3	2,699E+3
640,167	0,142	0,100	7,940E+0	2,400E+1	2,700E+3	2,690E+3
641,169	0,142	0,100	7,940E+0	2,400E+1	2,700E+3	2,707E+3
642,168	0,142	0,100	7,940E+0	2,400E+1	2,700E+3	2,700E+3
643,169	0,142	0,100	7,950E+0	2,400E+1	2,700E+3	2,695E+3
644,169	0,142	0,100	7,950E+0	2,400E+1	2,700E+3	2,700E+3
645,169	0,142	0,100	7,950E+0	2,400E+1	2,700E+3	2,695E+3
646,171	0,142	0,100	7,950E+0	2,400E+1	2,700E+3	2,704E+3
647,171	0,142	0,100	7,950E+0	2,400E+1	2,700E+3	2,702E+3
648,170	0,142	0,100	7,940E+0	2,400E+1	2,700E+3	2,692E+3
649,171	0,142	0,100	7,950E+0	2,400E+1	2,700E+3	2,704E+3
650,171	0,142	0,100	7,950E+0	2,400E+1	2,700E+3	2,704E+3
651,172	0,142	0,100	7,950E+0	2,400E+1	2,700E+3	2,698E+3
652,172	0,142	0,100	7,950E+0	2,400E+1	2,700E+3	2,703E+3
653,171	0,142	0,100	7,940E+0	2,400E+1	2,700E+3	2,700E+3
654,172	0,142	0,100	7,940E+0	2,400E+1	2,700E+3	2,699E+3
655,171	0,142	0,100	7,950E+0	2,400E+1	2,700E+3	2,703E+3
656,172	0,142	0,100	7,940E+0	2,400E+1	2,700E+3	2,699E+3
657,171	0,142	0,100	7,940E+0	2,400E+1	2,700E+3	2,701E+3
658,172	0,142	0,100	7,950E+0	2,400E+1	2,700E+3	2,706E+3
659,172	0,142	0,100	7,950E+0	2,400E+1	2,700E+3	2,693E+3
660,171	0,142	0,100	7,950E+0	2,400E+1	2,700E+3	2,705E+3
661,172	0,142	0,100	7,950E+0	2,400E+1	2,700E+3	2,701E+3
662,171	0,142	0,100	7,950E+0	2,400E+1	2,700E+3	2,703E+3
663,172	0,142	0,100	7,950E+0	2,400E+1	2,700E+3	2,712E+3
664,173	0,142	0,100	7,950E+0	2,400E+1	2,700E+3	2,699E+3
665,173	0,142	0,100	7,950E+0	2,400E+1	2,700E+3	2,699E+3
666,173	0,142	0,100	7,950E+0	2,400E+1	2,700E+3	2,703E+3
667,172	0,142	0,100	7,950E+0	2,400E+1	2,700E+3	2,697E+3
668,173	0,142	0,100	7,950E+0	2,400E+1	2,700E+3	2,687E+3
669,173	0,142	0,100	7,950E+0	2,400E+1	2,700E+3	2,701E+3
670,174	0,142	0,100	7,950E+0	2,400E+1	2,700E+3	2,699E+3
671,174	0,142	0,100	7,950E+0	2,400E+1	2,700E+3	2,700E+3
672,174	0,142	0,100	7,950E+0	2,400E+1	2,700E+3	2,705E+3
673,174	0,142	0,100	7,950E+0	2,400E+1	2,700E+3	2,698E+3
674,173	0,142	0,100	7,950E+0	2,400E+1	2,700E+3	2,709E+3
675,174	0,142	0,100	7,950E+0	2,400E+1	2,700E+3	2,701E+3
676,174	0,142	0,100	7,960E+0	2,400E+1	2,700E+3	2,705E+3
677,175	0,142	0,100	7,960E+0	2,400E+1	2,700E+3	2,702E+3
678,176	0,142	0,100	7,950E+0	2,400E+1	2,700E+3	2,705E+3
679,177	0,142	0,100	7,950E+0	2,400E+1	2,700E+3	2,697E+3
680,177	0,142	0,100	7,950E+0	2,400E+1	2,700E+3	2,706E+3
681,176	0,142	0,100	7,960E+0	2,400E+1	2,700E+3	2,701E+3
682,177	0,142	0,100	7,950E+0	2,400E+1	2,700E+3	2,697E+3
683,176	0,142	0,100	7,950E+0	2,400E+1	2,700E+3	2,700E+3
684,177	0,142	0,100	7,950E+0	2,400E+1	2,700E+3	2,694E+3
685,178	0,142	0,100	7,950E+0	2,400E+1	2,700E+3	2,691E+3
686,178	0,142	0,100	7,950E+0	2,400E+1	2,700E+3	2,697E+3
687,178	0,142	0,100	7,950E+0	2,400E+1	2,700E+3	2,697E+3
688,177	0,142	0,100	7,950E+0	2,400E+1	2,700E+3	2,700E+3
689,178	0,142	0,100	7,950E+0	2,400E+1	2,700E+3	2,704E+3
690,178	0,142	0,100	7,960E+0	2,400E+1	2,700E+3	2,710E+3
691,179	0,142	0,100	7,960E+0	2,400E+1	2,700E+3	2,698E+3
692,179	0,142	0,100	7,960E+0	2,400E+1	2,700E+3	2,706E+3
693,179	0,142	0,100	7,950E+0	2,400E+1	2,700E+3	2,705E+3
694,180	0,142	0,100	7,950E+0	2,400E+1	2,700E+3	2,700E+3
695,179	0,142	0,100	7,950E+0	2,400E+1	2,700E+3	2,704E+3
696,179	0,142	0,100	7,950E+0	2,400E+1	2,700E+3	2,700E+3
697,180	0,142	0,100	7,950E+0	2,400E+1	2,700E+3	2,700E+3
698,180	0,142	0,100	7,950E+0	2,400E+1	2,700E+3	2,698E+3
699,180	0,142	0,100	7,960E+0	2,400E+1	2,700E+3	2,698E+3
700,180	0,142	0,100	7,960E+0	2,400E+1	2,700E+3	2,700E+3
701,179	0,142	0,100	7,960E+0	2,400E+1	2,700E+3	2,705E+3
702,181	0,142	0,100	7,960E+0	2,400E+1	2,700E+3	2,691E+3
703,181	0,142	0,100	7,960E+0	2,400E+1	2,700E+3	2,699E+3
704,181	0,142	0,100	7,960E+0	2,400E+1	2,700E+3	2,700E+3
705,182	0,142	0,100	7,960E+0	2,400E+1	2,700E+3	2,709E+3
706,181	0,142	0,100	7,960E+0	2,400E+1	2,700E+3	2,708E+3
707,182	0,142	0,100	7,960E+0	2,400E+1	2,700E+3	2,705E+3
708,182	0,142	0,100	7,960E+0	2,400E+1	2,700E+3	2,702E+3
709,181	0,142	0,100	7,950E+0	2,400E+1	2,700E+3	2,699E+3
710,182	0,142	0,100	7,950E+0	2,400E+1	2,700E+3	2,702E+3
711,181	0,142	0,100	7,960E+0	2,400E+1	2,700E+3	2,704E+3
712,182	0,142	0,100	7,950E+0	2,400E+1	2,700E+3	2,696E+3
713,182	0,142	0,100	7,960E+0	2,400E+1	2,700E+3	2,702E+3
714,183	0,142	0,100	7,960E+0	2,400E+1	2,700E+3	2,698E+3
715,182	0,142	0,100	7,960E+0	2,400E+1	2,700E+3	2,694E+3
716,183	0,142	0,100	7,960E+0	2,400E+1	2,700E+3	2,700E+3
717,183	0,142	0,100	7,960E+0	2,400E+1	2,700E+3	2,706E+3
718,184	0,142	0,100	7,960E+0	2,400E+1	2,700E+3	2,703E+3
719,184	0,142	0,100	7,960E+0	2,400E+1	2,700E+3	2,699E+3
720,184	0,142	0,100	7,960E+0	2,400E+1	2,700E+3	2,705E+3
721,184	0,142	0,100	7,960E+0	2,400E+1	2,700E+3	2,705E+3
722,183	0,142	0,100	7,960E+0	2,400E+1	2,700E+3	2,692E+3
723,184	0,142	0,100	7,960E+0	2,400E+1	2,700E+3	2,695E+3
724,183	0,142	0,100	7,960E+0	2,400E+1	2,700E+3	2,699E+3
725,184	0,142	0,100	7,960E+0	2,400E+1	2,700E+3	2,697E+3
726,184	0,142	0,100	7,960E+0	2,400E+1	2,700E+3	2,703E+3
727,183	0,142	0,100	7,960E+0	2,400E+1	2,700E+3	2,701E+3
728,184	0,142	0,100	7,960E+0	2,400E+1	2,700E+3	2,704E+3
729,183	0,142	0,100	7,970E+0	2,400E+1	2,700E+3	2,700E+3
730,185	0,142	0,100	7,970E+0	2,400E+1	2,700E+3	2,699E+3
731,184	0,142	0,100	7,960E+0	2,400E+1	2,700E+3	2,702E+3
732,185	0,142	0,100	7,960E+0	2,400E+1	2,700E+3	2,699E+3
733,185	0,142	0,100	7,960E+0	2,400E+1	2,700E+3	2,708E+3
734,184	0,142	0,100	7,960E+0	2,400E+1	2,700E+3	2,697E+3
735,185	0,142	0,100	7,960E+0	2,400E+1	2,700E+3	2,703E+3
736,185	0,142	0,100	7,960E+0	2,400E+1	2,700E+3	2,700E+3
737,187	0,142	0,100	7,960E+0	2,400E+1	2,700E+3	2,704E+3
738,187	0,142	0,100	7,960E+0	2,400E+1	2,700E+3	2,698E+3
739,187	0,142	0,100	7,960E+0	2,400E+1	2,700E+3	2,695E+3
740,187	0,142	0,100	7,960E+0	2,400E+1	2,700E+3	2,699E+3
741,187	0,142	0,100	7,970E+0	2,400E+1	2,700E+3	2,698E+3
742,188	0,142	0,100	7,970E+0	2,400E+1	2,700E+3	2,696E+3
743,188	0,142	0,100	7,960E+0	2,400E+1	2,700E+3	2,696E+3
744,189	0,142	0,100	7,960E+0	2,400E+1	2,700E+3	2,695E+3
745,189	0,142	0,100	7,970E+0	2,400E+1	2,700E+3	2,698E+3
746,189	0,142	0,100	7,970E+0	2,400E+1	2,700E+3	2,694E+3
747,191	0,142	0,100	7,970E+0	2,400E+1	2,700E+3	2,703E+3
748,190	0,142	0,100	7,970E+0	2,400E+1	2,700E+3	2,694E+3
749,191	0,142	0,100	7,970E+0	2,400E+1	2,700E+3	2,706E+3
750,190	0,142	0,100	7,970E+0	2,400E+1	2,700E+3	2,704E+3
751,192	0,142	0,100	7,970E+0	2,400E+1	2,700E+3	2,701E+3
752,192	0,142	0,100	7,970E+0	2,400E+1	2,700E+3	2,697E+3
753,191	0,142	0,100	7,970E+0	2,400E+1	2,700E+3	2,701E+3
754,193	0,142	0,100	7,970E+0	2,400E+1	2,700E+3	2,710E+3
755,192	0,142	0,100	7,970E+0	2,400E+1	2,700E+3	2,704E+3
756,193	0,142	0,100	7,970E+0	2,400E+1	2,700E+3	2,704E+3
757,192	0,142	0,100	7,970E+0	2,400E+1	2,700E+3	2,699E+3
758,194	0,142	0,100	7,970E+0	2,400E+1	2,700E+3	2,708E+3
759,194	0,142	0,100	7,970E+0	2,400E+1	2,700E+3	2,700E+3
760,193	0,142	0,100	7,970E+0	2,400E+1	2,700E+3	2,702E+3
761,195	0,142	0,100	7,970E+0	2,400E+1	2,700E+3	2,701E+3
762,194	0,142	0,100	7,970E+0	2,400E+1	2,700E+3	2,707E+3
763,195	0,142	0,100	7,970E+0	2,400E+1	2,700E+3	2,702E+3
764,194	0,142	0,100	7,970E+0	2,400E+1	2,700E+3	2,700E+3
765,195	0,142	0,100	7,970E+0	2,400E+1	2,700E+3	2,704E+3
766,194	0,142	0,100	7,970E+0	2,400E+1	2,700E+3	2,703E+3
767,195	0,142	0,100	7,970E+0	2,400E+1	2,700E+3	2,703E+3
768,196	0,142	0,100	7,970E+0	2,400E+1	2,700E+3	2,699E+3
769,196	0,142	0,100	7,970E+0	2,400E+1	2,700E+3	2,701E+3
770,196	0,142	0,100	7,970E+0	2,400E+1	2,700E+3	2,698E+3
771,195	0,142	0,100	7,970E+0	2,400E+1	2,700E+3	2,704E+3
772,196	0,142	0,100	7,970E+0	2,400E+1	2,700E+3	2,694E+3
773,195	0,142	0,100	7,970E+0	2,400E+1	2,700E+3	2,704E+3
774,197	0,142	0,100	7,970E+0	2,400E+1	2,700E+3	2,692E+3
775,197	0,142	0,100	7,980E+0	2,400E+1	2,700E+3	2,692E+3
776,197	0,142	0,100	7,970E+0	2,400E+1	2,700E+3	2,710E+3
777,197	0,142	0,100	7,970E+0	2,400E+1	2,700E+3	2,700E+3
778,196	0,142	0,100	7,970E+0	2,400E+1	2,700E+3	2,708E+3
779,197	0,142	0,100	7,970E+0	2,400E+1	2,700E+3	2,692E+3
780,196	0,142	0,100	7,970E+0	2,400E+1	2,700E+3	2,704E+3
781,197	0,142	0,100	7,970E+0	2,400E+1	2,700E+3	2,698E+3
782,197	0,142	0,100	7,970E+0	2,400E+1	2,700E+3	2,692E+3
783,198	0,142	0,100	7,970E+0	2,400E+1	2,700E+3	2,698E+3
784,198	0,142	0,100	7,970E+0	2,400E+1	2,700E+3	2,699E+3
785,197	0,142	0,100	7,970E+0	2,400E+1	2,700E+3	2,701E+3
786,198	0,142	0,100	7,970E+0	2,400E+1	2,700E+3	2,701E+3
787,198	0,142	0,100	7,970E+0	2,400E+1	2,700E+3	2,704E+3
788,198	0,142	0,100	7,970E+0	2,400E+1	2,700E+3	2,709E+3
789,199	0,142	0,100	7,970E+0	2,400E+1	2,700E+3	2,696E+3
790,199	0,142	0,100	7,970E+0	2,400E+1	2,700E+3	2,703E+3
791,199	0,142	0,100	7,980E+0	2,400E+1	2,700E+3	2,702E+3
792,199	0,142	0,100	7,980E+0	2,400E+1	2,700E+3	2,701E+3
793,199	0,142	0,100	7,980E+0	2,400E+1	2,700E+3	2,698E+3
794,198	0,142	0,100	7,980E+0	2,400E+1	2,700E+3	2,703E+3
795,199	0,142	0,100	7,980E+0	2,400E+1	2,700E+3	2,703E+3
796,198	0,142	0,100	7,980E+0	2,400E+1	2,700E+3	2,700E+3
797,199	0,142	0,100	7,980E+0	2,400E+1	2,700E+3	2,706E+3
798,198	0,142	0,100	7,980E+0	2,400E+1	2,700E+3	2,704E+3
799,200	0,142	0,100	7,980E+0	2,400E+1	2,700E+3	2,701E+3
800,201	0,142	0,100	7,980E+0	2,400E+1	2,700E+3	2,705E+3
801,201	0,142	0,100	7,980E+0	2,400E+1	2,700E+3	2,697E+3
802,202	0,142	0,100	7,970E+0	2,400E+1	2,700E+3	2,697E+3
803,201	0,142	0,100	7,970E+0	2,400E+1	2,700E+3	2,701E+3
804,202	0,142	0,100	7,980E+0	2,400E+1	2,700E+3	2,703E+3
805,202	0,142	0,100	7,980E+0	2,400E+1	2,700E+3	2,692E+3
806,202	0,142	0,100	7,970E+0	2,400E+1	2,700E+3	2,699E+3
807,202	0,142	0,100	7,980E+0	2,400E+1	2,700E+3	2,703E+3
808,201	0,142	0,100	7,980E+0	2,400E+1	2,700E+3	2,703E+3
809,202	0,142	0,100	7,980E+0	2,400E+1	2,700E+3	2,702E+3
810,202	0,142	0,100	7,990E+0	2,400E+1	2,700E+3	2,697E+3
811,204	0,142	0,100	7,990E+0	2,400E+1	2,700E+3	2,692E+3
812,204	0,142	0,100	7,980E+0	2,400E+1	2,700E+3	2,703E+3
813,203	0,142	0,100	7,980E+0	2,400E+1	2,700E+3	2,697E+3
814,204	0,142	0,100	7,980E+0	2,400E+1	2,700E+3	2,706E+3
815,203	0,142	0,100	7,980E+0	2,400E+1	2,700E+3	2,700E+3
816,204	0,142	0,100	7,980E+0	2,400E+1	2,700E+3	2,701E+3
817,204	0,142	0,100	7,980E+0	2,400E+1	2,700E+3	2,698E+3
818,206	0,142	0,100	7,990E+0	2,400E+1	2,700E+3	2,695E+3
819,205	0,142	0,100	7,990E+0	2,400E+1	2,700E+3	2,707E+3
820,206	0,142	0,100	7,980E+0	2,400E+1	2,700E+3	2,692E+3
821,207	0,142	0,100	7,980E+0	2,400E+1	2,700E+3	2,694E+3
822,207	0,142	0,100	7,980E+0	2,400E+1	2,700E+3	2,701E+3
823,207	0,142	0,100	7,980E+0	2,400E+1	2,700E+3	2,706E+3
824,208	0,142	0,100	7,980E+0	2,400E+1	2,700E+3	2,705E+3
825,208	0,142	0,100	7,980E+0	2,400E+1	2,700E+3	2,697E+3
826,209	0,142	0,100	7,980E+0	2,400E+1	2,700E+3	2,700E+3
827,208	0,142	0,100	7,990E+0	2,400E+1	2,700E+3	2,687E+3
828,209	0,142	0,100	7,980E+0	2,400E+1	2,700E+3	2,705E+3
829,209	0,142	0,100	7,980E+0	2,400E+1	2,700E+3	2,699E+3
830,209	0,142	0,100	7,990E+0	2,400E+1	2,700E+3	2,696E+3
831,209	0,142	0,100	7,980E+0	2,400E+1	2,700E+3	2,697E+3
832,208	0,142	0,100	7,980E+0	2,400E+1	2,700E+3	2,688E+3
833,209	0,142	0,100	7,990E+0	2,400E+1	2,700E+3	2,698E+3
834,208	0,142	0,100	7,990E+0	2,400E+1	2,700E+3	2,691E+3
835,209	0,142	0,100	7,990E+0	2,400E+1	2,700E+3	2,701E+3
836,209	0,142	0,100	7,980E+0	2,400E+1	2,700E+3	2,697E+3
837,208	0,142	0,100	7,990E+0	2,400E+1	2,700E+3	2,704E+3
838,209	0,142	0,100	7,990E+0	2,400E+1	2,700E+3	2,697E+3
839,208	0,142	0,100	7,980E+0	2,400E+1	2,700E+3	2,692E+3
840,209	0,142	0,100	7,980E+0	2,400E+1	2,700E+3	2,701E+3
841,208	0,142	0,100	7,990E+0	2,400E+1	2,700E+3	2,707E+3
842,209	0,142	0,100	7,990E+0	2,400E+1	2,700E+3	2,703E+3
843,208	0,142	0,100	7,990E+0	2,400E+1	2,700E+3	2,697E+3
844,209	0,142	0,100	7,990E+0	2,400E+1	2,700E+3	2,697E+3
845,209	0,142	0,100	7,990E+0	2,400E+1	2,700E+3	2,704E+3
846,208	0,142	0,100	7,990E+0	2,400E+1	2,700E+3	2,705E+3
847,209	0,142	0,100	7,990E+0	2,400E+1	2,700E+3	2,701E+3
848,208	0,142	0,100	7,980E+0	2,400E+1	2,700E+3	2,700E+3
849,209	0,142	0,100	7,980E+0	2,400E+1	2,700E+3	2,702E+3
850,209	0,142	0,100	7,980E+0	2,400E+1	2,700E+3	2,694E+3
851,209	0,142	0,100	7,980E+0	2,400E+1	2,700E+3	2,698E+3
852,211	0,142	0,100	7,980E+0	2,400E+1	2,700E+3	2,699E+3
853,211	0,142	0,100	7,980E+0	2,400E+1	2,700E+3	2,704E+3
854,211	0,142	0,100	7,980E+0	2,400E+1	2,700E+3	2,696E+3
855,211	0,142	0,100	7,990E+0	2,400E+1	2,700E+3	2,707E+3
856,210	0,142	0,100	7,990E+0	2,400E+1	2,700E+3	2,701E+3
857,211	0,142	0,100	7,980E+0	2,400E+1	2,700E+3	2,704E+3
858,210	0,142	0,100	7,980E+0	2,400E+1	2,700E+3	2,705E+3
859,211	0,142	0,100	7,980E+0	2,400E+1	2,700E+3	2,705E+3
860,212	0,142	0,100	7,980E+0	2,400E+1	2,700E+3	2,687E+3
861,211	0,142	0,100	7,980E+0	2,400E+1	2,700E+3	2,690E+3
862,212	0,142	0,100	7,990E+0	2,400E+1	2,700E+3	2,699E+3
863,211	0,142	0,100	7,990E+0	2,400E+1	2,700E+3	2,703E+3
864,213	0,142	0,100	7,990E+0	2,400E+1	2,700E+3	2,706E+3
865,213	0,142	0,100	7,990E+0	2,400E+1	2,700E+3	2,701E+3
866,214	0,142	0,100	7,990E+0	2,400E+1	2,700E+3	2,703E+3
867,214	0,142	0,100	7,990E+0	2,400E+1	2,700E+3	2,699E+3
868,213	0,142	0,100	7,990E+0	2,400E+1	2,700E+3	2,690E+3
869,214	0,142	0,100	7,990E+0	2,400E+1	2,700E+3	2,704E+3
870,213	0,142	0,100	7,990E+0	2,400E+1	2,700E+3	2,705E+3
871,214	0,142	0,100	7,990E+0	2,400E+1	2,700E+3	2,697E+3
872,213	0,142	0,100	7,990E+0	2,400E+1	2,700E+3	2,699E+3
873,214	0,142	0,100	7,990E+0	2,400E+1	2,700E+3	2,697E+3
874,214	0,142	0,100	7,990E+0	2,400E+1	2,700E+3	2,700E+3
875,213	0,142	0,100	7,990E+0	2,400E+1	2,700E+3	2,701E+3
876,214	0,142	0,100	7,990E+0	2,400E+1	2,700E+3	2,699E+3
877,213	0,142	0,100	7,990E+0	2,400E+1	2,700E+3	2,705E+3
878,215	0,142	0,100	7,990E+0	2,400E+1	2,700E+3	2,707E+3
879,216	0,142	0,100	7,990E+0	2,400E+1	2,700E+3	2,705E+3
880,216	0,142	0,100	7,990E+0	2,400E+1	2,700E+3	2,695E+3
881,216	0,142	0,100	7,990E+0	2,400E+1	2,700E+3	2,714E+3
882,215	0,142	0,100	7,990E+0	2,400E+1	2,700E+3	2,711E+3
883,217	0,142	0,100	7,990E+0	2,400E+1	2,700E+3	2,702E+3
884,217	0,142	0,100	8,000E+0	2,400E+1	2,700E+3	2,705E+3
885,216	0,142	0,100	8,000E+0	2,400E+1	2,700E+3	2,698E+3
886,217	0,142	0,100	7,990E+0	2,400E+1	2,700E+3	2,698E+3
887,217	0,142	0,100	7,990E+0	2,400E+1	2,700E+3	2,710E+3
888,217	0,142	0,100	7,990E+0	2,400E+1	2,700E+3	2,696E+3
889,217	0,142	0,100	7,990E+0	2,400E+1	2,700E+3	2,702E+3
890,216	0,142	0,100	7,990E+0	2,400E+1	2,700E+3	2,703E+3
891,217	0,142	0,100	7,990E+0	2,400E+1	2,700E+3	2,701E+3
892,216	0,142	0,100	7,990E+0	2,400E+1	2,700E+3	2,698E+3
893,217	0,142	0,100	7,990E+0	2,400E+1	2,700E+3	2,698E+3
894,218	0,142	0,100	7,990E+0	2,400E+1	2,700E+3	2,707E+3
895,219	0,142	0,100	7,990E+0	2,400E+1	2,700E+3	2,694E+3
896,219	0,142	0,100	8,000E+0	2,400E+1	2,700E+3	2,696E+3
897,218	0,142	0,100	8,000E+0	2,400E+1	2,700E+3	2,705E+3
898,219	0,142	0,100	7,990E+0	2,400E+1	2,700E+3	2,696E+3
899,219	0,142	0,100	7,990E+0	2,400E+1	2,700E+3	2,704E+3
900,221	0,142	0,100	7,990E+0	2,400E+1	2,700E+3	2,704E+3
901,222	0,142	0,100	8,000E+0	2,400E+1	2,700E+3	2,700E+3
902,221	0,142	0,100	8,000E+0	2,400E+1	2,700E+3	2,704E+3
903,222	0,142	0,100	8,000E+0	2,400E+1	2,700E+3	2,703E+3
904,221	0,142	0,100	8,000E+0	2,400E+1	2,700E+3	2,710E+3
905,222	0,142	0,100	7,990E+0	2,400E+1	2,700E+3	2,703E+3
906,222	0,142	0,100	7,990E+0	2,400E+1	2,700E+3	2,706E+3
907,222	0,142	0,100	7,990E+0	2,400E+1	2,700E+3	2,698E+3
908,222	0,142	0,100	8,000E+0	2,400E+1	2,700E+3	2,706E+3
909,221	0,142	0,100	8,000E+0	2,400E+1	2,700E+3	2,697E+3
910,222	0,142	0,100	8,000E+0	2,400E+1	2,700E+3	2,700E+3
911,221	0,142	0,100	8,000E+0	2,400E+1	2,700E+3	2,698E+3
912,222	0,142	0,100	8,000E+0	2,400E+1	2,700E+3	2,702E+3
913,223	0,142	0,100	8,000E+0	2,400E+1	2,700E+3	2,702E+3
914,223	0,142	0,100	8,000E+0	2,400E+1	2,700E+3	2,692E+3
915,223	0,142	0,100	8,000E+0	2,400E+1	2,700E+3	2,700E+3
916,222	0,142	0,100	8,000E+0	2,400E+1	2,700E+3	2,705E+3
917,224	0,142	0,100	8,000E+0	2,400E+1	2,700E+3	2,703E+3
918,223	0,142	0,100	8,000E+0	2,400E+1	2,700E+3	2,701E+3
919,225	0,142	0,100	8,000E+0	2,400E+1	2,700E+3	2,704E+3
920,225	0,142	0,100	8,000E+0	2,400E+1	2,700E+3	2,696E+3
921,225	0,142	0,100	8,000E+0	2,400E+1	2,700E+3	2,696E+3
922,225	0,142	0,100	8,000E+0	2,400E+1	2,700E+3	2,701E+3
923,226	0,142	0,100	8,000E+0	2,400E+1	2,700E+3	2,699E+3
924,226	0,142	0,100	8,000E+0	2,400E+1	2,700E+3	2,705E+3
925,228	0,142	0,100	8,010E+0	2,400E+1	2,700E+3	2,705E+3
926,228	0,142	0,100	8,010E+0	2,400E+1	2,700E+3	2,698E+3
927,228	0,142	0,100	8,000E+0	2,400E+1	2,700E+3	2,699E+3
928,228	0,142	0,100	8,000E+0	2,400E+1	2,700E+3	2,696E+3
929,228	0,142	0,100	8,000E+0	2,400E+1	2,700E+3	2,701E+3
930,229	0,142	0,100	8,000E+0	2,400E+1	2,700E+3	2,703E+3
931,228	0,142	0,100	8,000E+0	2,400E+1	2,700E+3	2,707E+3
932,229	0,142	0,100	8,000E+0	2,400E+1	2,700E+3	2,702E+3
933,230	0,142	0,100	8,000E+0	2,400E+1	2,700E+3	2,703E+3
934,229	0,142	0,100	8,000E+0	2,400E+1	2,700E+3	2,701E+3
935,230	0,142	0,100	8,000E+0	2,400E+1	2,700E+3	2,699E+3
936,229	0,142	0,100	8,000E+0	2,400E+1	2,700E+3	2,704E+3
937,231	0,142	0,100	8,000E+0	2,400E+1	2,700E+3	2,694E+3
938,231	0,142	0,100	8,000E+0	2,400E+1	2,700E+3	2,703E+3
939,233	0,142	0,100	8,000E+0	2,400E+1	2,700E+3	2,695E+3
940,233	0,142	0,100	8,000E+0	2,400E+1	2,700E+3	2,703E+3
941,232	0,142	0,100	8,000E+0	2,400E+1	2,700E+3	2,696E+3
942,234	0,142	0,100	8,000E+0	2,400E+1	2,700E+3	2,704E+3
943,234	0,142	0,100	8,000E+0	2,400E+1	2,700E+3	2,699E+3
944,235	0,142	0,100	8,010E+0	2,400E+1	2,700E+3	2,706E+3
945,235	0,142	0,100	8,000E+0	2,400E+1	2,700E+3	2,705E+3
946,234	0,142	0,100	8,000E+0	2,400E+1	2,700E+3	2,701E+3
947,235	0,142	0,100	8,000E+0	2,400E+1	2,700E+3	2,700E+3
948,234	0,142	0,100	8,000E+0	2,400E+1	2,700E+3	2,707E+3
949,235	0,142	0,100	8,000E+0	2,400E+1	2,700E+3	2,704E+3
950,235	0,142	0,100	8,000E+0	2,400E+1	2,700E+3	2,698E+3
951,234	0,142	0,100	8,000E+0	2,400E+1	2,700E+3	2,694E+3
952,235	0,142	0,100	8,010E+0	2,400E+1	2,700E+3	2,695E+3
953,234	0,142	0,100	8,010E+0	2,400E+1	2,700E+3	2,708E+3
954,235	0,142	0,100	8,010E+0	2,400E+1	2,700E+3	2,701E+3
955,234	0,142	0,100	8,010E+0	2,400E+1	2,700E+3	2,693E+3
956,235	0,142	0,100	8,010E+0	2,400E+1	2,700E+3	2,711E+3
957,235	0,142	0,100	8,000E+0	2,400E+1	2,700E+3	2,701E+3
958,236	0,142	0,100	8,000E+0	2,400E+1	2,700E+3	2,707E+3
959,236	0,142	0,100	8,010E+0	2,400E+1	2,700E+3	2,699E+3
960,236	0,142	0,100	8,020E+0	2,400E+1	2,700E+3	2,713E+3
961,235	0,142	0,100	8,020E+0	2,400E+1	2,700E+3	2,709E+3
962,236	0,142	0,100	8,000E+0	2,400E+1	2,700E+3	2,706E+3
963,235	0,142	0,100	8,010E+0	2,400E+1	2,700E+3	2,695E+3
964,237	0,142	0,100	8,010E+0	2,400E+1	2,700E+3	2,697E+3
965,237	0,142	0,100	8,010E+0	2,400E+1	2,700E+3	2,699E+3
966,237	0,142	0,100	8,010E+0	2,400E+1	2,700E+3	2,694E+3
967,237	0,142	0,100	8,010E+0	2,400E+1	2,700E+3	2,701E+3
968,236	0,142	0,100	8,010E+0	2,400E+1	2,700E+3	2,704E+3
969,238	0,142	0,100	8,010E+0	2,400E+1	2,700E+3	2,695E+3
970,237	0,142	0,100	8,010E+0	2,400E+1	2,700E+3	2,699E+3
971,238	0,142	0,100	8,010E+0	2,400E+1	2,700E+3	2,699E+3
972,238	0,142	0,100	8,010E+0	2,400E+1	2,700E+3	2,704E+3
973,238	0,142	0,100	8,010E+0	2,400E+1	2,700E+3	2,687E+3
974,238	0,142	0,100	8,010E+0	2,400E+1	2,700E+3	2,702E+3
975,237	0,142	0,100	8,010E+0	2,400E+1	2,700E+3	2,701E+3
976,238	0,142	0,100	8,010E+0	2,400E+1	2,700E+3	2,697E+3
977,237	0,142	0,100	8,010E+0	2,400E+1	2,700E+3	2,690E+3
978,238	0,142	0,100	8,010E+0	2,400E+1	2,700E+3	2,705E+3
979,238	0,142	0,100	8,010E+0	2,400E+1	2,700E+3	2,698E+3
980,238	0,142	0,100	8,010E+0	2,400E+1	2,700E+3	2,702E+3
981,239	0,142	0,100	8,010E+0	2,400E+1	2,700E+3	2,700E+3
982,239	0,142	0,100	8,010E+0	2,400E+1	2,700E+3	2,692E+3
983,240	0,142	0,100	8,010E+0	2,400E+1	2,700E+3	2,702E+3
984,239	0,142	0,100	8,010E+0	2,400E+1	2,700E+3	2,702E+3
985,240	0,142	0,100	8,010E+0	2,400E+1	2,700E+3	2,707E+3
986,240	0,142	0,100	8,010E+0	2,400E+1	2,700E+3	2,696E+3
987,239	0,142	0,100	8,010E+0	2,400E+1	2,700E+3	2,700E+3
988,240	0,142	0,100	8,010E+0	2,400E+1	2,700E+3	2,703E+3
989,239	0,142	0,100	8,010E+0	2,400E+1	2,700E+3	2,694E+3
990,240	0,142	0,100	8,010E+0	2,400E+1	2,700E+3	2,698E+3
991,239	0,142	0,100	8,010E+0	2,400E+1	2,700E+3	2,707E+3
992,240	0,142	0,100	8,010E+0	2,400E+1	2,700E+3	2,700E+3
993,241	0,142	0,100	8,010E+0	2,400E+1	2,700E+3	2,699E+3
994,240	0,142	0,100	8,010E+0	2,400E+1	2,700E+3	2,697E+3
995,240	0,142	0,100	8,010E+0	2,400E+1	2,700E+3	2,698E+3
996,242	0,142	0,100	8,020E+0	2,400E+1	2,700E+3	2,705E+3
997,241	0,142	0,100	8,020E+0	2,400E+1	2,700E+3	2,696E+3
998,242	0,142	0,100	8,020E+0	2,400E+1	2,700E+3	2,698E+3
999,243	0,142	0,100	8,020E+0	2,400E+1	2,700E+3	2,707E+3
1000,242	0,142	0,100	8,020E+0	2,400E+1	2,700E+3	2,702E+3
1001,244	0,142	0,100	8,020E+0	2,400E+1	2,700E+3	2,697E+3
1002,244	0,142	0,100	8,020E+0	2,400E+1	2,700E+3	2,687E+3
1003,245	0,142	0,100	8,020E+0	2,400E+1	2,700E+3	2,705E+3
1004,245	0,142	0,100	8,010E+0	2,400E+1	2,700E+3	2,702E+3
1005,245	0,142	0,100	8,010E+0	2,400E+1	2,700E+3	2,696E+3
1006,244	0,142	0,100	8,010E+0	2,400E+1	2,700E+3	2,696E+3
1007,245	0,142	0,100	8,010E+0	2,400E+1	2,700E+3	2,693E+3
1008,244	0,142	0,100	8,020E+0	2,400E+1	2,700E+3	2,703E+3
1009,245	0,142	0,100	8,020E+0	2,400E+1	2,700E+3	2,697E+3
1010,244	0,142	0,100	8,020E+0	2,400E+1	2,700E+3	2,703E+3
1011,245	0,142	0,100	8,010E+0	2,400E+1	2,700E+3	2,699E+3
1012,245	0,142	0,100	8,010E+0	2,400E+1	2,700E+3	2,702E+3
1013,246	0,142	0,100	8,010E+0	2,400E+1	2,700E+3	2,701E+3
1014,246	0,142	0,100	8,010E+0	2,400E+1	2,700E+3	2,696E+3
1015,245	0,142	0,100	8,010E+0	2,400E+1	2,700E+3	2,701E+3
1016,247	0,142	0,100	8,010E+0	2,400E+1	2,700E+3	2,707E+3
1017,247	0,142	0,100	8,010E+0	2,400E+1	2,700E+3	2,703E+3
1018,248	0,142	0,100	8,020E+0	2,400E+1	2,700E+3	2,705E+3
1019,248	0,142	0,100	8,020E+0	2,400E+1	2,700E+3	2,700E+3
1020,248	0,142	0,100	8,020E+0	2,400E+1	2,700E+3	2,704E+3
1021,248	0,142	0,100	8,020E+0	2,400E+1	2,700E+3	2,699E+3
1022,248	0,142	0,100	8,020E+0	2,400E+1	2,700E+3	2,707E+3
1023,250	0,142	0,100	8,020E+0	2,400E+1	2,700E+3	2,695E+3
1024,250	0,142	0,100	8,020E+0	2,400E+1	2,700E+3	2,707E+3
1025,251	0,142	0,100	8,020E+0	2,400E+1	2,700E+3	2,702E+3
1026,251	0,142	0,100	8,020E+0	2,400E+1	2,700E+3	2,707E+3
1027,250	0,142	0,100	8,020E+0	2,400E+1	2,700E+3	2,699E+3
1028,251	0,142	0,100	8,020E+0	2,400E+1	2,700E+3	2,691E+3
1029,251	0,142	0,100	8,020E+0	2,400E+1	2,700E+3	2,702E+3
1030,250	0,142	0,100	8,020E+0	2,400E+1	2,700E+3	2,699E+3
1031,251	0,142	0,100	8,020E+0	2,400E+1	2,700E+3	2,700E+3
1032,250	0,142	0,100	8,020E+0	2,400E+1	2,700E+3	2,702E+3
1033,251	0,142	0,100	8,020E+0	2,400E+1	2,700E+3	2,700E+3
1034,251	0,142	0,100	8,020E+0	2,400E+1	2,700E+3	2,706E+3
1035,251	0,142	0,100	8,020E+0	2,400E+1	2,700E+3	2,699E+3
1036,252	0,142	0,100	8,020E+0	2,400E+1	2,700E+3	2,703E+3
1037,251	0,142	0,100	8,020E+0	2,400E+1	2,700E+3	2,688E+3
1038,252	0,142	0,100	8,020E+0	2,400E+1	2,700E+3	2,707E+3
1039,251	0,142	0,100	8,020E+0	2,400E+1	2,700E+3	2,708E+3
1040,252	0,142	0,100	8,020E+0	2,400E+1	2,700E+3	2,702E+3
1041,253	0,142	0,100	8,010E+0	2,400E+1	2,700E+3	2,705E+3
1042,253	0,142	0,100	8,010E+0	2,400E+1	2,700E+3	2,704E+3
1043,253	0,142	0,100	8,020E+0	2,400E+1	2,700E+3	2,706E+3
1044,252	0,142	0,100	8,020E+0	2,400E+1	2,700E+3	2,701E+3
1045,254	0,142	0,100	8,020E+0	2,400E+1	2,700E+3	2,697E+3
1046,253	0,142	0,100	8,020E+0	2,400E+1	2,700E+3	2,703E+3
1047,254	0,142	0,100	8,020E+0	2,400E+1	2,700E+3	2,704E+3
1048,253	0,142	0,100	8,020E+0	2,400E+1	2,700E+3	2,700E+3
1049,255	0,142	0,100	8,020E+0	2,400E+1	2,700E+3	2,702E+3
1050,255	0,142	0,100	8,020E+0	2,400E+1	2,700E+3	2,700E+3
1051,255	0,142	0,100	8,020E+0	2,400E+1	2,700E+3	2,708E+3
1052,255	0,142	0,100	8,020E+0	2,400E+1	2,700E+3	2,701E+3
1053,255	0,142	0,100	8,020E+0	2,400E+1	2,700E+3	2,698E+3
1054,256	0,142	0,100	8,020E+0	2,400E+1	2,700E+3	2,693E+3
1055,255	0,142	0,100	8,020E+0	2,400E+1	2,700E+3	2,707E+3
1056,256	0,142	0,100	8,020E+0	2,400E+1	2,700E+3	2,694E+3
1057,256	0,142	0,100	8,020E+0	2,400E+1	2,700E+3	2,697E+3
1058,256	0,142	0,100	8,020E+0	2,400E+1	2,700E+3	2,700E+3
1059,255	0,142	0,100	8,020E+0	2,400E+1	2,700E+3	2,697E+3
1060,257	0,142	0,100	8,020E+0	2,400E+1	2,700E+3	2,709E+3
1061,257	0,142	0,100	8,020E+0	2,400E+1	2,700E+3	2,698E+3
1062,256	0,142	0,100	8,020E+0	2,400E+1	2,700E+3	2,713E+3
1063,258	0,142	0,100	8,020E+0	2,400E+1	2,700E+3	2,700E+3
1064,258	0,142	0,100	8,020E+0	2,400E+1	2,700E+3	2,695E+3
1065,257	0,142	0,100	8,030E+0	2,400E+1	2,700E+3	2,704E+3
1066,258	0,142	0,100	8,030E+0	2,400E+1	2,700E+3	2,692E+3
1067,257	0,142	0,100	8,030E+0	2,400E+1	2,700E+3	2,704E+3
1068,258	0,142	0,100	8,030E+0	2,400E+1	2,700E+3	2,704E+3
1069,259	0,142	0,100	8,020E+0	2,400E+1	2,700E+3	2,706E+3
1070,258	0,142	0,100	8,020E+0	2,400E+1	2,700E+3	2,701E+3
1071,259	0,142	0,100	8,020E+0	2,400E+1	2,700E+3	2,696E+3
1072,259	0,142	0,100	8,030E+0	2,400E+1	2,700E+3	2,704E+3
1073,260	0,142	0,100	8,030E+0	2,400E+1	2,700E+3	2,704E+3
1074,261	0,142	0,100	8,030E+0	2,400E+1	2,700E+3	2,706E+3
1075,262	0,142	0,100	8,030E+0	2,400E+1	2,700E+3	2,701E+3
1076,263	0,142	0,100	8,030E+0	2,400E+1	2,700E+3	2,703E+3
1077,262	0,142	0,100	8,030E+0	2,400E+1	2,700E+3	2,702E+3
1078,264	0,142	0,100	8,020E+0	2,400E+1	2,700E+3	2,702E+3
1079,264	0,142	0,100	8,030E+0	2,400E+1	2,700E+3	2,706E+3
1080,266	0,142	0,100	8,030E+0	2,400E+1	2,700E+3	2,694E+3
1081,266	0,142	0,100	8,030E+0	2,400E+1	2,700E+3	2,704E+3
1082,266	0,142	0,100	8,030E+0	2,400E+1	2,700E+3	2,701E+3
1083,267	0,142	0,100	8,030E+0	2,400E+1	2,700E+3	2,699E+3
1084,267	0,142	0,100	8,030E+0	2,400E+1	2,700E+3	2,699E+3
1085,268	0,142	0,100	8,030E+0	2,400E+1	2,700E+3	2,699E+3
1086,268	0,142	0,100	8,030E+0	2,400E+1	2,700E+3	2,706E+3
1087,269	0,142	0,100	8,030E+0	2,400E+1	2,700E+3	2,700E+3
1088,269	0,142	0,100	8,030E+0	2,400E+1	2,700E+3	2,699E+3
1089,269	0,142	0,100	8,030E+0	2,400E+1	2,700E+3	2,703E+3
1090,269	0,142	0,100	8,030E+0	2,400E+1	2,700E+3	2,706E+3
1091,268	0,142	0,100	8,030E+0	2,400E+1	2,700E+3	2,704E+3
1092,269	0,142	0,100	8,030E+0	2,400E+1	2,700E+3	2,704E+3
1093,268	0,142	0,100	8,030E+0	2,400E+1	2,700E+3	2,688E+3
1094,270	0,142	0,100	8,030E+0	2,400E+1	2,700E+3	2,695E+3
1095,270	0,142	0,100	8,030E+0	2,400E+1	2,700E+3	2,704E+3
1096,269	0,142	0,100	8,030E+0	2,400E+1	2,700E+3	2,693E+3
1097,270	0,142	0,100	8,030E+0	2,400E+1	2,700E+3	2,696E+3
1098,269	0,142	0,100	8,030E+0	2,400E+1	2,700E+3	2,706E+3
1099,271	0,142	0,100	8,030E+0	2,400E+1	2,700E+3	2,685E+3
1100,271	0,142	0,100	8,030E+0	2,400E+1	2,700E+3	2,708E+3
1101,272	0,142	0,100	8,030E+0	2,400E+1	2,700E+3	2,696E+3
1102,273	0,142	0,100	8,030E+0	2,400E+1	2,700E+3	2,694E+3
1103,273	0,142	0,100	8,030E+0	2,400E+1	2,700E+3	2,704E+3
1104,274	0,142	0,100	8,020E+0	2,400E+1	2,700E+3	2,686E+3
1105,273	0,142	0,100	8,020E+0	2,400E+1	2,700E+3	2,699E+3
1106,274	0,142	0,100	8,030E+0	2,400E+1	2,700E+3	2,701E+3
1107,274	0,142	0,100	8,020E+0	2,400E+1	2,700E+3	2,709E+3
1108,274	0,142	0,100	8,020E+0	2,400E+1	2,700E+3	2,705E+3
1109,274	0,142	0,100	8,030E+0	2,400E+1	2,700E+3	2,699E+3
1110,273	0,142	0,100	8,030E+0	2,400E+1	2,700E+3	2,700E+3
1111,274	0,142	0,100	8,030E+0	2,400E+1	2,700E+3	2,704E+3
1112,274	0,142	0,100	8,020E+0	2,400E+1	2,700E+3	2,703E+3
1113,276	0,142	0,100	8,020E+0	2,400E+1	2,700E+3	2,720E+3
1114,276	0,142	0,100	8,020E+0	2,400E+1	2,700E+3	2,700E+3
1115,276	0,142	0,100	8,030E+0	2,400E+1	2,700E+3	2,709E+3
1116,276	0,142	0,100	8,030E+0	2,400E+1	2,700E+3	2,697E+3
1117,276	0,142	0,100	8,030E+0	2,400E+1	2,700E+3	2,695E+3
1118,277	0,142	0,100	8,030E+0	2,400E+1	2,700E+3	2,703E+3
1119,277	0,142	0,100	8,030E+0	2,400E+1	2,700E+3	2,708E+3
1120,277	0,142	0,100	8,030E+0	2,400E+1	2,700E+3	2,702E+3
1121,276	0,142	0,100	8,030E+0	2,400E+1	2,700E+3	2,703E+3
1122,277	0,142	0,100	8,030E+0	2,400E+1	2,700E+3	2,700E+3
1123,276	0,142	0,100	8,030E+0	2,400E+1	2,700E+3	2,698E+3
1124,276	0,142	0,100	8,030E+0	2,400E+1	2,700E+3	2,704E+3
1125,277	0,142	0,100	8,030E+0	2,400E+1	2,700E+3	2,707E+3
1126,277	0,142	0,100	8,030E+0	2,400E+1	2,700E+3	2,705E+3
1127,276	0,142	0,100	8,030E+0	2,400E+1	2,700E+3	2,702E+3
1128,278	0,142	0,100	8,040E+0	2,400E+1	2,700E+3	2,701E+3
1129,277	0,142	0,100	8,040E+0	2,400E+1	2,700E+3	2,701E+3
1130,278	0,142	0,100	8,030E+0	2,400E+1	2,700E+3	2,707E+3
1131,277	0,142	0,100	8,040E+0	2,400E+1	2,700E+3	2,707E+3
1132,278	0,142	0,100	8,040E+0	2,400E+1	2,700E+3	2,705E+3
1133,279	0,142	0,100	8,030E+0	2,400E+1	2,700E+3	2,696E+3
1134,278	0,142	0,100	8,030E+0	2,400E+1	2,700E+3	2,693E+3
1135,280	0,142	0,100	8,030E+0	2,400E+1	2,700E+3	2,700E+3
1136,279	0,142	0,100	8,040E+0	2,400E+1	2,700E+3	2,702E+3
1137,281	0,142	0,100	8,030E+0	2,400E+1	2,700E+3	2,702E+3
1138,282	0,142	0,100	8,030E+0	2,400E+1	2,700E+3	2,706E+3
1139,281	0,142	0,100	8,040E+0	2,400E+1	2,700E+3	2,708E+3
1140,283	0,142	0,100	8,040E+0	2,400E+1	2,700E+3	2,707E+3
1141,283	0,142	0,100	8,040E+0	2,400E+1	2,700E+3	2,699E+3
1142,282	0,142	0,100	8,040E+0	2,400E+1	2,700E+3	2,704E+3
1143,283	0,142	0,100	8,030E+0	2,400E+1	2,700E+3	2,702E+3
1144,283	0,142	0,100	8,030E+0	2,400E+1	2,700E+3	2,692E+3
1145,284	0,142	0,100	8,030E+0	2,400E+1	2,700E+3	2,697E+3
1146,283	0,142	0,100	8,030E+0	2,400E+1	2,700E+3	2,704E+3
1147,285	0,142	0,100	8,030E+0	2,400E+1	2,700E+3	2,695E+3
1148,285	0,142	0,100	8,030E+0	2,400E+1	2,700E+3	2,703E+3
1149,284	0,142	0,100	8,030E+0	2,400E+1	2,700E+3	2,694E+3
1150,285	0,142	0,100	8,030E+0	2,400E+1	2,700E+3	2,707E+3
1151,284	0,142	0,100	8,030E+0	2,400E+1	2,700E+3	2,699E+3
1152,285	0,142	0,100	8,040E+0	2,400E+1	2,700E+3	2,695E+3
1153,285	0,142	0,100	8,040E+0	2,400E+1	2,700E+3	2,701E+3
1154,285	0,142	0,100	8,040E+0	2,400E+1	2,700E+3	2,701E+3
1155,285	0,142	0,100	8,040E+0	2,400E+1	2,700E+3	2,704E+3
1156,284	0,142	0,100	8,040E+0	2,400E+1	2,700E+3	2,702E+3
1157,285	0,142	0,100	8,030E+0	2,400E+1	2,700E+3	2,713E+3
1158,285	0,142	0,100	8,030E+0	2,400E+1	2,700E+3	2,703E+3
1159,284	0,142	0,100	8,030E+0	2,400E+1	2,700E+3	2,702E+3
1160,286	0,142	0,100	8,040E+0	2,400E+1	2,700E+3	2,697E+3
1161,286	0,142	0,100	8,040E+0	2,400E+1	2,700E+3	2,692E+3
1162,287	0,142	0,100	8,040E+0	2,400E+1	2,700E+3	2,700E+3
1163,287	0,142	0,100	8,040E+0	2,400E+1	2,700E+3	2,704E+3
1164,287	0,142	0,100	8,040E+0	2,400E+1	2,700E+3	2,698E+3
1165,287	0,142	0,100	8,040E+0	2,400E+1	2,700E+3	2,711E+3
1166,286	0,142	0,100	8,040E+0	2,400E+1	2,700E+3	2,703E+3
1167,287	0,142	0,100	8,040E+0	2,400E+1	2,700E+3	2,699E+3
1168,286	0,142	0,100	8,030E+0	2,400E+1	2,700E+3	2,701E+3
1169,287	0,142	0,100	8,030E+0	2,400E+1	2,700E+3	2,702E+3
1170,287	0,142	0,100	8,030E+0	2,400E+1	2,700E+3	2,700E+3
1171,286	0,142	0,100	8,040E+0	2,400E+1	2,700E+3	2,700E+3
1172,288	0,142	0,100	8,040E+0	2,400E+1	2,700E+3	2,700E+3
1173,288	0,142	0,100	8,030E+0	2,400E+1	2,700E+3	2,705E+3
1174,289	0,142	0,100	8,030E+0	2,400E+1	2,700E+3	2,702E+3
1175,289	0,142	0,100	8,040E+0	2,400E+1	2,700E+3	2,711E+3
1176,291	0,142	0,100	8,040E+0	2,400E+1	2,700E+3	2,702E+3
1177,291	0,142	0,100	8,040E+0	2,400E+1	2,700E+3	2,698E+3
1178,291	0,142	0,100	8,040E+0	2,400E+1	2,700E+3	2,700E+3
1179,292	0,142	0,100	8,040E+0	2,400E+1	2,700E+3	2,703E+3
1180,291	0,142	0,100	8,040E+0	2,400E+1	2,700E+3	2,704E+3
1181,293	0,142	0,100	8,040E+0	2,400E+1	2,700E+3	2,683E+3
1182,292	0,142	0,100	8,040E+0	2,400E+1	2,700E+3	2,703E+3
1183,293	0,142	0,100	8,040E+0	2,400E+1	2,700E+3	2,702E+3
1184,293	0,142	0,100	8,030E+0	2,400E+1	2,700E+3	2,703E+3
1185,292	0,142	0,100	8,030E+0	2,400E+1	2,700E+3	2,703E+3
1186,293	0,142	0,100	8,040E+0	2,400E+1	2,700E+3	2,691E+3
1187,293	0,142	0,100	8,040E+0	2,400E+1	2,700E+3	2,701E+3
1188,293	0,142	0,100	8,040E+0	2,400E+1	2,700E+3	2,698E+3
1189,293	0,142	0,100	8,040E+0	2,400E+1	2,700E+3	2,696E+3
1190,292	0,142	0,100	8,040E+0	2,400E+1	2,700E+3	2,708E+3
1191,294	0,142	0,100	8,040E+0	2,400E+1	2,700E+3	2,703E+3
1192,293	0,142	0,100	8,030E+0	2,400E+1	2,700E+3	2,697E+3
1193,294	0,142	0,100	8,030E+0	2,400E+1	2,700E+3	2,704E+3
1194,294	0,142	0,100	8,040E+0	2,400E+1	2,700E+3	2,706E+3
1195,293	0,142	0,100	8,040E+0	2,400E+1	2,700E+3	2,702E+3
1196,294	0,142	0,100	8,040E+0	2,400E+1	2,700E+3	2,698E+3
1197,293	0,142	0,100	8,040E+0	2,400E+1	2,700E+3	2,697E+3
1198,294	0,142	0,100	8,040E+0	2,400E+1	2,700E+3	2,696E+3
1199,295	0,142	0,100	8,040E+0	2,400E+1	2,700E+3	2,700E+3
1200,295	0,142	0,100	8,040E+0	2,400E+1	2,700E+3	2,700E+3
1201,296	0,142	0,100	8,040E+0	2,400E+1	2,700E+3	2,706E+3
1202,296	0,142	0,100	8,040E+0	2,400E+1	2,700E+3	2,701E+3
1203,296	0,142	0,100	8,040E+0	2,400E+1	2,700E+3	2,702E+3
1204,295	0,142	0,100	8,040E+0	2,400E+1	2,700E+3	2,702E+3
1205,296	0,142	0,100	8,050E+0	2,400E+1	2,700E+3	2,698E+3
1206,295	0,142	0,100	8,040E+0	2,400E+1	2,700E+3	2,704E+3
1207,296	0,142	0,100	8,040E+0	2,400E+1	2,700E+3	2,703E+3
1208,296	0,142	0,100	8,040E+0	2,400E+1	2,700E+3	2,695E+3
1209,295	0,142	0,100	8,040E+0	2,400E+1	2,700E+3	2,701E+3
1210,296	0,142	0,100	8,050E+0	2,400E+1	2,700E+3	2,696E+3
1211,295	0,142	0,100	8,050E+0	2,400E+1	2,700E+3	2,700E+3
1212,296	0,142	0,100	8,050E+0	2,400E+1	2,700E+3	2,699E+3
1213,296	0,142	0,100	8,040E+0	2,400E+1	2,700E+3	2,706E+3
1214,297	0,142	0,100	8,040E+0	2,400E+1	2,700E+3	2,705E+3
1215,297	0,142	0,100	8,040E+0	2,400E+1	2,700E+3	2,691E+3
1216,296	0,142	0,100	8,040E+0	2,400E+1	2,700E+3	2,704E+3
1217,297	0,142	0,100	8,050E+0	2,400E+1	2,700E+3	2,708E+3
1218,296	0,142	0,100	8,050E+0	2,400E+1	2,700E+3	2,701E+3
1219,297	0,142	0,100	8,040E+0	2,400E+1	2,700E+3	2,704E+3
1220,296	0,142	0,100	8,040E+0	2,400E+1	2,700E+3	2,705E+3
1221,297	0,142	0,100	8,040E+0	2,400E+1	2,700E+3	2,697E+3
1222,297	0,142	0,100	8,040E+0	2,400E+1	2,700E+3	2,703E+3
1223,297	0,142	0,100	8,040E+0	2,400E+1	2,700E+3	2,710E+3
1224,298	0,142	0,100	8,040E+0	2,400E+1	2,700E+3	2,703E+3
1225,299	0,142	0,100	8,040E+0	2,400E+1	2,700E+3	2,692E+3
1226,300	0,142	0,100	8,050E+0	2,400E+1	2,700E+3	2,694E+3
1227,299	0,142	0,100	8,050E+0	2,400E+1	2,700E+3	2,701E+3
1228,299	0,142	0,100	8,040E+0	2,400E+1	2,700E+3	2,715E+3
1229,301	0,142	0,100	8,040E+0	2,400E+1	2,700E+3	2,706E+3
1230,301	0,142	0,100	8,050E+0	2,400E+1	2,700E+3	2,702E+3
1231,301	0,142	0,100	8,050E+0	2,400E+1	2,700E+3	2,700E+3
1232,302	0,142	0,100	8,050E+0	2,400E+1	2,700E+3	2,707E+3
1233,302	0,142	0,100	8,050E+0	2,400E+1	2,700E+3	2,697E+3
1234,304	0,142	0,100	8,050E+0	2,400E+1	2,700E+3	2,710E+3
1235,304	0,142	0,100	8,050E+0	2,400E+1	2,700E+3	2,698E+3
1236,305	0,142	0,100	8,050E+0	2,400E+1	2,700E+3	2,700E+3
1237,305	0,142	0,100	8,050E+0	2,400E+1	2,700E+3	2,704E+3
1238,305	0,142	0,100	8,050E+0	2,400E+1	2,700E+3	2,706E+3
1239,306	0,142	0,100	8,050E+0	2,400E+1	2,700E+3	2,705E+3
1240,305	0,142	0,100	8,050E+0	2,400E+1	2,700E+3	2,702E+3
1241,307	0,142	0,100	8,050E+0	2,400E+1	2,700E+3	2,705E+3
1242,307	0,142	0,100	8,040E+0	2,400E+1	2,700E+3	2,695E+3
1243,306	0,142	0,100	8,040E+0	2,400E+1	2,700E+3	2,706E+3
1244,306	0,142	0,100	8,050E+0	2,400E+1	2,700E+3	2,703E+3
1245,307	0,142	0,100	8,050E+0	2,400E+1	2,700E+3	2,699E+3
1246,306	0,142	0,100	8,050E+0	2,400E+1	2,700E+3	2,699E+3
1247,307	0,142	0,100	8,050E+0	2,400E+1	2,700E+3	2,708E+3
1248,306	0,142	0,100	8,050E+0	2,400E+1	2,700E+3	2,706E+3
1249,307	0,142	0,100	8,050E+0	2,400E+1	2,700E+3	2,701E+3
1250,307	0,142	0,100	8,050E+0	2,400E+1	2,700E+3	2,698E+3
1251,307	0,142	0,100	8,050E+0	2,400E+1	2,700E+3	2,697E+3
1252,308	0,142	0,100	8,050E+0	2,400E+1	2,700E+3	2,694E+3
1253,307	0,142	0,100	8,050E+0	2,400E+1	2,700E+3	2,701E+3
1254,308	0,142	0,100	8,050E+0	2,400E+1	2,700E+3	2,700E+3
1255,308	0,142	0,100	8,050E+0	2,400E+1	2,700E+3	2,698E+3
1256,308	0,142	0,100	8,050E+0	2,400E+1	2,700E+3	2,699E+3
1257,308	0,142	0,100	8,050E+0	2,400E+1	2,700E+3	2,701E+3
1258,307	0,142	0,100	8,050E+0	2,400E+1	2,700E+3	2,704E+3
1259,308	0,142	0,100	8,050E+0	2,400E+1	2,700E+3	2,700E+3
1260,308	0,142	0,100	8,050E+0	2,400E+1	2,700E+3	2,692E+3
1261,309	0,142	0,100	8,050E+0	2,400E+1	2,700E+3	2,700E+3
1262,309	0,142	0,100	8,050E+0	2,400E+1	2,700E+3	2,695E+3
1263,308	0,142	0,100	8,050E+0	2,400E+1	2,700E+3	2,706E+3
1264,310	0,142	0,100	8,050E+0	2,400E+1	2,700E+3	2,691E+3
1265,309	0,142	0,100	8,040E+0	2,400E+1	2,700E+3	2,704E+3
1266,310	0,142	0,100	8,050E+0	2,400E+1	2,700E+3	2,696E+3
1267,310	0,142	0,100	8,050E+0	2,400E+1	2,700E+3	2,705E+3
1268,310	0,142	0,100	8,050E+0	2,400E+1	2,700E+3	2,699E+3
1269,310	0,142	0,100	8,050E+0	2,400E+1	2,700E+3	2,700E+3
1270,309	0,142	0,100	8,050E+0	2,400E+1	2,700E+3	2,701E+3
1271,310	0,142	0,100	8,050E+0	2,400E+1	2,700E+3	2,696E+3
1272,309	0,142	0,100	8,050E+0	2,400E+1	2,700E+3	2,695E+3
1273,310	0,142	0,100	8,050E+0	2,400E+1	2,700E+3	2,705E+3
1274,310	0,142	0,100	8,050E+0	2,400E+1	2,700E+3	2,701E+3
1275,310	0,142	0,100	8,050E+0	2,400E+1	2,700E+3	2,697E+3
1276,311	0,142	0,100	8,050E+0	2,400E+1	2,700E+3	2,701E+3
1277,310	0,142	0,100	8,050E+0	2,400E+1	2,700E+3	2,700E+3
1278,312	0,142	0,100	8,050E+0	2,400E+1	2,700E+3	2,703E+3
1279,311	0,142	0,100	8,050E+0	2,400E+1	2,700E+3	2,709E+3
1280,312	0,142	0,100	8,050E+0	2,400E+1	2,700E+3	2,701E+3
1281,312	0,142	0,100	8,050E+0	2,400E+1	2,700E+3	2,697E+3
1282,312	0,142	0,100	8,050E+0	2,400E+1	2,700E+3	2,705E+3
1283,312	0,142	0,100	8,060E+0	2,400E+1	2,700E+3	2,698E+3
1284,314	0,142	0,100	8,060E+0	2,400E+1	2,700E+3	2,698E+3
1285,314	0,142	0,100	8,060E+0	2,400E+1	2,700E+3	2,695E+3
1286,315	0,142	0,100	8,060E+0	2,400E+1	2,700E+3	2,700E+3
1287,315	0,142	0,100	8,050E+0	2,400E+1	2,700E+3	2,701E+3
1288,315	0,142	0,100	8,050E+0	2,400E+1	2,700E+3	2,695E+3
1289,315	0,142	0,100	8,060E+0	2,400E+1	2,700E+3	2,702E+3
1290,316	0,142	0,100	8,050E+0	2,400E+1	2,700E+3	2,692E+3
1291,316	0,142	0,100	8,050E+0	2,400E+1	2,700E+3	2,707E+3
1292,315	0,142	0,100	8,050E+0	2,400E+1	2,700E+3	2,701E+3
1293,316	0,142	0,100	8,060E+0	2,400E+1	2,700E+3	2,699E+3
1294,316	0,142	0,100	8,060E+0	2,400E+1	2,700E+3	2,698E+3
1295,316	0,142	0,100	8,050E+0	2,400E+1	2,700E+3	2,696E+3
1296,317	0,142	0,100	8,060E+0	2,400E+1	2,700E+3	2,697E+3
1297,316	0,142	0,100	8,060E+0	2,400E+1	2,700E+3	2,708E+3
1298,316	0,142	0,100	8,060E+0	2,400E+1	2,700E+3	2,701E+3
1299,318	0,142	0,100	8,060E+0	2,400E+1	2,700E+3	2,705E+3
1300,318	0,142	0,100	8,060E+0	2,400E+1	2,700E+3	2,698E+3
1301,317	0,142	0,100	8,050E+0	2,400E+1	2,700E+3	2,701E+3
1302,318	0,142	0,100	8,060E+0	2,400E+1	2,700E+3	2,706E+3
1303,317	0,142	0,100	8,060E+0	2,400E+1	2,700E+3	2,695E+3
1304,317	0,142	0,100	8,060E+0	2,400E+1	2,700E+3	2,706E+3
1305,318	0,142	0,100	8,050E+0	2,400E+1	2,700E+3	2,704E+3
1306,317	0,142	0,100	8,050E+0	2,400E+1	2,700E+3	2,922E+3
1307,319	0,000	0,100	3,000E-1	2,400E+1	2,700E+3	2,858E+3
1308,319	0,000	0,100	3,000E-1	2,400E+1	2,700E+3	2,698E+3
1309,319	0,000	0,100	3,000E-1	2,400E+1	0,000E+0	2,351E+3
1310,319	0,000	0,100	3,000E-1	2,400E+1	0,000E+0	1,892E+3
1311,318	0,000	0,100	3,000E-1	2,400E+1	0,000E+0	1,481E+3
1312,319	0,000	0,100	3,000E-1	2,400E+1	0,000E+0	0,000E+0
1313,318	0,000	0,100	3,000E-1	2,400E+1	0,000E+0	0,000E+0
1314,319	0,000	0,100	3,000E-1	2,400E+1	0,000E+0	0,000E+0
