t	PL(A)	PL(B)	PL(T)	PL(E)	V(A)	V(B)	V(E)	I(A)	I(B)	I(E)	n_bracos	n_res
0,000	0,000	0,000	0,000E+0	0,000E+0	0,000E+0	0,000E+0	0,000E+0	0,000E+0	0,000E+0	0,000E+0	0	1000
0,003	0,000	0,000	0,000E+0	0,000E+0	0,000E+0	0,000E+0	0,000E+0	0,000E+0	0,000E+0	0,000E+0	0	1000
1,004	0,000	0,000	0,000E+0	0,000E+0	0,000E+0	0,000E+0	0,000E+0	0,000E+0	0,000E+0	0,000E+0	0	1000
2,003	0,000	0,000	0,000E+0	0,000E+0	0,000E+0	0,000E+0	0,000E+0	0,000E+0	0,000E+0	0,000E+0	0	1000
3,004	0,000	0,000	0,000E+0	0,000E+0	0,000E+0	0,000E+0	0,000E+0	0,000E+0	0,000E+0	0,000E+0	0	1000
4,003	0,000	0,000	0,000E+0	0,000E+0	0,000E+0	0,000E+0	0,000E+0	0,000E+0	0,000E+0	0,000E+0	0	1000
5,003	0,000	0,000	0,000E+0	0,000E+0	0,000E+0	0,000E+0	0,000E+0	0,000E+0	0,000E+0	0,000E+0	0	1000
6,004	0,000	0,000	0,000E+0	0,000E+0	0,000E+0	0,000E+0	0,000E+0	0,000E+0	0,000E+0	0,000E+0	0	1000
7,003	0,000	0,000	0,000E+0	0,000E+0	0,000E+0	0,000E+0	0,000E+0	0,000E+0	0,000E+0	0,000E+0	0	1000
8,004	0,000	0,000	0,000E+0	0,000E+0	0,000E+0	0,000E+0	0,000E+0	0,000E+0	0,000E+0	0,000E+0	0	1000
9,003	0,000	0,000	0,000E+0	0,000E+0	0,000E+0	0,000E+0	0,000E+0	0,000E+0	0,000E+0	0,000E+0	0	1000
10,004	0,000	0,000	0,000E+0	0,000E+0	0,000E+0	0,000E+0	0,000E+0	0,000E+0	0,000E+0	0,000E+0	0	1000
11,004	0,000	0,000	0,000E+0	0,000E+0	0,000E+0	0,000E+0	0,000E+0	0,000E+0	0,000E+0	0,000E+0	0	1000
12,003	0,000	0,000	0,000E+0	0,000E+0	0,000E+0	0,000E+0	0,000E+0	0,000E+0	0,000E+0	0,000E+0	0	1000
13,004	0,000	0,000	0,000E+0	0,000E+0	0,000E+0	0,000E+0	0,000E+0	0,000E+0	0,000E+0	0,000E+0	0	1000
14,004	0,000	0,000	0,000E+0	0,000E+0	0,000E+0	0,000E+0	0,000E+0	0,000E+0	0,000E+0	0,000E+0	0	1000
15,005	0,000	0,000	0,000E+0	0,000E+0	0,000E+0	0,000E+0	0,000E+0	0,000E+0	0,000E+0	0,000E+0	0	1000
16,005	0,000	0,000	0,000E+0	0,000E+0	0,000E+0	0,000E+0	0,000E+0	0,000E+0	0,000E+0	0,000E+0	0	1000
17,007	0,000	0,000	0,000E+0	0,000E+0	0,000E+0	0,000E+0	0,000E+0	0,000E+0	0,000E+0	0,000E+0	0	1000
18,008	0,000	0,000	0,000E+0	0,000E+0	0,000E+0	0,000E+0	0,000E+0	0,000E+0	0,000E+0	0,000E+0	0	1000
19,007	0,000	0,000	0,000E+0	0,000E+0	0,000E+0	0,000E+0	0,000E+0	0,000E+0	0,000E+0	0,000E+0	0	1000
20,008	0,000	1,900	1,900E+0	0,000E+0	9,330E+0	2,703E+1	0,000E+0	5,800E-2	6,281E-1	0,000E+0	0	1000
21,007	0,000	1,900	1,900E+0	0,000E+0	9,330E+0	2,703E+1	0,000E+0	5,800E-2	6,281E-1	0,000E+0	0	1000
22,008	0,000	87,000	8,700E+1	0,000E+0	3,716E+1	7,983E+1	0,000E+0	0,000E+0	4,606E+0	0,000E+0	0	1000
23,008	8,600	3,500	1,210E+1	0,000E+0	4,497E+1	3,759E+1	0,000E+0	1,370E+0	1,035E+0	0,000E+0	0	1000
24,010	8,600	3,500	1,210E+1	0,000E+0	4,497E+1	3,759E+1	0,000E+0	1,370E+0	1,035E+0	0,000E+0	0	1000
25,010	0,000	0,000	0,000E+0	0,000E+0	6,750E+0	6,620E+0	0,000E+0	0,000E+0	0,000E+0	0,000E+0	0	1000
26,009	0,000	0,000	0,000E+0	0,000E+0	4,990E+0	2,830E+0	0,000E+0	0,000E+0	0,000E+0	0,000E+0	0	1000
27,011	48,000	0,000	4,800E+1	0,000E+0	6,605E+1	2,906E+1	0,000E+0	3,428E+0	0,000E+0	0,000E+0	0	1000
28,010	10,100	84,400	9,450E+1	0,000E+0	8,497E+1	1,047E+2	0,000E+0	2,451E+0	3,628E+0	0,000E+0	0	1000
29,011	29,500	33,200	6,270E+1	0,000E+0	1,277E+2	1,269E+2	0,000E+0	5,485E-1	5,494E-1	0,000E+0	0	1000
30,010	9,300	8,700	1,800E+1	0,000E+0	1,741E+2	1,739E+2	0,000E+0	9,400E-2	9,270E-2	0,000E+0	0	1000
31,010	5,700	5,100	1,080E+1	0,000E+0	1,610E+2	1,610E+2	0,000E+0	6,720E-2	6,650E-2	0,000E+0	0	1000
32,011	6,300	5,500	1,180E+1	0,000E+0	1,549E+2	1,550E+2	0,000E+0	7,690E-2	7,630E-2	0,000E+0	0	1000
33,010	10,300	9,400	1,970E+1	0,000E+0	1,599E+2	1,594E+2	0,000E+0	1,165E-1	1,149E-1	0,000E+0	0	1000
34,012	16,800	15,500	3,230E+1	0,000E+0	1,688E+2	1,684E+2	0,000E+0	1,673E-1	1,649E-1	0,000E+0	0	1000
35,012	16,800	15,500	3,230E+1	0,000E+0	1,688E+2	1,684E+2	0,000E+0	1,673E-1	1,649E-1	0,000E+0	0	1000
36,013	11,200	10,500	2,170E+1	0,000E+0	1,699E+2	1,696E+2	0,000E+0	1,145E-1	1,134E-1	0,000E+0	0	1000
37,012	10,200	9,600	1,980E+1	0,000E+0	1,667E+2	1,666E+2	0,000E+0	1,083E-1	1,076E-1	0,000E+0	0	1000
38,012	11,000	10,300	2,130E+1	0,000E+0	1,664E+2	1,665E+2	0,000E+0	1,161E-1	1,151E-1	0,000E+0	0	1000
39,014	12,400	11,500	2,390E+1	0,000E+0	1,681E+2	1,682E+2	0,000E+0	1,279E-1	1,262E-1	0,000E+0	0	1000
40,014	13,100	12,200	2,530E+1	0,000E+0	1,699E+2	1,697E+2	0,000E+0	1,322E-1	1,303E-1	0,000E+0	0	1000
41,015	13,100	12,200	2,530E+1	0,000E+0	1,699E+2	1,697E+2	0,000E+0	1,322E-1	1,303E-1	0,000E+0	0	1000
42,014	11,900	11,200	2,310E+1	0,000E+0	1,694E+2	1,693E+2	0,000E+0	1,220E-1	1,209E-1	0,000E+0	0	1000
43,015	11,600	10,900	2,250E+1	0,000E+0	1,684E+2	1,685E+2	0,000E+0	1,198E-1	1,187E-1	0,000E+0	0	1000
44,015	12,000	11,200	2,320E+1	0,000E+0	1,687E+2	1,685E+2	0,000E+0	1,235E-1	1,221E-1	0,000E+0	0	1000
45,014	12,400	11,600	2,400E+1	0,000E+0	1,691E+2	1,691E+2	0,000E+0	1,266E-1	1,251E-1	0,000E+0	0	1000
46,016	12,100	11,400	2,350E+1	0,000E+0	1,693E+2	1,693E+2	0,000E+0	1,240E-1	1,230E-1	0,000E+0	0	1000
47,015	12,100	11,400	2,350E+1	0,000E+0	1,693E+2	1,693E+2	0,000E+0	1,240E-1	1,230E-1	0,000E+0	0	1000
48,016	12,000	11,400	2,340E+1	0,000E+0	1,688E+2	1,690E+2	0,000E+0	1,241E-1	1,228E-1	0,000E+0	0	1000
49,015	12,300	11,400	2,370E+1	0,000E+0	1,692E+2	1,691E+2	0,000E+0	1,256E-1	1,238E-1	0,000E+0	0	1000
50,016	12,200	11,400	2,360E+1	0,000E+0	1,693E+2	1,691E+2	0,000E+0	1,247E-1	1,233E-1	0,000E+0	0	1000
51,016	12,000	11,300	2,330E+1	0,000E+0	1,689E+2	1,689E+2	0,000E+0	1,236E-1	1,223E-1	0,000E+0	0	1000
52,015	12,200	11,500	2,370E+1	0,000E+0	1,690E+2	1,691E+2	0,000E+0	1,249E-1	1,239E-1	0,000E+0	0	1000
53,016	12,200	11,400	2,360E+1	0,000E+0	1,692E+2	1,691E+2	0,000E+0	1,250E-1	1,236E-1	0,000E+0	0	1000
54,016	12,100	11,400	2,350E+1	0,000E+0	1,692E+2	1,692E+2	0,000E+0	1,245E-1	1,234E-1	0,000E+0	0	1000
55,017	12,200	11,400	2,360E+1	0,000E+0	1,697E+2	1,693E+2	0,000E+0	1,252E-1	1,236E-1	0,000E+0	0	1000
56,016	12,100	11,400	2,350E+1	0,000E+0	1,692E+2	1,693E+2	0,000E+0	1,240E-1	1,229E-1	0,000E+0	0	1000
57,018	12,100	11,400	2,350E+1	0,000E+0	1,691E+2	1,692E+2	0,000E+0	1,244E-1	1,235E-1	0,000E+0	0	1000
58,018	12,100	11,400	2,350E+1	0,000E+0	1,691E+2	1,692E+2	0,000E+0	1,244E-1	1,235E-1	0,000E+0	0	1000
59,018	12,300	11,600	2,390E+1	0,000E+0	1,694E+2	1,695E+2	0,000E+0	1,263E-1	1,251E-1	0,000E+0	0	1000
60,017	12,300	11,600	2,390E+1	0,000E+0	1,694E+2	1,695E+2	0,000E+0	1,263E-1	1,251E-1	0,000E+0	0	1000
61,018	12,300	11,500	2,380E+1	0,000E+0	1,694E+2	1,694E+2	0,000E+0	1,255E-1	1,244E-1	0,000E+0	0	1000
62,017	12,300	11,500	2,380E+1	0,000E+0	1,694E+2	1,694E+2	0,000E+0	1,255E-1	1,244E-1	0,000E+0	0	1000
63,018	12,200	11,400	2,360E+1	0,000E+0	1,691E+2	1,689E+2	0,000E+0	1,247E-1	1,233E-1	0,000E+0	0	1000
64,017	12,300	11,500	2,380E+1	0,000E+0	1,692E+2	1,692E+2	0,000E+0	1,255E-1	1,241E-1	0,000E+0	0	1000
65,018	12,400	11,600	2,400E+1	0,000E+0	1,692E+2	1,692E+2	0,000E+0	1,268E-1	1,249E-1	0,000E+0	0	1000
66,018	12,500	11,700	2,420E+1	0,000E+0	1,696E+2	1,693E+2	0,000E+0	1,275E-1	1,260E-1	0,000E+0	0	1000
67,017	12,500	11,700	2,420E+1	0,000E+0	1,696E+2	1,694E+2	0,000E+0	1,273E-1	1,256E-1	0,000E+0	0	1000
68,018	12,500	11,700	2,420E+1	0,000E+0	1,695E+2	1,692E+2	0,000E+0	1,268E-1	1,256E-1	0,000E+0	0	1000
69,017	12,500	11,700	2,420E+1	0,000E+0	1,695E+2	1,692E+2	0,000E+0	1,268E-1	1,256E-1	0,000E+0	0	1000
70,018	12,400	11,600	2,400E+1	0,000E+0	1,691E+2	1,691E+2	0,000E+0	1,268E-1	1,258E-1	0,000E+0	0	1000
71,018	12,400	11,700	2,410E+1	0,000E+0	1,694E+2	1,693E+2	0,000E+0	1,271E-1	1,257E-1	0,000E+0	0	1000
72,020	12,300	11,600	2,390E+1	0,000E+0	1,693E+2	1,692E+2	0,000E+0	1,259E-1	1,245E-1	0,000E+0	0	1000
73,020	12,400	11,600	2,400E+1	0,000E+0	1,694E+2	1,690E+2	0,000E+0	1,262E-1	1,249E-1	0,000E+0	0	1000
74,020	12,400	11,700	2,410E+1	0,000E+0	1,693E+2	1,694E+2	0,000E+0	1,269E-1	1,256E-1	0,000E+0	0	1000
75,021	12,500	11,900	2,440E+1	0,000E+0	1,693E+2	1,694E+2	0,000E+0	1,277E-1	1,272E-1	0,000E+0	0	1000
76,020	12,700	12,000	2,470E+1	0,000E+0	1,696E+2	1,695E+2	0,000E+0	1,286E-1	1,280E-1	0,000E+0	0	1000
77,021	12,400	11,700	2,410E+1	0,000E+0	1,697E+2	1,695E+2	0,000E+0	1,267E-1	1,259E-1	0,000E+0	0	1000
78,020	12,400	11,700	2,410E+1	0,000E+0	1,694E+2	1,694E+2	0,000E+0	1,269E-1	1,260E-1	0,000E+0	0	1000
79,021	12,500	11,700	2,420E+1	0,000E+0	1,692E+2	1,693E+2	0,000E+0	1,274E-1	1,260E-1	0,000E+0	0	1000
80,021	12,400	11,700	2,410E+1	0,000E+0	1,692E+2	1,693E+2	0,000E+0	1,271E-1	1,254E-1	0,000E+0	0	1000
81,020	12,500	11,700	2,420E+1	0,000E+0	1,695E+2	1,694E+2	0,000E+0	1,276E-1	1,263E-1	0,000E+0	0	1000
82,021	12,500	11,700	2,420E+1	0,000E+0	1,692E+2	1,695E+2	0,000E+0	1,272E-1	1,261E-1	0,000E+0	0	1000
83,021	12,600	11,800	2,440E+1	0,000E+0	1,696E+2	1,694E+2	0,000E+0	1,287E-1	1,269E-1	0,000E+0	0	1000
84,022	12,600	11,800	2,440E+1	0,000E+0	1,696E+2	1,694E+2	0,000E+0	1,287E-1	1,269E-1	0,000E+0	0	1000
85,022	12,600	11,800	2,440E+1	0,000E+0	1,697E+2	1,696E+2	0,000E+0	1,285E-1	1,270E-1	0,000E+0	0	1000
86,022	12,300	11,600	2,390E+1	0,000E+0	1,692E+2	1,692E+2	0,000E+0	1,259E-1	1,246E-1	0,000E+0	0	1000
87,023	12,600	11,700	2,430E+1	0,000E+0	1,694E+2	1,693E+2	0,000E+0	1,287E-1	1,263E-1	0,000E+0	0	1000
88,023	12,600	11,800	2,440E+1	0,000E+0	1,696E+2	1,693E+2	0,000E+0	1,278E-1	1,268E-1	0,000E+0	0	1000
89,024	12,500	11,700	2,420E+1	0,000E+0	1,695E+2	1,695E+2	0,000E+0	1,277E-1	1,261E-1	0,000E+0	0	1000
90,023	12,600	11,700	2,430E+1	0,000E+0	1,696E+2	1,693E+2	0,000E+0	1,281E-1	1,260E-1	0,000E+0	0	1000
91,024	12,700	11,900	2,460E+1	0,000E+0	1,696E+2	1,696E+2	0,000E+0	1,289E-1	1,275E-1	0,000E+0	0	1000
92,024	12,900	12,000	2,490E+1	0,000E+0	1,698E+2	1,695E+2	0,000E+0	1,303E-1	1,283E-1	0,000E+0	0	1000
93,024	13,000	12,200	2,520E+1	0,000E+0	1,699E+2	1,699E+2	0,000E+0	1,316E-1	1,301E-1	0,000E+0	0	1000
94,025	12,800	11,900	2,470E+1	0,000E+0	1,699E+2	1,696E+2	0,000E+0	1,295E-1	1,275E-1	0,000E+0	0	1000
95,024	12,800	12,000	2,480E+1	0,000E+0	1,696E+2	1,698E+2	0,000E+0	1,300E-1	1,282E-1	0,000E+0	0	1000
96,025	12,800	12,000	2,480E+1	0,000E+0	1,696E+2	1,698E+2	0,000E+0	1,300E-1	1,282E-1	0,000E+0	0	1000
97,024	13,000	12,300	2,530E+1	0,000E+0	1,697E+2	1,698E+2	0,000E+0	1,323E-1	1,308E-1	0,000E+0	0	1000
98,026	12,800	12,200	2,500E+1	0,000E+0	1,696E+2	1,702E+2	0,000E+0	1,307E-1	1,297E-1	0,000E+0	0	1000
99,026	13,000	12,000	2,500E+1	0,000E+0	1,698E+2	1,696E+2	0,000E+0	1,313E-1	1,289E-1	0,000E+0	0	1000
100,025	13,200	12,300	2,550E+1	0,000E+0	1,699E+2	1,699E+2	0,000E+0	1,329E-1	1,314E-1	0,000E+0	0	1000
101,026	13,300	12,400	2,570E+1	0,000E+0	1,700E+2	1,700E+2	0,000E+0	1,341E-1	1,324E-1	0,000E+0	0	1000
102,025	13,300	12,400	2,570E+1	0,000E+0	1,700E+2	1,700E+2	0,000E+0	1,341E-1	1,324E-1	0,000E+0	0	1000
103,026	13,200	12,300	2,550E+1	0,000E+0	1,701E+2	1,698E+2	0,000E+0	1,329E-1	1,306E-1	0,000E+0	0	1000
104,025	13,200	12,400	2,560E+1	0,000E+0	1,700E+2	1,699E+2	0,000E+0	1,335E-1	1,322E-1	0,000E+0	0	1000
105,026	13,400	12,300	2,570E+1	0,000E+0	1,701E+2	1,699E+2	0,000E+0	1,343E-1	1,313E-1	0,000E+0	0	1000
106,026	13,300	12,400	2,570E+1	0,000E+0	1,700E+2	1,699E+2	0,000E+0	1,337E-1	1,318E-1	0,000E+0	0	1000
107,026	13,500	12,600	2,610E+1	0,000E+0	1,701E+2	1,701E+2	0,000E+0	1,356E-1	1,335E-1	0,000E+0	0	1000
108,028	13,500	12,600	2,610E+1	0,000E+0	1,701E+2	1,701E+2	0,000E+0	1,356E-1	1,335E-1	0,000E+0	0	1000
109,028	13,400	12,600	2,600E+1	0,000E+0	1,702E+2	1,703E+2	0,000E+0	1,346E-1	1,336E-1	0,000E+0	0	1000
110,029	13,500	12,700	2,620E+1	0,000E+0	1,702E+2	1,702E+2	0,000E+0	1,358E-1	1,345E-1	0,000E+0	0	1000
111,029	13,900	12,900	2,680E+1	0,000E+0	1,705E+2	1,704E+2	0,000E+0	1,390E-1	1,367E-1	0,000E+0	0	1000
112,031	13,800	12,800	2,660E+1	0,000E+0	1,703E+2	1,705E+2	0,000E+0	1,376E-1	1,353E-1	0,000E+0	0	1000
113,031	13,900	12,900	2,680E+1	0,000E+0	1,706E+2	1,703E+2	0,000E+0	1,387E-1	1,367E-1	0,000E+0	0	1000
114,031	13,900	13,000	2,690E+1	0,000E+0	1,707E+2	1,707E+2	0,000E+0	1,384E-1	1,368E-1	0,000E+0	0	1000
115,032	14,000	13,000	2,700E+1	0,000E+0	1,707E+2	1,705E+2	0,000E+0	1,395E-1	1,369E-1	0,000E+0	0	1000
116,031	14,200	13,400	2,760E+1	0,000E+0	1,708E+2	1,708E+2	0,000E+0	1,418E-1	1,403E-1	0,000E+0	0	1000
117,033	14,100	13,200	2,730E+1	0,000E+0	1,708E+2	1,711E+2	0,000E+0	1,403E-1	1,385E-1	0,000E+0	0	1000
118,032	14,100	13,200	2,730E+1	0,000E+0	1,708E+2	1,711E+2	0,000E+0	1,403E-1	1,385E-1	0,000E+0	0	1000
119,034	14,200	13,200	2,740E+1	0,000E+0	1,707E+2	1,706E+2	0,000E+0	1,412E-1	1,392E-1	0,000E+0	0	1000
120,034	14,400	13,500	2,790E+1	0,000E+0	1,709E+2	1,710E+2	0,000E+0	1,427E-1	1,410E-1	0,000E+0	0	1000
121,034	14,400	13,500	2,790E+1	0,000E+0	1,709E+2	1,709E+2	0,000E+0	1,430E-1	1,409E-1	0,000E+0	0	1000
122,035	14,600	13,600	2,820E+1	0,000E+0	1,709E+2	1,709E+2	0,000E+0	1,446E-1	1,421E-1	0,000E+0	0	1000
123,035	14,500	13,500	2,800E+1	0,000E+0	1,709E+2	1,708E+2	0,000E+0	1,436E-1	1,413E-1	0,000E+0	0	1000
124,036	14,700	13,800	2,850E+1	0,000E+0	1,709E+2	1,711E+2	0,000E+0	1,456E-1	1,438E-1	0,000E+0	0	1000
125,036	14,700	13,800	2,850E+1	0,000E+0	1,711E+2	1,710E+2	0,000E+0	1,454E-1	1,439E-1	0,000E+0	0	1000
126,036	14,800	13,800	2,860E+1	0,000E+0	1,712E+2	1,710E+2	0,000E+0	1,464E-1	1,441E-1	0,000E+0	0	1000
127,038	14,800	13,900	2,870E+1	0,000E+0	1,710E+2	1,713E+2	0,000E+0	1,459E-1	1,444E-1	0,000E+0	0	1000
128,037	14,900	13,900	2,880E+1	0,000E+0	1,711E+2	1,709E+2	0,000E+0	1,472E-1	1,452E-1	0,000E+0	0	1000
129,038	15,300	14,200	2,950E+1	0,000E+0	1,714E+2	1,711E+2	0,000E+0	1,501E-1	1,478E-1	0,000E+0	0	1000
130,038	15,400	14,300	2,970E+1	0,000E+0	1,716E+2	1,714E+2	0,000E+0	1,512E-1	1,485E-1	0,000E+0	0	1000
131,040	15,400	14,300	2,970E+1	0,000E+0	1,716E+2	1,714E+2	0,000E+0	1,512E-1	1,485E-1	0,000E+0	0	1000
132,040	15,300	14,200	2,950E+1	0,000E+0	1,712E+2	1,712E+2	0,000E+0	1,498E-1	1,477E-1	0,000E+0	0	1000
133,039	15,400	14,400	2,980E+1	0,000E+0	1,713E+2	1,714E+2	0,000E+0	1,507E-1	1,489E-1	0,000E+0	0	1000
134,040	15,400	14,400	2,980E+1	0,000E+0	1,713E+2	1,714E+2	0,000E+0	1,507E-1	1,489E-1	0,000E+0	0	1000
135,039	15,400	14,500	2,990E+1	0,000E+0	1,716E+2	1,712E+2	0,000E+0	1,512E-1	1,497E-1	0,000E+0	0	1000
136,040	15,700	14,700	3,040E+1	0,000E+0	1,714E+2	1,715E+2	0,000E+0	1,530E-1	1,511E-1	0,000E+0	0	1000
137,040	15,600	14,800	3,040E+1	0,000E+0	1,716E+2	1,715E+2	0,000E+0	1,527E-1	1,519E-1	0,000E+0	0	1000
138,041	15,900	15,100	3,100E+1	0,000E+0	1,714E+2	1,718E+2	0,000E+0	1,558E-1	1,541E-1	0,000E+0	0	1000
139,042	16,100	15,100	3,120E+1	0,000E+0	1,720E+2	1,719E+2	0,000E+0	1,569E-1	1,546E-1	0,000E+0	0	1000
140,042	16,100	15,000	3,110E+1	0,000E+0	1,722E+2	1,719E+2	0,000E+0	1,562E-1	1,539E-1	0,000E+0	0	1000
141,043	16,100	15,000	3,110E+1	0,000E+0	1,722E+2	1,719E+2	0,000E+0	1,562E-1	1,539E-1	0,000E+0	0	1000
142,043	16,400	15,400	3,180E+1	0,000E+0	1,716E+2	1,718E+2	0,000E+0	1,593E-1	1,571E-1	0,000E+0	0	1000
143,044	16,300	15,300	3,160E+1	0,000E+0	1,719E+2	1,722E+2	0,000E+0	1,583E-1	1,568E-1	0,000E+0	0	1000
144,043	16,200	15,200	3,140E+1	0,000E+0	1,719E+2	1,718E+2	0,000E+0	1,574E-1	1,560E-1	0,000E+0	0	1000
145,044	16,700	15,600	3,230E+1	0,000E+0	1,721E+2	1,719E+2	0,000E+0	1,609E-1	1,592E-1	0,000E+0	0	1000
146,044	16,800	15,700	3,250E+1	0,000E+0	1,720E+2	1,719E+2	0,000E+0	1,623E-1	1,600E-1	0,000E+0	0	1000
147,043	16,800	15,700	3,250E+1	0,000E+0	1,722E+2	1,718E+2	0,000E+0	1,620E-1	1,592E-1	0,000E+0	0	1000
148,045	17,000	15,900	3,290E+1	0,000E+0	1,721E+2	1,719E+2	0,000E+0	1,637E-1	1,610E-1	0,000E+0	0	1000
149,045	17,200	16,100	3,330E+1	0,000E+0	1,721E+2	1,720E+2	0,000E+0	1,653E-1	1,627E-1	0,000E+0	0	1000
150,046	17,300	16,200	3,350E+1	0,000E+0	1,722E+2	1,718E+2	0,000E+0	1,661E-1	1,639E-1	0,000E+0	0	1000
151,046	17,100	16,100	3,320E+1	0,000E+0	1,722E+2	1,723E+2	0,000E+0	1,646E-1	1,628E-1	0,000E+0	0	1000
152,045	17,500	16,400	3,390E+1	0,000E+0	1,719E+2	1,721E+2	0,000E+0	1,674E-1	1,656E-1	0,000E+0	0	1000
153,046	17,500	16,400	3,390E+1	0,000E+0	1,719E+2	1,721E+2	0,000E+0	1,674E-1	1,656E-1	0,000E+0	0	1000
154,045	17,600	16,200	3,380E+1	0,000E+0	1,721E+2	1,718E+2	0,000E+0	1,677E-1	1,645E-1	0,000E+0	0	1000
155,046	17,600	16,400	3,400E+1	0,000E+0	1,721E+2	1,721E+2	0,000E+0	1,683E-1	1,662E-1	0,000E+0	0	1000
156,045	17,600	16,400	3,400E+1	0,000E+0	1,721E+2	1,721E+2	0,000E+0	1,683E-1	1,662E-1	0,000E+0	0	1000
157,047	17,800	16,700	3,450E+1	0,000E+0	1,722E+2	1,721E+2	0,000E+0	1,700E-1	1,684E-1	0,000E+0	0	1000
158,047	17,900	16,700	3,460E+1	0,000E+0	1,723E+2	1,720E+2	0,000E+0	1,705E-1	1,682E-1	0,000E+0	0	1000
159,047	18,100	16,900	3,500E+1	0,000E+0	1,723E+2	1,722E+2	0,000E+0	1,723E-1	1,701E-1	0,000E+0	0	1000
160,048	18,100	17,000	3,510E+1	0,000E+0	1,723E+2	1,721E+2	0,000E+0	1,726E-1	1,715E-1	0,000E+0	0	1000
161,047	18,100	16,900	3,500E+1	0,000E+0	1,723E+2	1,723E+2	0,000E+0	1,719E-1	1,703E-1	0,000E+0	0	1000
162,048	18,200	16,900	3,510E+1	0,000E+0	1,723E+2	1,721E+2	0,000E+0	1,728E-1	1,700E-1	0,000E+0	0	1000
163,049	18,300	17,000	3,530E+1	0,000E+0	1,723E+2	1,724E+2	0,000E+0	1,738E-1	1,711E-1	0,000E+0	0	1000
164,048	18,600	17,300	3,590E+1	0,000E+0	1,724E+2	1,723E+2	0,000E+0	1,759E-1	1,740E-1	0,000E+0	0	1000
165,049	18,600	17,300	3,590E+1	0,000E+0	1,724E+2	1,723E+2	0,000E+0	1,759E-1	1,740E-1	0,000E+0	0	1000
166,048	18,600	17,300	3,590E+1	0,000E+0	1,724E+2	1,724E+2	0,000E+0	1,762E-1	1,748E-1	0,000E+0	0	1000
167,049	18,600	17,300	3,590E+1	0,000E+0	1,724E+2	1,724E+2	0,000E+0	1,762E-1	1,748E-1	0,000E+0	0	1000
168,049	18,800	17,500	3,630E+1	0,000E+0	1,723E+2	1,724E+2	0,000E+0	1,774E-1	1,751E-1	0,000E+0	0	1000
169,050	19,000	17,600	3,660E+1	0,000E+0	1,724E+2	1,721E+2	0,000E+0	1,786E-1	1,767E-1	0,000E+0	0	1000
170,050	19,200	17,700	3,690E+1	0,000E+0	1,724E+2	1,723E+2	0,000E+0	1,798E-1	1,775E-1	0,000E+0	0	1000
171,049	19,300	17,700	3,700E+1	0,000E+0	1,724E+2	1,722E+2	0,000E+0	1,808E-1	1,773E-1	0,000E+0	0	1000
172,050	19,100	17,700	3,680E+1	0,000E+0	1,725E+2	1,722E+2	0,000E+0	1,796E-1	1,778E-1	0,000E+0	0	1000
173,050	19,200	17,800	3,700E+1	0,000E+0	1,725E+2	1,725E+2	0,000E+0	1,800E-1	1,773E-1	0,000E+0	0	1000
174,051	19,200	17,800	3,700E+1	0,000E+0	1,725E+2	1,725E+2	0,000E+0	1,800E-1	1,773E-1	0,000E+0	0	1000
175,050	19,300	17,900	3,720E+1	0,000E+0	1,726E+2	1,726E+2	0,000E+0	1,810E-1	1,785E-1	0,000E+0	0	1000
176,051	19,300	17,900	3,720E+1	0,000E+0	1,726E+2	1,726E+2	0,000E+0	1,810E-1	1,785E-1	0,000E+0	0	1000
177,051	19,300	17,900	3,720E+1	0,000E+0	1,726E+2	1,725E+2	0,000E+0	1,809E-1	1,786E-1	0,000E+0	0	1000
178,050	19,800	18,100	3,790E+1	0,000E+0	1,726E+2	1,725E+2	0,000E+0	1,841E-1	1,807E-1	0,000E+0	0	1000
179,051	19,600	18,100	3,770E+1	0,000E+0	1,726E+2	1,723E+2	0,000E+0	1,836E-1	1,810E-1	0,000E+0	0	1000
180,050	19,600	18,200	3,780E+1	0,000E+0	1,725E+2	1,724E+2	0,000E+0	1,839E-1	1,813E-1	0,000E+0	0	1000
181,051	19,800	18,200	3,800E+1	0,000E+0	1,725E+2	1,725E+2	0,000E+0	1,848E-1	1,813E-1	0,000E+0	0	1000
182,051	19,700	18,200	3,790E+1	0,000E+0	1,727E+2	1,725E+2	0,000E+0	1,838E-1	1,818E-1	0,000E+0	0	1000
183,053	19,800	18,500	3,830E+1	0,000E+0	1,727E+2	1,725E+2	0,000E+0	1,854E-1	1,838E-1	0,000E+0	0	1000
184,053	19,900	18,200	3,810E+1	0,000E+0	1,725E+2	1,726E+2	0,000E+0	1,849E-1	1,813E-1	0,000E+0	0	1000
185,052	19,800	18,400	3,820E+1	0,000E+0	1,726E+2	1,724E+2	0,000E+0	1,846E-1	1,819E-1	0,000E+0	0	1000
186,053	20,100	18,700	3,880E+1	0,000E+0	1,726E+2	1,726E+2	0,000E+0	1,871E-1	1,849E-1	0,000E+0	0	1000
187,052	19,800	18,500	3,830E+1	0,000E+0	1,727E+2	1,725E+2	0,000E+0	1,855E-1	1,838E-1	0,000E+0	0	1000
188,053	20,000	18,600	3,860E+1	0,000E+0	1,727E+2	1,726E+2	0,000E+0	1,867E-1	1,847E-1	0,000E+0	0	1000
189,053	20,000	18,600	3,860E+1	0,000E+0	1,727E+2	1,726E+2	0,000E+0	1,867E-1	1,847E-1	0,000E+0	0	1000
190,054	20,200	18,700	3,890E+1	0,000E+0	1,728E+2	1,726E+2	0,000E+0	1,887E-1	1,857E-1	0,000E+0	0	1000
191,054	20,000	18,700	3,870E+1	0,000E+0	1,726E+2	1,725E+2	0,000E+0	1,877E-1	1,857E-1	0,000E+0	0	1000
192,053	20,300	18,700	3,900E+1	0,000E+0	1,728E+2	1,726E+2	0,000E+0	1,886E-1	1,851E-1	0,000E+0	0	1000
193,054	20,200	18,800	3,900E+1	0,000E+0	1,727E+2	1,728E+2	0,000E+0	1,884E-1	1,860E-1	0,000E+0	0	1000
194,053	20,300	18,700	3,900E+1	0,000E+0	1,728E+2	1,727E+2	0,000E+0	1,889E-1	1,858E-1	0,000E+0	0	1000
195,054	20,100	18,700	3,880E+1	0,000E+0	1,727E+2	1,727E+2	0,000E+0	1,876E-1	1,851E-1	0,000E+0	0	1000
196,054	20,100	18,700	3,880E+1	0,000E+0	1,727E+2	1,727E+2	0,000E+0	1,876E-1	1,851E-1	0,000E+0	0	1000
197,055	20,300	18,800	3,910E+1	0,000E+0	1,729E+2	1,726E+2	0,000E+0	1,889E-1	1,869E-1	0,000E+0	0	1000
198,056	20,300	18,900	3,920E+1	0,000E+0	1,729E+2	1,728E+2	0,000E+0	1,889E-1	1,863E-1	0,000E+0	0	1000
199,056	20,300	18,900	3,920E+1	0,000E+0	1,729E+2	1,728E+2	0,000E+0	1,889E-1	1,863E-1	0,000E+0	0	1000
200,057	20,300	18,800	3,910E+1	0,000E+0	1,729E+2	1,728E+2	0,000E+0	1,892E-1	1,865E-1	0,000E+0	0	1000
201,056	20,300	18,800	3,910E+1	0,000E+0	1,729E+2	1,728E+2	0,000E+0	1,892E-1	1,865E-1	0,000E+0	0	1000
202,058	20,300	19,000	3,930E+1	0,000E+0	1,731E+2	1,730E+2	0,000E+0	1,894E-1	1,876E-1	0,000E+0	0	1000
203,058	20,200	18,900	3,910E+1	0,000E+0	1,731E+2	1,732E+2	0,000E+0	1,881E-1	1,868E-1	0,000E+0	0	1000
204,059	20,200	18,800	3,900E+1	0,000E+0	1,732E+2	1,731E+2	0,000E+0	1,890E-1	1,875E-1	0,000E+0	0	1000
205,059	20,500	19,100	3,960E+1	0,000E+0	1,731E+2	1,728E+2	0,000E+0	1,911E-1	1,882E-1	0,000E+0	0	1000
206,059	20,200	18,900	3,910E+1	0,000E+0	1,730E+2	1,728E+2	0,000E+0	1,886E-1	1,867E-1	0,000E+0	0	1000
207,061	20,200	18,900	3,910E+1	0,000E+0	1,730E+2	1,728E+2	0,000E+0	1,886E-1	1,867E-1	0,000E+0	0	1000
208,060	20,400	18,900	3,930E+1	0,000E+0	1,731E+2	1,729E+2	0,000E+0	1,901E-1	1,874E-1	0,000E+0	0	1000
209,062	20,500	19,000	3,950E+1	0,000E+0	1,729E+2	1,729E+2	0,000E+0	1,907E-1	1,877E-1	0,000E+0	0	1000
210,063	20,500	18,800	3,930E+1	0,000E+0	1,730E+2	1,728E+2	0,000E+0	1,903E-1	1,862E-1	0,000E+0	0	1000
211,062	20,600	19,100	3,970E+1	0,000E+0	1,727E+2	1,727E+2	0,000E+0	1,916E-1	1,893E-1	0,000E+0	0	1000
212,063	20,500	19,200	3,970E+1	0,000E+0	1,729E+2	1,727E+2	0,000E+0	1,909E-1	1,889E-1	0,000E+0	0	1000
213,063	20,500	19,200	3,970E+1	0,000E+0	1,729E+2	1,727E+2	0,000E+0	1,909E-1	1,889E-1	0,000E+0	0	1000
214,065	20,500	19,200	3,970E+1	0,000E+0	1,730E+2	1,728E+2	0,000E+0	1,910E-1	1,890E-1	0,000E+0	0	1000
215,064	20,500	19,000	3,950E+1	0,000E+0	1,729E+2	1,729E+2	0,000E+0	1,913E-1	1,879E-1	0,000E+0	0	1000
216,065	20,500	19,200	3,970E+1	0,000E+0	1,729E+2	1,728E+2	0,000E+0	1,909E-1	1,888E-1	0,000E+0	0	1000
217,065	20,500	19,000	3,950E+1	0,000E+0	1,728E+2	1,729E+2	0,000E+0	1,904E-1	1,872E-1	0,000E+0	0	1000
218,065	20,600	19,100	3,970E+1	0,000E+0	1,729E+2	1,728E+2	0,000E+0	1,916E-1	1,888E-1	0,000E+0	0	1000
219,066	20,600	19,100	3,970E+1	0,000E+0	1,729E+2	1,728E+2	0,000E+0	1,916E-1	1,888E-1	0,000E+0	0	1000
220,066	20,400	19,200	3,960E+1	0,000E+0	1,728E+2	1,727E+2	0,000E+0	1,908E-1	1,896E-1	0,000E+0	0	1000
221,067	20,600	19,200	3,980E+1	0,000E+0	1,729E+2	1,728E+2	0,000E+0	1,908E-1	1,885E-1	0,000E+0	0	1000
222,066	20,600	19,200	3,980E+1	0,000E+0	1,729E+2	1,728E+2	0,000E+0	1,908E-1	1,885E-1	0,000E+0	0	1000
223,067	20,500	19,100	3,960E+1	0,000E+0	1,729E+2	1,727E+2	0,000E+0	1,907E-1	1,887E-1	0,000E+0	0	1000
224,067	20,500	19,100	3,960E+1	0,000E+0	1,729E+2	1,727E+2	0,000E+0	1,907E-1	1,887E-1	0,000E+0	0	1000
225,067	20,800	19,200	4,000E+1	0,000E+0	1,730E+2	1,729E+2	0,000E+0	1,922E-1	1,890E-1	0,000E+0	0	1000
226,068	20,400	18,900	3,930E+1	0,000E+0	1,728E+2	1,727E+2	0,000E+0	1,900E-1	1,865E-1	0,000E+0	0	1000
227,067	20,500	19,200	3,970E+1	0,000E+0	1,729E+2	1,729E+2	0,000E+0	1,912E-1	1,887E-1	0,000E+0	0	1000
228,069	20,500	19,200	3,970E+1	0,000E+0	1,729E+2	1,729E+2	0,000E+0	1,910E-1	1,893E-1	0,000E+0	0	1000
229,068	20,600	19,300	3,990E+1	0,000E+0	1,730E+2	1,729E+2	0,000E+0	1,920E-1	1,905E-1	0,000E+0	0	1000
230,070	20,600	19,200	3,980E+1	0,000E+0	1,728E+2	1,727E+2	0,000E+0	1,913E-1	1,900E-1	0,000E+0	0	1000
231,071	20,700	19,200	3,990E+1	0,000E+0	1,728E+2	1,728E+2	0,000E+0	1,919E-1	1,890E-1	0,000E+0	0	1000
232,070	20,600	19,300	3,990E+1	0,000E+0	1,731E+2	1,727E+2	0,000E+0	1,920E-1	1,907E-1	0,000E+0	0	1000
233,072	20,700	19,200	3,990E+1	0,000E+0	1,729E+2	1,728E+2	0,000E+0	1,930E-1	1,900E-1	0,000E+0	0	1000
234,071	20,700	19,200	3,990E+1	0,000E+0	1,729E+2	1,728E+2	0,000E+0	1,930E-1	1,900E-1	0,000E+0	0	1000
235,073	20,700	19,400	4,010E+1	0,000E+0	1,730E+2	1,728E+2	0,000E+0	1,923E-1	1,906E-1	0,000E+0	0	1000
236,072	20,700	19,400	4,010E+1	0,000E+0	1,730E+2	1,729E+2	0,000E+0	1,925E-1	1,907E-1	0,000E+0	0	1000
237,072	20,600	19,300	3,990E+1	0,000E+0	1,731E+2	1,730E+2	0,000E+0	1,919E-1	1,898E-1	0,000E+0	0	1000
238,074	20,500	19,100	3,960E+1	0,000E+0	1,731E+2	1,730E+2	0,000E+0	1,904E-1	1,889E-1	0,000E+0	0	1000
239,073	20,600	19,400	4,000E+1	0,000E+0	1,729E+2	1,730E+2	0,000E+0	1,916E-1	1,902E-1	0,000E+0	0	1000
240,074	20,500	19,000	3,950E+1	0,000E+0	1,730E+2	1,728E+2	0,000E+0	1,910E-1	1,887E-1	0,000E+0	0	1000
241,073	20,500	19,000	3,950E+1	0,000E+0	1,730E+2	1,728E+2	0,000E+0	1,910E-1	1,887E-1	0,000E+0	0	1000
242,074	20,900	19,300	4,020E+1	0,000E+0	1,731E+2	1,727E+2	0,000E+0	1,936E-1	1,899E-1	0,000E+0	0	1000
243,074	20,600	19,300	3,990E+1	0,000E+0	1,728E+2	1,728E+2	0,000E+0	1,916E-1	1,901E-1	0,000E+0	0	1000
244,073	20,700	19,500	4,020E+1	0,000E+0	1,730E+2	1,730E+2	0,000E+0	1,924E-1	1,916E-1	0,000E+0	0	1000
245,074	20,700	19,500	4,020E+1	0,000E+0	1,730E+2	1,730E+2	0,000E+0	1,924E-1	1,916E-1	0,000E+0	0	1000
246,073	20,500	19,300	3,980E+1	0,000E+0	1,728E+2	1,729E+2	0,000E+0	1,908E-1	1,896E-1	0,000E+0	0	1000
247,074	20,600	19,400	4,000E+1	0,000E+0	1,728E+2	1,729E+2	0,000E+0	1,920E-1	1,902E-1	0,000E+0	0	1000
248,073	21,900	20,700	4,260E+1	0,000E+0	1,730E+2	1,728E+2	0,000E+0	2,043E-1	2,022E-1	0,000E+0	0	1000
249,074	25,900	25,200	5,110E+1	0,000E+0	1,743E+2	1,740E+2	0,000E+0	2,375E-1	2,358E-1	0,000E+0	0	1000
250,074	27,000	26,400	5,340E+1	0,000E+0	1,745E+2	1,745E+2	0,000E+0	2,479E-1	2,451E-1	0,000E+0	0	1000
251,075	27,600	27,100	5,470E+1	0,000E+0	1,748E+2	1,744E+2	0,000E+0	2,530E-1	2,508E-1	0,000E+0	0	1000
252,076	27,600	27,100	5,470E+1	0,000E+0	1,748E+2	1,744E+2	0,000E+0	2,530E-1	2,508E-1	0,000E+0	0	1000
253,075	30,900	31,400	6,230E+1	0,000E+0	1,755E+2	1,753E+2	0,000E+0	2,840E-1	2,834E-1	0,000E+0	0	1000
254,076	31,800	32,100	6,390E+1	0,000E+0	1,756E+2	1,756E+2	0,000E+0	2,933E-1	2,897E-1	0,000E+0	0	1000
255,075	32,800	33,200	6,600E+1	0,000E+0	1,760E+2	1,759E+2	0,000E+0	3,004E-1	2,979E-1	0,000E+0	0	1000
256,076	32,800	33,200	6,600E+1	0,000E+0	1,760E+2	1,759E+2	0,000E+0	3,004E-1	2,979E-1	0,000E+0	0	1000
257,076	33,700	34,300	6,800E+1	0,000E+0	1,763E+2	1,759E+2	0,000E+0	3,097E-1	3,067E-1	0,000E+0	0	1000
258,075	34,400	35,300	6,970E+1	0,000E+0	1,762E+2	1,762E+2	0,000E+0	3,159E-1	3,139E-1	0,000E+0	0	1000
259,077	34,900	35,900	7,080E+1	0,000E+0	1,764E+2	1,762E+2	0,000E+0	3,212E-1	3,183E-1	0,000E+0	0	1000
260,076	35,300	36,100	7,140E+1	0,000E+0	1,764E+2	1,761E+2	0,000E+0	3,247E-1	3,208E-1	0,000E+0	0	1000
261,077	35,700	37,000	7,270E+1	0,000E+0	1,767E+2	1,764E+2	0,000E+0	3,286E-1	3,266E-1	0,000E+0	0	1000
262,077	36,300	37,600	7,390E+1	0,000E+0	1,767E+2	1,764E+2	0,000E+0	3,350E-1	3,321E-1	0,000E+0	0	1000
263,078	36,900	38,100	7,500E+1	0,000E+0	1,768E+2	1,764E+2	0,000E+0	3,404E-1	3,369E-1	0,000E+0	0	1000
264,079	36,800	38,100	7,490E+1	0,000E+0	1,768E+2	1,765E+2	0,000E+0	3,390E-1	3,354E-1	0,000E+0	0	1000
265,078	37,100	38,800	7,590E+1	0,000E+0	1,766E+2	1,767E+2	0,000E+0	3,427E-1	3,403E-1	0,000E+0	0	1000
266,079	37,500	39,000	7,650E+1	0,000E+0	1,768E+2	1,766E+2	0,000E+0	3,464E-1	3,427E-1	0,000E+0	0	1000
267,079	37,500	39,000	7,650E+1	0,000E+0	1,768E+2	1,766E+2	0,000E+0	3,464E-1	3,427E-1	0,000E+0	0	1000
268,081	37,600	38,900	7,650E+1	0,000E+0	1,769E+2	1,766E+2	0,000E+0	3,458E-1	3,424E-1	0,000E+0	0	1000
269,081	37,600	39,700	7,730E+1	0,000E+0	1,768E+2	1,771E+2	0,000E+0	3,489E-1	3,473E-1	0,000E+0	0	1000
270,082	38,100	39,700	7,780E+1	0,000E+0	1,770E+2	1,768E+2	0,000E+0	3,522E-1	3,483E-1	0,000E+0	0	1000
271,083	38,200	39,600	7,780E+1	0,000E+0	1,769E+2	1,770E+2	0,000E+0	3,525E-1	3,481E-1	0,000E+0	0	1000
272,083	38,200	39,600	7,780E+1	0,000E+0	1,771E+2	1,768E+2	0,000E+0	3,525E-1	3,484E-1	0,000E+0	0	1000
273,085	38,100	40,000	7,810E+1	0,000E+0	1,770E+2	1,770E+2	0,000E+0	3,525E-1	3,507E-1	0,000E+0	0	1000
274,085	38,500	40,000	7,850E+1	0,000E+0	1,771E+2	1,769E+2	0,000E+0	3,545E-1	3,511E-1	0,000E+0	0	1000
275,086	38,500	40,000	7,850E+1	0,000E+0	1,771E+2	1,769E+2	0,000E+0	3,545E-1	3,511E-1	0,000E+0	0	1000
276,087	38,500	40,300	7,880E+1	0,000E+0	1,770E+2	1,772E+2	0,000E+0	3,563E-1	3,526E-1	0,000E+0	0	1000
277,087	38,600	40,100	7,870E+1	0,000E+0	1,770E+2	1,769E+2	0,000E+0	3,561E-1	3,520E-1	0,000E+0	0	1000
278,086	38,600	40,100	7,870E+1	0,000E+0	1,770E+2	1,769E+2	0,000E+0	3,561E-1	3,520E-1	0,000E+0	0	1000
279,088	38,500	40,600	7,910E+1	0,000E+0	1,772E+2	1,769E+2	0,000E+0	3,574E-1	3,550E-1	0,000E+0	0	1000
280,087	38,600	40,500	7,910E+1	0,000E+0	1,772E+2	1,769E+2	0,000E+0	3,568E-1	3,537E-1	0,000E+0	0	1000
281,089	38,800	40,500	7,930E+1	0,000E+0	1,772E+2	1,767E+2	0,000E+0	3,584E-1	3,548E-1	0,000E+0	0	1000
282,089	38,800	40,400	7,920E+1	0,000E+0	1,773E+2	1,770E+2	0,000E+0	3,584E-1	3,542E-1	0,000E+0	0	1000
283,088	38,700	40,600	7,930E+1	0,000E+0	1,770E+2	1,770E+2	0,000E+0	3,581E-1	3,554E-1	0,000E+0	0	1000
284,089	38,600	40,600	7,920E+1	0,000E+0	1,772E+2	1,770E+2	0,000E+0	3,570E-1	3,545E-1	0,000E+0	0	1000
285,088	38,600	40,600	7,920E+1	0,000E+0	1,772E+2	1,770E+2	0,000E+0	3,570E-1	3,545E-1	0,000E+0	0	1000
286,090	38,700	40,400	7,910E+1	0,000E+0	1,772E+2	1,768E+2	0,000E+0	3,590E-1	3,547E-1	0,000E+0	0	1000
287,089	38,900	40,700	7,960E+1	0,000E+0	1,771E+2	1,772E+2	0,000E+0	3,589E-1	3,558E-1	0,000E+0	0	1000
288,090	38,800	40,600	7,940E+1	0,000E+0	1,771E+2	1,771E+2	0,000E+0	3,591E-1	3,550E-1	0,000E+0	0	1000
289,090	38,800	40,700	7,950E+1	0,000E+0	1,774E+2	1,770E+2	0,000E+0	3,589E-1	3,555E-1	0,000E+0	0	1000
290,090	38,900	40,600	7,950E+1	0,000E+0	1,770E+2	1,771E+2	0,000E+0	3,592E-1	3,565E-1	0,000E+0	0	1000
291,091	38,900	40,700	7,960E+1	0,000E+0	1,771E+2	1,770E+2	0,000E+0	3,601E-1	3,563E-1	0,000E+0	0	1000
292,091	38,600	40,700	7,930E+1	0,000E+0	1,770E+2	1,771E+2	0,000E+0	3,582E-1	3,559E-1	0,000E+0	0	1000
293,092	38,900	40,900	7,980E+1	0,000E+0	1,773E+2	1,772E+2	0,000E+0	3,587E-1	3,570E-1	0,000E+0	0	1000
294,092	39,000	40,800	7,980E+1	0,000E+0	1,770E+2	1,771E+2	0,000E+0	3,607E-1	3,574E-1	0,000E+0	0	1000
295,092	39,000	40,800	7,980E+1	0,000E+0	1,770E+2	1,771E+2	0,000E+0	3,607E-1	3,574E-1	0,000E+0	0	1000
296,093	38,800	40,700	7,950E+1	0,000E+0	1,770E+2	1,769E+2	0,000E+0	3,581E-1	3,559E-1	0,000E+0	0	1000
297,092	38,900	40,600	7,950E+1	0,000E+0	1,771E+2	1,772E+2	0,000E+0	3,592E-1	3,561E-1	0,000E+0	0	1000
298,093	39,300	40,700	8,000E+1	0,000E+0	1,773E+2	1,770E+2	0,000E+0	3,622E-1	3,568E-1	0,000E+0	0	1000
299,092	38,800	40,700	7,950E+1	0,000E+0	1,773E+2	1,772E+2	0,000E+0	3,588E-1	3,558E-1	0,000E+0	0	1000
300,093	38,900	40,800	7,970E+1	0,000E+0	1,772E+2	1,771E+2	0,000E+0	3,599E-1	3,568E-1	0,000E+0	0	1000
301,094	39,000	40,900	7,990E+1	0,000E+0	1,774E+2	1,771E+2	0,000E+0	3,600E-1	3,573E-1	0,000E+0	0	1000
302,093	39,000	40,900	7,990E+1	0,000E+0	1,774E+2	1,771E+2	0,000E+0	3,600E-1	3,573E-1	0,000E+0	0	1000
303,094	39,000	40,900	7,990E+1	0,000E+0	1,774E+2	1,771E+2	0,000E+0	3,600E-1	3,573E-1	0,000E+0	0	1000
304,093	39,000	40,900	7,990E+1	0,000E+0	1,774E+2	1,771E+2	0,000E+0	3,600E-1	3,573E-1	0,000E+0	0	1000
305,094	39,000	40,900	7,990E+1	0,000E+0	1,774E+2	1,771E+2	0,000E+0	3,600E-1	3,573E-1	0,000E+0	0	1000
306,093	39,100	40,600	7,970E+1	0,000E+0	1,769E+2	1,768E+2	0,000E+0	3,605E-1	3,564E-1	0,000E+0	0	1000
307,094	39,100	40,600	7,970E+1	0,000E+0	1,769E+2	1,768E+2	0,000E+0	3,605E-1	3,564E-1	0,000E+0	0	1000
308,094	38,800	40,900	7,970E+1	0,000E+0	1,771E+2	1,770E+2	0,000E+0	3,601E-1	3,582E-1	0,000E+0	0	1000
309,095	38,800	40,900	7,970E+1	0,000E+0	1,771E+2	1,770E+2	0,000E+0	3,601E-1	3,582E-1	0,000E+0	0	1000
310,095	38,800	40,900	7,970E+1	0,000E+0	1,771E+2	1,770E+2	0,000E+0	3,601E-1	3,582E-1	0,000E+0	0	1000
311,095	38,800	40,900	7,970E+1	0,000E+0	1,771E+2	1,770E+2	0,000E+0	3,601E-1	3,582E-1	0,000E+0	0	1000
312,096	38,900	40,700	7,960E+1	0,000E+0	1,771E+2	1,771E+2	0,000E+0	3,596E-1	3,566E-1	0,000E+0	0	1000
313,095	38,900	40,700	7,960E+1	0,000E+0	1,771E+2	1,771E+2	0,000E+0	3,596E-1	3,566E-1	0,000E+0	0	1000
314,095	38,800	40,700	7,950E+1	0,000E+0	1,771E+2	1,771E+2	0,000E+0	3,591E-1	3,561E-1	0,000E+0	0	1000
315,096	38,700	40,800	7,950E+1	0,000E+0	1,771E+2	1,769E+2	0,000E+0	3,587E-1	3,563E-1	0,000E+0	0	1000
316,095	38,700	40,800	7,950E+1	0,000E+0	1,771E+2	1,769E+2	0,000E+0	3,587E-1	3,563E-1	0,000E+0	0	1000
317,097	39,000	40,700	7,970E+1	0,000E+0	1,770E+2	1,768E+2	0,000E+0	3,606E-1	3,566E-1	0,000E+0	0	1000
318,098	39,000	40,600	7,960E+1	0,000E+0	1,772E+2	1,768E+2	0,000E+0	3,607E-1	3,554E-1	0,000E+0	0	1000
319,097	38,900	40,800	7,970E+1	0,000E+0	1,770E+2	1,770E+2	0,000E+0	3,604E-1	3,563E-1	0,000E+0	0	1000
320,098	38,200	39,500	7,770E+1	0,000E+0	1,772E+2	1,767E+2	0,000E+0	3,524E-1	3,466E-1	0,000E+0	0	1000
321,097	38,200	39,500	7,770E+1	0,000E+0	1,772E+2	1,767E+2	0,000E+0	3,524E-1	3,466E-1	0,000E+0	0	1000
322,098	34,000	34,700	6,870E+1	0,000E+0	1,763E+2	1,760E+2	0,000E+0	3,127E-1	3,095E-1	0,000E+0	0	1000
323,098	33,000	33,200	6,620E+1	0,000E+0	1,757E+2	1,755E+2	0,000E+0	3,030E-1	2,986E-1	0,000E+0	0	1000
324,099	32,500	32,900	6,540E+1	0,000E+0	1,757E+2	1,755E+2	0,000E+0	2,975E-1	2,954E-1	0,000E+0	0	1000
325,099	32,000	32,300	6,430E+1	0,000E+0	1,756E+2	1,755E+2	0,000E+0	2,932E-1	2,909E-1	0,000E+0	0	1000
326,098	29,400	29,300	5,870E+1	0,000E+0	1,753E+2	1,754E+2	0,000E+0	2,715E-1	2,689E-1	0,000E+0	0	1000
327,099	22,300	21,300	4,360E+1	0,000E+0	1,738E+2	1,736E+2	0,000E+0	2,056E-1	2,048E-1	0,000E+0	0	1000
328,099	23,100	21,900	4,500E+1	0,000E+0	1,736E+2	1,736E+2	0,000E+0	2,126E-1	2,097E-1	0,000E+0	0	1000
329,099	23,400	22,200	4,560E+1	0,000E+0	1,738E+2	1,734E+2	0,000E+0	2,150E-1	2,125E-1	0,000E+0	0	1000
330,101	23,400	22,400	4,580E+1	0,000E+0	1,733E+2	1,735E+2	0,000E+0	2,156E-1	2,130E-1	0,000E+0	0	1000
331,101	18,900	17,700	3,660E+1	0,000E+0	1,727E+2	1,727E+2	0,000E+0	1,785E-1	1,771E-1	0,000E+0	0	1000
332,100	18,900	17,700	3,660E+1	0,000E+0	1,727E+2	1,727E+2	0,000E+0	1,785E-1	1,771E-1	0,000E+0	0	1000
333,101	18,500	17,100	3,560E+1	0,000E+0	1,723E+2	1,721E+2	0,000E+0	1,749E-1	1,723E-1	0,000E+0	0	1000
334,100	18,500	17,000	3,550E+1	0,000E+0	1,724E+2	1,721E+2	0,000E+0	1,747E-1	1,716E-1	0,000E+0	0	1000
335,101	16,000	15,000	3,100E+1	0,000E+0	1,722E+2	1,722E+2	0,000E+0	1,553E-1	1,528E-1	0,000E+0	0	1000
336,100	13,300	12,500	2,580E+1	0,000E+0	1,710E+2	1,710E+2	0,000E+0	1,333E-1	1,313E-1	0,000E+0	0	1000
337,101	13,300	12,400	2,570E+1	0,000E+0	1,699E+2	1,696E+2	0,000E+0	1,341E-1	1,323E-1	0,000E+0	0	1000
338,101	14,600	13,500	2,810E+1	0,000E+0	1,705E+2	1,701E+2	0,000E+0	1,449E-1	1,422E-1	0,000E+0	0	1000
339,101	14,600	13,500	2,810E+1	0,000E+0	1,705E+2	1,701E+2	0,000E+0	1,449E-1	1,422E-1	0,000E+0	0	1000
340,102	13,700	12,800	2,650E+1	0,000E+0	1,706E+2	1,704E+2	0,000E+0	1,366E-1	1,347E-1	0,000E+0	0	1000
341,101	13,000	12,000	2,500E+1	0,000E+0	1,699E+2	1,698E+2	0,000E+0	1,312E-1	1,291E-1	0,000E+0	0	1000
342,102	13,000	12,200	2,520E+1	0,000E+0	1,696E+2	1,696E+2	0,000E+0	1,318E-1	1,307E-1	0,000E+0	0	1000
343,101	13,400	12,500	2,590E+1	0,000E+0	1,701E+2	1,700E+2	0,000E+0	1,348E-1	1,327E-1	0,000E+0	0	1000
344,101	13,200	12,400	2,560E+1	0,000E+0	1,702E+2	1,700E+2	0,000E+0	1,334E-1	1,315E-1	0,000E+0	0	1000
345,103	11,700	11,000	2,270E+1	0,000E+0	1,688E+2	1,688E+2	0,000E+0	1,210E-1	1,196E-1	0,000E+0	0	1000
346,102	3,100	2,600	5,700E+0	0,000E+0	1,419E+2	1,421E+2	0,000E+0	5,050E-2	5,010E-2	0,000E+0	0	1000
347,103	0,100	0,100	2,000E-1	0,000E+0	1,053E+2	1,051E+2	0,000E+0	0,000E+0	0,000E+0	0,000E+0	0	1000
348,103	0,100	0,200	3,000E-1	0,000E+0	8,728E+1	8,721E+1	0,000E+0	0,000E+0	0,000E+0	0,000E+0	0	1000
349,105	0,200	0,200	4,000E-1	0,000E+0	7,070E+1	7,065E+1	0,000E+0	0,000E+0	0,000E+0	0,000E+0	0	1000
350,105	0,200	0,200	4,000E-1	0,000E+0	7,070E+1	7,065E+1	0,000E+0	0,000E+0	0,000E+0	0,000E+0	0	1000
