0,000000	0,000000	0,000000	5,583364E+0
0,004188	0,000000	0,000000	5,583364E+0
0,004188	0,000000	0,000000	5,583364E+0
0,004188	0,000000	0,000000	5,583364E+0
0,004188	0,000000	0,000000	5,583364E+0
0,004188	0,000000	0,000000	5,583364E+0
0,004188	0,000000	0,000000	5,583364E+0
0,004188	0,000000	0,000000	5,583364E+0
0,004188	0,000000	0,000000	0,000000E+0
0,004188	0,000000	0,000000	0,000000E+0
0,004188	0,000000	0,000000	0,000000E+0
1,004280	0,000000	0,000000	0,000000E+0
1,004280	0,000000	0,000000	0,000000E+0
1,004280	0,000000	0,000000	0,000000E+0
1,004280	0,000000	0,000000	0,000000E+0
1,004280	0,000000	0,000000	0,000000E+0
1,004280	0,000000	0,000000	0,000000E+0
1,004280	0,000000	0,000000	0,000000E+0
1,004280	0,000000	0,000000	0,000000E+0
1,004280	0,000000	0,000000	0,000000E+0
1,004280	0,000000	0,000000	0,000000E+0
2,004695	0,000000	0,000000	0,000000E+0
2,004695	0,000000	0,000000	0,000000E+0
2,004695	0,000000	0,000000	0,000000E+0
2,004695	0,000000	0,000000	0,000000E+0
2,004695	0,000000	0,000000	0,000000E+0
2,004695	0,000000	0,000000	0,000000E+0
2,004695	0,000000	0,000000	0,000000E+0
2,004695	0,000000	0,000000	0,000000E+0
2,004695	0,000000	0,000000	0,000000E+0
2,004695	0,000000	0,000000	0,000000E+0
3,005121	0,000000	0,000000	0,000000E+0
3,005121	0,000000	0,000000	0,000000E+0
3,005121	0,000000	0,000000	0,000000E+0
3,005121	0,000000	0,000000	0,000000E+0
3,005121	0,000000	0,000000	0,000000E+0
3,005121	0,000000	0,000000	0,000000E+0
3,005121	0,000000	0,000000	0,000000E+0
3,005121	0,000000	0,000000	0,000000E+0
3,005121	0,000000	0,000000	0,000000E+0
3,005121	0,000000	0,000000	0,000000E+0
4,005529	0,000000	0,000000	0,000000E+0
4,005529	0,000000	0,000000	0,000000E+0
4,005529	0,000000	0,000000	0,000000E+0
4,005529	0,000000	0,000000	0,000000E+0
4,005529	0,000000	0,000000	0,000000E+0
4,005529	0,000000	0,000000	0,000000E+0
4,005529	0,000000	0,000000	0,000000E+0
4,005529	0,000000	0,000000	0,000000E+0
4,005529	0,000000	0,000000	0,000000E+0
4,005529	0,000000	0,000000	0,000000E+0
5,005947	0,000000	0,000000	0,000000E+0
5,005947	0,000000	0,000000	0,000000E+0
5,005947	0,000000	0,000000	0,000000E+0
5,005947	0,000000	0,000000	0,000000E+0
5,005947	0,000000	0,000000	0,000000E+0
5,005947	0,000000	0,000000	0,000000E+0
5,005947	0,000000	0,000000	0,000000E+0
5,005947	0,000000	0,000000	0,000000E+0
5,005947	0,000000	0,000000	0,000000E+0
5,005947	0,000000	0,000000	0,000000E+0
6,006385	0,000000	0,000000	0,000000E+0
6,006385	0,000000	0,000000	0,000000E+0
6,006385	0,000000	0,000000	0,000000E+0
6,006385	0,000000	0,000000	0,000000E+0
6,006385	0,000000	0,000000	0,000000E+0
6,006385	0,000000	0,000000	0,000000E+0
6,006385	0,000000	0,000000	0,000000E+0
6,006385	0,000000	0,000000	0,000000E+0
6,006385	0,000000	0,000000	0,000000E+0
6,006385	0,000000	0,000000	0,000000E+0
7,005794	0,000000	0,000000	0,000000E+0
7,005794	0,000000	0,000000	0,000000E+0
7,005794	0,000000	0,000000	0,000000E+0
7,005794	0,000000	0,000000	0,000000E+0
7,005794	0,000000	0,000000	0,000000E+0
7,005794	0,000000	0,000000	0,000000E+0
7,005794	0,000000	0,000000	0,000000E+0
7,005794	0,000000	0,000000	0,000000E+0
7,005794	0,000000	0,000000	0,000000E+0
7,005794	0,000000	0,000000	0,000000E+0
8,007229	0,000000	0,000000	0,000000E+0
8,007229	0,000000	0,000000	0,000000E+0
8,007229	0,000000	0,000000	0,000000E+0
8,007229	0,000000	0,000000	0,000000E+0
8,007229	0,000000	0,000000	0,000000E+0
8,007229	0,000000	0,000000	0,000000E+0
8,007229	0,000000	0,000000	0,000000E+0
8,007229	0,000000	0,000000	0,000000E+0
8,007229	0,000000	0,000000	0,000000E+0
8,007229	0,000000	0,000000	0,000000E+0
9,007641	0,000000	0,000000	0,000000E+0
9,007641	0,000000	0,000000	0,000000E+0
9,007641	0,000000	0,000000	0,000000E+0
9,007641	0,000000	0,000000	0,000000E+0
9,007641	0,000000	0,000000	0,000000E+0
9,007641	0,000000	0,000000	0,000000E+0
9,007641	0,000000	0,000000	0,000000E+0
9,007641	0,000000	0,000000	0,000000E+0
9,007641	0,000000	0,000000	0,000000E+0
9,007641	0,000000	0,000000	0,000000E+0
10,007064	0,000000	0,000000	0,000000E+0
10,007064	0,000000	0,000000	0,000000E+0
10,007064	0,000000	0,000000	0,000000E+0
10,007064	0,000000	0,000000	0,000000E+0
10,007064	0,000000	0,000000	0,000000E+0
10,007064	0,000000	0,000000	0,000000E+0
10,007064	0,000000	0,000000	0,000000E+0
10,007064	0,000000	0,000000	0,000000E+0
10,007064	0,000000	0,000000	0,000000E+0
10,007064	0,000000	0,000000	0,000000E+0
11,007495	0,000000	0,000000	0,000000E+0
11,007495	0,000000	0,000000	0,000000E+0
11,007495	0,000000	0,000000	0,000000E+0
11,007495	0,000000	0,000000	0,000000E+0
11,007495	0,000000	0,000000	0,000000E+0
11,007495	0,000000	0,000000	0,000000E+0
11,007495	0,000000	0,000000	0,000000E+0
11,007495	0,000000	0,000000	0,000000E+0
11,007495	0,000000	0,000000	0,000000E+0
11,007495	0,000000	0,000000	0,000000E+0
12,006922	0,000000	0,000000	0,000000E+0
12,006922	0,000000	0,000000	0,000000E+0
12,006922	0,000000	0,000000	0,000000E+0
12,006922	0,000000	0,000000	0,000000E+0
12,006922	0,000000	0,000000	0,000000E+0
12,006922	0,000000	0,000000	0,000000E+0
12,006922	0,000000	0,000000	0,000000E+0
12,006922	0,000000	0,000000	0,000000E+0
12,006922	0,000000	0,000000	0,000000E+0
12,006922	0,000000	0,000000	0,000000E+0
13,007333	0,000000	0,000000	0,000000E+0
13,007333	0,000000	0,000000	0,000000E+0
13,007333	0,000000	0,000000	0,000000E+0
13,007333	0,000000	0,000000	0,000000E+0
13,007333	0,000000	0,000000	0,000000E+0
13,007333	0,000000	0,000000	0,000000E+0
13,007333	0,000000	0,000000	0,000000E+0
13,007333	0,000000	0,000000	0,000000E+0
13,007333	0,000000	0,000000	0,000000E+0
13,007333	0,000000	0,000000	0,000000E+0
14,006802	0,000000	0,000000	0,000000E+0
14,006802	0,000000	0,000000	0,000000E+0
14,006802	0,000000	0,000000	0,000000E+0
14,006802	0,000000	0,000000	0,000000E+0
14,006802	0,000000	0,000000	0,000000E+0
14,006802	0,000000	0,000000	0,000000E+0
14,006802	0,000000	0,000000	0,000000E+0
14,006802	0,000000	0,000000	0,000000E+0
14,006802	0,000000	0,000000	0,000000E+0
14,006802	0,000000	0,000000	0,000000E+0
15,007203	0,000000	0,000000	0,000000E+0
15,007203	0,000000	0,000000	0,000000E+0
15,007203	0,000000	0,000000	0,000000E+0
15,007203	0,000000	0,000000	0,000000E+0
15,007203	0,000000	0,000000	0,000000E+0
15,007203	0,000000	0,000000	0,000000E+0
15,007203	0,000000	0,000000	0,000000E+0
15,007203	0,000000	0,000000	0,000000E+0
15,007203	0,000000	0,000000	0,000000E+0
15,007203	0,000000	0,000000	0,000000E+0
16,007647	0,000000	0,000000	0,000000E+0
16,007647	0,000000	0,000000	0,000000E+0
16,007647	0,000000	0,000000	0,000000E+0
16,007647	0,000000	0,000000	0,000000E+0
16,007647	0,000000	0,000000	0,000000E+0
16,007647	0,000000	0,000000	0,000000E+0
16,007647	0,000000	0,000000	0,000000E+0
16,007647	0,000000	0,000000	0,000000E+0
16,007647	0,000000	0,000000	0,000000E+0
16,007647	0,000000	0,000000	0,000000E+0
17,008042	0,000000	0,000000	0,000000E+0
17,008042	0,000000	0,000000	0,000000E+0
17,008042	0,000000	0,000000	0,000000E+0
17,008042	0,000000	0,000000	0,000000E+0
17,008042	0,000000	0,000000	0,000000E+0
17,008042	0,000000	0,000000	0,000000E+0
17,008042	0,000000	0,000000	0,000000E+0
17,008042	0,000000	0,000000	0,000000E+0
17,008042	0,000000	0,000000	0,000000E+0
17,008042	0,000000	0,000000	0,000000E+0
18,008473	0,000000	0,000000	0,000000E+0
18,008473	0,000000	0,000000	0,000000E+0
18,008473	0,000000	0,000000	0,000000E+0
18,008473	0,000000	0,000000	0,000000E+0
18,008473	0,000000	0,000000	0,000000E+0
18,008473	0,000000	0,000000	0,000000E+0
18,008473	0,000000	0,000000	0,000000E+0
18,008473	0,000000	0,000000	0,000000E+0
18,008473	0,000000	0,000000	0,000000E+0
18,008473	0,000000	0,000000	0,000000E+0
19,008899	0,000000	0,000000	0,000000E+0
19,008899	0,000000	0,000000	0,000000E+0
19,008899	0,000000	0,000000	0,000000E+0
19,008899	0,000000	0,000000	0,000000E+0
19,008899	0,000000	0,000000	0,000000E+0
19,008899	0,000000	0,000000	0,000000E+0
19,008899	0,000000	0,000000	0,000000E+0
19,008899	0,000000	0,000000	0,000000E+0
19,008899	0,000000	0,000000	0,000000E+0
19,008899	0,000000	0,000000	0,000000E+0
20,009324	0,000000	0,000000	0,000000E+0
20,009324	0,000000	0,000000	0,000000E+0
