t	IF	IR	VF	VR	VelSP	VelRE
0,003	0,000	0,100	3,000E-1	2,400E+1	0,000E+0	0,000E+0
0,004	0,000	0,100	3,000E-1	2,400E+1	0,000E+0	0,000E+0
1,004	0,000	0,100	3,000E-1	2,400E+1	0,000E+0	0,000E+0
2,005	0,000	0,100	3,000E-1	2,400E+1	0,000E+0	0,000E+0
3,005	0,000	0,100	3,000E-1	2,400E+1	0,000E+0	0,000E+0
4,005	0,000	0,100	3,000E-1	2,400E+1	0,000E+0	0,000E+0
5,005	0,000	0,100	3,000E-1	2,400E+1	0,000E+0	0,000E+0
6,005	0,000	0,100	3,000E-1	2,400E+1	0,000E+0	0,000E+0
7,005	0,000	0,100	3,000E-1	2,400E+1	0,000E+0	0,000E+0
8,005	0,000	0,100	3,000E-1	2,400E+1	0,000E+0	0,000E+0
9,005	0,000	0,100	3,000E-1	2,400E+1	0,000E+0	0,000E+0
10,006	0,000	0,100	3,000E-1	2,400E+1	0,000E+0	0,000E+0
11,006	0,000	0,100	3,000E-1	2,400E+1	0,000E+0	0,000E+0
12,006	0,000	0,100	3,000E-1	2,400E+1	0,000E+0	0,000E+0
13,006	0,000	0,100	3,000E-1	2,400E+1	0,000E+0	0,000E+0
14,006	0,000	0,100	3,000E-1	2,400E+1	0,000E+0	0,000E+0
15,006	0,000	0,100	3,000E-1	2,400E+1	0,000E+0	0,000E+0
16,006	0,000	0,100	3,000E-1	2,400E+1	0,000E+0	0,000E+0
17,006	0,000	0,100	3,000E-1	2,400E+1	0,000E+0	0,000E+0
18,006	0,000	0,100	3,000E-1	2,400E+1	0,000E+0	0,000E+0
19,006	0,000	0,100	3,000E-1	2,400E+1	0,000E+0	0,000E+0
20,006	0,000	0,100	3,000E-1	2,400E+1	0,000E+0	0,000E+0
21,007	0,000	0,100	3,000E-1	2,400E+1	0,000E+0	0,000E+0
22,007	0,000	0,100	3,000E-1	2,400E+1	0,000E+0	0,000E+0
23,007	0,000	0,100	3,000E-1	2,400E+1	0,000E+0	0,000E+0
24,007	0,000	0,100	3,000E-1	2,400E+1	0,000E+0	0,000E+0
25,007	0,000	0,100	3,000E-1	2,400E+1	0,000E+0	0,000E+0
26,007	0,000	0,100	3,000E-1	2,400E+1	3,500E+3	0,000E+0
27,007	0,000	0,100	3,000E-1	2,400E+1	3,500E+3	0,000E+0
28,007	0,000	0,100	3,000E-1	2,400E+1	3,500E+3	0,000E+0
29,008	0,000	0,100	3,000E-1	2,400E+1	3,500E+3	0,000E+0
30,008	0,000	0,100	3,000E-1	2,400E+1	3,500E+3	0,000E+0
31,009	0,000	0,100	3,000E-1	2,400E+1	3,500E+3	0,000E+0
32,009	0,000	0,100	3,000E-1	2,400E+1	3,500E+3	0,000E+0
33,009	0,000	0,100	3,000E-1	2,400E+1	3,500E+3	0,000E+0
34,009	0,000	0,100	3,000E-1	2,400E+1	3,500E+3	0,000E+0
35,009	0,000	0,100	3,000E-1	2,400E+1	3,500E+3	3,056E+3
36,009	0,000	0,100	3,000E-1	2,400E+1	3,500E+3	3,859E+3
37,010	0,000	0,100	3,000E-1	2,400E+1	3,500E+3	3,532E+3
38,010	0,000	0,100	3,000E-1	2,400E+1	3,500E+3	3,290E+3
39,010	0,000	0,100	3,000E-1	2,400E+1	3,500E+3	3,333E+3
40,011	0,000	0,100	3,000E-1	2,400E+1	3,500E+3	3,541E+3
41,011	0,000	0,100	3,000E-1	2,400E+1	3,500E+3	3,519E+3
42,013	0,000	0,100	3,000E-1	2,400E+1	3,500E+3	3,487E+3
43,012	0,000	0,100	3,000E-1	2,400E+1	3,500E+3	3,493E+3
44,012	0,000	0,100	3,000E-1	2,400E+1	2,700E+3	3,513E+3
45,012	0,000	0,100	3,000E-1	2,400E+1	2,700E+3	3,198E+3
46,012	0,000	0,100	3,000E-1	2,400E+1	2,700E+3	2,718E+3
47,013	0,000	0,100	3,000E-1	2,400E+1	2,700E+3	2,289E+3
48,013	0,000	0,100	3,000E-1	2,400E+1	2,700E+3	2,168E+3
49,014	0,000	0,100	3,000E-1	2,400E+1	2,700E+3	2,635E+3
50,013	0,000	0,100	3,000E-1	2,400E+1	2,700E+3	2,774E+3
51,013	0,000	0,100	3,000E-1	2,400E+1	2,700E+3	2,760E+3
52,013	0,000	0,100	3,000E-1	2,400E+1	2,700E+3	2,692E+3
53,014	0,000	0,100	3,000E-1	2,400E+1	2,700E+3	2,610E+3
54,014	0,111	0,100	3,000E-1	2,400E+1	2,700E+3	2,632E+3
55,014	0,111	0,100	6,450E+0	2,400E+1	2,700E+3	2,702E+3
56,014	0,112	0,100	6,430E+0	2,400E+1	2,700E+3	2,693E+3
57,014	0,118	0,100	6,430E+0	2,400E+1	2,700E+3	2,688E+3
58,014	0,118	0,100	6,770E+0	2,400E+1	2,700E+3	2,705E+3
59,014	0,121	0,100	6,980E+0	2,400E+1	2,700E+3	2,698E+3
60,015	0,126	0,100	6,980E+0	2,400E+1	2,700E+3	2,709E+3
61,015	0,126	0,100	7,210E+0	2,400E+1	2,700E+3	2,690E+3
62,015	0,129	0,100	7,350E+0	2,400E+1	2,700E+3	2,691E+3
63,015	0,132	0,100	7,350E+0	2,400E+1	2,700E+3	2,687E+3
64,015	0,132	0,100	7,530E+0	2,400E+1	2,700E+3	2,699E+3
65,015	0,134	0,100	7,580E+0	2,400E+1	2,700E+3	2,699E+3
66,016	0,135	0,100	7,580E+0	2,400E+1	2,700E+3	2,713E+3
67,017	0,135	0,100	7,690E+0	2,400E+1	2,700E+3	2,688E+3
68,018	0,137	0,100	7,790E+0	2,400E+1	2,700E+3	2,694E+3
69,017	0,139	0,100	7,790E+0	2,400E+1	2,700E+3	2,704E+3
70,017	0,139	0,100	7,820E+0	2,400E+1	2,700E+3	2,705E+3
71,017	0,139	0,100	7,890E+0	2,400E+1	2,700E+3	2,702E+3
72,017	0,140	0,100	7,890E+0	2,400E+1	2,700E+3	2,706E+3
73,017	0,140	0,100	7,950E+0	2,400E+1	2,700E+3	2,710E+3
74,017	0,141	0,100	7,990E+0	2,400E+1	2,700E+3	2,702E+3
75,018	0,142	0,100	7,990E+0	2,400E+1	2,700E+3	2,704E+3
76,018	0,142	0,100	8,040E+0	2,400E+1	2,700E+3	2,697E+3
77,018	0,142	0,100	8,050E+0	2,400E+1	2,700E+3	2,695E+3
78,019	0,143	0,100	8,050E+0	2,400E+1	2,700E+3	2,702E+3
79,020	0,143	0,100	8,090E+0	2,400E+1	2,700E+3	2,713E+3
80,021	0,143	0,100	8,100E+0	2,400E+1	2,700E+3	2,692E+3
81,022	0,143	0,100	8,100E+0	2,400E+1	2,700E+3	2,698E+3
82,022	0,143	0,100	8,120E+0	2,400E+1	2,700E+3	2,689E+3
83,022	0,144	0,100	8,130E+0	2,400E+1	2,700E+3	2,699E+3
84,022	0,144	0,100	8,130E+0	2,400E+1	2,700E+3	2,702E+3
85,022	0,144	0,100	8,160E+0	2,400E+1	2,700E+3	2,694E+3
86,023	0,144	0,100	8,170E+0	2,400E+1	2,700E+3	2,699E+3
87,023	0,144	0,100	8,170E+0	2,400E+1	2,700E+3	2,699E+3
88,023	0,144	0,100	8,170E+0	2,400E+1	2,700E+3	2,706E+3
89,024	0,145	0,100	8,180E+0	2,400E+1	2,700E+3	2,698E+3
90,023	0,145	0,100	8,190E+0	2,400E+1	2,700E+3	2,708E+3
91,023	0,145	0,100	8,190E+0	2,400E+1	2,700E+3	2,698E+3
92,023	0,145	0,100	8,200E+0	2,400E+1	2,700E+3	2,699E+3
93,023	0,145	0,100	8,200E+0	2,400E+1	2,700E+3	2,695E+3
94,023	0,145	0,100	8,200E+0	2,400E+1	2,700E+3	2,703E+3
95,023	0,145	0,100	8,210E+0	2,400E+1	2,700E+3	2,701E+3
96,023	0,145	0,100	8,210E+0	2,400E+1	2,700E+3	2,699E+3
97,023	0,145	0,100	8,220E+0	2,400E+1	2,700E+3	2,692E+3
98,024	0,145	0,100	8,230E+0	2,400E+1	2,700E+3	2,697E+3
99,024	0,145	0,100	8,230E+0	2,400E+1	2,700E+3	2,699E+3
100,024	0,145	0,100	8,220E+0	2,400E+1	2,700E+3	2,701E+3
101,024	0,145	0,100	8,230E+0	2,400E+1	2,700E+3	2,703E+3
102,024	0,146	0,100	8,230E+0	2,400E+1	2,700E+3	2,697E+3
103,024	0,146	0,100	8,240E+0	2,400E+1	2,700E+3	2,697E+3
104,024	0,146	0,100	8,230E+0	2,400E+1	2,700E+3	2,692E+3
105,024	0,146	0,100	8,230E+0	2,400E+1	2,700E+3	2,699E+3
106,024	0,146	0,100	8,230E+0	2,400E+1	2,700E+3	2,696E+3
107,024	0,146	0,100	8,240E+0	2,400E+1	2,700E+3	2,697E+3
108,024	0,146	0,100	8,240E+0	2,400E+1	2,700E+3	2,695E+3
109,024	0,146	0,100	8,250E+0	2,400E+1	2,700E+3	2,699E+3
110,024	0,146	0,100	8,250E+0	2,400E+1	2,700E+3	2,699E+3
111,024	0,146	0,100	8,250E+0	2,400E+1	2,700E+3	2,706E+3
112,024	0,146	0,100	8,250E+0	2,400E+1	2,700E+3	2,701E+3
113,024	0,146	0,100	8,260E+0	2,400E+1	2,700E+3	2,703E+3
114,024	0,146	0,100	8,260E+0	2,400E+1	2,700E+3	2,704E+3
115,024	0,146	0,100	8,260E+0	2,400E+1	2,700E+3	2,706E+3
116,024	0,146	0,100	8,260E+0	2,400E+1	2,700E+3	2,700E+3
117,024	0,146	0,100	8,260E+0	2,400E+1	2,700E+3	2,713E+3
118,025	0,146	0,100	8,260E+0	2,400E+1	2,700E+3	2,700E+3
119,025	0,146	0,100	8,260E+0	2,400E+1	2,700E+3	2,693E+3
120,025	0,146	0,100	8,260E+0	2,400E+1	2,700E+3	2,692E+3
121,026	0,146	0,100	8,260E+0	2,400E+1	2,700E+3	2,697E+3
122,026	0,146	0,100	8,260E+0	2,400E+1	2,700E+3	2,699E+3
123,026	0,146	0,100	8,270E+0	2,400E+1	2,700E+3	2,695E+3
124,026	0,146	0,100	8,260E+0	2,400E+1	2,700E+3	2,696E+3
125,027	0,146	0,100	8,260E+0	2,400E+1	2,700E+3	2,700E+3
126,028	0,146	0,100	8,260E+0	2,400E+1	2,700E+3	2,704E+3
127,028	0,146	0,100	8,260E+0	2,400E+1	2,700E+3	2,701E+3
128,028	0,146	0,100	8,260E+0	2,400E+1	2,700E+3	2,698E+3
129,028	0,146	0,100	8,260E+0	2,400E+1	2,700E+3	2,695E+3
130,028	0,146	0,100	8,270E+0	2,400E+1	2,700E+3	2,697E+3
131,028	0,146	0,100	8,270E+0	2,400E+1	2,700E+3	2,699E+3
132,028	0,146	0,100	8,270E+0	2,400E+1	2,700E+3	2,693E+3
133,029	0,146	0,100	8,270E+0	2,400E+1	2,700E+3	2,700E+3
134,029	0,146	0,100	8,270E+0	2,400E+1	2,700E+3	2,706E+3
135,029	0,146	0,100	8,270E+0	2,400E+1	2,700E+3	2,701E+3
136,030	0,146	0,100	8,270E+0	2,400E+1	2,700E+3	2,702E+3
137,030	0,146	0,100	8,270E+0	2,400E+1	2,700E+3	2,685E+3
138,030	0,146	0,100	8,270E+0	2,400E+1	2,700E+3	2,692E+3
139,030	0,146	0,100	8,270E+0	2,400E+1	2,700E+3	2,700E+3
140,030	0,146	0,100	8,270E+0	2,400E+1	2,700E+3	2,698E+3
141,030	0,146	0,100	8,270E+0	2,400E+1	2,700E+3	2,693E+3
142,030	0,146	0,100	8,270E+0	2,400E+1	2,700E+3	2,694E+3
143,030	0,146	0,100	8,270E+0	2,400E+1	2,700E+3	2,698E+3
144,031	0,146	0,100	8,270E+0	2,400E+1	2,700E+3	2,696E+3
145,031	0,146	0,100	8,270E+0	2,400E+1	2,700E+3	2,696E+3
146,031	0,146	0,100	8,270E+0	2,400E+1	2,700E+3	2,704E+3
147,031	0,146	0,100	8,270E+0	2,400E+1	2,700E+3	2,699E+3
148,031	0,146	0,100	8,270E+0	2,400E+1	2,700E+3	2,700E+3
149,032	0,146	0,100	8,270E+0	2,400E+1	2,700E+3	2,702E+3
150,031	0,146	0,100	8,270E+0	2,400E+1	2,700E+3	2,704E+3
151,031	0,146	0,100	8,280E+0	2,400E+1	2,700E+3	2,692E+3
152,031	0,146	0,100	8,280E+0	2,400E+1	2,700E+3	2,700E+3
153,031	0,146	0,100	8,280E+0	2,400E+1	2,700E+3	2,696E+3
154,031	0,146	0,100	8,280E+0	2,400E+1	2,700E+3	2,700E+3
155,031	0,146	0,100	8,280E+0	2,400E+1	2,700E+3	2,704E+3
156,032	0,146	0,100	8,280E+0	2,400E+1	2,700E+3	2,703E+3
157,032	0,146	0,100	8,280E+0	2,400E+1	2,700E+3	2,697E+3
158,033	0,146	0,100	8,280E+0	2,400E+1	2,700E+3	2,700E+3
159,033	0,146	0,100	8,280E+0	2,400E+1	2,700E+3	2,698E+3
160,033	0,146	0,100	8,280E+0	2,400E+1	2,700E+3	2,704E+3
161,033	0,146	0,100	8,280E+0	2,400E+1	2,700E+3	2,702E+3
162,033	0,146	0,100	8,280E+0	2,400E+1	2,700E+3	2,699E+3
163,033	0,146	0,100	8,290E+0	2,400E+1	2,700E+3	2,699E+3
164,034	0,146	0,100	8,280E+0	2,400E+1	2,700E+3	2,696E+3
165,034	0,146	0,100	8,280E+0	2,400E+1	2,700E+3	2,704E+3
166,034	0,147	0,100	8,290E+0	2,400E+1	2,700E+3	2,704E+3
167,035	0,147	0,100	8,290E+0	2,400E+1	2,700E+3	2,706E+3
168,036	0,146	0,100	8,290E+0	2,400E+1	2,700E+3	2,706E+3
169,037	0,147	0,100	8,290E+0	2,400E+1	2,700E+3	2,708E+3
170,037	0,147	0,100	8,290E+0	2,400E+1	2,700E+3	2,688E+3
171,038	0,146	0,100	8,290E+0	2,400E+1	2,700E+3	2,705E+3
172,038	0,147	0,100	8,290E+0	2,400E+1	2,700E+3	2,692E+3
173,039	0,147	0,100	8,290E+0	2,400E+1	2,700E+3	2,699E+3
174,039	0,147	0,100	8,290E+0	2,400E+1	2,700E+3	2,705E+3
175,039	0,147	0,100	8,290E+0	2,400E+1	2,700E+3	2,705E+3
176,039	0,147	0,100	8,290E+0	2,400E+1	2,700E+3	2,700E+3
177,039	0,147	0,100	8,290E+0	2,400E+1	2,700E+3	2,697E+3
178,040	0,147	0,100	8,300E+0	2,400E+1	2,700E+3	2,706E+3
179,040	0,147	0,100	8,290E+0	2,400E+1	2,700E+3	2,702E+3
180,041	0,147	0,100	8,290E+0	2,400E+1	2,700E+3	2,701E+3
181,040	0,147	0,100	8,290E+0	2,400E+1	2,700E+3	2,700E+3
182,040	0,147	0,100	8,290E+0	2,400E+1	2,700E+3	2,701E+3
183,040	0,147	0,100	8,300E+0	2,400E+1	2,700E+3	2,697E+3
184,040	0,147	0,100	8,300E+0	2,400E+1	2,700E+3	2,701E+3
185,041	0,147	0,100	8,290E+0	2,400E+1	2,700E+3	2,693E+3
186,041	0,147	0,100	8,290E+0	2,400E+1	2,700E+3	2,703E+3
187,041	0,147	0,100	8,290E+0	2,400E+1	2,700E+3	2,698E+3
188,041	0,147	0,100	8,300E+0	2,400E+1	2,700E+3	2,697E+3
189,041	0,147	0,100	8,300E+0	2,400E+1	2,700E+3	2,700E+3
190,042	0,147	0,100	8,290E+0	2,400E+1	2,700E+3	2,709E+3
191,042	0,147	0,100	8,290E+0	2,400E+1	2,700E+3	2,693E+3
192,042	0,147	0,100	8,290E+0	2,400E+1	2,700E+3	2,698E+3
193,043	0,147	0,100	8,300E+0	2,400E+1	2,700E+3	2,697E+3
194,042	0,147	0,100	8,300E+0	2,400E+1	2,700E+3	2,701E+3
195,042	0,147	0,100	8,300E+0	2,400E+1	2,700E+3	2,701E+3
196,042	0,147	0,100	8,300E+0	2,400E+1	2,700E+3	2,706E+3
197,043	0,147	0,100	8,290E+0	2,400E+1	2,700E+3	2,705E+3
198,043	0,147	0,100	8,290E+0	2,400E+1	2,700E+3	2,705E+3
199,043	0,147	0,100	8,300E+0	2,400E+1	2,700E+3	2,700E+3
200,044	0,147	0,100	8,300E+0	2,400E+1	2,700E+3	2,702E+3
201,044	0,147	0,100	8,300E+0	2,400E+1	2,700E+3	2,697E+3
202,044	0,147	0,100	8,300E+0	2,400E+1	2,700E+3	2,689E+3
203,044	0,147	0,100	8,300E+0	2,400E+1	2,700E+3	2,698E+3
204,044	0,147	0,100	8,300E+0	2,400E+1	2,700E+3	2,701E+3
205,044	0,147	0,100	8,300E+0	2,400E+1	2,700E+3	2,700E+3
206,044	0,147	0,100	8,300E+0	2,400E+1	2,700E+3	2,697E+3
207,044	0,147	0,100	8,300E+0	2,400E+1	2,700E+3	2,704E+3
208,044	0,147	0,100	8,300E+0	2,400E+1	2,700E+3	2,701E+3
209,045	0,147	0,100	8,300E+0	2,400E+1	2,700E+3	2,700E+3
210,045	0,147	0,100	8,300E+0	2,400E+1	2,700E+3	2,699E+3
211,045	0,147	0,100	8,290E+0	2,400E+1	2,700E+3	2,698E+3
212,045	0,147	0,100	8,290E+0	2,400E+1	2,700E+3	2,693E+3
213,046	0,147	0,100	8,290E+0	2,400E+1	2,700E+3	2,697E+3
214,046	0,147	0,100	8,300E+0	2,400E+1	2,700E+3	2,703E+3
215,047	0,147	0,100	8,300E+0	2,400E+1	2,700E+3	2,702E+3
216,046	0,147	0,100	8,300E+0	2,400E+1	2,700E+3	2,698E+3
217,046	0,147	0,100	8,300E+0	2,400E+1	2,700E+3	2,688E+3
218,046	0,147	0,100	8,300E+0	2,400E+1	2,700E+3	2,690E+3
219,046	0,147	0,100	8,300E+0	2,400E+1	2,700E+3	2,691E+3
220,046	0,147	0,100	8,300E+0	2,400E+1	2,700E+3	2,698E+3
221,046	0,147	0,100	8,300E+0	2,400E+1	2,700E+3	2,697E+3
222,047	0,147	0,100	8,300E+0	2,400E+1	2,700E+3	2,697E+3
223,047	0,147	0,100	8,300E+0	2,400E+1	2,700E+3	2,697E+3
224,047	0,147	0,100	8,300E+0	2,400E+1	2,700E+3	2,696E+3
225,047	0,147	0,100	8,300E+0	2,400E+1	2,700E+3	2,687E+3
226,047	0,147	0,100	8,300E+0	2,400E+1	2,700E+3	2,705E+3
227,047	0,147	0,100	8,300E+0	2,400E+1	2,700E+3	2,695E+3
228,048	0,147	0,100	8,300E+0	2,400E+1	2,700E+3	2,702E+3
229,048	0,147	0,100	8,300E+0	2,400E+1	2,700E+3	2,695E+3
230,049	0,147	0,100	8,300E+0	2,400E+1	2,700E+3	2,699E+3
231,049	0,147	0,100	8,300E+0	2,400E+1	2,700E+3	2,696E+3
232,049	0,147	0,100	8,300E+0	2,400E+1	2,700E+3	2,705E+3
233,049	0,147	0,100	8,300E+0	2,400E+1	2,700E+3	2,692E+3
234,050	0,147	0,100	8,300E+0	2,400E+1	2,700E+3	2,697E+3
235,050	0,147	0,100	8,300E+0	2,400E+1	2,700E+3	2,697E+3
236,050	0,147	0,100	8,300E+0	2,400E+1	2,700E+3	2,695E+3
237,050	0,147	0,100	8,300E+0	2,400E+1	2,700E+3	2,709E+3
238,052	0,147	0,100	8,300E+0	2,400E+1	2,700E+3	2,696E+3
239,051	0,147	0,100	8,300E+0	2,400E+1	2,700E+3	2,697E+3
240,051	0,147	0,100	8,300E+0	2,400E+1	2,700E+3	2,703E+3
241,051	0,147	0,100	8,300E+0	2,400E+1	2,700E+3	2,699E+3
242,051	0,147	0,100	8,300E+0	2,400E+1	2,700E+3	2,705E+3
243,052	0,147	0,100	8,300E+0	2,400E+1	2,700E+3	2,704E+3
244,052	0,147	0,100	8,300E+0	2,400E+1	2,700E+3	2,707E+3
245,052	0,147	0,100	8,300E+0	2,400E+1	2,700E+3	2,696E+3
246,052	0,147	0,100	8,300E+0	2,400E+1	2,700E+3	2,694E+3
247,053	0,147	0,100	8,300E+0	2,400E+1	2,700E+3	2,698E+3
248,053	0,147	0,100	8,310E+0	2,400E+1	2,700E+3	2,698E+3
249,054	0,147	0,100	8,310E+0	2,400E+1	2,700E+3	2,699E+3
250,054	0,147	0,100	8,300E+0	2,400E+1	2,700E+3	2,692E+3
251,055	0,147	0,100	8,300E+0	2,400E+1	2,700E+3	2,694E+3
252,055	0,147	0,100	8,300E+0	2,400E+1	2,700E+3	2,689E+3
253,055	0,147	0,100	8,300E+0	2,400E+1	2,700E+3	2,693E+3
254,055	0,147	0,100	8,300E+0	2,400E+1	2,700E+3	2,699E+3
255,056	0,147	0,100	8,300E+0	2,400E+1	2,700E+3	2,694E+3
256,056	0,147	0,100	8,310E+0	2,400E+1	2,700E+3	2,703E+3
257,056	0,147	0,100	8,300E+0	2,400E+1	2,700E+3	2,699E+3
258,057	0,147	0,100	8,300E+0	2,400E+1	2,700E+3	2,698E+3
259,057	0,147	0,100	8,300E+0	2,400E+1	2,700E+3	2,703E+3
260,058	0,147	0,100	8,310E+0	2,400E+1	2,700E+3	2,701E+3
261,058	0,147	0,100	8,310E+0	2,400E+1	2,700E+3	2,700E+3
262,059	0,147	0,100	8,300E+0	2,400E+1	2,700E+3	2,696E+3
263,059	0,147	0,100	8,300E+0	2,400E+1	2,700E+3	2,703E+3
264,059	0,147	0,100	8,300E+0	2,400E+1	2,700E+3	2,705E+3
265,059	0,147	0,100	8,300E+0	2,400E+1	2,700E+3	2,702E+3
266,059	0,147	0,100	8,310E+0	2,400E+1	2,700E+3	2,693E+3
267,059	0,147	0,100	8,300E+0	2,400E+1	2,700E+3	2,708E+3
268,059	0,147	0,100	8,300E+0	2,400E+1	2,700E+3	2,699E+3
269,060	0,147	0,100	8,300E+0	2,400E+1	2,700E+3	2,694E+3
270,060	0,147	0,100	8,300E+0	2,400E+1	2,700E+3	2,698E+3
271,060	0,147	0,100	8,310E+0	2,400E+1	2,700E+3	2,693E+3
272,061	0,147	0,100	8,310E+0	2,400E+1	2,700E+3	2,705E+3
273,061	0,147	0,100	8,300E+0	2,400E+1	2,700E+3	2,700E+3
274,062	0,147	0,100	8,310E+0	2,400E+1	2,700E+3	2,708E+3
275,062	0,147	0,100	8,310E+0	2,400E+1	2,700E+3	2,705E+3
276,063	0,147	0,100	8,310E+0	2,400E+1	2,700E+3	2,695E+3
277,062	0,147	0,100	8,310E+0	2,400E+1	2,700E+3	2,697E+3
278,062	0,147	0,100	8,310E+0	2,400E+1	2,700E+3	2,697E+3
279,062	0,147	0,100	8,310E+0	2,400E+1	2,700E+3	2,706E+3
280,063	0,147	0,100	8,310E+0	2,400E+1	2,700E+3	2,702E+3
281,063	0,147	0,100	8,310E+0	2,400E+1	2,700E+3	2,690E+3
282,063	0,147	0,100	8,310E+0	2,400E+1	2,700E+3	2,702E+3
283,063	0,147	0,100	8,310E+0	2,400E+1	2,700E+3	2,691E+3
284,064	0,147	0,100	8,310E+0	2,400E+1	2,700E+3	2,700E+3
285,065	0,147	0,100	8,310E+0	2,400E+1	2,700E+3	2,697E+3
286,064	0,147	0,100	8,310E+0	2,400E+1	2,700E+3	2,692E+3
287,064	0,147	0,100	8,310E+0	2,400E+1	2,700E+3	2,689E+3
288,064	0,147	0,100	8,310E+0	2,400E+1	2,700E+3	2,701E+3
289,064	0,147	0,100	8,310E+0	2,400E+1	2,700E+3	2,687E+3
290,065	0,147	0,100	8,310E+0	2,400E+1	2,700E+3	2,703E+3
291,065	0,147	0,100	8,300E+0	2,400E+1	2,700E+3	2,702E+3
292,065	0,147	0,100	8,310E+0	2,400E+1	2,700E+3	2,705E+3
293,065	0,147	0,100	8,310E+0	2,400E+1	2,700E+3	2,699E+3
294,066	0,147	0,100	8,310E+0	2,400E+1	2,700E+3	2,694E+3
295,066	0,147	0,100	8,310E+0	2,400E+1	2,700E+3	2,703E+3
296,066	0,147	0,100	8,310E+0	2,400E+1	2,700E+3	2,703E+3
297,066	0,147	0,100	8,310E+0	2,400E+1	2,700E+3	2,693E+3
298,066	0,147	0,100	8,310E+0	2,400E+1	2,700E+3	2,703E+3
299,068	0,147	0,100	8,310E+0	2,400E+1	2,700E+3	2,690E+3
300,067	0,147	0,100	8,310E+0	2,400E+1	2,700E+3	2,700E+3
301,067	0,147	0,100	8,310E+0	2,400E+1	2,700E+3	2,702E+3
302,067	0,147	0,100	8,310E+0	2,400E+1	2,700E+3	2,693E+3
303,067	0,147	0,100	8,310E+0	2,400E+1	2,700E+3	2,700E+3
304,068	0,147	0,100	8,310E+0	2,400E+1	2,700E+3	2,699E+3
305,068	0,147	0,100	8,310E+0	2,400E+1	2,700E+3	2,699E+3
306,068	0,147	0,100	8,310E+0	2,400E+1	2,700E+3	2,699E+3
307,069	0,147	0,100	8,310E+0	2,400E+1	2,700E+3	2,702E+3
308,069	0,147	0,100	8,300E+0	2,400E+1	2,700E+3	2,697E+3
309,069	0,147	0,100	8,320E+0	2,400E+1	2,700E+3	2,709E+3
310,069	0,147	0,100	8,320E+0	2,400E+1	2,700E+3	2,688E+3
311,069	0,147	0,100	8,320E+0	2,400E+1	2,700E+3	2,700E+3
312,070	0,147	0,100	8,320E+0	2,400E+1	2,700E+3	2,695E+3
313,069	0,147	0,100	8,310E+0	2,400E+1	2,700E+3	2,697E+3
314,069	0,147	0,100	8,310E+0	2,400E+1	2,700E+3	2,699E+3
315,069	0,147	0,100	8,310E+0	2,400E+1	2,700E+3	2,704E+3
316,070	0,147	0,100	8,310E+0	2,400E+1	2,700E+3	2,706E+3
317,071	0,147	0,100	8,310E+0	2,400E+1	2,700E+3	2,698E+3
318,071	0,147	0,100	8,310E+0	2,400E+1	2,700E+3	2,695E+3
319,071	0,147	0,100	8,310E+0	2,400E+1	2,700E+3	2,695E+3
320,072	0,147	0,100	8,310E+0	2,400E+1	2,700E+3	2,695E+3
321,072	0,147	0,100	8,310E+0	2,400E+1	2,700E+3	2,696E+3
322,072	0,147	0,100	8,310E+0	2,400E+1	2,700E+3	2,701E+3
323,072	0,147	0,100	8,320E+0	2,400E+1	2,700E+3	2,707E+3
324,073	0,147	0,100	8,320E+0	2,400E+1	2,700E+3	2,710E+3
325,073	0,147	0,100	8,300E+0	2,400E+1	2,700E+3	2,699E+3
326,073	0,147	0,100	8,300E+0	2,400E+1	2,700E+3	2,693E+3
327,073	0,147	0,100	8,300E+0	2,400E+1	2,700E+3	2,701E+3
328,073	0,147	0,100	8,310E+0	2,400E+1	2,700E+3	2,706E+3
329,074	0,147	0,100	8,310E+0	2,400E+1	2,700E+3	2,697E+3
330,073	0,147	0,100	8,310E+0	2,400E+1	2,700E+3	2,697E+3
331,073	0,147	0,100	8,310E+0	2,400E+1	2,700E+3	2,701E+3
332,074	0,147	0,100	8,310E+0	2,400E+1	2,700E+3	2,708E+3
333,074	0,147	0,100	8,310E+0	2,400E+1	2,700E+3	2,699E+3
334,075	0,147	0,100	8,310E+0	2,400E+1	2,700E+3	2,689E+3
335,075	0,147	0,100	8,300E+0	2,400E+1	2,700E+3	2,703E+3
336,075	0,147	0,100	8,300E+0	2,400E+1	2,700E+3	2,706E+3
337,075	0,147	0,100	8,310E+0	2,400E+1	2,700E+3	2,702E+3
338,075	0,147	0,100	8,310E+0	2,400E+1	2,700E+3	2,703E+3
339,075	0,147	0,100	8,310E+0	2,400E+1	2,700E+3	2,702E+3
340,075	0,147	0,100	8,310E+0	2,400E+1	2,700E+3	2,699E+3
341,075	0,147	0,100	8,310E+0	2,400E+1	2,700E+3	2,692E+3
342,075	0,147	0,100	8,310E+0	2,400E+1	2,700E+3	2,698E+3
343,076	0,147	0,100	8,310E+0	2,400E+1	2,700E+3	2,702E+3
344,075	0,147	0,100	8,310E+0	2,400E+1	2,700E+3	2,708E+3
345,075	0,147	0,100	8,320E+0	2,400E+1	2,700E+3	2,698E+3
346,075	0,147	0,100	8,320E+0	2,400E+1	2,700E+3	2,685E+3
347,075	0,147	0,100	8,310E+0	2,400E+1	2,700E+3	2,700E+3
348,075	0,147	0,100	8,310E+0	2,400E+1	2,700E+3	2,702E+3
349,076	0,147	0,100	8,310E+0	2,400E+1	2,700E+3	2,695E+3
350,076	0,147	0,100	8,310E+0	2,400E+1	2,700E+3	2,697E+3
351,076	0,147	0,100	8,310E+0	2,400E+1	2,700E+3	2,698E+3
352,076	0,147	0,100	8,310E+0	2,400E+1	2,700E+3	2,698E+3
353,076	0,147	0,100	8,310E+0	2,400E+1	2,700E+3	2,699E+3
354,076	0,147	0,100	8,320E+0	2,400E+1	2,700E+3	2,703E+3
355,076	0,147	0,100	8,320E+0	2,400E+1	2,700E+3	2,694E+3
356,077	0,147	0,100	8,310E+0	2,400E+1	2,700E+3	2,701E+3
357,077	0,147	0,100	8,310E+0	2,400E+1	2,700E+3	2,694E+3
358,078	0,147	0,100	8,310E+0	2,400E+1	2,700E+3	2,692E+3
359,079	0,147	0,100	8,320E+0	2,400E+1	2,700E+3	2,688E+3
360,080	0,147	0,100	8,310E+0	2,400E+1	2,700E+3	2,695E+3
361,080	0,073	0,100	8,310E+0	2,400E+1	2,700E+3	2,857E+3
362,080	0,073	0,100	3,000E-1	2,400E+1	0,000E+0	2,685E+3
363,080	0,000	0,100	3,000E-1	2,400E+1	0,000E+0	2,205E+3
364,080	0,000	0,100	3,000E-1	2,400E+1	0,000E+0	1,868E+3
