16,740907	0,000000	0,000000	0,000000E+0
0,012095	0,000000	0,000000	0,000000E+0
0,012095	0,000000	0,000000	0,000000E+0
0,012095	0,000000	0,000000	0,000000E+0
0,012095	0,000000	0,000000	0,000000E+0
0,012095	0,000000	0,000000	0,000000E+0
0,012095	0,000000	0,000000	0,000000E+0
0,012095	0,000000	0,000000	0,000000E+0
0,012095	0,000000	0,000000	0,000000E+0
0,012095	0,000000	0,000000	0,000000E+0
0,012095	0,000000	0,000000	0,000000E+0
1,015629	0,000000	0,000000	0,000000E+0
1,015629	0,000000	0,000000	0,000000E+0
1,015629	0,000000	0,000000	0,000000E+0
1,015629	0,000000	0,000000	0,000000E+0
1,015629	0,000000	0,000000	0,000000E+0
1,015629	0,000000	0,000000	0,000000E+0
1,015629	0,000000	0,000000	0,000000E+0
1,015629	0,000000	0,000000	0,000000E+0
1,015629	0,000000	0,000000	0,000000E+0
1,015629	0,000000	0,000000	0,000000E+0
2,016053	0,000000	0,000000	0,000000E+0
2,016053	0,000000	0,000000	0,000000E+0
2,016053	0,000000	0,000000	0,000000E+0
2,016053	0,000000	0,000000	0,000000E+0
2,016053	0,000000	0,000000	0,000000E+0
2,016053	0,000000	0,000000	0,000000E+0
2,016053	0,000000	0,000000	0,000000E+0
2,016053	0,000000	0,000000	0,000000E+0
2,016053	0,000000	0,000000	0,000000E+0
2,016053	0,000000	0,000000	0,000000E+0
3,015469	0,000000	0,000000	0,000000E+0
3,015469	0,000000	0,000000	0,000000E+0
3,015469	0,000000	0,000000	0,000000E+0
3,015469	0,000000	0,000000	0,000000E+0
3,015469	0,000000	0,000000	0,000000E+0
3,015469	0,000000	0,000000	0,000000E+0
3,015469	0,000000	0,000000	0,000000E+0
3,015469	0,000000	0,000000	0,000000E+0
3,015469	0,000000	0,000000	0,000000E+0
3,015469	0,000000	0,000000	0,000000E+0
4,015894	0,000000	0,000000	0,000000E+0
4,015894	0,000000	0,000000	0,000000E+0
4,015894	0,000000	0,000000	0,000000E+0
4,015894	0,000000	0,000000	0,000000E+0
4,015894	0,000000	0,000000	0,000000E+0
4,015894	0,000000	0,000000	0,000000E+0
4,015894	0,000000	0,000000	0,000000E+0
4,015894	0,000000	0,000000	0,000000E+0
4,015894	0,000000	0,000000	0,000000E+0
4,015894	0,000000	0,000000	0,000000E+0
5,015322	0,000000	0,000000	0,000000E+0
5,015322	0,000000	0,000000	0,000000E+0
5,015322	0,000000	0,000000	0,000000E+0
5,015322	0,000000	0,000000	0,000000E+0
5,015322	0,000000	0,000000	0,000000E+0
5,015322	0,000000	0,000000	0,000000E+0
5,015322	0,000000	0,000000	0,000000E+0
5,015322	0,000000	0,000000	0,000000E+0
5,015322	0,000000	0,000000	0,000000E+0
5,015322	0,000000	0,000000	0,000000E+0
6,015751	0,000000	0,000000	0,000000E+0
6,015751	0,000000	0,000000	0,000000E+0
6,015751	0,000000	0,000000	0,000000E+0
6,015751	0,000000	0,000000	0,000000E+0
6,015751	0,000000	0,000000	0,000000E+0
6,015751	0,000000	0,000000	0,000000E+0
6,015751	0,000000	0,000000	0,000000E+0
6,015751	0,000000	0,000000	0,000000E+0
6,015751	0,000000	0,000000	0,000000E+0
6,015751	0,000000	0,000000	0,000000E+0
7,015184	0,000000	0,000000	0,000000E+0
7,015184	0,000000	0,000000	0,000000E+0
7,015184	0,000000	0,000000	0,000000E+0
7,015184	0,000000	0,000000	0,000000E+0
7,015184	0,000000	0,000000	0,000000E+0
7,015184	0,000000	0,000000	0,000000E+0
7,015184	0,000000	0,000000	0,000000E+0
7,015184	0,000000	0,000000	0,000000E+0
7,015184	0,000000	0,000000	0,000000E+0
7,015184	0,000000	0,000000	0,000000E+0
8,016611	0,000000	0,000000	0,000000E+0
8,016611	0,000000	0,000000	0,000000E+0
8,016611	0,000000	0,000000	0,000000E+0
8,016611	0,000000	0,000000	0,000000E+0
8,016611	0,000000	0,000000	0,000000E+0
8,016611	0,000000	0,000000	0,000000E+0
8,016611	0,000000	0,000000	0,000000E+0
8,016611	0,000000	0,000000	0,000000E+0
8,016611	0,000000	0,000000	0,000000E+0
8,016611	0,000000	0,000000	0,000000E+0
9,017037	0,000000	0,000000	0,000000E+0
9,017037	0,000000	0,000000	0,000000E+0
9,017037	0,000000	0,000000	0,000000E+0
9,017037	0,000000	0,000000	0,000000E+0
9,017037	0,000000	0,000000	0,000000E+0
9,017037	0,000000	0,000000	0,000000E+0
9,017037	0,000000	0,000000	0,000000E+0
9,017037	0,000000	0,000000	0,000000E+0
9,017037	0,000000	0,000000	0,000000E+0
9,017037	0,000000	0,000000	0,000000E+0
10,016463	0,000000	0,000000	0,000000E+0
10,016463	0,000000	0,000000	0,000000E+0
10,016463	0,000000	0,000000	0,000000E+0
10,016463	0,000000	0,000000	0,000000E+0
10,016463	0,000000	0,000000	0,000000E+0
10,016463	0,000000	0,000000	0,000000E+0
10,016463	0,000000	0,000000	0,000000E+0
10,016463	0,000000	0,000000	0,000000E+0
10,016463	0,000000	0,000000	0,000000E+0
10,016463	0,000000	0,000000	0,000000E+0
11,016877	0,000000	0,000000	0,000000E+0
11,016877	0,000000	0,000000	0,000000E+0
11,016877	0,000000	0,000000	0,000000E+0
11,016877	0,000000	0,000000	0,000000E+0
11,016877	0,000000	0,000000	0,000000E+0
11,016877	0,000000	0,000000	0,000000E+0
11,016877	0,000000	0,000000	0,000000E+0
11,016877	0,000000	0,000000	0,000000E+0
11,016877	0,000000	0,000000	0,000000E+0
11,016877	0,000000	0,000000	0,000000E+0
12,016308	0,000000	0,000000	0,000000E+0
12,016308	0,000000	0,000000	0,000000E+0
12,016308	0,000000	0,000000	0,000000E+0
12,016308	0,000000	0,000000	0,000000E+0
12,016308	0,000000	0,000000	0,000000E+0
12,016308	0,000000	0,000000	0,000000E+0
12,016308	0,000000	0,000000	0,000000E+0
12,016308	0,000000	0,000000	0,000000E+0
12,016308	0,000000	0,000000	0,000000E+0
12,016308	0,000000	0,000000	0,000000E+0
13,017719	0,000000	0,000000	0,000000E+0
13,017719	0,000000	0,000000	0,000000E+0
13,017719	0,000000	0,000000	0,000000E+0
13,017719	0,000000	0,000000	0,000000E+0
13,017719	0,000000	0,000000	0,000000E+0
13,017719	0,000000	0,000000	0,000000E+0
13,017719	0,000000	0,000000	0,000000E+0
13,017719	0,000000	0,000000	0,000000E+0
13,017719	0,000000	0,000000	0,000000E+0
13,017719	0,000000	0,000000	0,000000E+0
14,017162	0,000000	0,000000	0,000000E+0
14,017162	0,000000	0,000000	0,000000E+0
14,017162	0,000000	0,000000	0,000000E+0
14,017162	0,000000	0,000000	0,000000E+0
14,017162	0,000000	0,000000	0,000000E+0
14,017162	0,000000	0,000000	0,000000E+0
14,017162	0,000000	0,000000	0,000000E+0
14,017162	0,000000	0,000000	0,000000E+0
14,017162	0,000000	0,000000	0,000000E+0
14,017162	0,000000	0,000000	0,000000E+0
15,017603	0,000000	0,000000	0,000000E+0
15,017603	0,000000	0,000000	0,000000E+0
15,017603	0,000000	0,000000	0,000000E+0
15,017603	0,000000	0,000000	0,000000E+0
15,017603	0,000000	0,000000	0,000000E+0
15,017603	0,000000	0,000000	0,000000E+0
15,017603	0,000000	0,000000	0,000000E+0
15,017603	0,000000	0,000000	0,000000E+0
15,017603	0,000000	0,000000	0,000000E+0
15,017603	0,000000	0,000000	0,000000E+0
16,018004	0,000000	0,000000	0,000000E+0
16,018004	0,000000	0,000000	0,000000E+0
16,018004	0,000000	0,000000	0,000000E+0
16,018004	0,000000	0,000000	0,000000E+0
16,018004	0,000000	0,000000	0,000000E+0
16,018004	0,000000	0,000000	0,000000E+0
16,018004	0,000000	0,000000	0,000000E+0
16,018004	0,000000	0,000000	0,000000E+0
16,018004	0,000000	0,000000	0,000000E+0
16,018004	0,000000	0,000000	0,000000E+0
17,017422	0,000000	0,000000	0,000000E+0
17,017422	0,000000	0,000000	0,000000E+0
17,017422	0,000000	0,000000	0,000000E+0
17,017422	0,000000	0,000000	0,000000E+0
17,017422	0,000000	0,000000	0,000000E+0
17,017422	0,000000	0,000000	0,000000E+0
17,017422	0,000000	0,000000	0,000000E+0
17,017422	0,000000	0,000000	0,000000E+0
17,017422	0,000000	0,000000	0,000000E+0
17,017422	0,000000	0,000000	0,000000E+0
18,017846	0,000000	0,000000	0,000000E+0
18,017846	0,000000	0,000000	0,000000E+0
18,017846	0,000000	0,000000	0,000000E+0
18,017846	0,000000	0,000000	0,000000E+0
18,017846	0,000000	0,000000	0,000000E+0
18,017846	0,000000	0,000000	0,000000E+0
18,017846	0,000000	0,000000	0,000000E+0
18,017846	0,000000	0,000000	0,000000E+0
18,017846	0,000000	0,000000	0,000000E+0
18,017846	0,000000	0,000000	0,000000E+0
19,017283	0,000000	0,000000	0,000000E+0
19,017283	0,000000	0,000000	0,000000E+0
19,017283	0,000000	0,000000	0,000000E+0
19,017283	0,000000	0,000000	0,000000E+0
19,017283	0,000000	0,000000	0,000000E+0
19,017283	0,000000	0,000000	0,000000E+0
19,017283	0,000000	0,000000	0,000000E+0
19,017283	0,000000	0,000000	0,000000E+0
19,017283	0,000000	0,000000	0,000000E+0
19,017283	0,000000	0,000000	0,000000E+0
20,017698	0,000000	0,000000	0,000000E+0
20,017698	0,000000	0,000000	0,000000E+0
20,017698	0,000000	0,000000	0,000000E+0
20,017698	0,000000	0,000000	0,000000E+0
20,017698	0,000000	0,000000	0,000000E+0
20,017698	0,000000	0,000000	0,000000E+0
20,017698	0,000000	0,000000	0,000000E+0
20,017698	0,000000	0,000000	0,000000E+0
20,017698	0,000000	0,000000	0,000000E+0
20,017698	0,000000	0,000000	0,000000E+0
21,018127	0,000000	0,000000	0,000000E+0
21,018127	0,000000	0,000000	0,000000E+0
21,018127	0,000000	0,000000	0,000000E+0
21,018127	0,000000	0,000000	0,000000E+0
21,018127	0,000000	0,000000	0,000000E+0
21,018127	0,000000	0,000000	0,000000E+0
21,018127	0,000000	0,000000	0,000000E+0
21,018127	0,000000	0,000000	0,000000E+0
21,018127	0,000000	0,000000	0,000000E+0
21,018127	0,000000	0,000000	0,000000E+0
22,019545	0,000000	0,000000	0,000000E+0
22,019545	0,000000	0,000000	0,000000E+0
22,019545	0,000000	0,000000	0,000000E+0
22,019545	0,000000	0,000000	0,000000E+0
22,019545	0,000000	0,000000	0,000000E+0
22,019545	0,000000	0,000000	0,000000E+0
22,019545	0,000000	0,000000	0,000000E+0
22,019545	0,000000	0,000000	0,000000E+0
22,019545	0,000000	0,000000	0,000000E+0
22,019545	0,000000	0,000000	0,000000E+0
23,019968	0,000000	0,000000	0,000000E+0
23,019968	0,000000	0,000000	0,000000E+0
23,019968	0,000000	0,000000	0,000000E+0
23,019968	0,000000	0,000000	0,000000E+0
23,019968	0,000000	0,000000	0,000000E+0
23,019968	0,000000	0,000000	0,000000E+0
23,019968	0,000000	0,000000	0,000000E+0
23,019968	0,000000	0,000000	0,000000E+0
23,019968	0,000000	0,000000	0,000000E+0
23,019968	0,000000	0,000000	0,000000E+0
24,019401	0,000000	0,000000	0,000000E+0
24,019401	0,000000	0,000000	0,000000E+0
24,019401	0,000000	0,000000	0,000000E+0
24,019401	0,000000	0,000000	0,000000E+0
24,019401	0,000000	0,000000	0,000000E+0
24,019401	0,000000	0,000000	0,000000E+0
24,019401	0,000000	0,000000	0,000000E+0
24,019401	0,000000	0,000000	0,000000E+0
24,019401	0,000000	0,000000	0,000000E+0
24,019401	0,000000	0,000000	0,000000E+0
25,019818	0,000000	0,000000	0,000000E+0
25,019818	0,000000	0,000000	0,000000E+0
25,019818	0,000000	0,000000	0,000000E+0
25,019818	0,000000	0,000000	0,000000E+0
25,019818	0,000000	0,000000	0,000000E+0
25,019818	0,000000	0,000000	0,000000E+0
25,019818	0,000000	0,000000	0,000000E+0
25,019818	0,000000	0,000000	0,000000E+0
25,019818	0,000000	0,000000	0,000000E+0
25,019818	0,000000	0,000000	0,000000E+0
26,019266	0,000000	0,000000	0,000000E+0
26,019266	0,000000	0,000000	0,000000E+0
26,019266	0,000000	0,000000	0,000000E+0
26,019266	0,000000	0,000000	0,000000E+0
26,019266	0,000000	0,000000	0,000000E+0
26,019266	0,000000	0,000000	0,000000E+0
26,019266	0,000000	0,000000	0,000000E+0
26,019266	0,000000	0,000000	0,000000E+0
26,019266	0,000000	0,000000	0,000000E+0
26,019266	0,000000	0,000000	0,000000E+0
27,019673	0,000000	0,000000	0,000000E+0
27,019673	0,000000	0,000000	0,000000E+0
27,019673	0,000000	0,000000	0,000000E+0
27,019673	0,000000	0,000000	0,000000E+0
27,019673	0,000000	0,000000	0,000000E+0
27,019673	0,000000	0,000000	0,000000E+0
27,019673	0,000000	0,000000	0,000000E+0
27,019673	0,000000	0,000000	0,000000E+0
27,019673	0,000000	0,000000	0,000000E+0
27,019673	0,000000	0,000000	0,000000E+0
28,019085	0,000000	0,000000	0,000000E+0
28,019085	0,000000	0,000000	0,000000E+0
28,019085	0,000000	0,000000	0,000000E+0
28,019085	0,000000	0,000000	0,000000E+0
28,019085	0,000000	0,000000	0,000000E+0
28,019085	0,000000	0,000000	0,000000E+0
28,019085	0,000000	0,000000	0,000000E+0
28,019085	0,000000	0,000000	0,000000E+0
28,019085	0,000000	0,000000	0,000000E+0
28,019085	0,000000	0,000000	0,000000E+0
29,019517	0,000000	0,000000	0,000000E+0
29,019517	0,000000	0,000000	0,000000E+0
29,019517	0,000000	0,000000	0,000000E+0
29,019517	0,000000	0,000000	0,000000E+0
29,019517	0,000000	0,000000	0,000000E+0
29,019517	0,000000	0,000000	0,000000E+0
29,019517	0,000000	0,000000	0,000000E+0
29,019517	0,000000	0,000000	0,000000E+0
29,019517	0,000000	0,000000	0,000000E+0
29,019517	0,000000	0,000000	0,000000E+0
30,019937	0,000000	0,000000	0,000000E+0
30,019937	0,000000	0,000000	0,000000E+0
30,019937	0,000000	0,000000	0,000000E+0
30,019937	0,000000	0,000000	0,000000E+0
30,019937	0,000000	0,000000	0,000000E+0
30,019937	0,000000	0,000000	0,000000E+0
30,019937	0,000000	0,000000	0,000000E+0
30,019937	0,000000	0,000000	0,000000E+0
30,019937	0,000000	0,000000	0,000000E+0
30,019937	0,000000	0,000000	0,000000E+0
31,019368	0,000000	0,000000	0,000000E+0
31,019368	0,000000	0,000000	0,000000E+0
31,019368	0,000000	0,000000	0,000000E+0
31,019368	0,000000	0,000000	0,000000E+0
31,019368	0,000000	0,000000	0,000000E+0
31,019368	0,000000	0,000000	0,000000E+0
31,019368	0,000000	0,000000	0,000000E+0
31,019368	0,000000	0,000000	0,000000E+0
31,019368	0,000000	0,000000	0,000000E+0
31,019368	0,000000	0,000000	0,000000E+0
32,019795	0,000000	0,000000	0,000000E+0
32,019795	0,000000	0,000000	0,000000E+0
32,019795	0,000000	0,000000	0,000000E+0
32,019795	0,000000	0,000000	0,000000E+0
32,019795	0,000000	0,000000	0,000000E+0
32,019795	0,000000	0,000000	0,000000E+0
32,019795	0,000000	0,000000	0,000000E+0
32,019795	0,000000	0,000000	0,000000E+0
32,019795	0,000000	0,000000	0,000000E+0
32,019795	0,000000	0,000000	0,000000E+0
33,019216	0,000000	0,000000	0,000000E+0
33,019216	0,000000	0,000000	0,000000E+0
33,019216	0,000000	0,000000	0,000000E+0
33,019216	0,000000	0,000000	0,000000E+0
33,019216	0,000000	0,000000	0,000000E+0
33,019216	0,000000	0,000000	0,000000E+0
33,019216	0,000000	0,000000	0,000000E+0
33,019216	0,000000	0,000000	0,000000E+0
33,019216	0,000000	0,000000	0,000000E+0
33,019216	0,000000	0,000000	0,000000E+0
34,019643	0,000000	0,000000	0,000000E+0
34,019643	0,000000	0,000000	0,000000E+0
34,019643	0,000000	0,000000	0,000000E+0
34,019643	0,000000	0,000000	0,000000E+0
34,019643	0,000000	0,000000	0,000000E+0
34,019643	0,000000	0,000000	0,000000E+0
34,019643	0,000000	0,000000	0,000000E+0
34,019643	0,000000	0,000000	0,000000E+0
34,019643	0,000000	0,000000	0,000000E+0
34,019643	0,000000	0,000000	0,000000E+0
35,019064	0,000000	0,000000	0,000000E+0
35,019064	0,000000	0,000000	0,000000E+0
35,019064	0,000000	0,000000	0,000000E+0
35,019064	0,000000	0,000000	0,000000E+0
35,019064	0,000000	0,000000	0,000000E+0
35,019064	0,000000	0,000000	0,000000E+0
35,019064	0,000000	0,000000	0,000000E+0
35,019064	0,000000	0,000000	0,000000E+0
35,019064	0,000000	0,000000	0,000000E+0
35,019064	0,000000	0,000000	0,000000E+0
36,019500	0,000000	0,000000	0,000000E+0
36,019500	0,000000	0,000000	0,000000E+0
36,019500	0,000000	0,000000	0,000000E+0
36,019500	0,000000	0,000000	0,000000E+0
36,019500	0,000000	0,000000	0,000000E+0
36,019500	0,000000	0,000000	0,000000E+0
36,019500	0,000000	0,000000	0,000000E+0
36,019500	0,000000	0,000000	0,000000E+0
36,019500	0,000000	0,000000	0,000000E+0
36,019500	0,000000	0,000000	0,000000E+0
37,019926	0,000000	0,000000	0,000000E+0
37,019926	0,000000	0,000000	0,000000E+0
37,019926	0,000000	0,000000	0,000000E+0
37,019926	0,000000	0,000000	0,000000E+0
37,019926	0,000000	0,000000	0,000000E+0
37,019926	0,000000	0,000000	0,000000E+0
37,019926	0,000000	0,000000	0,000000E+0
37,019926	0,000000	0,000000	0,000000E+0
37,019926	0,000000	0,000000	0,000000E+0
37,019926	0,000000	0,000000	0,000000E+0
38,019349	0,000000	0,000000	0,000000E+0
38,019349	0,000000	0,000000	0,000000E+0
38,019349	0,000000	0,000000	0,000000E+0
38,019349	0,000000	0,000000	0,000000E+0
38,019349	0,000000	0,000000	0,000000E+0
38,019349	0,000000	0,000000	0,000000E+0
38,019349	0,000000	0,000000	0,000000E+0
38,019349	0,000000	0,000000	0,000000E+0
38,019349	0,000000	0,000000	0,000000E+0
38,019349	0,000000	0,000000	0,000000E+0
39,019767	0,000000	0,000000	0,000000E+0
39,019767	0,000000	0,000000	0,000000E+0
39,019767	0,000000	0,000000	0,000000E+0
39,019767	0,000000	0,000000	0,000000E+0
39,019767	0,000000	0,000000	0,000000E+0
39,019767	0,000000	0,000000	0,000000E+0
39,019767	0,000000	0,000000	0,000000E+0
39,019767	0,000000	0,000000	0,000000E+0
39,019767	0,000000	0,000000	0,000000E+0
39,019767	0,000000	0,000000	0,000000E+0
40,019194	0,000000	0,000000	0,000000E+0
40,019194	0,000000	0,000000	0,000000E+0
40,019194	0,000000	0,000000	0,000000E+0
40,019194	0,000000	0,000000	0,000000E+0
40,019194	0,000000	0,000000	0,000000E+0
40,019194	0,000000	0,000000	0,000000E+0
40,019194	0,000000	0,000000	0,000000E+0
40,019194	0,000000	0,000000	0,000000E+0
40,019194	0,000000	0,000000	0,000000E+0
40,019194	0,000000	0,000000	0,000000E+0
41,019615	0,000000	0,000000	0,000000E+0
41,019615	0,000000	0,000000	0,000000E+0
41,019615	0,000000	0,000000	0,000000E+0
41,019615	0,000000	0,000000	0,000000E+0
41,019615	0,000000	0,000000	0,000000E+0
41,019615	0,000000	0,000000	0,000000E+0
41,019615	0,000000	0,000000	0,000000E+0
41,019615	0,000000	0,000000	0,000000E+0
41,019615	0,000000	0,000000	0,000000E+0
41,019615	0,000000	0,000000	0,000000E+0
42,020038	0,000000	0,000000	0,000000E+0
42,020038	0,000000	0,000000	0,000000E+0
42,020038	0,000000	0,000000	0,000000E+0
42,020038	0,000000	0,000000	0,000000E+0
42,020038	0,000000	0,000000	0,000000E+0
42,020038	0,000000	0,000000	0,000000E+0
42,020038	0,000000	0,000000	0,000000E+0
42,020038	0,000000	0,000000	0,000000E+0
42,020038	0,000000	0,000000	0,000000E+0
42,020038	0,000000	0,000000	0,000000E+0
43,020476	0,000000	0,000000	0,000000E+0
43,020476	0,000000	0,000000	0,000000E+0
43,020476	0,000000	0,000000	0,000000E+0
43,020476	0,000000	0,000000	0,000000E+0
43,020476	0,000000	0,000000	0,000000E+0
43,020476	0,000000	0,000000	0,000000E+0
43,020476	0,000000	0,000000	0,000000E+0
43,020476	0,000000	0,000000	0,000000E+0
43,020476	0,000000	0,000000	0,000000E+0
43,020476	0,000000	0,000000	0,000000E+0
44,021889	0,000000	0,000000	0,000000E+0
44,021889	0,000000	0,000000	0,000000E+0
44,021889	0,000000	0,000000	0,000000E+0
44,021889	0,000000	0,000000	0,000000E+0
44,021889	0,000000	0,000000	0,000000E+0
44,021889	0,000000	0,000000	0,000000E+0
44,021889	0,000000	0,000000	0,000000E+0
44,021889	0,000000	0,000000	0,000000E+0
44,021889	0,000000	0,000000	0,000000E+0
44,021889	0,000000	0,000000	0,000000E+0
45,021318	0,000000	0,000000	0,000000E+0
45,021318	0,000000	0,000000	0,000000E+0
45,021318	0,000000	0,000000	0,000000E+0
45,021318	0,000000	0,000000	0,000000E+0
45,021318	0,000000	0,000000	0,000000E+0
45,021318	0,000000	0,000000	0,000000E+0
45,021318	0,000000	0,000000	0,000000E+0
45,021318	0,000000	0,000000	0,000000E+0
45,021318	0,000000	0,000000	0,000000E+0
45,021318	0,000000	0,000000	0,000000E+0
46,021739	0,000000	0,000000	0,000000E+0
46,021739	0,000000	0,000000	0,000000E+0
46,021739	0,000000	0,000000	0,000000E+0
46,021739	0,000000	0,000000	0,000000E+0
46,021739	0,000000	0,000000	0,000000E+0
46,021739	0,000000	0,000000	0,000000E+0
46,021739	0,000000	0,000000	0,000000E+0
46,021739	0,000000	0,000000	0,000000E+0
46,021739	0,000000	0,000000	0,000000E+0
46,021739	0,000000	0,000000	0,000000E+0
47,021161	0,000000	0,000000	0,000000E+0
47,021161	0,000000	0,000000	0,000000E+0
47,021161	0,000000	0,000000	0,000000E+0
47,021161	0,000000	0,000000	0,000000E+0
47,021161	0,000000	0,000000	0,000000E+0
47,021161	0,000000	0,000000	0,000000E+0
47,021161	0,000000	0,000000	0,000000E+0
47,021161	0,000000	0,000000	0,000000E+0
47,021161	0,000000	0,000000	0,000000E+0
47,021161	0,000000	0,000000	0,000000E+0
48,021596	0,000000	0,000000	0,000000E+0
48,021596	0,000000	0,000000	0,000000E+0
48,021596	0,000000	0,000000	0,000000E+0
48,021596	0,000000	0,000000	0,000000E+0
48,021596	0,000000	0,000000	0,000000E+0
48,021596	0,000000	0,000000	0,000000E+0
48,021596	0,000000	0,000000	0,000000E+0
48,021596	0,000000	0,000000	0,000000E+0
48,021596	0,000000	0,000000	0,000000E+0
48,021596	0,000000	0,000000	0,000000E+0
49,022014	0,000000	0,000000	0,000000E+0
49,022014	0,000000	0,000000	0,000000E+0
49,022014	0,000000	0,000000	0,000000E+0
49,022014	0,000000	0,000000	0,000000E+0
49,022014	0,000000	0,000000	0,000000E+0
49,022014	0,000000	0,000000	0,000000E+0
49,022014	0,000000	0,000000	0,000000E+0
49,022014	0,000000	0,000000	0,000000E+0
49,022014	0,000000	0,000000	0,000000E+0
49,022014	0,000000	0,000000	0,000000E+0
50,021452	0,000000	0,000000	0,000000E+0
50,021452	0,000000	0,000000	0,000000E+0
50,021452	0,000000	0,000000	0,000000E+0
50,021452	0,000000	0,000000	0,000000E+0
50,021452	0,000000	0,000000	0,000000E+0
50,021452	0,000000	0,000000	0,000000E+0
50,021452	0,000000	0,000000	0,000000E+0
50,021452	0,000000	0,000000	0,000000E+0
50,021452	0,000000	0,000000	0,000000E+0
50,021452	0,000000	0,000000	0,000000E+0
51,021863	0,000000	0,000000	0,000000E+0
51,021863	0,000000	0,000000	0,000000E+0
51,021863	0,000000	0,000000	0,000000E+0
51,021863	0,000000	0,000000	0,000000E+0
51,021863	0,000000	0,000000	0,000000E+0
51,021863	0,000000	0,000000	0,000000E+0
51,021863	0,000000	0,000000	0,000000E+0
51,021863	0,000000	0,000000	0,000000E+0
51,021863	0,000000	0,000000	0,000000E+0
51,021863	0,000000	0,000000	0,000000E+0
52,021287	0,000000	0,000000	0,000000E+0
52,021287	0,000000	0,000000	0,000000E+0
52,021287	0,000000	0,000000	0,000000E+0
52,021287	0,000000	0,000000	0,000000E+0
52,021287	0,000000	0,000000	0,000000E+0
52,021287	0,000000	0,000000	0,000000E+0
52,021287	0,000000	0,000000	0,000000E+0
52,021287	0,000000	0,000000	0,000000E+0
52,021287	0,000000	0,000000	0,000000E+0
52,021287	0,000000	0,000000	0,000000E+0
53,021720	0,000000	0,000000	0,000000E+0
53,021720	0,000000	0,000000	0,000000E+0
53,021720	0,000000	0,000000	0,000000E+0
53,021720	0,000000	0,000000	0,000000E+0
53,021720	0,000000	0,000000	0,000000E+0
53,021720	0,000000	0,000000	0,000000E+0
53,021720	0,000000	0,000000	0,000000E+0
53,021720	0,000000	0,000000	0,000000E+0
53,021720	0,000000	0,000000	0,000000E+0
53,021720	0,000000	0,000000	0,000000E+0
54,022133	0,000000	0,000000	0,000000E+0
54,022133	0,000000	0,000000	0,000000E+0
54,022133	0,000000	0,000000	0,000000E+0
54,022133	0,000000	0,000000	0,000000E+0
54,022133	0,000000	0,000000	0,000000E+0
54,022133	0,000000	0,000000	0,000000E+0
54,022133	0,000000	0,000000	0,000000E+0
54,022133	0,000000	0,000000	0,000000E+0
54,022133	0,000000	0,000000	0,000000E+0
54,022133	0,000000	0,000000	0,000000E+0
55,022566	0,000000	0,000000	0,000000E+0
55,022566	0,000000	0,000000	0,000000E+0
55,022566	0,000000	0,000000	0,000000E+0
55,022566	0,000000	0,000000	0,000000E+0
55,022566	0,000000	0,000000	0,000000E+0
55,022566	0,000000	0,000000	0,000000E+0
55,022566	0,000000	0,000000	0,000000E+0
55,022566	0,000000	0,000000	0,000000E+0
55,022566	0,000000	0,000000	0,000000E+0
55,022566	0,000000	0,000000	0,000000E+0
56,023011	0,000000	0,000000	0,000000E+0
56,023011	0,000000	0,000000	0,000000E+0
56,023011	0,000000	0,000000	0,000000E+0
56,023011	0,000000	0,000000	0,000000E+0
56,023011	0,000000	0,000000	0,000000E+0
56,023011	0,000000	0,000000	0,000000E+0
56,023011	0,000000	0,000000	0,000000E+0
56,023011	0,000000	0,000000	0,000000E+0
56,023011	0,000000	0,000000	0,000000E+0
56,023011	0,000000	0,000000	0,000000E+0
57,022410	0,000000	0,000000	0,000000E+0
57,022410	0,000000	0,000000	0,000000E+0
57,022410	0,000000	0,000000	0,000000E+0
57,022410	0,000000	0,000000	0,000000E+0
57,022410	0,000000	0,000000	0,000000E+0
57,022410	0,000000	0,000000	0,000000E+0
57,022410	0,000000	0,000000	0,000000E+0
57,022410	0,000000	0,000000	0,000000E+0
57,022410	0,000000	0,000000	0,000000E+0
57,022410	0,000000	0,000000	0,000000E+0
58,022832	0,000000	0,000000	0,000000E+0
58,022832	0,000000	0,000000	0,000000E+0
58,022832	0,000000	0,000000	0,000000E+0
58,022832	0,000000	0,000000	0,000000E+0
58,022832	0,000000	0,000000	0,000000E+0
58,022832	0,000000	0,000000	0,000000E+0
58,022832	0,000000	0,000000	0,000000E+0
58,022832	0,000000	0,000000	0,000000E+0
58,022832	0,000000	0,000000	0,000000E+0
58,022832	0,000000	0,000000	0,000000E+0
59,022264	0,000000	0,000000	0,000000E+0
59,022264	0,000000	0,000000	0,000000E+0
59,022264	0,000000	0,000000	0,000000E+0
59,022264	0,000000	0,000000	0,000000E+0
59,022264	0,000000	0,000000	0,000000E+0
59,022264	0,000000	0,000000	0,000000E+0
59,022264	0,000000	0,000000	0,000000E+0
59,022264	0,000000	0,000000	0,000000E+0
59,022264	0,000000	0,000000	0,000000E+0
59,022264	0,000000	0,000000	0,000000E+0
60,022691	0,000000	0,000000	0,000000E+0
60,022691	0,000000	0,000000	0,000000E+0
60,022691	0,000000	0,000000	0,000000E+0
60,022691	0,000000	0,000000	0,000000E+0
60,022691	0,000000	0,000000	0,000000E+0
60,022691	0,000000	0,000000	0,000000E+0
60,022691	0,000000	0,000000	0,000000E+0
60,022691	0,000000	0,000000	0,000000E+0
60,022691	0,000000	0,000000	0,000000E+0
60,022691	0,000000	0,000000	0,000000E+0
61,022111	0,000000	0,000000	0,000000E+0
61,022111	0,000000	0,000000	0,000000E+0
61,022111	0,000000	0,000000	0,000000E+0
61,022111	0,000000	0,000000	0,000000E+0
61,022111	0,000000	0,000000	0,000000E+0
61,022111	0,000000	0,000000	0,000000E+0
61,022111	0,000000	0,000000	0,000000E+0
61,022111	0,000000	0,000000	0,000000E+0
61,022111	0,000000	0,000000	0,000000E+0
61,022111	0,000000	0,000000	0,000000E+0
62,023539	0,000000	0,000000	0,000000E+0
62,023539	0,000000	0,000000	0,000000E+0
62,023539	0,000000	0,000000	0,000000E+0
62,023539	0,000000	0,000000	0,000000E+0
62,023539	0,000000	0,000000	0,000000E+0
62,023539	0,000000	0,000000	0,000000E+0
62,023539	0,000000	0,000000	0,000000E+0
62,023539	0,000000	0,000000	0,000000E+0
62,023539	0,000000	0,000000	0,000000E+0
62,023539	0,000000	0,000000	0,000000E+0
63,024002	0,000000	0,000000	0,000000E+0
63,024002	0,000000	0,000000	0,000000E+0
63,024002	0,000000	0,000000	0,000000E+0
63,024002	0,000000	0,000000	0,000000E+0
63,024002	0,000000	0,000000	0,000000E+0
63,024002	0,000000	0,000000	0,000000E+0
63,024002	0,000000	0,000000	0,000000E+0
63,024002	0,000000	0,000000	0,000000E+0
63,024002	0,000000	0,000000	0,000000E+0
63,024002	0,000000	0,000000	0,000000E+0
64,023398	0,000000	0,000000	0,000000E+0
64,023398	0,000000	0,000000	0,000000E+0
64,023398	0,000000	0,000000	0,000000E+0
64,023398	0,000000	0,000000	0,000000E+0
64,023398	0,000000	0,000000	0,000000E+0
64,023398	0,000000	0,000000	0,000000E+0
64,023398	0,000000	0,000000	0,000000E+0
64,023398	0,000000	0,000000	0,000000E+0
64,023398	0,000000	0,000000	0,000000E+0
64,023398	0,000000	0,000000	0,000000E+0
65,023838	0,000000	0,000000	0,000000E+0
65,023838	0,000000	0,000000	0,000000E+0
65,023838	0,000000	0,000000	0,000000E+0
65,023838	0,000000	0,000000	0,000000E+0
65,023838	0,000000	0,000000	0,000000E+0
65,023838	0,000000	0,000000	0,000000E+0
65,023838	0,000000	0,000000	0,000000E+0
65,023838	0,000000	0,000000	0,000000E+0
65,023838	0,000000	0,000000	0,000000E+0
65,023838	0,000000	0,000000	0,000000E+0
66,023250	0,000000	0,000000	0,000000E+0
66,023250	0,000000	0,000000	0,000000E+0
66,023250	0,000000	0,000000	0,000000E+0
66,023250	0,000000	0,000000	0,000000E+0
66,023250	0,000000	0,000000	0,000000E+0
66,023250	0,000000	0,000000	0,000000E+0
66,023250	0,000000	0,000000	0,000000E+0
66,023250	0,000000	0,000000	0,000000E+0
66,023250	0,000000	0,000000	0,000000E+0
66,023250	0,000000	0,000000	0,000000E+0
67,023695	0,000000	0,000000	0,000000E+0
67,023695	0,000000	0,000000	0,000000E+0
67,023695	0,000000	0,000000	0,000000E+0
67,023695	0,000000	0,000000	0,000000E+0
67,023695	0,000000	0,000000	0,000000E+0
67,023695	0,000000	0,000000	0,000000E+0
67,023695	0,000000	0,000000	0,000000E+0
67,023695	0,000000	0,000000	0,000000E+0
67,023695	0,000000	0,000000	0,000000E+0
67,023695	0,000000	0,000000	0,000000E+0
68,024090	0,000000	0,000000	0,000000E+0
68,024090	0,000000	0,000000	0,000000E+0
68,024090	0,000000	0,000000	0,000000E+0
68,024090	0,000000	0,000000	0,000000E+0
68,024090	0,000000	0,000000	0,000000E+0
68,024090	0,000000	0,000000	0,000000E+0
68,024090	0,000000	0,000000	0,000000E+0
68,024090	0,000000	0,000000	0,000000E+0
68,024090	0,000000	0,000000	0,000000E+0
68,024090	0,000000	0,000000	0,000000E+0
69,024556	0,000000	0,000000	0,000000E+0
69,024556	0,000000	0,000000	0,000000E+0
69,024556	0,000000	0,000000	0,000000E+0
69,024556	0,000000	0,000000	0,000000E+0
69,024556	0,000000	0,000000	0,000000E+0
69,024556	0,000000	0,000000	0,000000E+0
69,024556	0,000000	0,000000	0,000000E+0
69,024556	0,000000	0,000000	0,000000E+0
69,024556	0,000000	0,000000	0,000000E+0
69,024556	0,000000	0,000000	0,000000E+0
70,024973	0,000000	0,000000	0,000000E+0
70,024973	0,000000	0,000000	0,000000E+0
70,024973	0,000000	0,000000	0,000000E+0
70,024973	0,000000	0,000000	0,000000E+0
70,024973	0,000000	0,000000	0,000000E+0
70,024973	0,000000	0,000000	0,000000E+0
70,024973	0,000000	0,000000	0,000000E+0
70,024973	0,000000	0,000000	0,000000E+0
70,024973	0,000000	0,000000	0,000000E+0
70,024973	0,000000	0,000000	0,000000E+0
71,025366	0,000000	0,000000	0,000000E+0
71,025366	0,000000	0,000000	0,000000E+0
71,025366	0,000000	0,000000	0,000000E+0
71,025366	0,000000	0,000000	0,000000E+0
71,025366	0,000000	0,000000	0,000000E+0
71,025366	0,000000	0,000000	0,000000E+0
71,025366	0,000000	0,000000	0,000000E+0
71,025366	0,000000	0,000000	0,000000E+0
71,025366	0,000000	0,000000	0,000000E+0
71,025366	0,000000	0,000000	0,000000E+0
72,026850	0,000000	0,000000	0,000000E+0
72,026850	0,000000	0,000000	0,000000E+0
72,026850	0,000000	0,000000	0,000000E+0
72,026850	0,000000	0,000000	0,000000E+0
72,026850	0,000000	0,000000	0,000000E+0
72,026850	0,000000	0,000000	0,000000E+0
72,026850	0,000000	0,000000	0,000000E+0
72,026850	0,000000	0,000000	0,000000E+0
72,026850	0,000000	0,000000	0,000000E+0
72,026850	0,000000	0,000000	0,000000E+0
73,026227	0,000000	0,000000	0,000000E+0
73,026227	0,000000	0,000000	0,000000E+0
73,026227	0,000000	0,000000	0,000000E+0
73,026227	0,000000	0,000000	0,000000E+0
73,026227	0,000000	0,000000	0,000000E+0
73,026227	0,000000	0,000000	0,000000E+0
73,026227	0,000000	0,000000	0,000000E+0
73,026227	0,000000	0,000000	0,000000E+0
73,026227	0,000000	0,000000	0,000000E+0
73,026227	0,000000	0,000000	0,000000E+0
74,026661	0,000000	0,000000	0,000000E+0
74,026661	0,000000	0,000000	0,000000E+0
74,026661	0,000000	0,000000	0,000000E+0
74,026661	0,000000	0,000000	0,000000E+0
74,026661	0,000000	0,000000	0,000000E+0
74,026661	0,000000	0,000000	0,000000E+0
74,026661	0,000000	0,000000	0,000000E+0
74,026661	0,000000	0,000000	0,000000E+0
74,026661	0,000000	0,000000	0,000000E+0
74,026661	0,000000	0,000000	0,000000E+0
75,026085	0,000000	0,000000	0,000000E+0
75,026085	0,000000	0,000000	0,000000E+0
75,026085	0,000000	0,000000	0,000000E+0
75,026085	0,000000	0,000000	0,000000E+0
75,026085	0,000000	0,000000	0,000000E+0
75,026085	0,000000	0,000000	0,000000E+0
75,026085	0,000000	0,000000	0,000000E+0
75,026085	0,000000	0,000000	0,000000E+0
75,026085	0,000000	0,000000	0,000000E+0
75,026085	0,000000	0,000000	0,000000E+0
76,026491	0,000000	0,000000	0,000000E+0
76,026491	0,000000	0,000000	0,000000E+0
76,026491	0,000000	0,000000	0,000000E+0
76,026491	0,000000	0,000000	0,000000E+0
76,026491	0,000000	0,000000	0,000000E+0
76,026491	0,000000	0,000000	0,000000E+0
76,026491	0,000000	0,000000	0,000000E+0
76,026491	0,000000	0,000000	0,000000E+0
76,026491	0,000000	0,000000	0,000000E+0
76,026491	0,000000	0,000000	0,000000E+0
77,026923	0,000000	0,000000	0,000000E+0
77,026923	0,000000	0,000000	0,000000E+0
77,026923	0,000000	0,000000	0,000000E+0
77,026923	0,000000	0,000000	0,000000E+0
77,026923	0,000000	0,000000	0,000000E+0
77,026923	0,000000	0,000000	0,000000E+0
77,026923	0,000000	0,000000	0,000000E+0
77,026923	0,000000	0,000000	0,000000E+0
77,026923	0,000000	0,000000	0,000000E+0
77,026923	0,000000	0,000000	0,000000E+0
78,026355	0,000000	0,000000	0,000000E+0
78,026355	0,000000	0,000000	0,000000E+0
78,026355	0,000000	0,000000	0,000000E+0
78,026355	0,000000	0,000000	0,000000E+0
78,026355	0,000000	0,000000	0,000000E+0
78,026355	0,000000	0,000000	0,000000E+0
78,026355	0,000000	0,000000	0,000000E+0
78,026355	0,000000	0,000000	0,000000E+0
78,026355	0,000000	0,000000	0,000000E+0
78,026355	0,000000	0,000000	0,000000E+0
79,026768	0,000000	0,000000	0,000000E+0
79,026768	0,000000	0,000000	0,000000E+0
79,026768	0,000000	0,000000	0,000000E+0
79,026768	0,000000	0,000000	0,000000E+0
79,026768	0,000000	0,000000	0,000000E+0
79,026768	0,000000	0,000000	0,000000E+0
79,026768	0,000000	0,000000	0,000000E+0
79,026768	0,000000	0,000000	0,000000E+0
79,026768	0,000000	0,000000	0,000000E+0
79,026768	0,000000	0,000000	0,000000E+0
80,026191	0,000000	0,000000	0,000000E+0
80,026191	0,000000	0,000000	0,000000E+0
80,026191	0,000000	0,000000	0,000000E+0
80,026191	0,000000	0,000000	0,000000E+0
80,026191	0,000000	0,000000	0,000000E+0
80,026191	0,000000	0,000000	0,000000E+0
80,026191	0,000000	0,000000	0,000000E+0
80,026191	0,000000	0,000000	0,000000E+0
80,026191	0,000000	0,000000	0,000000E+0
80,026191	0,000000	0,000000	0,000000E+0
81,026606	0,000000	0,000000	0,000000E+0
81,026606	0,000000	0,000000	0,000000E+0
81,026606	0,000000	0,000000	0,000000E+0
81,026606	0,000000	0,000000	0,000000E+0
81,026606	0,000000	0,000000	0,000000E+0
81,026606	0,000000	0,000000	0,000000E+0
81,026606	0,000000	0,000000	0,000000E+0
81,026606	0,000000	0,000000	0,000000E+0
81,026606	0,000000	0,000000	0,000000E+0
81,026606	0,000000	0,000000	0,000000E+0
82,027034	0,000000	0,000000	0,000000E+0
82,027034	0,000000	0,000000	0,000000E+0
82,027034	0,000000	0,000000	0,000000E+0
82,027034	0,000000	0,000000	0,000000E+0
82,027034	0,000000	0,000000	0,000000E+0
82,027034	0,000000	0,000000	0,000000E+0
82,027034	0,000000	0,000000	0,000000E+0
82,027034	0,000000	0,000000	0,000000E+0
82,027034	0,000000	0,000000	0,000000E+0
82,027034	0,000000	0,000000	0,000000E+0
83,027488	0,000000	0,000000	0,000000E+0
83,027488	0,000000	0,000000	0,000000E+0
83,027488	0,000000	0,000000	0,000000E+0
83,027488	0,000000	0,000000	0,000000E+0
83,027488	0,000000	0,000000	0,000000E+0
83,027488	0,000000	0,000000	0,000000E+0
83,027488	0,000000	0,000000	0,000000E+0
83,027488	0,000000	0,000000	0,000000E+0
83,027488	0,000000	0,000000	0,000000E+0
83,027488	0,000000	0,000000	0,000000E+0
84,027891	0,000000	0,000000	0,000000E+0
84,027891	0,000000	0,000000	0,000000E+0
84,027891	0,000000	0,000000	0,000000E+0
84,027891	0,000000	0,000000	0,000000E+0
84,027891	0,000000	0,000000	0,000000E+0
84,027891	0,000000	0,000000	0,000000E+0
84,027891	0,000000	0,000000	0,000000E+0
84,027891	0,000000	0,000000	0,000000E+0
84,027891	0,000000	0,000000	0,000000E+0
84,027891	0,000000	0,000000	0,000000E+0
85,027308	0,000000	0,000000	0,000000E+0
85,027308	0,000000	0,000000	0,000000E+0
85,027308	0,000000	0,000000	0,000000E+0
85,027308	0,000000	0,000000	0,000000E+0
85,027308	0,000000	0,000000	0,000000E+0
85,027308	0,000000	0,000000	0,000000E+0
85,027308	0,000000	0,000000	0,000000E+0
85,027308	0,000000	0,000000	0,000000E+0
85,027308	0,000000	0,000000	0,000000E+0
85,027308	0,000000	0,000000	0,000000E+0
86,027732	0,000000	0,000000	0,000000E+0
86,027732	0,000000	0,000000	0,000000E+0
86,027732	0,000000	0,000000	0,000000E+0
86,027732	0,000000	0,000000	0,000000E+0
86,027732	0,000000	0,000000	0,000000E+0
86,027732	0,000000	0,000000	0,000000E+0
86,027732	0,000000	0,000000	0,000000E+0
86,027732	0,000000	0,000000	0,000000E+0
86,027732	0,000000	0,000000	0,000000E+0
86,027732	0,000000	0,000000	0,000000E+0
87,028162	0,000000	0,000000	0,000000E+0
87,028162	0,000000	0,000000	0,000000E+0
87,028162	0,000000	0,000000	0,000000E+0
87,028162	0,000000	0,000000	0,000000E+0
87,028162	0,000000	0,000000	0,000000E+0
87,028162	0,000000	0,000000	0,000000E+0
87,028162	0,000000	0,000000	0,000000E+0
87,028162	0,000000	0,000000	0,000000E+0
87,028162	0,000000	0,000000	0,000000E+0
87,028162	0,000000	0,000000	0,000000E+0
88,029589	0,000000	0,000000	0,000000E+0
88,029589	0,000000	0,000000	0,000000E+0
88,029589	0,000000	0,000000	0,000000E+0
88,029589	0,000000	0,000000	0,000000E+0
88,029589	0,000000	0,000000	0,000000E+0
88,029589	0,000000	0,000000	0,000000E+0
88,029589	0,000000	0,000000	0,000000E+0
88,029589	0,000000	0,000000	0,000000E+0
88,029589	0,000000	0,000000	0,000000E+0
88,029589	0,000000	0,000000	0,000000E+0
89,031017	0,000000	0,000000	0,000000E+0
89,031017	0,000000	0,000000	0,000000E+0
89,031017	0,000000	0,000000	0,000000E+0
89,031017	0,000000	0,000000	0,000000E+0
89,031017	0,000000	0,000000	0,000000E+0
89,031017	0,000000	0,000000	0,000000E+0
89,031017	0,000000	0,000000	0,000000E+0
89,031017	0,000000	0,000000	0,000000E+0
89,031017	0,000000	0,000000	0,000000E+0
89,031017	0,000000	0,000000	0,000000E+0
90,030437	0,000000	0,000000	0,000000E+0
90,030437	0,000000	0,000000	0,000000E+0
90,030437	0,000000	0,000000	0,000000E+0
90,030437	0,000000	0,000000	0,000000E+0
90,030437	0,000000	0,000000	0,000000E+0
90,030437	0,000000	0,000000	0,000000E+0
90,030437	0,000000	0,000000	0,000000E+0
90,030437	0,000000	0,000000	0,000000E+0
90,030437	0,000000	0,000000	0,000000E+0
90,030437	0,000000	0,000000	0,000000E+0
91,030859	0,000000	0,000000	0,000000E+0
91,030859	0,000000	0,000000	0,000000E+0
91,030859	0,000000	0,000000	0,000000E+0
91,030859	0,000000	0,000000	0,000000E+0
91,030859	0,000000	0,000000	0,000000E+0
91,030859	0,000000	0,000000	0,000000E+0
91,030859	0,000000	0,000000	0,000000E+0
91,030859	0,000000	0,000000	0,000000E+0
91,030859	0,000000	0,000000	0,000000E+0
91,030859	0,000000	0,000000	0,000000E+0
92,030298	0,000000	0,000000	0,000000E+0
92,030298	0,000000	0,000000	0,000000E+0
92,030298	0,000000	0,000000	0,000000E+0
92,030298	0,000000	0,000000	0,000000E+0
92,030298	0,000000	0,000000	0,000000E+0
92,030298	0,000000	0,000000	0,000000E+0
92,030298	0,000000	0,000000	0,000000E+0
92,030298	0,000000	0,000000	0,000000E+0
92,030298	0,000000	0,000000	0,000000E+0
92,030298	0,000000	0,000000	0,000000E+0
93,030708	0,000000	0,000000	0,000000E+0
93,030708	0,000000	0,000000	0,000000E+0
93,030708	0,000000	0,000000	0,000000E+0
93,030708	0,000000	0,000000	0,000000E+0
93,030708	0,000000	0,000000	0,000000E+0
93,030708	0,000000	0,000000	0,000000E+0
93,030708	0,000000	0,000000	0,000000E+0
93,030708	0,000000	0,000000	0,000000E+0
93,030708	0,000000	0,000000	0,000000E+0
93,030708	0,000000	0,000000	0,000000E+0
94,030139	0,000000	0,000000	0,000000E+0
94,030139	0,000000	0,000000	0,000000E+0
94,030139	0,000000	0,000000	0,000000E+0
94,030139	0,000000	0,000000	0,000000E+0
94,030139	0,000000	0,000000	0,000000E+0
94,030139	0,000000	0,000000	0,000000E+0
94,030139	0,000000	0,000000	0,000000E+0
94,030139	0,000000	0,000000	0,000000E+0
94,030139	0,000000	0,000000	0,000000E+0
94,030139	0,000000	0,000000	0,000000E+0
95,030564	0,000000	0,000000	0,000000E+0
95,030564	0,000000	0,000000	0,000000E+0
95,030564	0,000000	0,000000	0,000000E+0
95,030564	0,000000	0,000000	0,000000E+0
95,030564	0,000000	0,000000	0,000000E+0
95,030564	0,000000	0,000000	0,000000E+0
95,030564	0,000000	0,000000	0,000000E+0
95,030564	0,000000	0,000000	0,000000E+0
95,030564	0,000000	0,000000	0,000000E+0
95,030564	0,000000	0,000000	0,000000E+0
96,030993	0,000000	0,000000	0,000000E+0
96,030993	0,000000	0,000000	0,000000E+0
96,030993	0,000000	0,000000	0,000000E+0
96,030993	0,000000	0,000000	0,000000E+0
96,030993	0,000000	0,000000	0,000000E+0
96,030993	0,000000	0,000000	0,000000E+0
96,030993	0,000000	0,000000	0,000000E+0
96,030993	0,000000	0,000000	0,000000E+0
96,030993	0,000000	0,000000	0,000000E+0
96,030993	0,000000	0,000000	0,000000E+0
97,030411	0,000000	0,000000	0,000000E+0
97,030411	0,000000	0,000000	0,000000E+0
97,030411	0,000000	0,000000	0,000000E+0
97,030411	0,000000	0,000000	0,000000E+0
97,030411	0,000000	0,000000	0,000000E+0
97,030411	0,000000	0,000000	0,000000E+0
97,030411	0,000000	0,000000	0,000000E+0
97,030411	0,000000	0,000000	0,000000E+0
97,030411	0,000000	0,000000	0,000000E+0
97,030411	0,000000	0,000000	0,000000E+0
98,030828	0,000000	0,000000	0,000000E+0
98,030828	0,000000	0,000000	0,000000E+0
98,030828	0,000000	0,000000	0,000000E+0
98,030828	0,000000	0,000000	0,000000E+0
98,030828	0,000000	0,000000	0,000000E+0
98,030828	0,000000	0,000000	0,000000E+0
98,030828	0,000000	0,000000	0,000000E+0
98,030828	0,000000	0,000000	0,000000E+0
98,030828	0,000000	0,000000	0,000000E+0
98,030828	0,000000	0,000000	0,000000E+0
99,031256	0,000000	0,000000	0,000000E+0
99,031256	0,000000	0,000000	0,000000E+0
99,031256	0,000000	0,000000	0,000000E+0
99,031256	0,000000	0,000000	0,000000E+0
99,031256	0,000000	0,000000	0,000000E+0
99,031256	0,000000	0,000000	0,000000E+0
99,031256	0,000000	0,000000	0,000000E+0
99,031256	0,000000	0,000000	0,000000E+0
99,031256	0,000000	0,000000	0,000000E+0
99,031256	0,000000	0,000000	0,000000E+0
100,031684	0,000000	0,000000	0,000000E+0
100,031684	0,000000	0,000000	0,000000E+0
100,031684	0,000000	0,000000	0,000000E+0
100,031684	0,000000	0,000000	0,000000E+0
100,031684	0,000000	0,000000	0,000000E+0
100,031684	0,000000	0,000000	0,000000E+0
100,031684	0,000000	0,000000	0,000000E+0
100,031684	0,000000	0,000000	0,000000E+0
100,031684	0,000000	0,000000	0,000000E+0
100,031684	0,000000	0,000000	0,000000E+0
101,032113	0,000000	0,000000	0,000000E+0
101,032113	0,000000	0,000000	0,000000E+0
101,032113	0,000000	0,000000	0,000000E+0
101,032113	0,000000	0,000000	0,000000E+0
101,032113	0,000000	0,000000	0,000000E+0
101,032113	0,000000	0,000000	0,000000E+0
101,032113	0,000000	0,000000	0,000000E+0
101,032113	0,000000	0,000000	0,000000E+0
101,032113	0,000000	0,000000	0,000000E+0
101,032113	0,000000	0,000000	0,000000E+0
102,032545	0,000000	0,000000	0,000000E+0
102,032545	0,000000	0,000000	0,000000E+0
102,032545	0,000000	0,000000	0,000000E+0
102,032545	0,000000	0,000000	0,000000E+0
102,032545	0,000000	0,000000	0,000000E+0
102,032545	0,000000	0,000000	0,000000E+0
102,032545	0,000000	0,000000	0,000000E+0
102,032545	0,000000	0,000000	0,000000E+0
102,032545	0,000000	0,000000	0,000000E+0
102,032545	0,000000	0,000000	0,000000E+0
103,032975	0,000000	0,000000	0,000000E+0
103,032975	0,000000	0,000000	0,000000E+0
103,032975	0,000000	0,000000	0,000000E+0
103,032975	0,000000	0,000000	0,000000E+0
103,032975	0,000000	0,000000	0,000000E+0
103,032975	0,000000	0,000000	0,000000E+0
103,032975	0,000000	0,000000	0,000000E+0
103,032975	0,000000	0,000000	0,000000E+0
103,032975	0,000000	0,000000	0,000000E+0
103,032975	0,000000	0,000000	0,000000E+0
104,032389	0,000000	0,000000	0,000000E+0
104,032389	0,000000	0,000000	0,000000E+0
104,032389	0,000000	0,000000	0,000000E+0
104,032389	0,000000	0,000000	0,000000E+0
104,032389	0,000000	0,000000	0,000000E+0
104,032389	0,000000	0,000000	0,000000E+0
104,032389	0,000000	0,000000	0,000000E+0
104,032389	0,000000	0,000000	0,000000E+0
104,032389	0,000000	0,000000	0,000000E+0
104,032389	0,000000	0,000000	0,000000E+0
105,032817	0,000000	0,000000	0,000000E+0
105,032817	0,000000	0,000000	0,000000E+0
105,032817	0,000000	0,000000	0,000000E+0
105,032817	0,000000	0,000000	0,000000E+0
105,032817	0,000000	0,000000	0,000000E+0
105,032817	0,000000	0,000000	0,000000E+0
105,032817	0,000000	0,000000	0,000000E+0
105,032817	0,000000	0,000000	0,000000E+0
105,032817	0,000000	0,000000	0,000000E+0
105,032817	0,000000	0,000000	0,000000E+0
106,032239	0,000000	0,000000	0,000000E+0
106,032239	0,000000	0,000000	0,000000E+0
106,032239	0,000000	0,000000	0,000000E+0
106,032239	0,000000	0,000000	0,000000E+0
106,032239	0,000000	0,000000	0,000000E+0
106,032239	0,000000	0,000000	0,000000E+0
106,032239	0,000000	0,000000	0,000000E+0
106,032239	0,000000	0,000000	0,000000E+0
106,032239	0,000000	0,000000	0,000000E+0
106,032239	0,000000	0,000000	0,000000E+0
107,032658	0,000000	0,000000	0,000000E+0
107,032658	0,000000	0,000000	0,000000E+0
107,032658	0,000000	0,000000	0,000000E+0
107,032658	0,000000	0,000000	0,000000E+0
107,032658	0,000000	0,000000	0,000000E+0
107,032658	0,000000	0,000000	0,000000E+0
107,032658	0,000000	0,000000	0,000000E+0
107,032658	0,000000	0,000000	0,000000E+0
107,032658	0,000000	0,000000	0,000000E+0
107,032658	0,000000	0,000000	0,000000E+0
108,032082	0,000000	0,000000	0,000000E+0
108,032082	0,000000	0,000000	0,000000E+0
108,032082	0,000000	0,000000	0,000000E+0
108,032082	0,000000	0,000000	0,000000E+0
108,032082	0,000000	0,000000	0,000000E+0
108,032082	0,000000	0,000000	0,000000E+0
108,032082	0,000000	0,000000	0,000000E+0
108,032082	0,000000	0,000000	0,000000E+0
108,032082	0,000000	0,000000	0,000000E+0
108,032082	0,000000	0,000000	0,000000E+0
109,032507	0,000000	0,000000	0,000000E+0
109,032507	0,000000	0,000000	0,000000E+0
109,032507	0,000000	0,000000	0,000000E+0
109,032507	0,000000	0,000000	0,000000E+0
109,032507	0,000000	0,000000	0,000000E+0
109,032507	0,000000	0,000000	0,000000E+0
109,032507	0,000000	0,000000	0,000000E+0
109,032507	0,000000	0,000000	0,000000E+0
109,032507	0,000000	0,000000	0,000000E+0
109,032507	0,000000	0,000000	0,000000E+0
110,033084	0,000000	0,000000	0,000000E+0
110,033084	0,000000	0,000000	0,000000E+0
110,033084	0,000000	0,000000	0,000000E+0
110,033084	0,000000	0,000000	0,000000E+0
110,033084	0,000000	0,000000	0,000000E+0
110,033084	0,000000	0,000000	0,000000E+0
110,033084	0,000000	0,000000	0,000000E+0
110,033084	0,000000	0,000000	0,000000E+0
110,033084	0,000000	0,000000	0,000000E+0
110,033084	0,000000	0,000000	0,000000E+0
111,032353	0,000000	0,000000	0,000000E+0
111,032353	0,000000	0,000000	0,000000E+0
111,032353	0,000000	0,000000	0,000000E+0
111,032353	0,000000	0,000000	0,000000E+0
111,032353	0,000000	0,000000	0,000000E+0
111,032353	0,000000	0,000000	0,000000E+0
111,032353	0,000000	0,000000	0,000000E+0
111,032353	0,000000	0,000000	0,000000E+0
111,032353	0,000000	0,000000	0,000000E+0
111,032353	0,000000	0,000000	0,000000E+0
112,032787	0,000000	0,000000	0,000000E+0
112,032787	0,000000	0,000000	0,000000E+0
112,032787	0,000000	0,000000	0,000000E+0
112,032787	0,000000	0,000000	0,000000E+0
112,032787	0,000000	0,000000	0,000000E+0
112,032787	0,000000	0,000000	0,000000E+0
112,032787	0,000000	0,000000	0,000000E+0
112,032787	0,000000	0,000000	0,000000E+0
112,032787	0,000000	0,000000	0,000000E+0
112,032787	0,000000	0,000000	0,000000E+0
113,032208	0,000000	0,000000	0,000000E+0
113,032208	0,000000	0,000000	0,000000E+0
113,032208	0,000000	0,000000	0,000000E+0
113,032208	0,000000	0,000000	0,000000E+0
113,032208	0,000000	0,000000	0,000000E+0
113,032208	0,000000	0,000000	0,000000E+0
113,032208	0,000000	0,000000	0,000000E+0
113,032208	0,000000	0,000000	0,000000E+0
113,032208	0,000000	0,000000	0,000000E+0
113,032208	0,000000	0,000000	0,000000E+0
114,032633	0,000000	0,000000	0,000000E+0
114,032633	0,000000	0,000000	0,000000E+0
114,032633	0,000000	0,000000	0,000000E+0
114,032633	0,000000	0,000000	0,000000E+0
114,032633	0,000000	0,000000	0,000000E+0
114,032633	0,000000	0,000000	0,000000E+0
114,032633	0,000000	0,000000	0,000000E+0
114,032633	0,000000	0,000000	0,000000E+0
114,032633	0,000000	0,000000	0,000000E+0
114,032633	0,000000	0,000000	0,000000E+0
115,032075	0,000000	0,000000	0,000000E+0
115,032075	0,000000	0,000000	0,000000E+0
115,032075	0,000000	0,000000	0,000000E+0
115,032075	0,000000	0,000000	0,000000E+0
115,032075	0,000000	0,000000	0,000000E+0
115,032075	0,000000	0,000000	0,000000E+0
115,032075	0,000000	0,000000	0,000000E+0
115,032075	0,000000	0,000000	0,000000E+0
115,032075	0,000000	0,000000	0,000000E+0
115,032075	0,000000	0,000000	0,000000E+0
116,033485	0,000000	0,000000	0,000000E+0
116,033485	0,000000	0,000000	0,000000E+0
116,033485	0,000000	0,000000	0,000000E+0
116,033485	0,000000	0,000000	0,000000E+0
116,033485	0,000000	0,000000	0,000000E+0
116,033485	0,000000	0,000000	0,000000E+0
116,033485	0,000000	0,000000	0,000000E+0
116,033485	0,000000	0,000000	0,000000E+0
116,033485	0,000000	0,000000	0,000000E+0
116,033485	0,000000	0,000000	0,000000E+0
117,033918	0,000000	0,000000	0,000000E+0
117,033918	0,000000	0,000000	0,000000E+0
117,033918	0,000000	0,000000	0,000000E+0
117,033918	0,000000	0,000000	0,000000E+0
117,033918	0,000000	0,000000	0,000000E+0
117,033918	0,000000	0,000000	0,000000E+0
117,033918	0,000000	0,000000	0,000000E+0
117,033918	0,000000	0,000000	0,000000E+0
117,033918	0,000000	0,000000	0,000000E+0
117,033918	0,000000	0,000000	0,000000E+0
118,033344	0,000000	0,000000	0,000000E+0
118,033344	0,000000	0,000000	0,000000E+0
118,033344	0,000000	0,000000	0,000000E+0
118,033344	0,000000	0,000000	0,000000E+0
118,033344	0,000000	0,000000	0,000000E+0
118,033344	0,000000	0,000000	0,000000E+0
118,033344	0,000000	0,000000	0,000000E+0
118,033344	0,000000	0,000000	0,000000E+0
118,033344	0,000000	0,000000	0,000000E+0
118,033344	0,000000	0,000000	0,000000E+0
119,033786	0,000000	0,000000	0,000000E+0
119,033786	0,000000	0,000000	0,000000E+0
119,033786	0,000000	0,000000	0,000000E+0
119,033786	0,000000	0,000000	0,000000E+0
119,033786	0,000000	0,000000	0,000000E+0
119,033786	0,000000	0,000000	0,000000E+0
119,033786	0,000000	0,000000	0,000000E+0
119,033786	0,000000	0,000000	0,000000E+0
119,033786	0,000000	0,000000	0,000000E+0
119,033786	0,000000	0,000000	0,000000E+0
120,033187	0,000000	0,000000	0,000000E+0
120,033187	0,000000	0,000000	0,000000E+0
120,033187	0,000000	0,000000	0,000000E+0
120,033187	0,000000	0,000000	0,000000E+0
120,033187	0,000000	0,000000	0,000000E+0
120,033187	0,000000	0,000000	0,000000E+0
120,033187	0,000000	0,000000	0,000000E+0
120,033187	0,000000	0,000000	0,000000E+0
120,033187	0,000000	0,000000	0,000000E+0
120,033187	0,000000	0,000000	0,000000E+0
121,033619	0,000000	0,000000	0,000000E+0
121,033619	0,000000	0,000000	0,000000E+0
121,033619	0,000000	0,000000	0,000000E+0
121,033619	0,000000	0,000000	0,000000E+0
121,033619	0,000000	0,000000	0,000000E+0
121,033619	0,000000	0,000000	0,000000E+0
121,033619	0,000000	0,000000	0,000000E+0
121,033619	0,000000	0,000000	0,000000E+0
121,033619	0,000000	0,000000	0,000000E+0
121,033619	0,000000	0,000000	0,000000E+0
122,034033	0,000000	0,000000	0,000000E+0
122,034033	0,000000	0,000000	0,000000E+0
122,034033	0,000000	0,000000	0,000000E+0
122,034033	0,000000	0,000000	0,000000E+0
122,034033	0,000000	0,000000	0,000000E+0
122,034033	0,000000	0,000000	0,000000E+0
122,034033	0,000000	0,000000	0,000000E+0
122,034033	0,000000	0,000000	0,000000E+0
122,034033	0,000000	0,000000	0,000000E+0
122,034033	0,000000	0,000000	0,000000E+0
123,035207	0,000000	0,000000	0,000000E+0
123,035207	0,000000	0,000000	0,000000E+0
123,035207	0,000000	0,000000	0,000000E+0
123,035207	0,000000	0,000000	0,000000E+0
123,035207	0,000000	0,000000	0,000000E+0
123,035207	0,000000	0,000000	0,000000E+0
123,035207	0,000000	0,000000	0,000000E+0
123,035207	0,000000	0,000000	0,000000E+0
123,035207	0,000000	0,000000	0,000000E+0
123,035207	0,000000	0,000000	0,000000E+0
124,034906	0,000000	0,000000	0,000000E+0
124,034906	0,000000	0,000000	0,000000E+0
124,034906	0,000000	0,000000	0,000000E+0
124,034906	0,000000	0,000000	0,000000E+0
124,034906	0,000000	0,000000	0,000000E+0
124,034906	0,000000	0,000000	0,000000E+0
124,034906	0,000000	0,000000	0,000000E+0
124,034906	0,000000	0,000000	0,000000E+0
124,034906	0,000000	0,000000	0,000000E+0
124,034906	0,000000	0,000000	0,000000E+0
125,035325	0,000000	0,000000	0,000000E+0
125,035325	0,000000	0,000000	0,000000E+0
125,035325	0,000000	0,000000	0,000000E+0
125,035325	0,000000	0,000000	0,000000E+0
125,035325	0,000000	0,000000	0,000000E+0
125,035325	0,000000	0,000000	0,000000E+0
125,035325	0,000000	0,000000	0,000000E+0
125,035325	0,000000	0,000000	0,000000E+0
125,035325	0,000000	0,000000	0,000000E+0
125,035325	0,000000	0,000000	0,000000E+0
126,035783	0,000000	0,000000	0,000000E+0
126,035783	0,000000	0,000000	0,000000E+0
126,035783	0,000000	0,000000	0,000000E+0
126,035783	0,000000	0,000000	0,000000E+0
126,035783	0,000000	0,000000	0,000000E+0
126,035783	0,000000	0,000000	0,000000E+0
126,035783	0,000000	0,000000	0,000000E+0
126,035783	0,000000	0,000000	0,000000E+0
126,035783	0,000000	0,000000	0,000000E+0
126,035783	0,000000	0,000000	0,000000E+0
127,035172	0,000000	0,000000	0,000000E+0
127,035172	0,000000	0,000000	0,000000E+0
127,035172	0,000000	0,000000	0,000000E+0
127,035172	0,000000	0,000000	0,000000E+0
127,035172	0,000000	0,000000	0,000000E+0
127,035172	0,000000	0,000000	0,000000E+0
127,035172	0,000000	0,000000	0,000000E+0
127,035172	0,000000	0,000000	0,000000E+0
127,035172	0,000000	0,000000	0,000000E+0
127,035172	0,000000	0,000000	0,000000E+0
128,036591	0,000000	0,000000	0,000000E+0
128,036591	0,000000	0,000000	0,000000E+0
128,036591	0,000000	0,000000	0,000000E+0
128,036591	0,000000	0,000000	0,000000E+0
128,036591	0,000000	0,000000	0,000000E+0
128,036591	0,000000	0,000000	0,000000E+0
128,036591	0,000000	0,000000	0,000000E+0
128,036591	0,000000	0,000000	0,000000E+0
128,036591	0,000000	0,000000	0,000000E+0
128,036591	0,000000	0,000000	0,000000E+0
129,038071	0,000000	0,000000	0,000000E+0
129,038071	0,000000	0,000000	0,000000E+0
129,038071	0,000000	0,000000	0,000000E+0
129,038071	0,000000	0,000000	0,000000E+0
129,038071	0,000000	0,000000	0,000000E+0
129,038071	0,000000	0,000000	0,000000E+0
129,038071	0,000000	0,000000	0,000000E+0
129,038071	0,000000	0,000000	0,000000E+0
129,038071	0,000000	0,000000	0,000000E+0
129,038071	0,000000	0,000000	0,000000E+0
130,037427	0,000000	0,000000	0,000000E+0
130,037427	0,000000	0,000000	0,000000E+0
130,037427	0,000000	0,000000	0,000000E+0
130,037427	0,000000	0,000000	0,000000E+0
130,037427	0,000000	0,000000	0,000000E+0
130,037427	0,000000	0,000000	0,000000E+0
130,037427	0,000000	0,000000	0,000000E+0
130,037427	0,000000	0,000000	0,000000E+0
130,037427	0,000000	0,000000	0,000000E+0
130,037427	0,000000	0,000000	0,000000E+0
131,037892	0,000000	0,000000	0,000000E+0
131,037892	0,000000	0,000000	0,000000E+0
131,037892	0,000000	0,000000	0,000000E+0
131,037892	0,000000	0,000000	0,000000E+0
131,037892	0,000000	0,000000	0,000000E+0
131,037892	0,000000	0,000000	0,000000E+0
131,037892	0,000000	0,000000	0,000000E+0
131,037892	0,000000	0,000000	0,000000E+0
131,037892	0,000000	0,000000	0,000000E+0
131,037892	0,000000	0,000000	0,000000E+0
132,037282	0,000000	0,000000	0,000000E+0
132,037282	0,000000	0,000000	0,000000E+0
132,037282	0,000000	0,000000	0,000000E+0
132,037282	0,000000	0,000000	0,000000E+0
132,037282	0,000000	0,000000	0,000000E+0
132,037282	0,000000	0,000000	0,000000E+0
132,037282	0,000000	0,000000	0,000000E+0
132,037282	0,000000	0,000000	0,000000E+0
132,037282	0,000000	0,000000	0,000000E+0
132,037282	0,000000	0,000000	0,000000E+0
133,037707	0,000000	0,000000	0,000000E+0
133,037707	0,000000	0,000000	0,000000E+0
133,037707	0,000000	0,000000	0,000000E+0
133,037707	0,000000	0,000000	0,000000E+0
133,037707	0,000000	0,000000	0,000000E+0
133,037707	0,000000	0,000000	0,000000E+0
133,037707	0,000000	0,000000	0,000000E+0
133,037707	0,000000	0,000000	0,000000E+0
133,037707	0,000000	0,000000	0,000000E+0
133,037707	0,000000	0,000000	0,000000E+0
134,037132	0,000000	0,000000	0,000000E+0
134,037132	0,000000	0,000000	0,000000E+0
134,037132	0,000000	0,000000	0,000000E+0
134,037132	0,000000	0,000000	0,000000E+0
134,037132	0,000000	0,000000	0,000000E+0
134,037132	0,000000	0,000000	0,000000E+0
134,037132	0,000000	0,000000	0,000000E+0
134,037132	0,000000	0,000000	0,000000E+0
134,037132	0,000000	0,000000	0,000000E+0
134,037132	0,000000	0,000000	0,000000E+0
135,037563	0,000000	0,000000	0,000000E+0
135,037563	0,000000	0,000000	0,000000E+0
135,037563	0,000000	0,000000	0,000000E+0
135,037563	0,000000	0,000000	0,000000E+0
135,037563	0,000000	0,000000	0,000000E+0
135,037563	0,000000	0,000000	0,000000E+0
135,037563	0,000000	0,000000	0,000000E+0
135,037563	0,000000	0,000000	0,000000E+0
135,037563	0,000000	0,000000	0,000000E+0
135,037563	0,000000	0,000000	0,000000E+0
136,038010	0,000000	0,000000	0,000000E+0
136,038010	0,000000	0,000000	0,000000E+0
136,038010	0,000000	0,000000	0,000000E+0
136,038010	0,000000	0,000000	0,000000E+0
136,038010	0,000000	0,000000	0,000000E+0
136,038010	0,000000	0,000000	0,000000E+0
136,038010	0,000000	0,000000	0,000000E+0
136,038010	0,000000	0,000000	0,000000E+0
136,038010	0,000000	0,000000	0,000000E+0
136,038010	0,000000	0,000000	0,000000E+0
137,037412	0,000000	0,000000	0,000000E+0
137,037412	0,000000	0,000000	0,000000E+0
137,037412	0,000000	0,000000	0,000000E+0
137,037412	0,000000	0,000000	0,000000E+0
137,037412	0,000000	0,000000	0,000000E+0
137,037412	0,000000	0,000000	0,000000E+0
137,037412	0,000000	0,000000	0,000000E+0
137,037412	0,000000	0,000000	0,000000E+0
137,037412	0,000000	0,000000	0,000000E+0
137,037412	0,000000	0,000000	0,000000E+0
138,037839	0,000000	0,000000	0,000000E+0
138,037839	0,000000	0,000000	0,000000E+0
138,037839	0,000000	0,000000	0,000000E+0
138,037839	0,000000	0,000000	0,000000E+0
138,037839	0,000000	0,000000	0,000000E+0
138,037839	0,000000	0,000000	0,000000E+0
138,037839	0,000000	0,000000	0,000000E+0
138,037839	0,000000	0,000000	0,000000E+0
138,037839	0,000000	0,000000	0,000000E+0
138,037839	0,000000	0,000000	0,000000E+0
139,037266	0,000000	0,000000	0,000000E+0
139,037266	0,000000	0,000000	0,000000E+0
139,037266	0,000000	0,000000	0,000000E+0
139,037266	0,000000	0,000000	0,000000E+0
139,037266	0,000000	0,000000	0,000000E+0
139,037266	0,000000	0,000000	0,000000E+0
139,037266	0,000000	0,000000	0,000000E+0
139,037266	0,000000	0,000000	0,000000E+0
139,037266	0,000000	0,000000	0,000000E+0
139,037266	0,000000	0,000000	0,000000E+0
140,037697	0,000000	0,000000	0,000000E+0
140,037697	0,000000	0,000000	0,000000E+0
140,037697	0,000000	0,000000	0,000000E+0
140,037697	0,000000	0,000000	0,000000E+0
140,037697	0,000000	0,000000	0,000000E+0
140,037697	0,000000	0,000000	0,000000E+0
140,037697	0,000000	0,000000	0,000000E+0
140,037697	0,000000	0,000000	0,000000E+0
140,037697	0,000000	0,000000	0,000000E+0
140,037697	0,000000	0,000000	0,000000E+0
141,037102	0,000000	0,000000	0,000000E+0
141,037102	0,000000	0,000000	0,000000E+0
141,037102	0,000000	0,000000	0,000000E+0
141,037102	0,000000	0,000000	0,000000E+0
141,037102	0,000000	0,000000	0,000000E+0
141,037102	0,000000	0,000000	0,000000E+0
141,037102	0,000000	0,000000	0,000000E+0
141,037102	0,000000	0,000000	0,000000E+0
141,037102	0,000000	0,000000	0,000000E+0
141,037102	0,000000	0,000000	0,000000E+0
142,037559	0,000000	0,000000	0,000000E+0
142,037559	0,000000	0,000000	0,000000E+0
142,037559	0,000000	0,000000	0,000000E+0
142,037559	0,000000	0,000000	0,000000E+0
142,037559	0,000000	0,000000	0,000000E+0
142,037559	0,000000	0,000000	0,000000E+0
142,037559	0,000000	0,000000	0,000000E+0
142,037559	0,000000	0,000000	0,000000E+0
142,037559	0,000000	0,000000	0,000000E+0
142,037559	0,000000	0,000000	0,000000E+0
143,037963	0,000000	0,000000	0,000000E+0
143,037963	0,000000	0,000000	0,000000E+0
143,037963	0,000000	0,000000	0,000000E+0
143,037963	0,000000	0,000000	0,000000E+0
143,037963	0,000000	0,000000	0,000000E+0
143,037963	0,000000	0,000000	0,000000E+0
143,037963	0,000000	0,000000	0,000000E+0
143,037963	0,000000	0,000000	0,000000E+0
143,037963	0,000000	0,000000	0,000000E+0
143,037963	0,000000	0,000000	0,000000E+0
144,037388	0,000000	0,000000	0,000000E+0
144,037388	0,000000	0,000000	0,000000E+0
144,037388	0,000000	0,000000	0,000000E+0
144,037388	0,000000	0,000000	0,000000E+0
144,037388	0,000000	0,000000	0,000000E+0
144,037388	0,000000	0,000000	0,000000E+0
144,037388	0,000000	0,000000	0,000000E+0
144,037388	0,000000	0,000000	0,000000E+0
144,037388	0,000000	0,000000	0,000000E+0
144,037388	0,000000	0,000000	0,000000E+0
145,038823	0,000000	0,000000	0,000000E+0
145,038823	0,000000	0,000000	0,000000E+0
145,038823	0,000000	0,000000	0,000000E+0
145,038823	0,000000	0,000000	0,000000E+0
145,038823	0,000000	0,000000	0,000000E+0
145,038823	0,000000	0,000000	0,000000E+0
145,038823	0,000000	0,000000	0,000000E+0
145,038823	0,000000	0,000000	0,000000E+0
145,038823	0,000000	0,000000	0,000000E+0
145,038823	0,000000	0,000000	0,000000E+0
146,038241	0,000000	0,000000	0,000000E+0
146,038241	0,000000	0,000000	0,000000E+0
146,038241	0,000000	0,000000	0,000000E+0
146,038241	0,000000	0,000000	0,000000E+0
146,038241	0,000000	0,000000	0,000000E+0
146,038241	0,000000	0,000000	0,000000E+0
146,038241	0,000000	0,000000	0,000000E+0
146,038241	0,000000	0,000000	0,000000E+0
146,038241	0,000000	0,000000	0,000000E+0
146,038241	0,000000	0,000000	0,000000E+0
147,039694	0,000000	0,000000	0,000000E+0
147,039694	0,000000	0,000000	0,000000E+0
147,039694	0,000000	0,000000	0,000000E+0
147,039694	0,000000	0,000000	0,000000E+0
147,039694	0,000000	0,000000	0,000000E+0
147,039694	0,000000	0,000000	0,000000E+0
147,039694	0,000000	0,000000	0,000000E+0
147,039694	0,000000	0,000000	0,000000E+0
147,039694	0,000000	0,000000	0,000000E+0
147,039694	0,000000	0,000000	0,000000E+0
148,039093	0,000000	0,000000	0,000000E+0
148,039093	0,000000	0,000000	0,000000E+0
148,039093	0,000000	0,000000	0,000000E+0
148,039093	0,000000	0,000000	0,000000E+0
148,039093	0,000000	0,000000	0,000000E+0
148,039093	0,000000	0,000000	0,000000E+0
148,039093	0,000000	0,000000	0,000000E+0
148,039093	0,000000	0,000000	0,000000E+0
148,039093	0,000000	0,000000	0,000000E+0
148,039093	0,000000	0,000000	0,000000E+0
149,039523	0,000000	0,000000	0,000000E+0
149,039523	0,000000	0,000000	0,000000E+0
149,039523	0,000000	0,000000	0,000000E+0
149,039523	0,000000	0,000000	0,000000E+0
149,039523	0,000000	0,000000	0,000000E+0
149,039523	0,000000	0,000000	0,000000E+0
149,039523	0,000000	0,000000	0,000000E+0
149,039523	0,000000	0,000000	0,000000E+0
149,039523	0,000000	0,000000	0,000000E+0
149,039523	0,000000	0,000000	0,000000E+0
150,039941	0,000000	0,000000	0,000000E+0
150,039941	0,000000	0,000000	0,000000E+0
150,039941	0,000000	0,000000	0,000000E+0
150,039941	0,000000	0,000000	0,000000E+0
150,039941	0,000000	0,000000	0,000000E+0
150,039941	0,000000	0,000000	0,000000E+0
150,039941	0,000000	0,000000	0,000000E+0
150,039941	0,000000	0,000000	0,000000E+0
150,039941	0,000000	0,000000	0,000000E+0
150,039941	0,000000	0,000000	0,000000E+0
151,039358	0,000000	0,000000	0,000000E+0
151,039358	0,000000	0,000000	0,000000E+0
151,039358	0,000000	0,000000	0,000000E+0
151,039358	0,000000	0,000000	0,000000E+0
151,039358	0,000000	0,000000	0,000000E+0
151,039358	0,000000	0,000000	0,000000E+0
151,039358	0,000000	0,000000	0,000000E+0
151,039358	0,000000	0,000000	0,000000E+0
151,039358	0,000000	0,000000	0,000000E+0
151,039358	0,000000	0,000000	0,000000E+0
152,039781	0,000000	0,000000	0,000000E+0
152,039781	0,000000	0,000000	0,000000E+0
152,039781	0,000000	0,000000	0,000000E+0
152,039781	0,000000	0,000000	0,000000E+0
152,039781	0,000000	0,000000	0,000000E+0
152,039781	0,000000	0,000000	0,000000E+0
152,039781	0,000000	0,000000	0,000000E+0
152,039781	0,000000	0,000000	0,000000E+0
152,039781	0,000000	0,000000	0,000000E+0
152,039781	0,000000	0,000000	0,000000E+0
153,039224	0,000000	0,000000	0,000000E+0
153,039224	0,000000	0,000000	0,000000E+0
153,039224	0,000000	0,000000	0,000000E+0
153,039224	0,000000	0,000000	0,000000E+0
153,039224	0,000000	0,000000	0,000000E+0
153,039224	0,000000	0,000000	0,000000E+0
153,039224	0,000000	0,000000	0,000000E+0
153,039224	0,000000	0,000000	0,000000E+0
153,039224	0,000000	0,000000	0,000000E+0
153,039224	0,000000	0,000000	0,000000E+0
154,039633	0,000000	0,000000	0,000000E+0
154,039633	0,000000	0,000000	0,000000E+0
154,039633	0,000000	0,000000	0,000000E+0
154,039633	0,000000	0,000000	0,000000E+0
154,039633	0,000000	0,000000	0,000000E+0
154,039633	0,000000	0,000000	0,000000E+0
154,039633	0,000000	0,000000	0,000000E+0
154,039633	0,000000	0,000000	0,000000E+0
154,039633	0,000000	0,000000	0,000000E+0
154,039633	0,000000	0,000000	0,000000E+0
155,040053	0,000000	0,000000	0,000000E+0
155,040053	0,000000	0,000000	0,000000E+0
155,040053	0,000000	0,000000	0,000000E+0
155,040053	0,000000	0,000000	0,000000E+0
155,040053	0,000000	0,000000	0,000000E+0
155,040053	0,000000	0,000000	0,000000E+0
155,040053	0,000000	0,000000	0,000000E+0
155,040053	0,000000	0,000000	0,000000E+0
155,040053	0,000000	0,000000	0,000000E+0
155,040053	0,000000	0,000000	0,000000E+0
156,040474	0,000000	0,000000	0,000000E+0
156,040474	0,000000	0,000000	0,000000E+0
156,040474	0,000000	0,000000	0,000000E+0
156,040474	0,000000	0,000000	0,000000E+0
156,040474	0,000000	0,000000	0,000000E+0
156,040474	0,000000	0,000000	0,000000E+0
156,040474	0,000000	0,000000	0,000000E+0
156,040474	0,000000	0,000000	0,000000E+0
