t	IF	IR	VF	VR	VelSP	VelRE
0,000	0,000	0,000	0,000E+0	2,400E+1	0,000E+0
0,000	0,000	0,000	0,000E+0	2,400E+1	0,000E+0	0,000E+0
1,003	0,000	0,000	3,000E-1	2,400E+1	0,000E+0	0,000E+0
2,003	0,000	0,000	3,000E-1	2,400E+1	0,000E+0	0,000E+0
3,003	0,000	0,000	3,000E-1	2,400E+1	0,000E+0	0,000E+0
4,002	0,000	0,000	3,000E-1	2,400E+1	0,000E+0	0,000E+0
5,003	0,000	0,000	3,000E-1	2,400E+1	0,000E+0	0,000E+0
6,003	0,000	0,000	3,000E-1	2,400E+1	0,000E+0	0,000E+0
7,004	0,000	0,000	3,000E-1	2,400E+1	0,000E+0	0,000E+0
8,004	0,000	0,000	3,000E-1	2,400E+1	0,000E+0	0,000E+0
9,004	0,000	0,000	3,000E-1	2,400E+1	0,000E+0	0,000E+0
10,005	0,000	0,000	3,000E-1	2,400E+1	0,000E+0	0,000E+0
11,004	0,000	0,000	3,000E-1	2,400E+1	0,000E+0	0,000E+0
12,005	0,000	0,000	3,000E-1	2,400E+1	0,000E+0	0,000E+0
13,004	0,000	0,000	3,000E-1	2,400E+1	0,000E+0	0,000E+0
14,005	0,000	0,000	3,000E-1	2,400E+1	0,000E+0	0,000E+0
15,005	0,000	0,000	3,000E-1	2,400E+1	0,000E+0	0,000E+0
16,004	0,000	0,000	3,000E-1	2,400E+1	0,000E+0	0,000E+0
17,006	0,000	0,000	3,000E-1	2,400E+1	0,000E+0	0,000E+0
18,005	0,000	0,000	3,000E-1	2,400E+1	0,000E+0	0,000E+0
19,006	0,000	0,000	3,000E-1	2,400E+1	0,000E+0	0,000E+0
20,005	0,000	0,000	3,000E-1	2,400E+1	0,000E+0	0,000E+0
21,007	0,000	0,000	3,000E-1	2,400E+1	3,500E+3	0,000E+0
22,007	0,000	0,000	3,000E-1	2,400E+1	3,500E+3	0,000E+0
23,006	0,000	0,000	3,000E-1	2,400E+1	3,500E+3	0,000E+0
24,007	0,000	0,000	3,000E-1	2,400E+1	3,500E+3	0,000E+0
25,006	0,000	0,000	3,000E-1	2,400E+1	3,500E+3	0,000E+0
26,008	0,000	0,000	3,000E-1	2,400E+1	3,500E+3	0,000E+0
27,007	0,000	0,000	3,000E-1	2,400E+1	3,500E+3	0,000E+0
28,008	0,000	0,000	3,000E-1	2,400E+1	3,500E+3	0,000E+0
29,009	0,000	0,000	3,000E-1	2,400E+1	3,500E+3	3,880E+2
30,009	0,000	0,000	3,000E-1	2,400E+1	3,500E+3	3,104E+3
31,011	0,000	0,000	3,000E-1	2,400E+1	3,500E+3	3,806E+3
32,011	0,000	0,000	3,000E-1	2,400E+1	3,500E+3	3,543E+3
33,012	0,000	0,000	3,000E-1	2,400E+1	3,500E+3	3,322E+3
34,012	0,000	0,000	3,000E-1	2,400E+1	3,500E+3	3,416E+3
35,012	0,000	0,000	3,000E-1	2,400E+1	3,500E+3	3,540E+3
36,013	0,000	0,000	3,000E-1	2,400E+1	3,500E+3	3,512E+3
37,012	0,000	0,000	3,000E-1	2,400E+1	3,500E+3	3,494E+3
38,014	0,000	0,000	3,000E-1	2,400E+1	3,500E+3	3,504E+3
39,013	0,000	0,000	3,000E-1	2,400E+1	3,500E+3	3,498E+3
40,014	0,000	0,000	3,000E-1	2,400E+1	3,500E+3	3,494E+3
41,014	0,000	0,000	3,000E-1	2,400E+1	3,500E+3	3,494E+3
42,014	0,000	0,000	3,000E-1	2,400E+1	3,500E+3	3,498E+3
43,014	0,000	0,000	3,000E-1	2,400E+1	3,500E+3	3,501E+3
44,014	0,000	0,000	3,000E-1	2,400E+1	3,500E+3	3,509E+3
45,015	0,000	0,000	3,000E-1	2,400E+1	3,500E+3	3,495E+3
46,014	0,000	0,000	3,000E-1	2,400E+1	3,500E+3	3,496E+3
47,015	0,000	0,000	3,000E-1	2,400E+1	3,500E+3	3,500E+3
48,015	0,000	0,000	3,000E-1	2,400E+1	3,500E+3	3,498E+3
49,015	0,000	0,000	3,000E-1	2,400E+1	3,500E+3	3,507E+3
50,015	0,000	0,000	3,000E-1	2,400E+1	3,500E+3	3,498E+3
51,015	0,000	0,000	3,000E-1	2,400E+1	3,500E+3	3,503E+3
52,016	0,000	0,000	3,000E-1	2,400E+1	3,500E+3	3,498E+3
53,016	0,000	0,000	3,000E-1	2,400E+1	3,500E+3	3,503E+3
54,017	0,000	0,000	3,000E-1	2,400E+1	3,500E+3	3,506E+3
55,016	0,000	0,000	3,000E-1	2,400E+1	3,500E+3	3,500E+3
56,017	0,000	0,000	3,000E-1	2,400E+1	3,500E+3	3,514E+3
57,018	0,000	0,000	3,000E-1	2,400E+1	3,500E+3	3,505E+3
58,017	0,000	0,000	3,000E-1	2,400E+1	3,500E+3	3,501E+3
59,017	0,000	0,000	3,000E-1	2,400E+1	3,500E+3	3,513E+3
60,018	0,000	0,000	3,000E-1	2,400E+1	3,500E+3	3,507E+3
61,019	0,000	0,000	3,000E-1	2,400E+1	3,500E+3	3,489E+3
62,019	0,000	0,000	3,000E-1	2,400E+1	3,500E+3	3,503E+3
63,020	0,000	0,000	3,000E-1	2,400E+1	3,500E+3	3,494E+3
64,020	0,000	0,000	3,000E-1	2,400E+1	3,500E+3	3,487E+3
65,021	0,000	0,000	3,000E-1	2,400E+1	3,500E+3	3,500E+3
66,020	0,000	0,000	3,000E-1	2,400E+1	3,500E+3	3,499E+3
67,021	0,000	0,000	3,000E-1	2,400E+1	3,500E+3	3,469E+3
68,021	0,000	0,000	3,000E-1	2,400E+1	3,500E+3	3,521E+3
69,021	0,000	0,000	3,000E-1	2,400E+1	3,500E+3	3,498E+3
70,021	0,000	0,000	3,000E-1	2,400E+1	3,500E+3	3,509E+3
71,020	0,000	0,000	3,000E-1	2,400E+1	3,500E+3	3,512E+3
72,021	0,000	0,000	3,000E-1	2,400E+1	3,500E+3	3,497E+3
73,020	0,000	0,000	3,000E-1	2,400E+1	3,500E+3	3,503E+3
74,021	0,000	0,000	3,000E-1	2,400E+1	3,500E+3	3,497E+3
75,021	0,000	0,000	3,000E-1	2,400E+1	3,500E+3	3,508E+3
76,022	0,000	0,000	3,000E-1	2,400E+1	3,500E+3	3,500E+3
77,022	0,000	0,000	3,000E-1	2,400E+1	3,500E+3	3,493E+3
78,021	0,000	0,000	3,000E-1	2,400E+1	3,500E+3	3,501E+3
79,022	0,000	0,000	3,000E-1	2,400E+1	3,500E+3	3,502E+3
80,022	0,000	0,000	3,000E-1	2,400E+1	3,500E+3	3,503E+3
81,023	0,000	0,000	3,000E-1	2,400E+1	3,500E+3	3,504E+3
82,023	0,000	0,000	3,000E-1	2,400E+1	3,500E+3	3,494E+3
83,023	0,000	0,000	3,000E-1	2,400E+1	3,500E+3	3,503E+3
84,022	0,000	0,000	3,000E-1	2,400E+1	3,500E+3	3,505E+3
85,023	0,000	0,000	3,000E-1	2,400E+1	3,500E+3	3,501E+3
86,022	0,000	0,000	3,000E-1	2,400E+1	3,500E+3	3,514E+3
87,023	0,000	0,000	3,000E-1	2,400E+1	3,500E+3	3,500E+3
88,022	0,000	0,000	3,000E-1	2,400E+1	3,500E+3	3,519E+3
89,023	0,000	0,000	3,000E-1	2,400E+1	3,500E+3	3,488E+3
90,023	0,000	0,000	3,000E-1	2,400E+1	3,500E+3	3,493E+3
91,022	0,000	0,000	3,000E-1	2,400E+1	3,500E+3	3,503E+3
92,023	0,000	0,000	3,000E-1	2,400E+1	3,500E+3	3,498E+3
93,023	0,000	0,000	3,000E-1	2,400E+1	3,500E+3	3,486E+3
94,024	0,000	0,000	3,000E-1	2,400E+1	3,500E+3	3,498E+3
95,024	0,000	0,000	3,000E-1	2,400E+1	3,500E+3	3,500E+3
96,025	0,000	0,000	3,000E-1	2,400E+1	3,500E+3	3,510E+3
97,026	0,000	0,000	3,000E-1	2,400E+1	3,500E+3	3,499E+3
98,025	0,000	0,000	3,000E-1	2,400E+1	3,500E+3	3,497E+3
99,027	0,000	0,000	3,000E-1	2,400E+1	3,500E+3	3,501E+3
100,026	0,000	0,000	3,000E-1	2,400E+1	3,500E+3	3,520E+3
101,027	0,000	0,000	3,000E-1	2,400E+1	3,000E+3	3,460E+3
102,027	0,000	0,000	3,000E-1	2,400E+1	3,000E+3	3,179E+3
103,027	0,000	0,000	3,000E-1	2,400E+1	3,000E+3	2,867E+3
104,028	0,000	0,000	3,000E-1	2,400E+1	3,000E+3	2,719E+3
105,027	0,000	0,000	3,000E-1	2,400E+1	3,000E+3	2,919E+3
106,028	0,000	0,000	3,000E-1	2,400E+1	3,000E+3	3,065E+3
107,028	0,000	0,000	3,000E-1	2,400E+1	3,000E+3	3,042E+3
108,030	0,000	0,000	3,000E-1	2,400E+1	3,000E+3	2,990E+3
109,030	0,000	0,000	3,000E-1	2,400E+1	3,000E+3	2,965E+3
110,029	0,000	0,000	3,000E-1	2,400E+1	3,000E+3	3,018E+3
111,030	0,000	0,000	3,000E-1	2,400E+1	3,000E+3	3,016E+3
112,030	0,000	0,000	3,000E-1	2,400E+1	3,000E+3	2,998E+3
113,032	0,000	0,000	3,000E-1	2,400E+1	3,000E+3	2,995E+3
114,031	0,000	0,000	3,000E-1	2,400E+1	3,000E+3	3,006E+3
115,032	0,000	0,000	3,000E-1	2,400E+1	3,000E+3	3,007E+3
116,033	0,000	0,000	5,400E-1	2,400E+1	3,000E+3	2,997E+3
117,032	0,000	0,000	5,400E-1	2,400E+1	3,000E+3	2,989E+3
118,033	0,000	0,000	3,000E-1	2,400E+1	3,000E+3	3,001E+3
119,032	0,008	0,000	9,300E-1	2,400E+1	3,000E+3	2,979E+3
120,033	0,025	0,000	9,300E-1	2,400E+1	3,000E+3	2,998E+3
121,032	0,025	0,000	1,820E+0	2,400E+1	3,000E+3	3,003E+3
122,033	0,048	0,000	2,970E+0	2,400E+1	3,000E+3	2,994E+3
123,033	0,064	0,000	2,970E+0	2,400E+1	3,000E+3	2,980E+3
124,032	0,064	0,000	3,820E+0	2,400E+1	3,000E+3	2,998E+3
125,033	0,087	0,000	5,020E+0	2,400E+1	3,000E+3	2,994E+3
126,032	0,102	0,000	5,020E+0	2,400E+1	3,000E+3	2,991E+3
127,033	0,102	0,000	5,740E+0	2,400E+1	3,000E+3	2,989E+3
128,034	0,118	0,000	6,530E+0	2,400E+1	3,000E+3	2,994E+3
129,033	0,133	0,000	6,530E+0	2,400E+1	3,000E+3	2,989E+3
130,034	0,133	0,000	7,160E+0	2,400E+1	3,000E+3	2,908E+3
131,033	0,140	0,000	3,000E-1	2,400E+1	3,000E+3	3,195E+3
132,035	0,000	0,000	3,000E-1	2,400E+1	3,000E+3	3,103E+3
133,034	0,000	0,000	3,000E-1	2,400E+1	3,000E+3	2,959E+3
134,035	0,000	0,000	3,000E-1	2,400E+1	0,000E+0	2,836E+3
135,035	0,000	0,000	3,000E-1	2,400E+1	0,000E+0	2,333E+3
136,035	0,000	0,000	3,000E-1	2,400E+1	0,000E+0	2,288E+3
