t	PL(A)	PL(B)	PL(T)	PL(E)	V(A)	V(B)	V(E)	I(A)	I(B)	I(E)	n_bracos	n_res
365,080	0,200	0,200	4,000E-1	0,000E+0	5,583E+1	5,581E+1	0,000E+0	0,000E+0	0,000E+0	0,000E+0	5	1010
0,005	0,000	0,000	0,000E+0	0,000E+0	0,000E+0	0,000E+0	0,000E+0	0,000E+0	0,000E+0	0,000E+0	5	1010
1,005	0,000	0,000	0,000E+0	0,000E+0	0,000E+0	0,000E+0	0,000E+0	0,000E+0	0,000E+0	0,000E+0	5	1010
2,005	0,000	0,000	0,000E+0	0,000E+0	0,000E+0	0,000E+0	0,000E+0	0,000E+0	0,000E+0	0,000E+0	5	1010
3,006	0,000	0,000	0,000E+0	0,000E+0	0,000E+0	0,000E+0	0,000E+0	0,000E+0	0,000E+0	0,000E+0	5	1010
4,005	0,000	0,000	0,000E+0	0,000E+0	0,000E+0	0,000E+0	0,000E+0	0,000E+0	0,000E+0	0,000E+0	5	1010
5,005	0,000	0,000	0,000E+0	0,000E+0	0,000E+0	0,000E+0	0,000E+0	0,000E+0	0,000E+0	0,000E+0	5	1010
6,005	0,000	0,000	0,000E+0	0,000E+0	0,000E+0	0,000E+0	0,000E+0	0,000E+0	0,000E+0	0,000E+0	5	1010
7,005	0,000	0,000	0,000E+0	0,000E+0	0,000E+0	0,000E+0	0,000E+0	0,000E+0	0,000E+0	0,000E+0	5	1010
8,006	0,000	0,000	0,000E+0	0,000E+0	0,000E+0	0,000E+0	0,000E+0	0,000E+0	0,000E+0	0,000E+0	5	1010
9,007	0,000	0,000	0,000E+0	0,000E+0	0,000E+0	0,000E+0	0,000E+0	0,000E+0	0,000E+0	0,000E+0	5	1010
10,007	0,000	0,000	0,000E+0	0,000E+0	0,000E+0	0,000E+0	0,000E+0	0,000E+0	0,000E+0	0,000E+0	5	1010
11,007	0,000	0,000	0,000E+0	0,000E+0	0,000E+0	0,000E+0	0,000E+0	0,000E+0	0,000E+0	0,000E+0	5	1010
12,007	0,000	0,000	0,000E+0	0,000E+0	0,000E+0	0,000E+0	0,000E+0	0,000E+0	0,000E+0	0,000E+0	5	1010
13,007	0,000	0,000	0,000E+0	0,000E+0	0,000E+0	0,000E+0	0,000E+0	0,000E+0	0,000E+0	0,000E+0	5	1010
14,007	0,000	0,000	0,000E+0	0,000E+0	0,000E+0	0,000E+0	0,000E+0	0,000E+0	0,000E+0	0,000E+0	5	1010
15,007	0,000	0,000	0,000E+0	0,000E+0	0,000E+0	0,000E+0	0,000E+0	0,000E+0	0,000E+0	0,000E+0	5	1010
16,008	0,000	0,000	0,000E+0	0,000E+0	0,000E+0	0,000E+0	0,000E+0	0,000E+0	0,000E+0	0,000E+0	5	1010
17,008	0,000	0,000	0,000E+0	0,000E+0	0,000E+0	0,000E+0	0,000E+0	0,000E+0	0,000E+0	0,000E+0	5	1010
18,008	0,000	0,000	0,000E+0	0,000E+0	0,000E+0	0,000E+0	0,000E+0	0,000E+0	0,000E+0	0,000E+0	5	1010
19,008	0,000	0,000	0,000E+0	0,000E+0	0,000E+0	0,000E+0	0,000E+0	0,000E+0	0,000E+0	0,000E+0	5	1010
20,008	0,000	5,100	5,100E+0	0,000E+0	1,204E+1	3,472E+1	0,000E+0	5,870E-2	1,065E+0	0,000E+0	5	1010
21,008	0,000	98,700	9,870E+1	0,000E+0	3,943E+1	8,297E+1	0,000E+0	0,000E+0	4,874E+0	0,000E+0	5	1010
22,009	5,200	3,400	8,600E+0	0,000E+0	3,799E+1	3,354E+1	0,000E+0	1,110E+0	9,396E-1	0,000E+0	5	1010
23,009	0,000	0,000	0,000E+0	0,000E+0	1,469E+1	1,539E+1	0,000E+0	0,000E+0	0,000E+0	0,000E+0	5	1010
24,009	0,000	0,000	0,000E+0	0,000E+0	5,750E+0	5,690E+0	0,000E+0	0,000E+0	0,000E+0	0,000E+0	5	1010
25,009	0,700	0,000	7,000E-1	0,000E+0	1,878E+1	6,050E+0	0,000E+0	3,932E-1	0,000E+0	0,000E+0	5	1010
26,009	74,700	0,000	7,470E+1	0,000E+0	7,600E+1	3,476E+1	0,000E+0	4,243E+0	0,000E+0	0,000E+0	5	1010
27,009	12,300	23,500	3,580E+1	0,000E+0	9,110E+1	9,378E+1	0,000E+0	1,085E+0	1,501E+0	0,000E+0	5	1010
28,009	43,700	54,700	9,840E+1	0,000E+0	1,494E+2	1,496E+2	0,000E+0	6,508E-1	6,459E-1	0,000E+0	5	1010
29,010	43,700	54,700	9,840E+1	0,000E+0	1,494E+2	1,496E+2	0,000E+0	6,508E-1	6,459E-1	0,000E+0	5	1010
30,010	8,300	7,600	1,590E+1	0,000E+0	1,631E+2	1,633E+2	0,000E+0	9,260E-2	9,210E-2	0,000E+0	5	1010
31,011	10,800	9,900	2,070E+1	0,000E+0	1,623E+2	1,622E+2	0,000E+0	1,189E-1	1,173E-1	0,000E+0	5	1010
32,012	17,800	16,400	3,420E+1	0,000E+0	1,683E+2	1,684E+2	0,000E+0	1,756E-1	1,732E-1	0,000E+0	5	1010
33,013	14,900	13,900	2,880E+1	0,000E+0	1,708E+2	1,706E+2	0,000E+0	1,473E-1	1,458E-1	0,000E+0	5	1010
34,014	5,200	4,400	9,600E+0	0,000E+0	1,499E+2	1,501E+2	0,000E+0	6,820E-2	6,760E-2	0,000E+0	5	1010
35,014	5,200	4,400	9,600E+0	0,000E+0	1,499E+2	1,501E+2	0,000E+0	6,820E-2	6,760E-2	0,000E+0	5	1010
36,015	1,300	0,900	2,200E+0	0,000E+0	1,156E+2	1,157E+2	0,000E+0	2,960E-2	2,930E-2	0,000E+0	5	1010
37,014	3,300	2,500	5,800E+0	0,000E+0	1,160E+2	1,161E+2	0,000E+0	6,310E-2	6,260E-2	0,000E+0	5	1010
38,015	11,900	10,300	2,220E+1	0,000E+0	1,340E+2	1,340E+2	0,000E+0	1,782E-1	1,767E-1	0,000E+0	5	1010
39,016	14,900	13,200	2,810E+1	0,000E+0	1,487E+2	1,489E+2	0,000E+0	1,850E-1	1,836E-1	0,000E+0	5	1010
40,017	10,600	9,500	2,010E+1	0,000E+0	1,493E+2	1,494E+2	0,000E+0	1,332E-1	1,329E-1	0,000E+0	5	1010
41,017	8,900	7,800	1,670E+1	0,000E+0	1,449E+2	1,451E+2	0,000E+0	1,164E-1	1,163E-1	0,000E+0	5	1010
42,018	9,300	8,200	1,750E+1	0,000E+0	1,449E+2	1,449E+2	0,000E+0	1,231E-1	1,216E-1	0,000E+0	5	1010
43,020	10,300	9,000	1,930E+1	0,000E+0	1,465E+2	1,464E+2	0,000E+0	1,320E-1	1,312E-1	0,000E+0	5	1010
44,019	10,400	9,200	1,960E+1	0,000E+0	1,473E+2	1,474E+2	0,000E+0	1,327E-1	1,310E-1	0,000E+0	5	1010
45,019	10,400	9,200	1,960E+1	0,000E+0	1,473E+2	1,474E+2	0,000E+0	1,327E-1	1,310E-1	0,000E+0	5	1010
46,019	9,800	8,700	1,850E+1	0,000E+0	1,467E+2	1,468E+2	0,000E+0	1,264E-1	1,252E-1	0,000E+0	5	1010
47,019	9,800	8,600	1,840E+1	0,000E+0	1,462E+2	1,461E+2	0,000E+0	1,271E-1	1,258E-1	0,000E+0	5	1010
48,020	10,200	9,000	1,920E+1	0,000E+0	1,468E+2	1,469E+2	0,000E+0	1,312E-1	1,304E-1	0,000E+0	5	1010
49,020	10,100	9,000	1,910E+1	0,000E+0	1,469E+2	1,471E+2	0,000E+0	1,299E-1	1,292E-1	0,000E+0	5	1010
50,021	9,900	8,700	1,860E+1	0,000E+0	1,465E+2	1,465E+2	0,000E+0	1,274E-1	1,262E-1	0,000E+0	5	1010
51,021	10,100	9,000	1,910E+1	0,000E+0	1,458E+2	1,462E+2	0,000E+0	1,321E-1	1,321E-1	0,000E+0	5	1010
52,021	22,000	20,700	4,270E+1	0,000E+0	1,517E+2	1,519E+2	0,000E+0	2,602E-1	2,601E-1	0,000E+0	5	1010
53,021	21,500	20,100	4,160E+1	0,000E+0	1,530E+2	1,531E+2	0,000E+0	2,485E-1	2,487E-1	0,000E+0	5	1010
54,021	21,500	20,400	4,190E+1	0,000E+0	1,526E+2	1,530E+2	0,000E+0	2,509E-1	2,532E-1	0,000E+0	5	1010
55,021	23,400	21,800	4,520E+1	0,000E+0	1,534E+2	1,534E+2	0,000E+0	2,715E-1	2,673E-1	0,000E+0	5	1010
56,023	23,400	21,800	4,520E+1	0,000E+0	1,534E+2	1,534E+2	0,000E+0	2,715E-1	2,673E-1	0,000E+0	5	1010
57,022	24,700	23,500	4,820E+1	0,000E+0	1,539E+2	1,539E+2	0,000E+0	2,871E-1	2,845E-1	0,000E+0	5	1010
58,023	26,600	25,600	5,220E+1	0,000E+0	1,546E+2	1,545E+2	0,000E+0	3,089E-1	3,065E-1	0,000E+0	5	1010
59,023	27,600	26,800	5,440E+1	0,000E+0	1,546E+2	1,549E+2	0,000E+0	3,203E-1	3,183E-1	0,000E+0	5	1010
60,023	28,700	28,100	5,680E+1	0,000E+0	1,549E+2	1,552E+2	0,000E+0	3,328E-1	3,322E-1	0,000E+0	5	1010
61,023	29,700	29,300	5,900E+1	0,000E+0	1,550E+2	1,552E+2	0,000E+0	3,461E-1	3,456E-1	0,000E+0	5	1010
62,023	30,800	30,300	6,110E+1	0,000E+0	1,554E+2	1,554E+2	0,000E+0	3,580E-1	3,560E-1	0,000E+0	5	1010
63,024	30,800	30,300	6,110E+1	0,000E+0	1,554E+2	1,554E+2	0,000E+0	3,580E-1	3,560E-1	0,000E+0	5	1010
64,023	32,500	32,500	6,500E+1	0,000E+0	1,561E+2	1,560E+2	0,000E+0	3,802E-1	3,781E-1	0,000E+0	5	1010
65,023	33,400	33,500	6,690E+1	0,000E+0	1,563E+2	1,563E+2	0,000E+0	3,908E-1	3,881E-1	0,000E+0	5	1010
66,023	33,800	34,300	6,810E+1	0,000E+0	1,564E+2	1,566E+2	0,000E+0	3,954E-1	3,963E-1	0,000E+0	5	1010
67,024	34,300	35,000	6,930E+1	0,000E+0	1,567E+2	1,568E+2	0,000E+0	4,025E-1	4,026E-1	0,000E+0	5	1010
68,025	35,100	35,900	7,100E+1	0,000E+0	1,567E+2	1,570E+2	0,000E+0	4,141E-1	4,126E-1	0,000E+0	5	1010
69,025	35,100	35,900	7,100E+1	0,000E+0	1,567E+2	1,570E+2	0,000E+0	4,141E-1	4,126E-1	0,000E+0	5	1010
70,025	36,000	36,800	7,280E+1	0,000E+0	1,571E+2	1,573E+2	0,000E+0	4,233E-1	4,208E-1	0,000E+0	5	1010
71,025	36,200	37,300	7,350E+1	0,000E+0	1,572E+2	1,572E+2	0,000E+0	4,264E-1	4,257E-1	0,000E+0	5	1010
72,026	36,500	37,600	7,410E+1	0,000E+0	1,575E+2	1,575E+2	0,000E+0	4,292E-1	4,279E-1	0,000E+0	5	1010
73,026	36,700	37,900	7,460E+1	0,000E+0	1,571E+2	1,570E+2	0,000E+0	4,338E-1	4,317E-1	0,000E+0	5	1010
74,026	37,000	38,000	7,500E+1	0,000E+0	1,572E+2	1,573E+2	0,000E+0	4,361E-1	4,334E-1	0,000E+0	5	1010
75,026	37,300	38,400	7,570E+1	0,000E+0	1,573E+2	1,572E+2	0,000E+0	4,404E-1	4,376E-1	0,000E+0	5	1010
76,026	37,600	39,100	7,670E+1	0,000E+0	1,574E+2	1,577E+2	0,000E+0	4,440E-1	4,441E-1	0,000E+0	5	1010
77,026	37,800	39,000	7,680E+1	0,000E+0	1,575E+2	1,576E+2	0,000E+0	4,451E-1	4,433E-1	0,000E+0	5	1010
78,026	37,700	39,100	7,680E+1	0,000E+0	1,574E+2	1,576E+2	0,000E+0	4,456E-1	4,435E-1	0,000E+0	5	1010
79,028	37,900	39,600	7,750E+1	0,000E+0	1,576E+2	1,578E+2	0,000E+0	4,477E-1	4,468E-1	0,000E+0	5	1010
80,028	38,100	39,600	7,770E+1	0,000E+0	1,576E+2	1,579E+2	0,000E+0	4,513E-1	4,492E-1	0,000E+0	5	1010
81,029	37,900	39,700	7,760E+1	0,000E+0	1,576E+2	1,580E+2	0,000E+0	4,476E-1	4,494E-1	0,000E+0	5	1010
82,029	38,400	39,800	7,820E+1	0,000E+0	1,578E+2	1,579E+2	0,000E+0	4,540E-1	4,507E-1	0,000E+0	5	1010
83,030	38,300	39,800	7,810E+1	0,000E+0	1,577E+2	1,576E+2	0,000E+0	4,531E-1	4,500E-1	0,000E+0	5	1010
84,030	38,300	39,800	7,810E+1	0,000E+0	1,577E+2	1,576E+2	0,000E+0	4,531E-1	4,500E-1	0,000E+0	5	1010
85,030	38,300	40,000	7,830E+1	0,000E+0	1,574E+2	1,578E+2	0,000E+0	4,540E-1	4,520E-1	0,000E+0	5	1010
86,030	38,500	40,300	7,880E+1	0,000E+0	1,575E+2	1,581E+2	0,000E+0	4,562E-1	4,551E-1	0,000E+0	5	1010
87,030	38,500	40,300	7,880E+1	0,000E+0	1,578E+2	1,577E+2	0,000E+0	4,566E-1	4,550E-1	0,000E+0	5	1010
88,030	38,700	40,200	7,890E+1	0,000E+0	1,576E+2	1,576E+2	0,000E+0	4,582E-1	4,565E-1	0,000E+0	5	1010
89,031	38,400	40,300	7,870E+1	0,000E+0	1,577E+2	1,581E+2	0,000E+0	4,554E-1	4,550E-1	0,000E+0	5	1010
90,031	38,400	40,300	7,870E+1	0,000E+0	1,577E+2	1,581E+2	0,000E+0	4,554E-1	4,550E-1	0,000E+0	5	1010
91,032	38,600	40,500	7,910E+1	0,000E+0	1,578E+2	1,580E+2	0,000E+0	4,582E-1	4,571E-1	0,000E+0	5	1010
92,032	38,800	40,600	7,940E+1	0,000E+0	1,576E+2	1,578E+2	0,000E+0	4,598E-1	4,591E-1	0,000E+0	5	1010
93,032	38,800	40,600	7,940E+1	0,000E+0	1,576E+2	1,578E+2	0,000E+0	4,598E-1	4,591E-1	0,000E+0	5	1010
94,032	39,000	40,400	7,940E+1	0,000E+0	1,577E+2	1,579E+2	0,000E+0	4,604E-1	4,568E-1	0,000E+0	5	1010
95,032	38,700	40,500	7,920E+1	0,000E+0	1,579E+2	1,581E+2	0,000E+0	4,581E-1	4,568E-1	0,000E+0	5	1010
96,032	38,800	40,300	7,910E+1	0,000E+0	1,579E+2	1,579E+2	0,000E+0	4,604E-1	4,573E-1	0,000E+0	5	1010
97,032	39,000	40,700	7,970E+1	0,000E+0	1,583E+2	1,584E+2	0,000E+0	4,610E-1	4,577E-1	0,000E+0	5	1010
98,033	38,700	40,800	7,950E+1	0,000E+0	1,582E+2	1,585E+2	0,000E+0	4,588E-1	4,580E-1	0,000E+0	5	1010
99,034	38,800	40,700	7,950E+1	0,000E+0	1,582E+2	1,582E+2	0,000E+0	4,599E-1	4,592E-1	0,000E+0	5	1010
100,033	38,800	40,400	7,920E+1	0,000E+0	1,579E+2	1,581E+2	0,000E+0	4,592E-1	4,575E-1	0,000E+0	5	1010
101,034	38,800	40,400	7,920E+1	0,000E+0	1,579E+2	1,581E+2	0,000E+0	4,592E-1	4,575E-1	0,000E+0	5	1010
102,034	38,800	40,800	7,960E+1	0,000E+0	1,580E+2	1,582E+2	0,000E+0	4,600E-1	4,591E-1	0,000E+0	5	1010
103,034	38,800	40,800	7,960E+1	0,000E+0	1,580E+2	1,582E+2	0,000E+0	4,600E-1	4,591E-1	0,000E+0	5	1010
104,034	38,800	40,800	7,960E+1	0,000E+0	1,580E+2	1,582E+2	0,000E+0	4,600E-1	4,591E-1	0,000E+0	5	1010
105,034	38,800	40,800	7,960E+1	0,000E+0	1,580E+2	1,582E+2	0,000E+0	4,600E-1	4,591E-1	0,000E+0	5	1010
106,034	38,800	40,800	7,960E+1	0,000E+0	1,580E+2	1,582E+2	0,000E+0	4,600E-1	4,591E-1	0,000E+0	5	1010
107,034	39,000	40,600	7,960E+1	0,000E+0	1,579E+2	1,579E+2	0,000E+0	4,602E-1	4,575E-1	0,000E+0	5	1010
108,034	39,000	40,600	7,960E+1	0,000E+0	1,579E+2	1,579E+2	0,000E+0	4,602E-1	4,575E-1	0,000E+0	5	1010
109,035	39,000	40,600	7,960E+1	0,000E+0	1,579E+2	1,579E+2	0,000E+0	4,602E-1	4,575E-1	0,000E+0	5	1010
110,034	39,100	40,600	7,970E+1	0,000E+0	1,579E+2	1,578E+2	0,000E+0	4,633E-1	4,583E-1	0,000E+0	5	1010
111,035	39,100	40,600	7,970E+1	0,000E+0	1,579E+2	1,578E+2	0,000E+0	4,633E-1	4,583E-1	0,000E+0	5	1010
112,036	39,100	40,600	7,970E+1	0,000E+0	1,579E+2	1,578E+2	0,000E+0	4,633E-1	4,583E-1	0,000E+0	5	1010
113,035	39,100	40,600	7,970E+1	0,000E+0	1,579E+2	1,578E+2	0,000E+0	4,633E-1	4,583E-1	0,000E+0	5	1010
114,035	38,800	40,500	7,930E+1	0,000E+0	1,577E+2	1,578E+2	0,000E+0	4,612E-1	4,591E-1	0,000E+0	5	1010
115,035	38,600	40,600	7,920E+1	0,000E+0	1,579E+2	1,581E+2	0,000E+0	4,586E-1	4,574E-1	0,000E+0	5	1010
116,036	38,900	40,700	7,960E+1	0,000E+0	1,578E+2	1,579E+2	0,000E+0	4,593E-1	4,575E-1	0,000E+0	5	1010
117,036	38,900	40,700	7,960E+1	0,000E+0	1,578E+2	1,579E+2	0,000E+0	4,593E-1	4,575E-1	0,000E+0	5	1010
118,037	38,900	40,800	7,970E+1	0,000E+0	1,580E+2	1,581E+2	0,000E+0	4,609E-1	4,602E-1	0,000E+0	6	1010
119,038	39,200	40,400	7,960E+1	0,000E+0	1,583E+2	1,577E+2	0,000E+0	4,620E-1	4,575E-1	0,000E+0	6	1010
120,037	38,700	40,700	7,940E+1	0,000E+0	1,577E+2	1,578E+2	0,000E+0	4,600E-1	4,606E-1	0,000E+0	6	1010
121,037	38,700	40,800	7,950E+1	0,000E+0	1,578E+2	1,580E+2	0,000E+0	4,594E-1	4,597E-1	0,000E+0	6	1010
122,037	38,700	40,800	7,950E+1	0,000E+0	1,578E+2	1,580E+2	0,000E+0	4,594E-1	4,597E-1	0,000E+0	6	1010
123,037	38,700	40,800	7,950E+1	0,000E+0	1,578E+2	1,580E+2	0,000E+0	4,594E-1	4,597E-1	0,000E+0	6	1010
124,037	38,700	40,800	7,950E+1	0,000E+0	1,578E+2	1,580E+2	0,000E+0	4,594E-1	4,597E-1	0,000E+0	6	1010
125,037	38,700	40,800	7,950E+1	0,000E+0	1,578E+2	1,580E+2	0,000E+0	4,594E-1	4,597E-1	0,000E+0	6	1010
126,038	39,000	40,700	7,970E+1	0,000E+0	1,578E+2	1,582E+2	0,000E+0	4,617E-1	4,606E-1	0,000E+0	6	1010
127,037	39,000	40,700	7,970E+1	0,000E+0	1,578E+2	1,582E+2	0,000E+0	4,617E-1	4,606E-1	0,000E+0	6	1010
128,037	39,000	40,700	7,970E+1	0,000E+0	1,578E+2	1,582E+2	0,000E+0	4,617E-1	4,606E-1	0,000E+0	6	1010
129,037	39,000	40,700	7,970E+1	0,000E+0	1,579E+2	1,579E+2	0,000E+0	4,608E-1	4,603E-1	0,000E+0	6	1010
130,037	39,000	40,700	7,970E+1	0,000E+0	1,579E+2	1,579E+2	0,000E+0	4,608E-1	4,603E-1	0,000E+0	6	1010
131,038	38,900	40,700	7,960E+1	0,000E+0	1,582E+2	1,584E+2	0,000E+0	4,595E-1	4,594E-1	0,000E+0	6	1010
132,038	38,900	40,700	7,960E+1	0,000E+0	1,582E+2	1,584E+2	0,000E+0	4,595E-1	4,594E-1	0,000E+0	6	1010
133,039	39,100	40,500	7,960E+1	0,000E+0	1,584E+2	1,583E+2	0,000E+0	4,623E-1	4,575E-1	0,000E+0	6	1010
134,039	38,900	40,600	7,950E+1	0,000E+0	1,579E+2	1,580E+2	0,000E+0	4,607E-1	4,578E-1	0,000E+0	7	1010
135,039	38,900	40,600	7,950E+1	0,000E+0	1,581E+2	1,579E+2	0,000E+0	4,611E-1	4,578E-1	0,000E+0	7	1010
136,039	39,100	40,800	7,990E+1	0,000E+0	1,580E+2	1,581E+2	0,000E+0	4,625E-1	4,610E-1	0,000E+0	7	1010
137,039	38,800	40,700	7,950E+1	0,000E+0	1,580E+2	1,582E+2	0,000E+0	4,599E-1	4,594E-1	0,000E+0	7	1010
138,041	38,800	40,700	7,950E+1	0,000E+0	1,580E+2	1,582E+2	0,000E+0	4,599E-1	4,594E-1	0,000E+0	7	1010
139,041	38,800	40,700	7,950E+1	0,000E+0	1,580E+2	1,582E+2	0,000E+0	4,599E-1	4,594E-1	0,000E+0	7	1010
140,041	38,800	40,700	7,950E+1	0,000E+0	1,580E+2	1,582E+2	0,000E+0	4,599E-1	4,594E-1	0,000E+0	7	1010
141,041	38,800	40,700	7,950E+1	0,000E+0	1,580E+2	1,582E+2	0,000E+0	4,599E-1	4,594E-1	0,000E+0	7	1010
142,042	39,000	40,800	7,980E+1	0,000E+0	1,582E+2	1,581E+2	0,000E+0	4,636E-1	4,606E-1	0,000E+0	7	1010
143,042	39,000	40,800	7,980E+1	0,000E+0	1,582E+2	1,581E+2	0,000E+0	4,636E-1	4,606E-1	0,000E+0	7	1010
144,042	39,000	40,800	7,980E+1	0,000E+0	1,582E+2	1,581E+2	0,000E+0	4,636E-1	4,606E-1	0,000E+0	7	1010
145,042	39,000	40,800	7,980E+1	0,000E+0	1,582E+2	1,581E+2	0,000E+0	4,636E-1	4,606E-1	0,000E+0	7	1010
146,042	38,900	40,700	7,960E+1	0,000E+0	1,580E+2	1,583E+2	0,000E+0	4,604E-1	4,603E-1	0,000E+0	7	1010
147,043	38,900	40,700	7,960E+1	0,000E+0	1,580E+2	1,583E+2	0,000E+0	4,604E-1	4,603E-1	0,000E+0	7	1010
148,043	38,900	40,900	7,980E+1	0,000E+0	1,579E+2	1,581E+2	0,000E+0	4,614E-1	4,615E-1	0,000E+0	7	1010
149,043	38,900	40,900	7,980E+1	0,000E+0	1,579E+2	1,581E+2	0,000E+0	4,614E-1	4,615E-1	0,000E+0	7	1010
150,044	38,900	40,700	7,960E+1	0,000E+0	1,581E+2	1,580E+2	0,000E+0	4,604E-1	4,595E-1	0,000E+0	7	1010
151,044	38,800	40,900	7,970E+1	0,000E+0	1,581E+2	1,582E+2	0,000E+0	4,599E-1	4,592E-1	0,000E+0	7	1010
152,044	39,000	40,600	7,960E+1	0,000E+0	1,581E+2	1,579E+2	0,000E+0	4,612E-1	4,588E-1	0,000E+0	7	1011
153,046	39,000	40,800	7,980E+1	0,000E+0	1,579E+2	1,583E+2	0,000E+0	4,624E-1	4,606E-1	0,000E+0	7	1011
154,045	38,900	40,800	7,970E+1	0,000E+0	1,579E+2	1,581E+2	0,000E+0	4,615E-1	4,596E-1	0,000E+0	7	1011
155,046	38,900	40,800	7,970E+1	0,000E+0	1,579E+2	1,581E+2	0,000E+0	4,615E-1	4,596E-1	0,000E+0	7	1011
156,046	38,800	41,000	7,980E+1	0,000E+0	1,581E+2	1,583E+2	0,000E+0	4,616E-1	4,615E-1	0,000E+0	7	1011
157,047	39,000	41,000	8,000E+1	0,000E+0	1,578E+2	1,582E+2	0,000E+0	4,607E-1	4,622E-1	0,000E+0	7	1011
158,048	38,800	40,800	7,960E+1	0,000E+0	1,584E+2	1,584E+2	0,000E+0	4,610E-1	4,598E-1	0,000E+0	7	1011
159,048	38,900	40,700	7,960E+1	0,000E+0	1,581E+2	1,579E+2	0,000E+0	4,621E-1	4,596E-1	0,000E+0	7	1011
160,048	39,000	41,000	8,000E+1	0,000E+0	1,579E+2	1,582E+2	0,000E+0	4,628E-1	4,619E-1	0,000E+0	7	1011
161,048	39,000	41,000	8,000E+1	0,000E+0	1,579E+2	1,582E+2	0,000E+0	4,628E-1	4,619E-1	0,000E+0	7	1011
162,048	39,000	41,000	8,000E+1	0,000E+0	1,579E+2	1,582E+2	0,000E+0	4,628E-1	4,619E-1	0,000E+0	7	1011
163,049	39,000	41,000	8,000E+1	0,000E+0	1,579E+2	1,582E+2	0,000E+0	4,628E-1	4,619E-1	0,000E+0	7	1011
164,049	39,000	41,000	8,000E+1	0,000E+0	1,579E+2	1,582E+2	0,000E+0	4,628E-1	4,619E-1	0,000E+0	7	1011
165,050	39,100	40,900	8,000E+1	0,000E+0	1,579E+2	1,584E+2	0,000E+0	4,644E-1	4,609E-1	0,000E+0	7	1011
166,050	39,100	40,900	8,000E+1	0,000E+0	1,579E+2	1,584E+2	0,000E+0	4,644E-1	4,609E-1	0,000E+0	7	1011
167,050	39,100	40,900	8,000E+1	0,000E+0	1,579E+2	1,584E+2	0,000E+0	4,644E-1	4,609E-1	0,000E+0	7	1011
168,050	39,100	41,000	8,010E+1	0,000E+0	1,582E+2	1,579E+2	0,000E+0	4,631E-1	4,610E-1	0,000E+0	7	1011
169,050	39,100	41,000	8,010E+1	0,000E+0	1,582E+2	1,579E+2	0,000E+0	4,631E-1	4,610E-1	0,000E+0	7	1011
170,051	39,100	41,000	8,010E+1	0,000E+0	1,582E+2	1,579E+2	0,000E+0	4,631E-1	4,610E-1	0,000E+0	7	1011
171,051	39,100	41,000	8,010E+1	0,000E+0	1,582E+2	1,579E+2	0,000E+0	4,631E-1	4,610E-1	0,000E+0	7	1011
172,052	39,100	40,700	7,980E+1	0,000E+0	1,579E+2	1,579E+2	0,000E+0	4,623E-1	4,592E-1	0,000E+0	7	1011
173,051	39,100	40,700	7,980E+1	0,000E+0	1,579E+2	1,579E+2	0,000E+0	4,623E-1	4,592E-1	0,000E+0	7	1011
174,051	38,900	40,900	7,980E+1	0,000E+0	1,579E+2	1,582E+2	0,000E+0	4,615E-1	4,609E-1	0,000E+0	7	1011
175,051	39,100	40,900	8,000E+1	0,000E+0	1,581E+2	1,580E+2	0,000E+0	4,636E-1	4,608E-1	0,000E+0	7	1011
176,051	39,100	40,900	8,000E+1	0,000E+0	1,581E+2	1,581E+2	0,000E+0	4,639E-1	4,612E-1	0,000E+0	7	1011
177,051	39,300	40,700	8,000E+1	0,000E+0	1,581E+2	1,581E+2	0,000E+0	4,649E-1	4,600E-1	0,000E+0	6	1011
178,052	38,900	41,000	7,990E+1	0,000E+0	1,579E+2	1,582E+2	0,000E+0	4,620E-1	4,618E-1	0,000E+0	6	1011
179,053	39,200	40,900	8,010E+1	0,000E+0	1,582E+2	1,581E+2	0,000E+0	4,631E-1	4,612E-1	0,000E+0	6	1011
180,052	38,900	40,800	7,970E+1	0,000E+0	1,583E+2	1,584E+2	0,000E+0	4,610E-1	4,595E-1	0,000E+0	6	1011
181,053	38,900	40,800	7,970E+1	0,000E+0	1,583E+2	1,584E+2	0,000E+0	4,610E-1	4,595E-1	0,000E+0	6	1011
182,052	38,900	40,800	7,970E+1	0,000E+0	1,583E+2	1,584E+2	0,000E+0	4,610E-1	4,595E-1	0,000E+0	6	1011
183,052	38,900	40,800	7,970E+1	0,000E+0	1,583E+2	1,584E+2	0,000E+0	4,610E-1	4,595E-1	0,000E+0	6	1011
184,052	38,900	40,800	7,970E+1	0,000E+0	1,583E+2	1,584E+2	0,000E+0	4,610E-1	4,595E-1	0,000E+0	6	1011
185,052	39,100	40,900	8,000E+1	0,000E+0	1,579E+2	1,584E+2	0,000E+0	4,632E-1	4,606E-1	0,000E+0	6	1011
186,053	39,100	40,900	8,000E+1	0,000E+0	1,579E+2	1,584E+2	0,000E+0	4,632E-1	4,606E-1	0,000E+0	6	1011
187,054	39,100	40,900	8,000E+1	0,000E+0	1,579E+2	1,584E+2	0,000E+0	4,632E-1	4,606E-1	0,000E+0	6	1011
188,054	39,100	40,900	8,000E+1	0,000E+0	1,579E+2	1,584E+2	0,000E+0	4,632E-1	4,606E-1	0,000E+0	6	1011
189,054	39,100	40,900	8,000E+1	0,000E+0	1,581E+2	1,580E+2	0,000E+0	4,641E-1	4,614E-1	0,000E+0	6	1011
190,055	38,800	41,100	7,990E+1	0,000E+0	1,581E+2	1,584E+2	0,000E+0	4,614E-1	4,624E-1	0,000E+0	6	1011
191,055	38,800	41,100	7,990E+1	0,000E+0	1,581E+2	1,584E+2	0,000E+0	4,614E-1	4,624E-1	0,000E+0	6	1011
192,055	39,000	40,900	7,990E+1	0,000E+0	1,580E+2	1,582E+2	0,000E+0	4,633E-1	4,619E-1	0,000E+0	6	1011
193,055	39,000	40,900	7,990E+1	0,000E+0	1,580E+2	1,582E+2	0,000E+0	4,633E-1	4,619E-1	0,000E+0	5	1011
194,055	39,100	40,700	7,980E+1	0,000E+0	1,578E+2	1,581E+2	0,000E+0	4,623E-1	4,601E-1	0,000E+0	5	1011
195,056	39,000	40,900	7,990E+1	0,000E+0	1,578E+2	1,581E+2	0,000E+0	4,630E-1	4,608E-1	0,000E+0	5	1011
196,057	39,000	40,900	7,990E+1	0,000E+0	1,580E+2	1,582E+2	0,000E+0	4,621E-1	4,605E-1	0,000E+0	5	1011
197,057	39,000	40,900	7,990E+1	0,000E+0	1,580E+2	1,582E+2	0,000E+0	4,621E-1	4,605E-1	0,000E+0	5	1011
198,058	39,000	40,900	7,990E+1	0,000E+0	1,580E+2	1,582E+2	0,000E+0	4,621E-1	4,605E-1	0,000E+0	5	1011
199,059	39,000	40,900	7,990E+1	0,000E+0	1,580E+2	1,582E+2	0,000E+0	4,621E-1	4,605E-1	0,000E+0	5	1011
200,059	39,000	40,900	7,990E+1	0,000E+0	1,580E+2	1,582E+2	0,000E+0	4,621E-1	4,605E-1	0,000E+0	5	1011
201,060	39,200	40,900	8,010E+1	0,000E+0	1,580E+2	1,582E+2	0,000E+0	4,640E-1	4,625E-1	0,000E+0	5	1011
202,061	39,200	40,900	8,010E+1	0,000E+0	1,580E+2	1,582E+2	0,000E+0	4,640E-1	4,625E-1	0,000E+0	5	1011
203,061	39,200	40,900	8,010E+1	0,000E+0	1,580E+2	1,582E+2	0,000E+0	4,640E-1	4,625E-1	0,000E+0	5	1011
204,061	38,900	41,000	7,990E+1	0,000E+0	1,579E+2	1,583E+2	0,000E+0	4,616E-1	4,619E-1	0,000E+0	5	1011
205,062	38,900	41,000	7,990E+1	0,000E+0	1,579E+2	1,583E+2	0,000E+0	4,616E-1	4,619E-1	0,000E+0	5	1011
206,062	39,000	40,800	7,980E+1	0,000E+0	1,583E+2	1,582E+2	0,000E+0	4,644E-1	4,602E-1	0,000E+0	5	1011
207,062	39,000	40,800	7,980E+1	0,000E+0	1,583E+2	1,582E+2	0,000E+0	4,644E-1	4,602E-1	0,000E+0	5	1011
208,062	39,100	40,800	7,990E+1	0,000E+0	1,581E+2	1,582E+2	0,000E+0	4,618E-1	4,611E-1	0,000E+0	5	1011
209,062	39,100	40,800	7,990E+1	0,000E+0	1,581E+2	1,582E+2	0,000E+0	4,618E-1	4,611E-1	0,000E+0	5	1011
210,063	38,900	40,800	7,970E+1	0,000E+0	1,581E+2	1,583E+2	0,000E+0	4,614E-1	4,607E-1	0,000E+0	4	1011
211,063	38,900	40,800	7,970E+1	0,000E+0	1,581E+2	1,583E+2	0,000E+0	4,614E-1	4,607E-1	0,000E+0	4	1011
212,063	39,100	40,700	7,980E+1	0,000E+0	1,581E+2	1,584E+2	0,000E+0	4,636E-1	4,600E-1	0,000E+0	4	1011
213,063	39,100	40,900	8,000E+1	0,000E+0	1,579E+2	1,583E+2	0,000E+0	4,642E-1	4,612E-1	0,000E+0	4	1011
214,063	39,100	40,900	8,000E+1	0,000E+0	1,579E+2	1,583E+2	0,000E+0	4,642E-1	4,612E-1	0,000E+0	4	1011
215,063	39,100	40,900	8,000E+1	0,000E+0	1,579E+2	1,583E+2	0,000E+0	4,642E-1	4,612E-1	0,000E+0	4	1011
216,063	39,100	40,900	8,000E+1	0,000E+0	1,579E+2	1,583E+2	0,000E+0	4,642E-1	4,612E-1	0,000E+0	4	1011
217,063	39,100	41,000	8,010E+1	0,000E+0	1,580E+2	1,581E+2	0,000E+0	4,624E-1	4,613E-1	0,000E+0	4	1011
218,063	39,100	41,000	8,010E+1	0,000E+0	1,580E+2	1,581E+2	0,000E+0	4,624E-1	4,613E-1	0,000E+0	4	1011
219,063	38,900	41,000	7,990E+1	0,000E+0	1,581E+2	1,582E+2	0,000E+0	4,624E-1	4,618E-1	0,000E+0	4	1011
220,063	38,900	41,000	7,990E+1	0,000E+0	1,581E+2	1,582E+2	0,000E+0	4,624E-1	4,618E-1	0,000E+0	4	1011
221,065	38,900	41,000	7,990E+1	0,000E+0	1,581E+2	1,582E+2	0,000E+0	4,624E-1	4,618E-1	0,000E+0	4	1011
222,065	39,100	41,100	8,020E+1	0,000E+0	1,581E+2	1,583E+2	0,000E+0	4,642E-1	4,634E-1	0,000E+0	4	1011
223,065	39,100	41,100	8,020E+1	0,000E+0	1,581E+2	1,583E+2	0,000E+0	4,642E-1	4,634E-1	0,000E+0	4	1011
224,065	39,100	41,100	8,020E+1	0,000E+0	1,581E+2	1,583E+2	0,000E+0	4,642E-1	4,634E-1	0,000E+0	4	1011
225,066	39,000	40,900	7,990E+1	0,000E+0	1,581E+2	1,582E+2	0,000E+0	4,623E-1	4,617E-1	0,000E+0	4	1011
226,066	39,200	40,800	8,000E+1	0,000E+0	1,579E+2	1,581E+2	0,000E+0	4,630E-1	4,604E-1	0,000E+0	3	1011
227,066	38,900	41,200	8,010E+1	0,000E+0	1,579E+2	1,582E+2	0,000E+0	4,627E-1	4,634E-1	0,000E+0	3	1011
228,067	39,000	40,900	7,990E+1	0,000E+0	1,581E+2	1,581E+2	0,000E+0	4,630E-1	4,608E-1	0,000E+0	3	1011
229,067	39,200	41,000	8,020E+1	0,000E+0	1,583E+2	1,584E+2	0,000E+0	4,642E-1	4,613E-1	0,000E+0	3	1011
230,067	39,100	40,900	8,000E+1	0,000E+0	1,582E+2	1,582E+2	0,000E+0	4,638E-1	4,613E-1	0,000E+0	3	1011
231,067	39,100	40,900	8,000E+1	0,000E+0	1,582E+2	1,582E+2	0,000E+0	4,638E-1	4,613E-1	0,000E+0	3	1011
232,067	39,100	40,900	8,000E+1	0,000E+0	1,582E+2	1,582E+2	0,000E+0	4,638E-1	4,613E-1	0,000E+0	3	1011
233,067	39,000	40,900	7,990E+1	0,000E+0	1,580E+2	1,584E+2	0,000E+0	4,622E-1	4,612E-1	0,000E+0	3	1011
234,067	39,000	40,900	7,990E+1	0,000E+0	1,580E+2	1,584E+2	0,000E+0	4,622E-1	4,612E-1	0,000E+0	3	1011
235,067	39,000	40,900	7,990E+1	0,000E+0	1,580E+2	1,584E+2	0,000E+0	4,622E-1	4,612E-1	0,000E+0	3	1011
236,068	38,900	41,100	8,000E+1	0,000E+0	1,581E+2	1,584E+2	0,000E+0	4,627E-1	4,628E-1	0,000E+0	3	1011
237,067	38,900	41,100	8,000E+1	0,000E+0	1,581E+2	1,584E+2	0,000E+0	4,627E-1	4,628E-1	0,000E+0	3	1011
238,067	38,900	41,100	8,000E+1	0,000E+0	1,581E+2	1,584E+2	0,000E+0	4,627E-1	4,628E-1	0,000E+0	3	1011
239,067	38,900	41,100	8,000E+1	0,000E+0	1,581E+2	1,584E+2	0,000E+0	4,627E-1	4,628E-1	0,000E+0	3	1011
240,067	39,100	40,900	8,000E+1	0,000E+0	1,582E+2	1,584E+2	0,000E+0	4,631E-1	4,613E-1	0,000E+0	3	1011
241,067	39,100	40,900	8,000E+1	0,000E+0	1,582E+2	1,584E+2	0,000E+0	4,631E-1	4,613E-1	0,000E+0	3	1011
242,067	38,900	41,000	7,990E+1	0,000E+0	1,583E+2	1,587E+2	0,000E+0	4,613E-1	4,630E-1	0,000E+0	3	1011
243,067	38,900	41,000	7,990E+1	0,000E+0	1,583E+2	1,587E+2	0,000E+0	4,613E-1	4,630E-1	0,000E+0	2	1011
244,068	38,900	41,100	8,000E+1	0,000E+0	1,583E+2	1,586E+2	0,000E+0	4,625E-1	4,626E-1	0,000E+0	2	1011
245,068	39,400	40,800	8,020E+1	0,000E+0	1,584E+2	1,584E+2	0,000E+0	4,665E-1	4,613E-1	0,000E+0	2	1011
246,068	39,400	40,800	8,020E+1	0,000E+0	1,584E+2	1,584E+2	0,000E+0	4,665E-1	4,613E-1	0,000E+0	2	1011
247,068	39,400	40,800	8,020E+1	0,000E+0	1,584E+2	1,584E+2	0,000E+0	4,665E-1	4,613E-1	0,000E+0	2	1011
248,069	39,200	40,800	8,000E+1	0,000E+0	1,584E+2	1,583E+2	0,000E+0	4,635E-1	4,596E-1	0,000E+0	2	1011
249,069	39,200	40,800	8,000E+1	0,000E+0	1,584E+2	1,583E+2	0,000E+0	4,635E-1	4,596E-1	0,000E+0	2	1011
250,069	39,200	40,800	8,000E+1	0,000E+0	1,584E+2	1,583E+2	0,000E+0	4,635E-1	4,596E-1	0,000E+0	2	1011
251,070	39,200	40,800	8,000E+1	0,000E+0	1,584E+2	1,583E+2	0,000E+0	4,635E-1	4,596E-1	0,000E+0	2	1011
252,069	39,000	40,900	7,990E+1	0,000E+0	1,582E+2	1,582E+2	0,000E+0	4,623E-1	4,613E-1	0,000E+0	2	1011
253,069	39,000	40,900	7,990E+1	0,000E+0	1,582E+2	1,582E+2	0,000E+0	4,623E-1	4,613E-1	0,000E+0	2	1011
254,069	39,000	40,900	7,990E+1	0,000E+0	1,582E+2	1,582E+2	0,000E+0	4,623E-1	4,613E-1	0,000E+0	2	1011
255,070	38,900	41,000	7,990E+1	0,000E+0	1,579E+2	1,582E+2	0,000E+0	4,621E-1	4,619E-1	0,000E+0	2	1011
256,070	38,900	41,000	7,990E+1	0,000E+0	1,579E+2	1,582E+2	0,000E+0	4,621E-1	4,619E-1	0,000E+0	2	1011
257,070	39,100	41,000	8,010E+1	0,000E+0	1,581E+2	1,581E+2	0,000E+0	4,636E-1	4,627E-1	0,000E+0	2	1011
258,071	39,200	40,700	7,990E+1	0,000E+0	1,581E+2	1,580E+2	0,000E+0	4,655E-1	4,605E-1	0,000E+0	1	1011
259,070	39,000	41,000	8,000E+1	0,000E+0	1,580E+2	1,581E+2	0,000E+0	4,623E-1	4,614E-1	0,000E+0	1	1011
260,070	39,000	41,000	8,000E+1	0,000E+0	1,580E+2	1,581E+2	0,000E+0	4,623E-1	4,614E-1	0,000E+0	1	1011
261,070	39,100	41,000	8,010E+1	0,000E+0	1,580E+2	1,582E+2	0,000E+0	4,631E-1	4,624E-1	0,000E+0	1	1011
262,070	39,100	41,000	8,010E+1	0,000E+0	1,580E+2	1,582E+2	0,000E+0	4,631E-1	4,624E-1	0,000E+0	1	1011
263,071	39,100	41,000	8,010E+1	0,000E+0	1,580E+2	1,582E+2	0,000E+0	4,631E-1	4,624E-1	0,000E+0	1	1011
264,071	38,900	41,100	8,000E+1	0,000E+0	1,576E+2	1,582E+2	0,000E+0	4,629E-1	4,643E-1	0,000E+0	1	1011
265,072	38,900	41,100	8,000E+1	0,000E+0	1,576E+2	1,582E+2	0,000E+0	4,629E-1	4,643E-1	0,000E+0	1	1011
266,072	38,900	41,100	8,000E+1	0,000E+0	1,576E+2	1,582E+2	0,000E+0	4,629E-1	4,643E-1	0,000E+0	1	1011
267,072	38,900	41,100	8,000E+1	0,000E+0	1,576E+2	1,582E+2	0,000E+0	4,629E-1	4,643E-1	0,000E+0	1	1011
268,072	39,100	40,900	8,000E+1	0,000E+0	1,580E+2	1,583E+2	0,000E+0	4,635E-1	4,612E-1	0,000E+0	1	1011
269,073	39,100	40,900	8,000E+1	0,000E+0	1,580E+2	1,583E+2	0,000E+0	4,635E-1	4,612E-1	0,000E+0	1	1011
270,072	39,100	40,900	8,000E+1	0,000E+0	1,580E+2	1,583E+2	0,000E+0	4,635E-1	4,612E-1	0,000E+0	1	1011
271,073	39,000	41,100	8,010E+1	0,000E+0	1,582E+2	1,584E+2	0,000E+0	4,643E-1	4,636E-1	0,000E+0	1	1011
272,073	39,000	41,100	8,010E+1	0,000E+0	1,582E+2	1,584E+2	0,000E+0	4,643E-1	4,636E-1	0,000E+0	1	1011
273,073	38,900	41,200	8,010E+1	0,000E+0	1,579E+2	1,584E+2	0,000E+0	4,617E-1	4,629E-1	0,000E+0	1	1011
274,074	38,900	40,900	7,980E+1	0,000E+0	1,580E+2	1,582E+2	0,000E+0	4,621E-1	4,622E-1	0,000E+0	0	1011
275,075	39,200	41,100	8,030E+1	0,000E+0	1,579E+2	1,580E+2	0,000E+0	4,644E-1	4,633E-1	0,000E+0	0	1011
276,076	39,200	41,100	8,030E+1	0,000E+0	1,579E+2	1,580E+2	0,000E+0	4,644E-1	4,633E-1	0,000E+0	0	1011
277,076	39,200	40,700	7,990E+1	0,000E+0	1,579E+2	1,579E+2	0,000E+0	4,638E-1	4,588E-1	0,000E+0	0	1011
278,076	39,200	40,700	7,990E+1	0,000E+0	1,579E+2	1,579E+2	0,000E+0	4,638E-1	4,588E-1	0,000E+0	0	1011
279,076	39,200	40,700	7,990E+1	0,000E+0	1,579E+2	1,579E+2	0,000E+0	4,638E-1	4,588E-1	0,000E+0	0	1011
280,076	39,100	41,200	8,030E+1	0,000E+0	1,578E+2	1,581E+2	0,000E+0	4,645E-1	4,634E-1	0,000E+0	0	1011
281,076	39,100	41,200	8,030E+1	0,000E+0	1,578E+2	1,581E+2	0,000E+0	4,645E-1	4,634E-1	0,000E+0	0	1011
282,076	39,100	41,200	8,030E+1	0,000E+0	1,578E+2	1,581E+2	0,000E+0	4,645E-1	4,634E-1	0,000E+0	0	1011
283,077	39,000	40,700	7,970E+1	0,000E+0	1,576E+2	1,579E+2	0,000E+0	4,624E-1	4,597E-1	0,000E+0	0	1011
284,077	39,000	40,700	7,970E+1	0,000E+0	1,576E+2	1,579E+2	0,000E+0	4,624E-1	4,597E-1	0,000E+0	0	1011
285,077	39,000	40,700	7,970E+1	0,000E+0	1,576E+2	1,579E+2	0,000E+0	4,624E-1	4,597E-1	0,000E+0	0	1011
286,078	39,000	40,700	7,970E+1	0,000E+0	1,576E+2	1,579E+2	0,000E+0	4,624E-1	4,597E-1	0,000E+0	0	1011
287,078	38,900	40,800	7,970E+1	0,000E+0	1,578E+2	1,581E+2	0,000E+0	4,621E-1	4,613E-1	0,000E+0	0	1011
288,078	38,900	40,800	7,970E+1	0,000E+0	1,578E+2	1,581E+2	0,000E+0	4,621E-1	4,613E-1	0,000E+0	0	1011
289,078	39,000	41,000	8,000E+1	0,000E+0	1,580E+2	1,581E+2	0,000E+0	4,626E-1	4,624E-1	0,000E+0	0	1011
290,079	39,000	41,000	8,000E+1	0,000E+0	1,580E+2	1,581E+2	0,000E+0	4,626E-1	4,624E-1	0,000E+0	0	1011
291,078	39,000	40,900	7,990E+1	0,000E+0	1,580E+2	1,579E+2	0,000E+0	4,626E-1	4,622E-1	0,000E+0	0	1011
292,078	39,100	40,900	8,000E+1	0,000E+0	1,578E+2	1,577E+2	0,000E+0	4,628E-1	4,618E-1	0,000E+0	0	1100
293,079	38,900	40,900	7,980E+1	0,000E+0	1,578E+2	1,579E+2	0,000E+0	4,630E-1	4,619E-1	0,000E+0	0	1100
294,079	38,800	41,000	7,980E+1	0,000E+0	1,577E+2	1,581E+2	0,000E+0	4,612E-1	4,618E-1	0,000E+0	0	1100
295,080	39,200	40,900	8,010E+1	0,000E+0	1,581E+2	1,581E+2	0,000E+0	4,661E-1	4,623E-1	0,000E+0	0	1100
296,080	39,100	41,100	8,020E+1	0,000E+0	1,579E+2	1,581E+2	0,000E+0	4,641E-1	4,631E-1	0,000E+0	0	1100
297,081	39,100	41,100	8,020E+1	0,000E+0	1,579E+2	1,581E+2	0,000E+0	4,641E-1	4,631E-1	0,000E+0	0	1100
298,082	39,000	40,900	7,990E+1	0,000E+0	1,580E+2	1,581E+2	0,000E+0	4,635E-1	4,615E-1	0,000E+0	0	1100
299,081	39,100	40,900	8,000E+1	0,000E+0	1,582E+2	1,581E+2	0,000E+0	4,627E-1	4,615E-1	0,000E+0	0	1100
300,081	39,000	41,000	8,000E+1	0,000E+0	1,578E+2	1,578E+2	0,000E+0	4,632E-1	4,629E-1	0,000E+0	0	1100
301,081	39,000	40,800	7,980E+1	0,000E+0	1,577E+2	1,580E+2	0,000E+0	4,620E-1	4,605E-1	0,000E+0	0	1100
302,082	39,000	40,900	7,990E+1	0,000E+0	1,576E+2	1,577E+2	0,000E+0	4,632E-1	4,615E-1	0,000E+0	0	1100
303,082	39,000	40,900	7,990E+1	0,000E+0	1,576E+2	1,577E+2	0,000E+0	4,632E-1	4,615E-1	0,000E+0	0	1100
304,082	39,000	40,900	7,990E+1	0,000E+0	1,576E+2	1,577E+2	0,000E+0	4,632E-1	4,615E-1	0,000E+0	0	1100
305,083	39,000	40,900	7,990E+1	0,000E+0	1,576E+2	1,577E+2	0,000E+0	4,632E-1	4,615E-1	0,000E+0	0	1100
306,082	39,000	40,900	7,990E+1	0,000E+0	1,576E+2	1,577E+2	0,000E+0	4,632E-1	4,615E-1	0,000E+0	0	1100
307,082	39,000	41,000	8,000E+1	0,000E+0	1,579E+2	1,579E+2	0,000E+0	4,635E-1	4,622E-1	0,000E+0	0	1100
308,082	39,000	40,900	7,990E+1	0,000E+0	1,576E+2	1,578E+2	0,000E+0	4,631E-1	4,614E-1	0,000E+0	0	1100
309,082	39,000	40,900	7,990E+1	0,000E+0	1,576E+2	1,578E+2	0,000E+0	4,631E-1	4,614E-1	0,000E+0	0	1100
310,082	39,000	41,000	8,000E+1	0,000E+0	1,580E+2	1,578E+2	0,000E+0	4,646E-1	4,622E-1	0,000E+0	0	1100
311,083	39,000	41,000	8,000E+1	0,000E+0	1,580E+2	1,578E+2	0,000E+0	4,646E-1	4,622E-1	0,000E+0	0	1100
312,084	39,000	41,000	8,000E+1	0,000E+0	1,580E+2	1,578E+2	0,000E+0	4,646E-1	4,622E-1	0,000E+0	0	1100
313,083	39,000	40,900	7,990E+1	0,000E+0	1,577E+2	1,578E+2	0,000E+0	4,628E-1	4,615E-1	0,000E+0	0	1100
314,084	38,900	41,000	7,990E+1	0,000E+0	1,580E+2	1,578E+2	0,000E+0	4,639E-1	4,631E-1	0,000E+0	0	1100
315,084	39,000	40,600	7,960E+1	0,000E+0	1,578E+2	1,575E+2	0,000E+0	4,615E-1	4,595E-1	0,000E+0	1	1100
316,084	39,100	40,900	8,000E+1	0,000E+0	1,579E+2	1,578E+2	0,000E+0	4,644E-1	4,624E-1	0,000E+0	1	1100
317,085	39,100	41,100	8,020E+1	0,000E+0	1,581E+2	1,582E+2	0,000E+0	4,641E-1	4,626E-1	0,000E+0	1	1100
318,086	39,100	41,100	8,020E+1	0,000E+0	1,581E+2	1,582E+2	0,000E+0	4,641E-1	4,626E-1	0,000E+0	1	1100
319,087	39,100	41,100	8,020E+1	0,000E+0	1,581E+2	1,582E+2	0,000E+0	4,641E-1	4,626E-1	0,000E+0	1	1100
320,086	39,100	41,100	8,020E+1	0,000E+0	1,581E+2	1,582E+2	0,000E+0	4,641E-1	4,626E-1	0,000E+0	1	1100
321,086	39,100	41,100	8,020E+1	0,000E+0	1,581E+2	1,582E+2	0,000E+0	4,641E-1	4,626E-1	0,000E+0	1	1100
322,087	39,000	40,900	7,990E+1	0,000E+0	1,581E+2	1,582E+2	0,000E+0	4,622E-1	4,618E-1	0,000E+0	1	1100
323,087	39,000	40,900	7,990E+1	0,000E+0	1,581E+2	1,582E+2	0,000E+0	4,622E-1	4,618E-1	0,000E+0	1	1100
324,088	39,000	40,900	7,990E+1	0,000E+0	1,581E+2	1,582E+2	0,000E+0	4,622E-1	4,618E-1	0,000E+0	1	1100
325,088	38,900	41,000	7,990E+1	0,000E+0	1,579E+2	1,581E+2	0,000E+0	4,630E-1	4,617E-1	0,000E+0	1	1100
326,089	38,900	41,000	7,990E+1	0,000E+0	1,579E+2	1,581E+2	0,000E+0	4,630E-1	4,617E-1	0,000E+0	1	1100
327,089	39,100	40,900	8,000E+1	0,000E+0	1,581E+2	1,581E+2	0,000E+0	4,638E-1	4,621E-1	0,000E+0	1	1100
328,090	39,100	40,900	8,000E+1	0,000E+0	1,581E+2	1,581E+2	0,000E+0	4,638E-1	4,621E-1	0,000E+0	1	1100
329,090	39,000	41,100	8,010E+1	0,000E+0	1,578E+2	1,584E+2	0,000E+0	4,630E-1	4,619E-1	0,000E+0	1	1100
330,090	39,000	41,100	8,010E+1	0,000E+0	1,578E+2	1,584E+2	0,000E+0	4,630E-1	4,619E-1	0,000E+0	2	1100
331,090	39,400	40,900	8,030E+1	0,000E+0	1,581E+2	1,578E+2	0,000E+0	4,676E-1	4,626E-1	0,000E+0	2	1100
332,090	39,100	40,800	7,990E+1	0,000E+0	1,581E+2	1,579E+2	0,000E+0	4,631E-1	4,610E-1	0,000E+0	2	1100
333,091	39,100	40,700	7,980E+1	0,000E+0	1,578E+2	1,580E+2	0,000E+0	4,637E-1	4,602E-1	0,000E+0	2	1100
334,090	39,100	40,700	7,980E+1	0,000E+0	1,578E+2	1,580E+2	0,000E+0	4,637E-1	4,602E-1	0,000E+0	2	1100
335,091	39,100	40,700	7,980E+1	0,000E+0	1,578E+2	1,580E+2	0,000E+0	4,637E-1	4,602E-1	0,000E+0	2	1100
336,091	39,100	40,700	7,980E+1	0,000E+0	1,578E+2	1,580E+2	0,000E+0	4,637E-1	4,602E-1	0,000E+0	2	1100
337,091	39,000	41,100	8,010E+1	0,000E+0	1,579E+2	1,580E+2	0,000E+0	4,647E-1	4,636E-1	0,000E+0	2	1100
338,092	39,000	41,100	8,010E+1	0,000E+0	1,579E+2	1,580E+2	0,000E+0	4,647E-1	4,636E-1	0,000E+0	2	1100
339,092	39,000	41,100	8,010E+1	0,000E+0	1,579E+2	1,580E+2	0,000E+0	4,647E-1	4,636E-1	0,000E+0	2	1100
340,093	39,100	41,100	8,020E+1	0,000E+0	1,578E+2	1,579E+2	0,000E+0	4,637E-1	4,618E-1	0,000E+0	2	1100
341,092	39,100	41,100	8,020E+1	0,000E+0	1,578E+2	1,579E+2	0,000E+0	4,637E-1	4,618E-1	0,000E+0	2	1100
342,092	39,300	40,800	8,010E+1	0,000E+0	1,579E+2	1,581E+2	0,000E+0	4,643E-1	4,603E-1	0,000E+0	2	1100
343,092	39,300	40,800	8,010E+1	0,000E+0	1,579E+2	1,581E+2	0,000E+0	4,643E-1	4,603E-1	0,000E+0	2	1100
344,092	39,000	40,800	7,980E+1	0,000E+0	1,578E+2	1,579E+2	0,000E+0	4,626E-1	4,596E-1	0,000E+0	2	1100
345,092	39,000	40,800	7,980E+1	0,000E+0	1,578E+2	1,579E+2	0,000E+0	4,626E-1	4,596E-1	0,000E+0	2	1100
346,092	39,200	41,000	8,020E+1	0,000E+0	1,579E+2	1,580E+2	0,000E+0	4,648E-1	4,625E-1	0,000E+0	2	1100
347,092	38,900	40,900	7,980E+1	0,000E+0	1,582E+2	1,581E+2	0,000E+0	4,623E-1	4,606E-1	0,000E+0	3	1100
348,093	39,000	41,000	8,000E+1	0,000E+0	1,579E+2	1,581E+2	0,000E+0	4,620E-1	4,622E-1	0,000E+0	3	1100
349,093	39,100	40,900	8,000E+1	0,000E+0	1,580E+2	1,580E+2	0,000E+0	4,652E-1	4,618E-1	0,000E+0	3	1100
350,093	38,900	40,900	7,980E+1	0,000E+0	1,577E+2	1,580E+2	0,000E+0	4,620E-1	4,610E-1	0,000E+0	3	1100
351,093	38,900	40,900	7,980E+1	0,000E+0	1,577E+2	1,580E+2	0,000E+0	4,620E-1	4,610E-1	0,000E+0	3	1100
352,093	38,900	40,900	7,980E+1	0,000E+0	1,577E+2	1,580E+2	0,000E+0	4,620E-1	4,610E-1	0,000E+0	3	1100
353,093	38,900	40,800	7,970E+1	0,000E+0	1,579E+2	1,579E+2	0,000E+0	4,623E-1	4,616E-1	0,000E+0	3	1100
354,093	38,900	40,800	7,970E+1	0,000E+0	1,579E+2	1,579E+2	0,000E+0	4,623E-1	4,616E-1	0,000E+0	3	1100
355,094	39,100	40,900	8,000E+1	0,000E+0	1,579E+2	1,582E+2	0,000E+0	4,645E-1	4,630E-1	0,000E+0	3	1100
356,094	39,100	40,900	8,000E+1	0,000E+0	1,579E+2	1,582E+2	0,000E+0	4,645E-1	4,630E-1	0,000E+0	3	1100
357,094	39,100	40,900	8,000E+1	0,000E+0	1,579E+2	1,582E+2	0,000E+0	4,645E-1	4,630E-1	0,000E+0	3	1100
358,094	39,200	41,000	8,020E+1	0,000E+0	1,584E+2	1,584E+2	0,000E+0	4,660E-1	4,624E-1	0,000E+0	3	1100
359,094	39,200	41,000	8,020E+1	0,000E+0	1,584E+2	1,584E+2	0,000E+0	4,660E-1	4,624E-1	0,000E+0	3	1100
360,094	39,200	41,000	8,020E+1	0,000E+0	1,584E+2	1,584E+2	0,000E+0	4,660E-1	4,624E-1	0,000E+0	3	1100
361,094	39,200	40,700	7,990E+1	0,000E+0	1,581E+2	1,581E+2	0,000E+0	4,641E-1	4,608E-1	0,000E+0	3	1100
362,094	39,200	41,000	8,020E+1	0,000E+0	1,578E+2	1,579E+2	0,000E+0	4,657E-1	4,624E-1	0,000E+0	4	1100
363,095	39,100	41,200	8,030E+1	0,000E+0	1,576E+2	1,583E+2	0,000E+0	4,629E-1	4,630E-1	0,000E+0	4	1100
364,095	38,900	41,000	7,990E+1	0,000E+0	1,579E+2	1,581E+2	0,000E+0	4,613E-1	4,614E-1	0,000E+0	4	1100
365,095	38,900	41,000	7,990E+1	0,000E+0	1,579E+2	1,581E+2	0,000E+0	4,613E-1	4,614E-1	0,000E+0	4	1100
366,095	38,900	41,000	7,990E+1	0,000E+0	1,579E+2	1,581E+2	0,000E+0	4,613E-1	4,614E-1	0,000E+0	4	1100
367,096	38,900	41,000	7,990E+1	0,000E+0	1,579E+2	1,581E+2	0,000E+0	4,613E-1	4,614E-1	0,000E+0	4	1100
368,096	39,100	41,000	8,010E+1	0,000E+0	1,580E+2	1,581E+2	0,000E+0	4,643E-1	4,622E-1	0,000E+0	4	1100
369,096	39,100	41,000	8,010E+1	0,000E+0	1,580E+2	1,581E+2	0,000E+0	4,643E-1	4,622E-1	0,000E+0	4	1100
370,096	39,100	41,000	8,010E+1	0,000E+0	1,580E+2	1,582E+2	0,000E+0	4,639E-1	4,621E-1	0,000E+0	4	1100
371,096	39,100	41,000	8,010E+1	0,000E+0	1,580E+2	1,582E+2	0,000E+0	4,639E-1	4,621E-1	0,000E+0	4	1100
372,096	39,100	41,000	8,010E+1	0,000E+0	1,580E+2	1,582E+2	0,000E+0	4,639E-1	4,621E-1	0,000E+0	4	1100
373,096	38,900	41,100	8,000E+1	0,000E+0	1,580E+2	1,582E+2	0,000E+0	4,614E-1	4,615E-1	0,000E+0	4	1100
374,097	38,900	41,100	8,000E+1	0,000E+0	1,580E+2	1,582E+2	0,000E+0	4,614E-1	4,615E-1	0,000E+0	4	1100
375,096	38,900	41,100	8,000E+1	0,000E+0	1,580E+2	1,582E+2	0,000E+0	4,614E-1	4,615E-1	0,000E+0	4	1100
376,097	39,000	40,800	7,980E+1	0,000E+0	1,582E+2	1,580E+2	0,000E+0	4,635E-1	4,603E-1	0,000E+0	4	1100
377,097	39,200	40,700	7,990E+1	0,000E+0	1,580E+2	1,582E+2	0,000E+0	4,656E-1	4,614E-1	0,000E+0	5	1100
378,098	38,800	41,100	7,990E+1	0,000E+0	1,578E+2	1,582E+2	0,000E+0	4,624E-1	4,626E-1	0,000E+0	5	1100
379,098	39,000	40,900	7,990E+1	0,000E+0	1,579E+2	1,582E+2	0,000E+0	4,625E-1	4,623E-1	0,000E+0	5	1100
380,098	39,000	40,900	7,990E+1	0,000E+0	1,579E+2	1,582E+2	0,000E+0	4,625E-1	4,623E-1	0,000E+0	5	1100
381,098	39,000	40,900	7,990E+1	0,000E+0	1,579E+2	1,582E+2	0,000E+0	4,625E-1	4,623E-1	0,000E+0	5	1100
382,098	39,000	40,900	7,990E+1	0,000E+0	1,579E+2	1,582E+2	0,000E+0	4,625E-1	4,623E-1	0,000E+0	5	1100
383,099	39,000	41,000	8,000E+1	0,000E+0	1,581E+2	1,582E+2	0,000E+0	4,629E-1	4,618E-1	0,000E+0	5	1100
384,099	39,000	41,000	8,000E+1	0,000E+0	1,581E+2	1,582E+2	0,000E+0	4,629E-1	4,618E-1	0,000E+0	5	1100
385,099	39,200	40,900	8,010E+1	0,000E+0	1,581E+2	1,582E+2	0,000E+0	4,650E-1	4,620E-1	0,000E+0	5	1100
386,099	39,200	40,900	8,010E+1	0,000E+0	1,581E+2	1,582E+2	0,000E+0	4,650E-1	4,620E-1	0,000E+0	5	1100
387,099	39,200	40,900	8,010E+1	0,000E+0	1,581E+2	1,582E+2	0,000E+0	4,650E-1	4,620E-1	0,000E+0	5	1100
388,100	39,000	41,100	8,010E+1	0,000E+0	1,580E+2	1,581E+2	0,000E+0	4,630E-1	4,629E-1	0,000E+0	5	1100
389,099	39,000	41,100	8,010E+1	0,000E+0	1,580E+2	1,581E+2	0,000E+0	4,630E-1	4,629E-1	0,000E+0	5	1100
390,100	39,000	41,100	8,010E+1	0,000E+0	1,580E+2	1,581E+2	0,000E+0	4,630E-1	4,629E-1	0,000E+0	5	1100
391,100	39,000	41,100	8,010E+1	0,000E+0	1,580E+2	1,581E+2	0,000E+0	4,630E-1	4,629E-1	0,000E+0	5	1100
392,100	39,100	40,900	8,000E+1	0,000E+0	1,579E+2	1,582E+2	0,000E+0	4,642E-1	4,618E-1	0,000E+0	6	1100
393,100	39,000	41,000	8,000E+1	0,000E+0	1,579E+2	1,579E+2	0,000E+0	4,626E-1	4,620E-1	0,000E+0	6	1100
394,100	38,900	41,000	7,990E+1	0,000E+0	1,580E+2	1,580E+2	0,000E+0	4,633E-1	4,616E-1	0,000E+0	6	1100
395,101	38,900	41,000	7,990E+1	0,000E+0	1,580E+2	1,580E+2	0,000E+0	4,633E-1	4,616E-1	0,000E+0	6	1100
396,100	38,900	41,000	7,990E+1	0,000E+0	1,580E+2	1,580E+2	0,000E+0	4,633E-1	4,616E-1	0,000E+0	6	1100
397,100	38,900	41,000	7,990E+1	0,000E+0	1,580E+2	1,580E+2	0,000E+0	4,633E-1	4,616E-1	0,000E+0	6	1100
398,100	39,100	40,900	8,000E+1	0,000E+0	1,582E+2	1,580E+2	0,000E+0	4,636E-1	4,609E-1	0,000E+0	6	1100
399,100	39,100	40,900	8,000E+1	0,000E+0	1,582E+2	1,580E+2	0,000E+0	4,636E-1	4,609E-1	0,000E+0	6	1100
400,100	39,100	41,000	8,010E+1	0,000E+0	1,580E+2	1,583E+2	0,000E+0	4,644E-1	4,623E-1	0,000E+0	6	1100
401,101	39,100	41,000	8,010E+1	0,000E+0	1,580E+2	1,583E+2	0,000E+0	4,644E-1	4,623E-1	0,000E+0	6	1100
402,101	39,100	41,000	8,010E+1	0,000E+0	1,580E+2	1,583E+2	0,000E+0	4,644E-1	4,623E-1	0,000E+0	6	1100
403,101	39,100	40,900	8,000E+1	0,000E+0	1,579E+2	1,582E+2	0,000E+0	4,633E-1	4,613E-1	0,000E+0	6	1100
404,101	39,100	40,900	8,000E+1	0,000E+0	1,579E+2	1,582E+2	0,000E+0	4,633E-1	4,613E-1	0,000E+0	6	1100
405,101	39,100	40,900	8,000E+1	0,000E+0	1,579E+2	1,582E+2	0,000E+0	4,633E-1	4,613E-1	0,000E+0	6	1100
406,101	39,100	40,900	8,000E+1	0,000E+0	1,579E+2	1,582E+2	0,000E+0	4,633E-1	4,613E-1	0,000E+0	6	1100
407,101	39,000	40,700	7,970E+1	0,000E+0	1,579E+2	1,579E+2	0,000E+0	4,611E-1	4,597E-1	0,000E+0	6	1100
408,101	39,000	41,000	8,000E+1	0,000E+0	1,579E+2	1,578E+2	0,000E+0	4,639E-1	4,623E-1	0,000E+0	6	1100
409,101	39,100	41,000	8,010E+1	0,000E+0	1,578E+2	1,579E+2	0,000E+0	4,638E-1	4,626E-1	0,000E+0	6	1100
410,101	39,100	41,000	8,010E+1	0,000E+0	1,578E+2	1,579E+2	0,000E+0	4,638E-1	4,626E-1	0,000E+0	6	1100
411,101	39,000	40,900	7,990E+1	0,000E+0	1,575E+2	1,579E+2	0,000E+0	4,636E-1	4,619E-1	0,000E+0	6	1100
412,101	39,000	40,900	7,990E+1	0,000E+0	1,577E+2	1,580E+2	0,000E+0	4,632E-1	4,613E-1	0,000E+0	6	1100
413,102	39,000	40,900	7,990E+1	0,000E+0	1,577E+2	1,580E+2	0,000E+0	4,640E-1	4,623E-1	0,000E+0	6	1100
414,104	38,900	41,100	8,000E+1	0,000E+0	1,577E+2	1,580E+2	0,000E+0	4,636E-1	4,638E-1	0,000E+0	6	1100
415,104	38,900	41,100	8,000E+1	0,000E+0	1,578E+2	1,581E+2	0,000E+0	4,640E-1	4,639E-1	0,000E+0	6	1100
416,105	39,200	40,800	8,000E+1	0,000E+0	1,578E+2	1,579E+2	0,000E+0	4,633E-1	4,611E-1	0,000E+0	6	1100
417,105	39,200	40,800	8,000E+1	0,000E+0	1,578E+2	1,579E+2	0,000E+0	4,633E-1	4,611E-1	0,000E+0	6	1100
418,105	38,900	40,900	7,980E+1	0,000E+0	1,574E+2	1,579E+2	0,000E+0	4,621E-1	4,628E-1	0,000E+0	6	1100
419,105	30,200	30,800	6,100E+1	0,000E+0	1,569E+2	1,570E+2	0,000E+0	3,777E-1	3,764E-1	0,000E+0	6	1100
420,105	7,700	6,700	1,440E+1	0,000E+0	1,443E+2	1,444E+2	0,000E+0	1,038E-1	1,025E-1	0,000E+0	6	1100
421,105	0,500	0,200	7,000E-1	0,000E+0	9,882E+1	9,885E+1	0,000E+0	0,000E+0	0,000E+0	0,000E+0	6	1100
