t	IF	IR	VF	VR	VelSP	VelRE
0,000	0,130	0,000	3,000E-1	2,400E+1	3,000E+3	3,000E+3
0,000	0,000	0,000	3,000E-1	2,400E+1	3,000E+3	2,992E+3
1,026	0,000	0,000	3,000E-1	2,400E+1	3,000E+3	3,005E+3
2,028	0,000	0,000	3,000E-1	2,400E+1	3,000E+3	2,997E+3
3,028	0,000	0,000	3,000E-1	2,400E+1	3,000E+3	2,998E+3
4,028	0,000	0,000	3,000E-1	2,400E+1	3,000E+3	2,996E+3
5,034	0,000	0,000	3,000E-1	2,400E+1	3,000E+3	3,001E+3
6,034	0,000	0,000	3,000E-1	2,400E+1	3,000E+3	2,999E+3
7,035	0,000	0,000	3,000E-1	2,400E+1	3,000E+3	3,001E+3
8,035	0,000	0,000	3,000E-1	2,400E+1	3,000E+3	3,003E+3
9,035	0,000	0,000	3,000E-1	2,400E+1	3,000E+3	3,000E+3
10,035	0,000	0,000	3,000E-1	2,400E+1	0,000E+0	2,834E+3
11,035	0,000	0,000	3,000E-1	2,400E+1	0,000E+0	2,318E+3
12,036	0,000	0,000	3,000E-1	2,400E+1	0,000E+0	1,808E+3
13,037	0,000	0,000	3,000E-1	2,400E+1	0,000E+0	1,374E+3
14,037	0,000	0,000	3,000E-1	2,400E+1	0,000E+0	0,000E+0
15,037	0,000	0,000	3,000E-1	2,400E+1	0,000E+0	0,000E+0
16,037	0,000	0,000	3,000E-1	2,400E+1	0,000E+0	0,000E+0
17,037	0,000	0,000	3,000E-1	2,400E+1	0,000E+0	0,000E+0
18,036	0,000	0,000	3,000E-1	2,400E+1	0,000E+0	0,000E+0
19,037	0,000	0,000	3,000E-1	2,400E+1	0,000E+0	0,000E+0
20,042	0,000	0,000	3,000E-1	2,400E+1	0,000E+0	0,000E+0
21,042	0,000	0,000	3,000E-1	2,400E+1	0,000E+0	0,000E+0
22,043	0,000	0,000	3,000E-1	2,400E+1	0,000E+0	0,000E+0
23,044	0,000	0,000	3,000E-1	2,400E+1	0,000E+0	0,000E+0
24,044	0,000	0,000	3,000E-1	2,400E+1	0,000E+0	0,000E+0
