0,000000	0,000000	0,000000	5,583364E+0
0,005282	0,000000	0,000000	5,583364E+0
0,005282	0,000000	0,000000	5,583364E+0
0,005282	0,000000	0,000000	5,583364E+0
0,005282	0,000000	0,000000	5,583364E+0
0,005282	0,000000	0,000000	5,583364E+0
0,005282	0,000000	0,000000	5,583364E+0
0,005282	0,000000	0,000000	5,583364E+0
0,005282	0,000000	0,000000	0,000000E+0
0,005282	0,000000	0,000000	0,000000E+0
0,005282	0,000000	0,000000	0,000000E+0
1,004844	0,000000	0,000000	0,000000E+0
1,004844	0,000000	0,000000	0,000000E+0
1,004844	0,000000	0,000000	0,000000E+0
1,004844	0,000000	0,000000	0,000000E+0
1,004844	0,000000	0,000000	0,000000E+0
1,004844	0,000000	0,000000	0,000000E+0
1,004844	0,000000	0,000000	0,000000E+0
1,004844	0,000000	0,000000	0,000000E+0
1,004844	0,000000	0,000000	0,000000E+0
1,004844	0,000000	0,000000	0,000000E+0
2,005266	0,000000	0,000000	0,000000E+0
2,005266	0,000000	0,000000	0,000000E+0
2,005266	0,000000	0,000000	0,000000E+0
2,005266	0,000000	0,000000	0,000000E+0
2,005266	0,000000	0,000000	0,000000E+0
2,005266	0,000000	0,000000	0,000000E+0
2,005266	0,000000	0,000000	0,000000E+0
2,005266	0,000000	0,000000	0,000000E+0
2,005266	0,000000	0,000000	0,000000E+0
2,005266	0,000000	0,000000	0,000000E+0
3,004685	0,000000	0,000000	0,000000E+0
3,004685	0,000000	0,000000	0,000000E+0
3,004685	0,000000	0,000000	0,000000E+0
3,004685	0,000000	0,000000	0,000000E+0
3,004685	0,000000	0,000000	0,000000E+0
3,004685	0,000000	0,000000	0,000000E+0
3,004685	0,000000	0,000000	0,000000E+0
3,004685	0,000000	0,000000	0,000000E+0
3,004685	0,000000	0,000000	0,000000E+0
3,004685	0,000000	0,000000	0,000000E+0
4,005116	0,000000	0,000000	0,000000E+0
4,005116	0,000000	0,000000	0,000000E+0
4,005116	0,000000	0,000000	0,000000E+0
4,005116	0,000000	0,000000	0,000000E+0
4,005116	0,000000	0,000000	0,000000E+0
4,005116	0,000000	0,000000	0,000000E+0
4,005116	0,000000	0,000000	0,000000E+0
4,005116	0,000000	0,000000	0,000000E+0
4,005116	0,000000	0,000000	0,000000E+0
4,005116	0,000000	0,000000	0,000000E+0
5,005540	0,000000	0,000000	0,000000E+0
5,005540	0,000000	0,000000	0,000000E+0
5,005540	0,000000	0,000000	0,000000E+0
5,005540	0,000000	0,000000	0,000000E+0
5,005540	0,000000	0,000000	0,000000E+0
5,005540	0,000000	0,000000	0,000000E+0
5,005540	0,000000	0,000000	0,000000E+0
5,005540	0,000000	0,000000	0,000000E+0
5,005540	0,000000	0,000000	0,000000E+0
5,005540	0,000000	0,000000	0,000000E+0
