t	IF	IR	VF	VR	VelSP	VelRE
30,008	0,000	0,000	3,000E-1	2,400E+1	0,000E+0	0,000E+0
0,003	0,000	0,000	3,000E-1	2,400E+1	0,000E+0	0,000E+0
1,003	0,000	0,000	3,000E-1	2,400E+1	0,000E+0	0,000E+0
2,004	0,000	0,000	3,000E-1	2,400E+1	0,000E+0	0,000E+0
3,003	0,000	0,000	3,000E-1	2,400E+1	0,000E+0	0,000E+0
4,004	0,000	0,000	3,000E-1	2,400E+1	0,000E+0	0,000E+0
5,005	0,000	0,000	3,000E-1	2,400E+1	0,000E+0	0,000E+0
6,006	0,000	0,000	3,000E-1	2,400E+1	0,000E+0	0,000E+0
7,006	0,000	0,000	3,000E-1	2,400E+1	0,000E+0	0,000E+0
8,006	0,000	0,000	3,000E-1	2,400E+1	0,000E+0	0,000E+0
9,007	0,000	0,000	3,000E-1	2,400E+1	0,000E+0	0,000E+0
10,007	0,000	0,000	3,000E-1	2,400E+1	0,000E+0	0,000E+0
11,008	0,000	0,000	3,000E-1	2,400E+1	0,000E+0	0,000E+0
12,008	0,000	0,000	3,000E-1	2,400E+1	0,000E+0	0,000E+0
13,007	0,000	0,000	3,000E-1	2,400E+1	0,000E+0	0,000E+0
14,008	0,000	0,000	3,000E-1	2,400E+1	0,000E+0	0,000E+0
15,007	0,000	0,000	3,000E-1	2,400E+1	0,000E+0	0,000E+0
16,008	0,000	0,000	3,000E-1	2,400E+1	0,000E+0	0,000E+0
17,007	0,000	0,000	3,000E-1	2,400E+1	0,000E+0	0,000E+0
18,008	0,000	0,000	3,000E-1	2,400E+1	0,000E+0	0,000E+0
19,008	0,000	0,000	3,000E-1	2,400E+1	0,000E+0	0,000E+0
20,007	0,000	0,000	3,000E-1	2,400E+1	0,000E+0	0,000E+0
21,009	0,000	0,000	3,000E-1	2,400E+1	0,000E+0	0,000E+0
22,008	0,000	0,000	3,000E-1	2,400E+1	0,000E+0	0,000E+0
23,009	0,000	0,000	3,000E-1	2,400E+1	0,000E+0	0,000E+0
24,008	0,000	0,000	3,000E-1	2,400E+1	0,000E+0	0,000E+0
25,009	0,000	0,000	3,000E-1	2,400E+1	0,000E+0	0,000E+0
26,010	0,000	0,000	3,000E-1	2,400E+1	0,000E+0	0,000E+0
27,009	0,000	0,000	3,000E-1	2,400E+1	0,000E+0	0,000E+0
28,011	0,000	0,000	3,000E-1	2,400E+1	0,000E+0	0,000E+0
29,010	0,000	0,000	3,000E-1	2,400E+1	0,000E+0	0,000E+0
30,011	0,000	0,000	3,000E-1	2,400E+1	0,000E+0	0,000E+0
31,011	0,000	0,000	3,000E-1	2,400E+1	0,000E+0	0,000E+0
32,012	0,000	0,000	3,000E-1	2,400E+1	0,000E+0	0,000E+0
33,012	0,000	0,000	3,000E-1	2,400E+1	0,000E+0	0,000E+0
34,012	0,000	0,000	3,000E-1	2,400E+1	0,000E+0	0,000E+0
35,013	0,000	0,000	3,000E-1	2,400E+1	0,000E+0	0,000E+0
36,012	0,000	0,000	3,000E-1	2,400E+1	0,000E+0	0,000E+0
37,013	0,000	0,000	3,000E-1	2,400E+1	0,000E+0	0,000E+0
38,013	0,000	0,000	3,000E-1	2,400E+1	0,000E+0	0,000E+0
39,014	0,000	0,000	3,000E-1	2,400E+1	0,000E+0	0,000E+0
40,014	0,000	0,000	3,000E-1	2,400E+1	0,000E+0	0,000E+0
41,013	0,000	0,000	3,000E-1	2,400E+1	0,000E+0	0,000E+0
42,014	0,000	0,000	3,000E-1	2,400E+1	0,000E+0	0,000E+0
43,013	0,000	0,000	3,000E-1	2,400E+1	0,000E+0	0,000E+0
44,014	0,000	0,000	3,000E-1	2,400E+1	0,000E+0	0,000E+0
45,014	0,000	0,000	3,000E-1	2,400E+1	0,000E+0	0,000E+0
46,013	0,000	0,000	3,000E-1	2,400E+1	0,000E+0	0,000E+0
47,014	0,000	0,000	3,000E-1	2,400E+1	0,000E+0	0,000E+0
48,014	0,000	0,000	3,000E-1	2,400E+1	0,000E+0	0,000E+0
49,015	0,000	0,000	3,000E-1	2,400E+1	0,000E+0	0,000E+0
50,014	0,000	0,000	3,000E-1	2,400E+1	0,000E+0	0,000E+0
51,015	0,000	0,000	3,000E-1	2,400E+1	0,000E+0	0,000E+0
52,015	0,000	0,000	3,000E-1	2,400E+1	0,000E+0	0,000E+0
53,014	0,000	0,000	3,000E-1	2,400E+1	0,000E+0	0,000E+0
54,016	0,000	0,000	3,000E-1	2,400E+1	0,000E+0	0,000E+0
55,015	0,000	0,000	3,000E-1	2,400E+1	0,000E+0	0,000E+0
56,016	0,000	0,000	3,000E-1	2,400E+1	0,000E+0	0,000E+0
57,015	0,000	0,000	3,000E-1	2,400E+1	0,000E+0	0,000E+0
58,016	0,000	0,000	3,000E-1	2,400E+1	0,000E+0	0,000E+0
59,016	0,000	0,000	3,000E-1	2,400E+1	0,000E+0	0,000E+0
60,015	0,000	0,000	3,000E-1	2,400E+1	0,000E+0	0,000E+0
61,016	0,000	0,000	3,000E-1	2,400E+1	0,000E+0	0,000E+0
62,015	0,000	0,000	3,000E-1	2,400E+1	0,000E+0	0,000E+0
63,016	0,000	0,000	3,000E-1	2,400E+1	0,000E+0	0,000E+0
64,016	0,000	0,000	3,000E-1	2,400E+1	0,000E+0	0,000E+0
65,016	0,000	0,000	3,000E-1	2,400E+1	0,000E+0	0,000E+0
66,016	0,000	0,000	3,000E-1	2,400E+1	0,000E+0	0,000E+0
67,015	0,000	0,000	3,000E-1	2,400E+1	0,000E+0	0,000E+0
68,016	0,000	0,000	3,000E-1	2,400E+1	0,000E+0	0,000E+0
69,015	0,000	0,000	3,000E-1	2,400E+1	0,000E+0	0,000E+0
70,016	0,000	0,000	3,000E-1	2,400E+1	0,000E+0	0,000E+0
71,016	0,000	0,000	3,000E-1	2,400E+1	0,000E+0	0,000E+0
72,015	0,000	0,000	3,000E-1	2,400E+1	0,000E+0	0,000E+0
73,016	0,000	0,000	3,000E-1	2,400E+1	0,000E+0	0,000E+0
74,015	0,000	0,000	3,000E-1	2,400E+1	0,000E+0	0,000E+0
75,016	0,000	0,000	3,000E-1	2,400E+1	0,000E+0	0,000E+0
76,016	0,000	0,000	3,000E-1	2,400E+1	0,000E+0	0,000E+0
77,017	0,000	0,000	3,000E-1	2,400E+1	0,000E+0	0,000E+0
78,018	0,000	0,000	3,000E-1	2,400E+1	0,000E+0	0,000E+0
79,017	0,000	0,000	3,000E-1	2,400E+1	0,000E+0	0,000E+0
80,018	0,000	0,000	3,000E-1	2,400E+1	0,000E+0	0,000E+0
81,017	0,000	0,000	3,000E-1	2,400E+1	0,000E+0	0,000E+0
82,018	0,000	0,000	3,000E-1	2,400E+1	0,000E+0	0,000E+0
83,017	0,000	0,000	3,000E-1	2,400E+1	0,000E+0	0,000E+0
84,018	0,000	0,000	3,000E-1	2,400E+1	0,000E+0	0,000E+0
85,018	0,000	0,000	3,000E-1	2,400E+1	0,000E+0	0,000E+0
86,017	0,000	0,000	3,000E-1	2,400E+1	0,000E+0	0,000E+0
87,019	0,000	0,000	3,000E-1	2,400E+1	0,000E+0	0,000E+0
88,018	0,000	0,000	3,000E-1	2,400E+1	0,000E+0	0,000E+0
89,019	0,000	0,000	3,000E-1	2,400E+1	0,000E+0	0,000E+0
90,020	0,000	0,000	3,000E-1	2,400E+1	0,000E+0	0,000E+0
91,020	0,000	0,000	3,000E-1	2,400E+1	0,000E+0	0,000E+0
92,020	0,000	0,000	3,000E-1	2,400E+1	0,000E+0	0,000E+0
93,019	0,000	0,000	3,000E-1	2,400E+1	0,000E+0	0,000E+0
94,020	0,000	0,000	3,000E-1	2,400E+1	0,000E+0	0,000E+0
95,019	0,000	0,000	3,000E-1	2,400E+1	0,000E+0	0,000E+0
96,020	0,000	0,000	3,000E-1	2,400E+1	0,000E+0	0,000E+0
97,020	0,000	0,000	3,000E-1	2,400E+1	0,000E+0	0,000E+0
98,020	0,000	0,000	3,000E-1	2,400E+1	0,000E+0	0,000E+0
99,020	0,000	0,000	3,000E-1	2,400E+1	0,000E+0	0,000E+0
100,019	0,000	0,000	3,000E-1	2,400E+1	3,500E+3	0,000E+0
101,020	0,000	0,000	3,000E-1	2,400E+1	3,500E+3	0,000E+0
102,019	0,000	0,000	3,000E-1	2,400E+1	3,500E+3	0,000E+0
103,021	0,000	0,000	3,000E-1	2,400E+1	3,500E+3	1,638E+3
104,021	0,000	0,000	3,000E-1	2,400E+1	3,500E+3	3,893E+3
105,021	0,000	0,000	3,000E-1	2,400E+1	3,500E+3	3,585E+3
106,022	0,000	0,000	3,000E-1	2,400E+1	3,500E+3	3,345E+3
107,021	0,000	0,000	3,000E-1	2,400E+1	3,500E+3	3,442E+3
108,022	0,000	0,000	3,000E-1	2,400E+1	3,500E+3	3,523E+3
109,021	0,000	0,000	3,000E-1	2,400E+1	3,500E+3	3,495E+3
110,022	0,000	0,000	3,000E-1	2,400E+1	3,500E+3	3,512E+3
111,022	0,000	0,000	3,000E-1	2,400E+1	3,500E+3	3,499E+3
112,022	0,000	0,000	3,000E-1	2,400E+1	3,500E+3	3,474E+3
113,023	0,000	0,000	3,000E-1	2,400E+1	3,500E+3	3,512E+3
114,022	0,000	0,000	3,000E-1	2,400E+1	3,500E+3	3,507E+3
115,023	0,000	0,000	3,000E-1	2,400E+1	3,500E+3	3,500E+3
116,022	0,000	0,000	3,000E-1	2,400E+1	3,500E+3	3,503E+3
117,023	0,000	0,000	3,000E-1	2,400E+1	3,500E+3	3,512E+3
118,023	0,000	0,000	3,000E-1	2,400E+1	3,500E+3	3,510E+3
119,022	0,000	0,000	3,000E-1	2,400E+1	3,500E+3	3,499E+3
120,023	0,000	0,000	3,000E-1	2,400E+1	3,500E+3	3,511E+3
121,022	0,000	0,000	3,000E-1	2,400E+1	3,500E+3	3,498E+3
122,023	0,000	0,000	3,000E-1	2,400E+1	3,500E+3	3,501E+3
123,023	0,000	0,000	3,000E-1	2,400E+1	3,500E+3	3,500E+3
124,023	0,000	0,000	3,000E-1	2,400E+1	3,500E+3	3,498E+3
125,023	0,000	0,000	3,000E-1	2,400E+1	3,500E+3	3,492E+3
126,023	0,000	0,000	3,000E-1	2,400E+1	3,500E+3	3,525E+3
127,024	0,000	0,000	3,000E-1	2,400E+1	3,500E+3	3,507E+3
128,024	0,000	0,000	3,000E-1	2,400E+1	3,500E+3	3,506E+3
