t	IF	IR	VF	VR	VelSP	VelRE
0,004	0,000	0,000	3,000E-1	2,400E+1	0,000E+0	0,000E+0
0,043	0,000	0,000	3,000E-1	2,400E+1	0,000E+0	0,000E+0
1,043	0,000	0,000	3,000E-1	2,400E+1	0,000E+0	0,000E+0
2,044	0,000	0,000	3,000E-1	2,400E+1	0,000E+0	0,000E+0
3,044	0,000	0,000	3,000E-1	2,400E+1	0,000E+0	0,000E+0
4,044	0,000	0,000	3,000E-1	2,400E+1	0,000E+0	0,000E+0
5,044	0,000	0,000	3,000E-1	2,400E+1	0,000E+0	0,000E+0
6,044	0,000	0,000	3,000E-1	2,400E+1	0,000E+0	0,000E+0
7,044	0,000	0,000	3,000E-1	2,400E+1	0,000E+0	0,000E+0
8,045	0,000	0,000	3,000E-1	2,400E+1	0,000E+0	0,000E+0
9,046	0,000	0,000	3,000E-1	2,400E+1	0,000E+0	0,000E+0
10,045	0,000	0,000	3,000E-1	2,400E+1	0,000E+0	0,000E+0
11,045	0,000	0,000	3,000E-1	2,400E+1	0,000E+0	0,000E+0
12,045	0,000	0,000	3,000E-1	2,400E+1	0,000E+0	0,000E+0
13,045	0,000	0,000	3,000E-1	2,400E+1	0,000E+0	0,000E+0
14,047	0,000	0,000	3,000E-1	2,400E+1	0,000E+0	0,000E+0
15,046	0,000	0,000	3,000E-1	2,400E+1	0,000E+0	0,000E+0
16,048	0,000	0,000	3,000E-1	2,400E+1	0,000E+0	0,000E+0
17,047	0,000	0,000	3,000E-1	2,400E+1	0,000E+0	0,000E+0
18,047	0,000	0,000	3,000E-1	2,400E+1	0,000E+0	0,000E+0
19,047	0,000	0,000	3,000E-1	2,400E+1	3,500E+3	0,000E+0
20,047	0,000	0,000	3,000E-1	2,400E+1	3,500E+3	0,000E+0
21,049	0,000	0,000	3,000E-1	2,400E+1	3,500E+3	0,000E+0
22,048	0,000	0,000	3,000E-1	2,400E+1	3,500E+3	1,229E+3
23,049	0,000	0,000	3,000E-1	2,400E+1	3,500E+3	3,935E+3
24,048	0,000	0,000	3,000E-1	2,400E+1	3,500E+3	3,736E+3
25,048	0,000	0,000	3,000E-1	2,400E+1	3,500E+3	3,416E+3
26,048	0,000	0,000	3,000E-1	2,400E+1	3,500E+3	3,263E+3
27,049	0,000	0,000	3,000E-1	2,400E+1	3,500E+3	3,511E+3
28,050	0,000	0,000	3,000E-1	2,400E+1	3,500E+3	3,530E+3
29,050	0,000	0,000	3,000E-1	2,400E+1	3,500E+3	3,483E+3
30,051	0,000	0,000	3,000E-1	2,400E+1	3,500E+3	3,481E+3
31,051	0,000	0,000	3,000E-1	2,400E+1	3,500E+3	3,514E+3
32,051	0,000	0,000	3,000E-1	2,400E+1	3,500E+3	3,508E+3
33,051	0,000	0,000	3,000E-1	2,400E+1	3,500E+3	3,502E+3
34,051	0,000	0,000	3,000E-1	2,400E+1	3,500E+3	3,495E+3
35,052	0,000	0,000	3,000E-1	2,400E+1	3,500E+3	3,507E+3
36,051	0,000	0,000	3,000E-1	2,400E+1	3,500E+3	3,485E+3
37,051	0,000	0,000	3,000E-1	2,400E+1	3,500E+3	3,505E+3
38,052	0,000	0,000	3,000E-1	2,400E+1	3,500E+3	3,490E+3
39,052	0,000	0,000	3,000E-1	2,400E+1	3,500E+3	3,497E+3
40,052	0,000	0,000	3,000E-1	2,400E+1	3,500E+3	3,503E+3
41,052	0,000	0,000	3,000E-1	2,400E+1	3,500E+3	3,497E+3
42,053	0,000	0,000	3,000E-1	2,400E+1	3,500E+3	3,517E+3
43,052	0,000	0,000	3,000E-1	2,400E+1	3,500E+3	3,493E+3
44,053	0,000	0,000	3,000E-1	2,400E+1	3,500E+3	3,510E+3
45,053	0,000	0,000	3,000E-1	2,400E+1	3,500E+3	3,501E+3
46,053	0,000	0,000	3,000E-1	2,400E+1	3,500E+3	3,495E+3
47,054	0,000	0,000	3,000E-1	2,400E+1	3,500E+3	3,511E+3
48,054	0,000	0,000	3,000E-1	2,400E+1	3,500E+3	3,514E+3
49,054	0,000	0,000	3,000E-1	2,400E+1	3,500E+3	3,492E+3
50,055	0,000	0,000	3,000E-1	2,400E+1	3,500E+3	3,502E+3
51,054	0,000	0,000	3,000E-1	2,400E+1	3,500E+3	3,512E+3
52,054	0,000	0,000	3,000E-1	2,400E+1	3,500E+3	3,506E+3
53,054	0,000	0,100	3,000E-1	2,400E+1	3,500E+3	3,512E+3
54,054	0,091	0,100	4,580E+0	2,400E+1	3,500E+3	3,382E+3
55,055	0,091	0,100	4,580E+0	2,400E+1	3,500E+3	3,498E+3
56,056	0,100	0,100	5,430E+0	2,400E+1	3,500E+3	3,498E+3
57,057	0,100	0,100	5,430E+0	2,400E+1	3,500E+3	3,494E+3
58,056	0,100	0,100	5,430E+0	2,400E+1	3,500E+3	3,509E+3
59,056	0,100	0,100	5,430E+0	2,400E+1	3,500E+3	3,505E+3
60,056	0,100	0,100	5,430E+0	2,400E+1	3,500E+3	3,498E+3
61,056	0,100	0,100	5,430E+0	2,400E+1	3,500E+3	3,506E+3
62,057	0,100	0,100	5,430E+0	2,400E+1	3,500E+3	3,505E+3
63,057	0,100	0,100	5,430E+0	2,400E+1	3,500E+3	3,503E+3
64,058	0,100	0,100	5,430E+0	2,400E+1	3,500E+3	3,494E+3
65,058	0,100	0,100	5,430E+0	2,400E+1	3,500E+3	3,498E+3
66,058	0,100	0,100	5,430E+0	2,400E+1	3,500E+3	3,500E+3
67,058	0,100	0,100	5,430E+0	2,400E+1	3,500E+3	3,496E+3
68,058	0,100	0,100	5,430E+0	2,400E+1	3,500E+3	3,507E+3
69,059	0,100	0,100	5,430E+0	2,400E+1	3,500E+3	3,516E+3
70,058	0,100	0,100	5,430E+0	2,400E+1	3,500E+3	3,500E+3
71,059	0,100	0,100	5,430E+0	2,400E+1	3,000E+3	3,076E+3
72,058	0,100	0,100	5,430E+0	2,400E+1	3,000E+3	2,940E+3
73,059	0,100	0,100	5,430E+0	2,400E+1	3,000E+3	3,022E+3
74,060	0,100	0,100	5,430E+0	2,400E+1	3,000E+3	2,989E+3
75,060	0,100	0,100	5,430E+0	2,400E+1	3,000E+3	2,997E+3
76,061	0,100	0,100	5,430E+0	2,400E+1	3,000E+3	3,002E+3
77,060	0,100	0,100	5,430E+0	2,400E+1	3,000E+3	3,005E+3
78,061	0,100	0,100	5,430E+0	2,400E+1	3,000E+3	2,984E+3
79,061	0,100	0,100	5,430E+0	2,400E+1	3,000E+3	2,995E+3
80,061	0,100	0,100	5,430E+0	2,400E+1	3,000E+3	3,001E+3
81,061	0,100	0,100	5,430E+0	2,400E+1	3,000E+3	2,995E+3
82,061	0,100	0,100	5,430E+0	2,400E+1	3,000E+3	3,000E+3
83,063	0,100	0,100	5,430E+0	2,400E+1	3,000E+3	3,006E+3
84,062	0,100	0,100	5,430E+0	2,400E+1	3,000E+3	2,998E+3
85,062	0,100	0,100	5,430E+0	2,400E+1	3,000E+3	3,005E+3
86,062	0,100	0,100	5,430E+0	2,400E+1	3,000E+3	2,998E+3
87,062	0,100	0,100	5,430E+0	2,400E+1	3,000E+3	3,004E+3
88,063	0,100	0,100	5,430E+0	2,400E+1	3,000E+3	2,998E+3
89,063	0,101	0,100	5,650E+0	2,400E+1	3,000E+3	2,986E+3
90,064	0,114	0,100	5,650E+0	2,400E+1	3,000E+3	2,991E+3
91,063	0,114	0,100	6,340E+0	2,400E+1	3,000E+3	2,994E+3
92,063	0,127	0,100	6,980E+0	2,400E+1	3,000E+3	2,984E+3
93,064	0,143	0,100	7,850E+0	2,400E+1	3,000E+3	2,980E+3
94,064	0,143	0,100	7,850E+0	2,400E+1	3,000E+3	3,046E+3
95,065	0,131	0,100	7,040E+0	2,400E+1	3,000E+3	3,004E+3
96,064	0,130	0,100	7,010E+0	2,400E+1	3,000E+3	2,997E+3
97,065	0,130	0,100	7,010E+0	2,400E+1	3,000E+3	3,006E+3
98,065	0,132	0,100	7,120E+0	2,400E+1	3,000E+3	2,982E+3
99,065	0,133	0,100	7,120E+0	2,400E+1	3,000E+3	3,003E+3
100,065	0,133	0,100	7,130E+0	2,400E+1	3,000E+3	2,995E+3
101,066	0,133	0,100	7,140E+0	2,400E+1	3,000E+3	3,000E+3
102,067	0,133	0,100	7,140E+0	2,400E+1	3,000E+3	3,004E+3
103,066	0,133	0,100	7,160E+0	2,400E+1	3,000E+3	2,995E+3
104,067	0,134	0,100	7,180E+0	2,400E+1	3,000E+3	2,990E+3
105,067	0,134	0,100	7,190E+0	2,400E+1	3,000E+3	3,001E+3
106,068	0,134	0,100	7,190E+0	2,400E+1	3,000E+3	2,995E+3
107,068	0,134	0,100	7,200E+0	2,400E+1	3,000E+3	2,995E+3
108,068	0,134	0,100	7,200E+0	2,400E+1	3,000E+3	2,995E+3
109,068	0,134	0,100	7,220E+0	2,400E+1	3,000E+3	2,989E+3
110,069	0,135	0,100	7,240E+0	2,400E+1	3,000E+3	3,006E+3
111,069	0,135	0,100	7,250E+0	2,400E+1	3,000E+3	3,003E+3
112,070	0,135	0,100	7,250E+0	2,400E+1	3,000E+3	2,994E+3
113,069	0,135	0,100	7,260E+0	2,400E+1	3,000E+3	3,003E+3
114,070	0,135	0,100	7,260E+0	2,400E+1	3,000E+3	2,994E+3
115,070	0,135	0,100	7,270E+0	2,400E+1	3,000E+3	2,998E+3
116,070	0,136	0,100	7,280E+0	2,400E+1	3,000E+3	3,001E+3
117,071	0,136	0,100	7,280E+0	2,400E+1	3,000E+3	2,998E+3
118,071	0,136	0,100	7,290E+0	2,400E+1	3,000E+3	2,998E+3
119,071	0,136	0,100	7,310E+0	2,400E+1	3,000E+3	2,994E+3
120,071	0,136	0,100	7,310E+0	2,400E+1	3,000E+3	2,997E+3
121,072	0,136	0,100	7,300E+0	2,400E+1	3,000E+3	3,003E+3
122,073	0,136	0,100	7,320E+0	2,400E+1	3,000E+3	2,995E+3
123,073	0,136	0,100	7,320E+0	2,400E+1	3,000E+3	3,002E+3
124,073	0,136	0,100	7,320E+0	2,400E+1	3,000E+3	3,001E+3
125,074	0,136	0,100	7,330E+0	2,400E+1	3,000E+3	2,999E+3
126,075	0,137	0,100	7,340E+0	2,400E+1	3,000E+3	3,004E+3
127,074	0,137	0,100	7,340E+0	2,400E+1	3,000E+3	3,007E+3
128,075	0,137	0,100	7,350E+0	2,400E+1	3,000E+3	2,998E+3
129,075	0,137	0,100	7,350E+0	2,400E+1	3,000E+3	3,001E+3
130,076	0,137	0,100	7,360E+0	2,400E+1	3,000E+3	3,003E+3
131,078	0,137	0,100	7,370E+0	2,400E+1	3,000E+3	3,002E+3
132,077	0,137	0,100	7,370E+0	2,400E+1	3,000E+3	3,012E+3
133,078	0,137	0,100	7,380E+0	2,400E+1	3,000E+3	3,004E+3
134,078	0,137	0,100	7,370E+0	2,400E+1	3,000E+3	2,995E+3
135,078	0,137	0,100	7,370E+0	2,400E+1	3,000E+3	3,001E+3
136,078	0,137	0,100	7,380E+0	2,400E+1	3,000E+3	3,013E+3
137,078	0,137	0,100	7,380E+0	2,400E+1	3,000E+3	3,002E+3
138,078	0,137	0,100	7,380E+0	2,400E+1	3,000E+3	3,011E+3
139,079	0,137	0,100	7,380E+0	2,400E+1	3,000E+3	3,006E+3
140,079	0,137	0,100	7,380E+0	2,400E+1	3,000E+3	3,009E+3
141,080	0,137	0,100	7,380E+0	2,400E+1	3,000E+3	2,998E+3
142,079	0,137	0,100	7,380E+0	2,400E+1	3,000E+3	2,994E+3
143,080	0,137	0,100	7,380E+0	2,400E+1	3,000E+3	3,002E+3
144,079	0,137	0,100	7,380E+0	2,400E+1	3,000E+3	3,000E+3
145,079	0,137	0,100	7,380E+0	2,400E+1	3,000E+3	2,999E+3
146,079	0,137	0,100	7,380E+0	2,400E+1	3,000E+3	3,003E+3
147,079	0,137	0,100	7,380E+0	2,400E+1	3,000E+3	2,998E+3
148,080	0,137	0,100	7,390E+0	2,400E+1	3,000E+3	2,989E+3
149,079	0,137	0,100	7,390E+0	2,400E+1	3,000E+3	3,000E+3
150,081	0,138	0,100	7,390E+0	2,400E+1	3,000E+3	3,010E+3
151,080	0,138	0,100	7,400E+0	2,400E+1	3,000E+3	3,008E+3
152,080	0,138	0,100	7,400E+0	2,400E+1	3,000E+3	3,000E+3
153,081	0,138	0,100	7,400E+0	2,400E+1	3,000E+3	3,004E+3
154,080	0,138	0,100	7,400E+0	2,400E+1	3,000E+3	3,001E+3
155,081	0,138	0,100	7,400E+0	2,400E+1	3,000E+3	2,997E+3
156,081	0,138	0,100	7,400E+0	2,400E+1	3,000E+3	3,014E+3
157,081	0,138	0,100	7,400E+0	2,400E+1	3,000E+3	3,000E+3
158,082	0,138	0,100	7,390E+0	2,400E+1	3,000E+3	2,994E+3
159,081	0,138	0,100	7,390E+0	2,400E+1	3,000E+3	3,000E+3
160,082	0,138	0,100	7,390E+0	2,400E+1	3,000E+3	2,994E+3
161,081	0,138	0,100	7,390E+0	2,400E+1	3,000E+3	3,005E+3
162,082	0,138	0,100	7,390E+0	2,400E+1	3,000E+3	3,003E+3
163,082	0,138	0,100	7,390E+0	2,400E+1	3,000E+3	3,005E+3
164,082	0,138	0,100	7,390E+0	2,400E+1	3,000E+3	3,007E+3
165,083	0,138	0,100	7,410E+0	2,400E+1	3,000E+3	2,998E+3
166,083	0,138	0,100	7,410E+0	2,400E+1	3,000E+3	2,993E+3
167,082	0,138	0,100	7,410E+0	2,400E+1	3,000E+3	2,992E+3
168,083	0,138	0,100	7,410E+0	2,400E+1	3,000E+3	2,998E+3
169,082	0,138	0,100	7,410E+0	2,400E+1	3,000E+3	3,003E+3
170,082	0,138	0,100	7,410E+0	2,400E+1	3,000E+3	3,001E+3
171,082	0,138	0,100	7,410E+0	2,400E+1	3,000E+3	3,001E+3
172,082	0,138	0,100	7,420E+0	2,400E+1	3,000E+3	3,003E+3
173,083	0,138	0,100	7,420E+0	2,400E+1	3,000E+3	2,995E+3
174,082	0,138	0,100	7,420E+0	2,400E+1	3,000E+3	3,004E+3
175,082	0,138	0,100	7,420E+0	2,400E+1	3,000E+3	3,003E+3
176,082	0,138	0,100	7,420E+0	2,400E+1	3,000E+3	3,004E+3
177,082	0,138	0,100	7,420E+0	2,400E+1	3,000E+3	3,002E+3
178,084	0,138	0,100	7,420E+0	2,400E+1	3,000E+3	2,998E+3
179,083	0,138	0,100	7,420E+0	2,400E+1	3,000E+3	3,003E+3
180,084	0,138	0,100	7,430E+0	2,400E+1	3,000E+3	3,001E+3
181,084	0,138	0,100	7,430E+0	2,400E+1	3,000E+3	3,004E+3
182,085	0,138	0,100	7,430E+0	2,400E+1	3,000E+3	2,993E+3
183,084	0,138	0,100	7,430E+0	2,400E+1	3,000E+3	3,014E+3
184,085	0,138	0,100	7,430E+0	2,400E+1	3,000E+3	3,000E+3
185,086	0,138	0,100	7,430E+0	2,400E+1	3,000E+3	3,013E+3
186,085	0,138	0,100	7,430E+0	2,400E+1	3,000E+3	3,006E+3
187,087	0,138	0,100	7,440E+0	2,400E+1	3,000E+3	2,996E+3
188,086	0,138	0,100	7,440E+0	2,400E+1	3,000E+3	3,005E+3
189,086	0,138	0,100	7,440E+0	2,400E+1	3,000E+3	3,003E+3
190,086	0,138	0,100	7,440E+0	2,400E+1	3,000E+3	3,006E+3
191,086	0,138	0,100	7,440E+0	2,400E+1	3,000E+3	3,011E+3
192,087	0,139	0,100	7,450E+0	2,400E+1	3,000E+3	3,000E+3
193,086	0,139	0,100	7,450E+0	2,400E+1	3,000E+3	3,003E+3
194,088	0,139	0,100	7,450E+0	2,400E+1	3,000E+3	2,992E+3
195,087	0,139	0,100	7,450E+0	2,400E+1	3,000E+3	2,983E+3
196,087	0,139	0,100	7,450E+0	2,400E+1	3,000E+3	2,991E+3
197,087	0,139	0,100	7,450E+0	2,400E+1	3,000E+3	3,007E+3
198,087	0,139	0,100	7,460E+0	2,400E+1	3,000E+3	3,006E+3
199,087	0,139	0,100	7,460E+0	2,400E+1	3,000E+3	3,010E+3
200,087	0,139	0,100	7,450E+0	2,400E+1	3,000E+3	2,988E+3
201,087	0,139	0,100	7,450E+0	2,400E+1	3,000E+3	3,003E+3
202,087	0,139	0,100	7,460E+0	2,400E+1	3,000E+3	3,013E+3
203,087	0,139	0,100	7,460E+0	2,400E+1	3,000E+3	2,999E+3
204,088	0,139	0,100	7,460E+0	2,400E+1	3,000E+3	3,000E+3
205,087	0,139	0,100	7,460E+0	2,400E+1	3,000E+3	3,000E+3
206,088	0,139	0,100	7,460E+0	2,400E+1	3,000E+3	2,998E+3
207,087	0,139	0,100	7,460E+0	2,400E+1	3,000E+3	3,006E+3
208,087	0,139	0,100	7,460E+0	2,400E+1	3,000E+3	3,004E+3
209,088	0,139	0,100	7,460E+0	2,400E+1	3,000E+3	3,009E+3
210,087	0,139	0,100	7,470E+0	2,400E+1	3,000E+3	3,002E+3
211,089	0,139	0,100	7,470E+0	2,400E+1	3,000E+3	2,997E+3
212,089	0,139	0,100	7,470E+0	2,400E+1	3,000E+3	3,009E+3
213,089	0,139	0,100	7,470E+0	2,400E+1	3,000E+3	3,003E+3
214,089	0,139	0,100	7,470E+0	2,400E+1	3,000E+3	3,003E+3
215,089	0,139	0,100	7,470E+0	2,400E+1	3,000E+3	3,000E+3
216,090	0,139	0,100	7,470E+0	2,400E+1	3,000E+3	2,998E+3
217,090	0,139	0,100	7,470E+0	2,400E+1	3,000E+3	2,990E+3
218,092	0,139	0,100	7,470E+0	2,400E+1	3,000E+3	2,997E+3
219,091	0,139	0,100	7,480E+0	2,400E+1	3,000E+3	3,006E+3
220,091	0,139	0,100	7,480E+0	2,400E+1	3,000E+3	3,012E+3
221,092	0,139	0,100	7,480E+0	2,400E+1	3,000E+3	3,013E+3
222,093	0,139	0,100	7,480E+0	2,400E+1	3,000E+3	3,002E+3
223,094	0,139	0,100	7,480E+0	2,400E+1	3,000E+3	3,000E+3
224,094	0,139	0,100	7,480E+0	2,400E+1	3,000E+3	2,995E+3
225,094	0,139	0,100	7,490E+0	2,400E+1	3,000E+3	3,010E+3
226,096	0,139	0,100	7,490E+0	2,400E+1	3,000E+3	3,000E+3
227,095	0,139	0,100	7,490E+0	2,400E+1	3,000E+3	2,994E+3
228,095	0,139	0,100	7,490E+0	2,400E+1	3,000E+3	3,008E+3
229,096	0,139	0,100	7,480E+0	2,400E+1	3,000E+3	3,004E+3
230,097	0,139	0,100	7,480E+0	2,400E+1	3,000E+3	2,998E+3
231,098	0,139	0,100	7,480E+0	2,400E+1	3,000E+3	2,992E+3
232,097	0,139	0,100	7,480E+0	2,400E+1	3,000E+3	2,995E+3
233,099	0,139	0,100	7,480E+0	2,400E+1	3,000E+3	2,998E+3
234,098	0,139	0,100	7,490E+0	2,400E+1	3,000E+3	2,996E+3
235,098	0,139	0,100	7,490E+0	2,400E+1	3,000E+3	2,996E+3
236,098	0,139	0,100	7,490E+0	2,400E+1	3,000E+3	3,003E+3
237,098	0,139	0,100	7,480E+0	2,400E+1	3,000E+3	3,003E+3
238,099	0,139	0,100	7,490E+0	2,400E+1	3,000E+3	3,004E+3
239,099	0,139	0,100	7,500E+0	2,400E+1	3,000E+3	2,995E+3
240,099	0,139	0,100	7,500E+0	2,400E+1	3,000E+3	3,005E+3
241,099	0,139	0,100	7,490E+0	2,400E+1	3,000E+3	2,992E+3
242,099	0,139	0,100	7,500E+0	2,400E+1	3,000E+3	2,995E+3
243,099	0,139	0,100	7,500E+0	2,400E+1	3,000E+3	3,006E+3
244,099	0,139	0,100	7,500E+0	2,400E+1	3,000E+3	3,001E+3
245,100	0,139	0,100	7,500E+0	2,400E+1	3,000E+3	2,999E+3
246,100	0,139	0,100	7,500E+0	2,400E+1	3,000E+3	2,994E+3
247,101	0,139	0,100	7,500E+0	2,400E+1	3,000E+3	2,997E+3
248,101	0,139	0,100	7,500E+0	2,400E+1	3,000E+3	3,010E+3
249,102	0,139	0,100	7,500E+0	2,400E+1	3,000E+3	2,989E+3
250,102	0,139	0,100	7,500E+0	2,400E+1	3,000E+3	2,998E+3
251,102	0,139	0,100	7,500E+0	2,400E+1	3,000E+3	2,995E+3
252,104	0,139	0,100	7,500E+0	2,400E+1	3,000E+3	3,003E+3
253,103	0,139	0,100	7,500E+0	2,400E+1	3,000E+3	3,012E+3
254,105	0,139	0,100	7,500E+0	2,400E+1	3,000E+3	3,006E+3
255,104	0,139	0,100	7,500E+0	2,400E+1	3,000E+3	2,997E+3
256,105	0,139	0,100	7,500E+0	2,400E+1	3,000E+3	3,005E+3
257,104	0,139	0,100	7,500E+0	2,400E+1	3,000E+3	3,003E+3
258,105	0,139	0,100	7,500E+0	2,400E+1	3,000E+3	2,996E+3
259,105	0,139	0,100	7,500E+0	2,400E+1	3,000E+3	3,003E+3
260,105	0,139	0,100	7,500E+0	2,400E+1	3,000E+3	3,000E+3
261,107	0,139	0,100	7,500E+0	2,400E+1	3,000E+3	3,003E+3
262,107	0,139	0,100	7,500E+0	2,400E+1	3,000E+3	2,998E+3
263,109	0,139	0,100	7,510E+0	2,400E+1	3,000E+3	3,001E+3
264,108	0,139	0,100	7,510E+0	2,400E+1	3,000E+3	3,001E+3
265,108	0,139	0,100	7,520E+0	2,400E+1	3,000E+3	3,008E+3
266,108	0,139	0,100	7,510E+0	2,400E+1	3,000E+3	2,997E+3
267,108	0,139	0,100	7,510E+0	2,400E+1	3,000E+3	3,000E+3
268,109	0,139	0,100	7,510E+0	2,400E+1	3,000E+3	3,010E+3
269,108	0,139	0,100	7,510E+0	2,400E+1	3,000E+3	2,996E+3
270,110	0,139	0,100	7,510E+0	2,400E+1	3,000E+3	2,997E+3
271,109	0,139	0,100	7,510E+0	2,400E+1	3,000E+3	3,007E+3
272,109	0,139	0,100	7,510E+0	2,400E+1	3,000E+3	3,001E+3
273,109	0,139	0,100	7,510E+0	2,400E+1	3,000E+3	3,004E+3
274,109	0,139	0,100	7,510E+0	2,400E+1	3,000E+3	2,994E+3
275,110	0,139	0,100	7,510E+0	2,400E+1	3,000E+3	3,000E+3
276,109	0,139	0,100	7,510E+0	2,400E+1	3,000E+3	2,994E+3
277,109	0,139	0,100	7,510E+0	2,400E+1	3,000E+3	3,000E+3
278,110	0,139	0,100	7,520E+0	2,400E+1	3,000E+3	3,003E+3
279,109	0,139	0,100	7,520E+0	2,400E+1	3,000E+3	2,995E+3
280,111	0,139	0,100	7,520E+0	2,400E+1	3,000E+3	3,010E+3
281,110	0,139	0,100	7,520E+0	2,400E+1	3,000E+3	2,995E+3
282,110	0,139	0,100	7,520E+0	2,400E+1	3,000E+3	3,005E+3
283,111	0,139	0,100	7,520E+0	2,400E+1	3,000E+3	3,009E+3
284,111	0,139	0,100	7,520E+0	2,400E+1	3,000E+3	3,004E+3
285,112	0,139	0,100	7,520E+0	2,400E+1	3,000E+3	2,996E+3
286,113	0,139	0,100	7,520E+0	2,400E+1	3,000E+3	2,994E+3
287,112	0,139	0,100	7,510E+0	2,400E+1	3,000E+3	3,000E+3
288,113	0,139	0,100	7,520E+0	2,400E+1	3,000E+3	2,991E+3
289,112	0,139	0,100	7,520E+0	2,400E+1	3,000E+3	3,011E+3
290,112	0,139	0,100	7,530E+0	2,400E+1	3,000E+3	3,008E+3
291,113	0,139	0,100	7,530E+0	2,400E+1	3,000E+3	3,003E+3
292,113	0,139	0,100	7,530E+0	2,400E+1	3,000E+3	3,012E+3
293,114	0,139	0,100	7,520E+0	2,400E+1	3,000E+3	3,003E+3
294,114	0,139	0,100	7,520E+0	2,400E+1	3,000E+3	2,999E+3
295,113	0,139	0,100	7,530E+0	2,400E+1	3,000E+3	2,998E+3
296,114	0,139	0,100	7,530E+0	2,400E+1	3,000E+3	3,003E+3
297,113	0,139	0,100	7,530E+0	2,400E+1	3,000E+3	3,012E+3
298,114	0,139	0,100	7,530E+0	2,400E+1	3,000E+3	3,009E+3
299,114	0,139	0,100	7,520E+0	2,400E+1	3,000E+3	2,989E+3
300,114	0,139	0,100	7,520E+0	2,400E+1	3,000E+3	3,001E+3
301,115	0,139	0,100	7,520E+0	2,400E+1	3,000E+3	2,988E+3
302,114	0,139	0,100	7,530E+0	2,400E+1	3,000E+3	3,000E+3
303,116	0,139	0,100	7,530E+0	2,400E+1	3,000E+3	2,997E+3
304,115	0,139	0,100	7,530E+0	2,400E+1	3,000E+3	3,006E+3
305,115	0,139	0,100	7,520E+0	2,400E+1	3,000E+3	2,998E+3
306,116	0,139	0,100	7,520E+0	2,400E+1	3,000E+3	3,008E+3
307,117	0,139	0,100	7,520E+0	2,400E+1	3,000E+3	3,002E+3
308,118	0,139	0,100	7,540E+0	2,400E+1	3,000E+3	2,995E+3
309,117	0,139	0,100	7,540E+0	2,400E+1	3,000E+3	3,012E+3
310,118	0,139	0,100	7,530E+0	2,400E+1	3,000E+3	3,002E+3
311,117	0,139	0,100	7,540E+0	2,400E+1	3,000E+3	3,010E+3
312,118	0,139	0,100	7,540E+0	2,400E+1	3,000E+3	3,012E+3
313,118	0,139	0,100	7,540E+0	2,400E+1	3,000E+3	2,991E+3
314,118	0,139	0,100	7,530E+0	2,400E+1	3,000E+3	3,000E+3
315,118	0,139	0,100	7,530E+0	2,400E+1	3,000E+3	2,994E+3
316,118	0,139	0,100	7,530E+0	2,400E+1	3,000E+3	2,998E+3
317,118	0,139	0,100	7,530E+0	2,400E+1	3,000E+3	3,008E+3
318,118	0,139	0,100	7,540E+0	2,400E+1	3,000E+3	3,003E+3
319,119	0,139	0,100	7,540E+0	2,400E+1	3,000E+3	2,994E+3
320,118	0,139	0,100	7,540E+0	2,400E+1	3,000E+3	3,006E+3
321,119	0,139	0,100	7,540E+0	2,400E+1	3,000E+3	3,001E+3
322,118	0,139	0,100	7,540E+0	2,400E+1	3,000E+3	3,003E+3
323,119	0,139	0,100	7,540E+0	2,400E+1	3,000E+3	3,002E+3
324,118	0,139	0,100	7,540E+0	2,400E+1	3,000E+3	3,000E+3
325,118	0,139	0,100	7,540E+0	2,400E+1	3,000E+3	2,997E+3
326,119	0,139	0,100	7,540E+0	2,400E+1	3,000E+3	3,004E+3
327,119	0,139	0,100	7,540E+0	2,400E+1	3,000E+3	2,999E+3
328,120	0,139	0,100	7,540E+0	2,400E+1	3,000E+3	2,995E+3
329,119	0,139	0,100	7,540E+0	2,400E+1	3,000E+3	2,991E+3
330,120	0,139	0,100	7,540E+0	2,400E+1	3,000E+3	2,998E+3
331,121	0,139	0,100	7,540E+0	2,400E+1	3,000E+3	3,004E+3
332,120	0,139	0,100	7,540E+0	2,400E+1	3,000E+3	2,997E+3
333,120	0,139	0,100	7,540E+0	2,400E+1	3,000E+3	2,997E+3
334,121	0,139	0,100	7,540E+0	2,400E+1	3,000E+3	3,001E+3
335,121	0,139	0,100	7,540E+0	2,400E+1	3,000E+3	3,003E+3
336,122	0,139	0,100	7,550E+0	2,400E+1	3,000E+3	3,011E+3
337,121	0,139	0,100	7,550E+0	2,400E+1	3,000E+3	3,007E+3
338,122	0,139	0,100	7,550E+0	2,400E+1	3,000E+3	3,011E+3
339,121	0,139	0,100	7,550E+0	2,400E+1	3,000E+3	3,010E+3
340,121	0,139	0,100	7,550E+0	2,400E+1	3,000E+3	3,013E+3
341,121	0,139	0,100	7,550E+0	2,400E+1	3,000E+3	3,008E+3
342,121	0,139	0,100	7,550E+0	2,400E+1	3,000E+3	2,985E+3
343,122	0,139	0,100	7,550E+0	2,400E+1	3,000E+3	3,000E+3
344,121	0,139	0,100	7,550E+0	2,400E+1	3,000E+3	3,009E+3
345,122	0,139	0,100	7,550E+0	2,400E+1	3,000E+3	3,000E+3
346,122	0,139	0,100	7,550E+0	2,400E+1	3,000E+3	3,001E+3
347,121	0,139	0,100	7,550E+0	2,400E+1	3,000E+3	2,994E+3
348,121	0,140	0,100	7,560E+0	2,400E+1	3,000E+3	3,000E+3
349,122	0,140	0,100	7,560E+0	2,400E+1	3,000E+3	2,997E+3
350,123	0,140	0,100	7,560E+0	2,400E+1	3,000E+3	2,994E+3
351,125	0,140	0,100	7,560E+0	2,400E+1	3,000E+3	2,998E+3
352,124	0,139	0,100	7,550E+0	2,400E+1	3,000E+3	2,999E+3
353,125	0,139	0,100	7,550E+0	2,400E+1	3,000E+3	3,020E+3
354,124	0,140	0,100	7,550E+0	2,400E+1	3,000E+3	3,009E+3
355,124	0,140	0,100	7,550E+0	2,400E+1	3,000E+3	2,998E+3
356,124	0,140	0,100	7,560E+0	2,400E+1	3,000E+3	3,013E+3
357,124	0,139	0,100	7,560E+0	2,400E+1	3,000E+3	2,997E+3
358,125	0,139	0,100	7,550E+0	2,400E+1	3,000E+3	3,005E+3
359,125	0,139	0,100	7,550E+0	2,400E+1	3,000E+3	3,000E+3
360,125	0,139	0,100	7,550E+0	2,400E+1	3,000E+3	2,996E+3
361,125	0,140	0,100	7,560E+0	2,400E+1	3,000E+3	2,996E+3
362,126	0,140	0,100	7,560E+0	2,400E+1	3,000E+3	3,015E+3
363,127	0,140	0,100	7,570E+0	2,400E+1	3,000E+3	2,995E+3
364,127	0,140	0,100	7,570E+0	2,400E+1	3,000E+3	2,998E+3
365,128	0,140	0,100	7,570E+0	2,400E+1	3,000E+3	2,997E+3
366,127	0,140	0,100	7,570E+0	2,400E+1	3,000E+3	2,998E+3
367,127	0,140	0,100	7,570E+0	2,400E+1	3,000E+3	3,006E+3
368,127	0,140	0,100	7,570E+0	2,400E+1	3,000E+3	3,000E+3
369,127	0,140	0,100	7,570E+0	2,400E+1	3,000E+3	2,997E+3
370,127	0,140	0,100	7,570E+0	2,400E+1	3,000E+3	3,009E+3
371,127	0,140	0,100	7,570E+0	2,400E+1	3,000E+3	2,995E+3
372,129	0,140	0,100	7,570E+0	2,400E+1	3,000E+3	3,012E+3
373,128	0,140	0,100	7,570E+0	2,400E+1	3,000E+3	3,002E+3
374,128	0,140	0,100	7,570E+0	2,400E+1	3,000E+3	3,005E+3
375,129	0,140	0,100	7,570E+0	2,400E+1	3,000E+3	3,003E+3
376,129	0,140	0,100	7,580E+0	2,400E+1	3,000E+3	3,007E+3
377,131	0,140	0,100	7,580E+0	2,400E+1	3,000E+3	3,005E+3
378,130	0,140	0,100	7,570E+0	2,400E+1	3,000E+3	2,988E+3
379,131	0,140	0,100	7,570E+0	2,400E+1	3,000E+3	2,986E+3
380,130	0,140	0,100	7,570E+0	2,400E+1	3,000E+3	3,014E+3
381,131	0,140	0,100	7,570E+0	2,400E+1	3,000E+3	3,003E+3
382,131	0,140	0,100	7,580E+0	2,400E+1	3,000E+3	3,009E+3
383,131	0,140	0,100	7,570E+0	2,400E+1	3,000E+3	2,999E+3
384,132	0,140	0,100	7,570E+0	2,400E+1	3,000E+3	3,001E+3
385,131	0,140	0,100	7,580E+0	2,400E+1	3,000E+3	3,013E+3
386,132	0,140	0,100	7,580E+0	2,400E+1	3,000E+3	2,996E+3
387,131	0,140	0,100	7,580E+0	2,400E+1	3,000E+3	3,001E+3
388,132	0,140	0,100	7,580E+0	2,400E+1	3,000E+3	2,994E+3
389,132	0,140	0,100	7,580E+0	2,400E+1	3,000E+3	3,001E+3
390,132	0,140	0,100	7,580E+0	2,400E+1	3,000E+3	3,001E+3
391,133	0,140	0,100	7,580E+0	2,400E+1	3,000E+3	2,991E+3
392,132	0,140	0,100	7,580E+0	2,400E+1	3,000E+3	3,002E+3
393,132	0,140	0,100	7,580E+0	2,400E+1	3,000E+3	2,977E+3
394,133	0,140	0,100	7,590E+0	2,400E+1	3,000E+3	3,001E+3
395,134	0,140	0,100	7,590E+0	2,400E+1	3,000E+3	3,000E+3
396,135	0,140	0,100	7,590E+0	2,400E+1	3,000E+3	3,001E+3
397,135	0,140	0,100	7,590E+0	2,400E+1	3,000E+3	3,007E+3
398,136	0,140	0,100	7,580E+0	2,400E+1	3,000E+3	3,002E+3
399,135	0,140	0,100	7,590E+0	2,400E+1	3,000E+3	2,998E+3
400,136	0,140	0,100	7,590E+0	2,400E+1	3,000E+3	3,002E+3
401,135	0,140	0,100	7,590E+0	2,400E+1	3,000E+3	3,003E+3
402,136	0,140	0,100	7,590E+0	2,400E+1	3,000E+3	3,013E+3
403,138	0,140	0,100	7,580E+0	2,400E+1	3,000E+3	2,995E+3
404,137	0,140	0,100	7,580E+0	2,400E+1	3,000E+3	3,016E+3
405,138	0,140	0,100	7,580E+0	2,400E+1	3,000E+3	3,006E+3
406,139	0,140	0,100	7,580E+0	2,400E+1	3,000E+3	3,010E+3
407,138	0,140	0,100	7,580E+0	2,400E+1	3,000E+3	2,983E+3
408,139	0,140	0,100	7,590E+0	2,400E+1	3,000E+3	3,002E+3
409,138	0,140	0,100	7,590E+0	2,400E+1	3,000E+3	3,006E+3
410,139	0,140	0,100	7,590E+0	2,400E+1	3,000E+3	3,016E+3
411,140	0,140	0,100	7,590E+0	2,400E+1	3,000E+3	3,007E+3
412,141	0,140	0,100	7,590E+0	2,400E+1	3,000E+3	2,998E+3
413,143	0,140	0,100	7,590E+0	2,400E+1	3,000E+3	2,998E+3
414,143	0,140	0,100	7,590E+0	2,400E+1	3,000E+3	2,998E+3
415,142	0,140	0,100	7,590E+0	2,400E+1	3,000E+3	3,006E+3
416,143	0,140	0,100	7,590E+0	2,400E+1	3,000E+3	2,998E+3
417,143	0,140	0,100	7,590E+0	2,400E+1	3,000E+3	2,995E+3
418,143	0,140	0,100	7,600E+0	2,400E+1	3,000E+3	2,986E+3
419,143	0,140	0,100	7,600E+0	2,400E+1	3,000E+3	3,004E+3
420,143	0,140	0,100	7,600E+0	2,400E+1	3,000E+3	3,000E+3
421,143	0,140	0,100	7,600E+0	2,400E+1	3,000E+3	2,999E+3
422,144	0,140	0,100	7,600E+0	2,400E+1	3,000E+3	2,994E+3
423,146	0,140	0,100	7,600E+0	2,400E+1	3,000E+3	3,003E+3
424,146	0,140	0,100	7,600E+0	2,400E+1	3,000E+3	2,994E+3
425,147	0,140	0,100	7,600E+0	2,400E+1	3,000E+3	3,002E+3
426,147	0,140	0,100	7,590E+0	2,400E+1	3,000E+3	2,999E+3
427,147	0,140	0,100	7,590E+0	2,400E+1	3,000E+3	3,004E+3
428,148	0,140	0,100	7,590E+0	2,400E+1	3,000E+3	2,995E+3
429,147	0,140	0,100	7,590E+0	2,400E+1	3,000E+3	3,001E+3
430,148	0,140	0,100	7,590E+0	2,400E+1	3,000E+3	3,003E+3
431,148	0,140	0,100	7,600E+0	2,400E+1	3,000E+3	3,004E+3
432,148	0,140	0,100	7,600E+0	2,400E+1	3,000E+3	3,010E+3
433,149	0,140	0,100	7,600E+0	2,400E+1	3,000E+3	3,003E+3
434,149	0,140	0,100	7,600E+0	2,400E+1	3,000E+3	3,005E+3
435,150	0,140	0,100	7,600E+0	2,400E+1	3,000E+3	2,998E+3
436,149	0,140	0,100	7,600E+0	2,400E+1	3,000E+3	2,994E+3
437,151	0,140	0,100	7,600E+0	2,400E+1	3,000E+3	3,001E+3
438,150	0,140	0,100	7,600E+0	2,400E+1	3,000E+3	3,003E+3
439,150	0,140	0,100	7,600E+0	2,400E+1	3,000E+3	2,992E+3
440,150	0,140	0,100	7,610E+0	2,400E+1	3,000E+3	3,000E+3
441,150	0,140	0,100	7,610E+0	2,400E+1	3,000E+3	2,998E+3
442,151	0,140	0,100	7,600E+0	2,400E+1	3,000E+3	2,997E+3
443,150	0,140	0,100	7,600E+0	2,400E+1	3,000E+3	2,992E+3
444,151	0,140	0,100	7,600E+0	2,400E+1	3,000E+3	2,999E+3
445,151	0,140	0,100	7,600E+0	2,400E+1	3,000E+3	3,009E+3
446,151	0,140	0,100	7,600E+0	2,400E+1	3,000E+3	3,006E+3
447,151	0,140	0,100	7,610E+0	2,400E+1	3,000E+3	3,006E+3
448,151	0,140	0,100	7,610E+0	2,400E+1	3,000E+3	2,998E+3
449,152	0,140	0,100	7,610E+0	2,400E+1	3,000E+3	2,998E+3
450,151	0,140	0,100	7,610E+0	2,400E+1	3,000E+3	3,003E+3
451,153	0,140	0,100	7,610E+0	2,400E+1	3,000E+3	2,988E+3
452,152	0,140	0,100	7,610E+0	2,400E+1	3,000E+3	3,004E+3
453,152	0,140	0,100	7,610E+0	2,400E+1	3,000E+3	2,999E+3
454,152	0,140	0,100	7,610E+0	2,400E+1	3,000E+3	3,010E+3
455,152	0,140	0,100	7,610E+0	2,400E+1	3,000E+3	3,003E+3
456,153	0,140	0,100	7,610E+0	2,400E+1	3,000E+3	2,998E+3
457,152	0,140	0,100	7,610E+0	2,400E+1	3,000E+3	3,002E+3
458,152	0,140	0,100	7,610E+0	2,400E+1	3,000E+3	2,997E+3
459,152	0,140	0,100	7,610E+0	2,400E+1	3,000E+3	3,003E+3
460,152	0,140	0,100	7,610E+0	2,400E+1	3,000E+3	2,997E+3
461,153	0,140	0,100	7,610E+0	2,400E+1	3,000E+3	2,999E+3
462,152	0,140	0,100	7,610E+0	2,400E+1	3,000E+3	3,003E+3
463,152	0,140	0,100	7,610E+0	2,400E+1	3,000E+3	3,009E+3
464,152	0,140	0,100	7,620E+0	2,400E+1	3,000E+3	3,004E+3
465,152	0,140	0,100	7,620E+0	2,400E+1	3,000E+3	3,016E+3
466,153	0,140	0,100	7,620E+0	2,400E+1	3,000E+3	2,992E+3
467,153	0,140	0,100	7,620E+0	2,400E+1	3,000E+3	3,003E+3
468,153	0,140	0,100	7,620E+0	2,400E+1	3,000E+3	3,001E+3
469,155	0,140	0,100	7,620E+0	2,400E+1	3,000E+3	3,013E+3
470,154	0,140	0,100	7,620E+0	2,400E+1	3,000E+3	3,010E+3
471,154	0,140	0,100	7,620E+0	2,400E+1	3,000E+3	2,997E+3
472,154	0,140	0,100	7,620E+0	2,400E+1	3,000E+3	3,003E+3
473,154	0,140	0,100	7,620E+0	2,400E+1	3,000E+3	3,003E+3
474,155	0,140	0,100	7,630E+0	2,400E+1	3,000E+3	2,999E+3
475,154	0,140	0,100	7,630E+0	2,400E+1	3,000E+3	2,995E+3
476,155	0,140	0,100	7,610E+0	2,400E+1	3,000E+3	2,994E+3
477,154	0,140	0,100	7,620E+0	2,400E+1	3,000E+3	3,000E+3
478,154	0,140	0,100	7,620E+0	2,400E+1	3,000E+3	3,006E+3
479,155	0,140	0,100	7,620E+0	2,400E+1	3,000E+3	3,003E+3
480,156	0,140	0,100	7,620E+0	2,400E+1	3,000E+3	2,999E+3
481,158	0,140	0,100	7,620E+0	2,400E+1	3,000E+3	2,997E+3
482,158	0,140	0,100	7,620E+0	2,400E+1	3,000E+3	3,005E+3
483,159	0,140	0,100	7,620E+0	2,400E+1	3,000E+3	2,994E+3
484,158	0,140	0,100	7,620E+0	2,400E+1	3,000E+3	2,999E+3
485,159	0,140	0,100	7,620E+0	2,400E+1	3,000E+3	3,005E+3
486,158	0,140	0,100	7,630E+0	2,400E+1	3,000E+3	2,993E+3
487,158	0,140	0,100	7,630E+0	2,400E+1	3,000E+3	3,002E+3
488,159	0,140	0,100	7,630E+0	2,400E+1	3,000E+3	3,000E+3
489,159	0,140	0,100	7,630E+0	2,400E+1	3,000E+3	2,998E+3
490,160	0,140	0,100	7,630E+0	2,400E+1	3,000E+3	3,003E+3
491,159	0,140	0,100	7,630E+0	2,400E+1	3,000E+3	2,999E+3
492,159	0,140	0,100	7,630E+0	2,400E+1	3,000E+3	3,007E+3
493,159	0,140	0,100	7,630E+0	2,400E+1	3,000E+3	3,004E+3
494,159	0,140	0,100	7,630E+0	2,400E+1	3,000E+3	3,000E+3
495,161	0,140	0,100	7,630E+0	2,400E+1	3,000E+3	3,001E+3
496,160	0,140	0,100	7,630E+0	2,400E+1	3,000E+3	3,004E+3
497,162	0,140	0,100	7,630E+0	2,400E+1	3,000E+3	2,988E+3
498,161	0,140	0,100	7,630E+0	2,400E+1	3,000E+3	3,004E+3
499,162	0,140	0,100	7,630E+0	2,400E+1	3,000E+3	2,998E+3
500,162	0,140	0,100	7,630E+0	2,400E+1	3,000E+3	2,996E+3
501,162	0,140	0,100	7,630E+0	2,400E+1	3,000E+3	3,003E+3
502,162	0,140	0,100	7,630E+0	2,400E+1	3,000E+3	3,005E+3
503,163	0,140	0,100	7,630E+0	2,400E+1	3,000E+3	3,000E+3
504,162	0,140	0,100	7,630E+0	2,400E+1	3,000E+3	2,994E+3
505,163	0,140	0,100	7,630E+0	2,400E+1	3,000E+3	2,992E+3
506,163	0,140	0,100	7,630E+0	2,400E+1	3,000E+3	3,002E+3
507,163	0,140	0,100	7,640E+0	2,400E+1	3,000E+3	3,006E+3
508,165	0,140	0,100	7,640E+0	2,400E+1	3,000E+3	3,004E+3
509,164	0,140	0,100	7,640E+0	2,400E+1	3,000E+3	3,004E+3
510,165	0,140	0,100	7,640E+0	2,400E+1	3,000E+3	3,009E+3
511,165	0,140	0,100	7,630E+0	2,400E+1	3,000E+3	3,007E+3
512,165	0,140	0,100	7,630E+0	2,400E+1	3,000E+3	2,998E+3
513,165	0,140	0,100	7,630E+0	2,400E+1	3,000E+3	3,011E+3
514,165	0,140	0,100	7,640E+0	2,400E+1	3,000E+3	3,007E+3
515,166	0,140	0,100	7,640E+0	2,400E+1	3,000E+3	3,010E+3
516,165	0,140	0,100	7,650E+0	2,400E+1	3,000E+3	3,006E+3
517,166	0,140	0,100	7,650E+0	2,400E+1	3,000E+3	3,001E+3
518,165	0,140	0,100	7,650E+0	2,400E+1	3,000E+3	2,998E+3
519,165	0,140	0,100	7,650E+0	2,400E+1	3,000E+3	3,000E+3
520,166	0,140	0,100	7,640E+0	2,400E+1	3,000E+3	2,995E+3
521,167	0,140	0,100	7,650E+0	2,400E+1	3,000E+3	3,007E+3
522,168	0,140	0,100	7,650E+0	2,400E+1	3,000E+3	2,997E+3
523,169	0,140	0,100	7,630E+0	2,400E+1	3,000E+3	2,995E+3
524,168	0,140	0,100	7,630E+0	2,400E+1	3,000E+3	2,991E+3
525,168	0,140	0,100	7,650E+0	2,400E+1	3,000E+3	3,009E+3
526,169	0,140	0,100	7,650E+0	2,400E+1	3,000E+3	3,005E+3
527,169	0,140	0,100	7,650E+0	2,400E+1	3,000E+3	3,001E+3
528,170	0,140	0,100	7,650E+0	2,400E+1	3,000E+3	3,001E+3
529,169	0,140	0,100	7,650E+0	2,400E+1	3,000E+3	2,998E+3
530,170	0,140	0,100	7,650E+0	2,400E+1	3,000E+3	3,006E+3
531,169	0,140	0,100	7,650E+0	2,400E+1	3,000E+3	2,994E+3
532,169	0,140	0,100	7,650E+0	2,400E+1	3,000E+3	2,997E+3
533,169	0,140	0,100	7,650E+0	2,400E+1	3,000E+3	3,007E+3
534,169	0,140	0,100	7,650E+0	2,400E+1	3,000E+3	2,998E+3
535,171	0,140	0,100	7,650E+0	2,400E+1	3,000E+3	3,010E+3
536,170	0,140	0,100	7,650E+0	2,400E+1	3,000E+3	2,996E+3
537,171	0,140	0,100	7,650E+0	2,400E+1	3,000E+3	2,999E+3
538,170	0,140	0,100	7,650E+0	2,400E+1	3,000E+3	2,991E+3
539,170	0,140	0,100	7,650E+0	2,400E+1	3,000E+3	3,000E+3
540,170	0,140	0,100	7,650E+0	2,400E+1	3,000E+3	3,007E+3
541,171	0,140	0,100	7,650E+0	2,400E+1	3,000E+3	3,009E+3
542,171	0,140	0,100	7,650E+0	2,400E+1	3,000E+3	3,000E+3
543,172	0,140	0,100	7,660E+0	2,400E+1	3,000E+3	3,003E+3
544,173	0,140	0,100	7,650E+0	2,400E+1	3,000E+3	2,997E+3
545,174	0,140	0,100	7,650E+0	2,400E+1	3,000E+3	3,001E+3
546,173	0,140	0,100	7,660E+0	2,400E+1	3,000E+3	2,995E+3
547,174	0,140	0,100	7,660E+0	2,400E+1	3,000E+3	3,004E+3
548,174	0,140	0,100	7,660E+0	2,400E+1	3,000E+3	3,006E+3
549,174	0,140	0,100	7,660E+0	2,400E+1	3,000E+3	2,992E+3
550,176	0,140	0,100	7,660E+0	2,400E+1	3,000E+3	3,000E+3
551,175	0,140	0,100	7,660E+0	2,400E+1	3,000E+3	3,015E+3
552,175	0,140	0,100	7,660E+0	2,400E+1	3,000E+3	3,001E+3
553,175	0,140	0,100	7,670E+0	2,400E+1	3,000E+3	3,006E+3
554,175	0,140	0,100	7,670E+0	2,400E+1	3,000E+3	3,004E+3
555,176	0,140	0,100	7,670E+0	2,400E+1	3,000E+3	2,998E+3
556,175	0,140	0,100	7,670E+0	2,400E+1	3,000E+3	2,982E+3
557,177	0,140	0,100	7,660E+0	2,400E+1	3,000E+3	3,004E+3
558,176	0,140	0,100	7,660E+0	2,400E+1	3,000E+3	3,003E+3
559,176	0,140	0,100	7,660E+0	2,400E+1	3,000E+3	3,001E+3
560,177	0,140	0,100	7,660E+0	2,400E+1	3,000E+3	3,012E+3
561,177	0,140	0,100	7,660E+0	2,400E+1	3,000E+3	2,994E+3
562,178	0,140	0,100	7,670E+0	2,400E+1	3,000E+3	2,988E+3
563,177	0,140	0,100	7,670E+0	2,400E+1	3,000E+3	3,004E+3
564,177	0,140	0,100	7,660E+0	2,400E+1	3,000E+3	3,007E+3
565,177	0,140	0,100	7,660E+0	2,400E+1	3,000E+3	2,998E+3
566,177	0,140	0,100	7,660E+0	2,400E+1	3,000E+3	2,998E+3
567,178	0,140	0,100	7,660E+0	2,400E+1	3,000E+3	2,986E+3
568,177	0,140	0,100	7,670E+0	2,400E+1	3,000E+3	2,993E+3
569,178	0,140	0,100	7,670E+0	2,400E+1	3,000E+3	3,007E+3
570,178	0,140	0,100	7,670E+0	2,400E+1	3,000E+3	3,003E+3
571,178	0,140	0,100	7,670E+0	2,400E+1	3,000E+3	3,016E+3
572,178	0,140	0,100	7,670E+0	2,400E+1	3,000E+3	3,000E+3
573,179	0,140	0,100	7,670E+0	2,400E+1	3,000E+3	2,992E+3
574,181	0,140	0,100	7,670E+0	2,400E+1	3,000E+3	3,000E+3
575,180	0,140	0,100	7,670E+0	2,400E+1	3,000E+3	3,011E+3
576,182	0,140	0,100	7,670E+0	2,400E+1	3,000E+3	3,004E+3
577,181	0,140	0,100	7,670E+0	2,400E+1	3,000E+3	2,998E+3
578,181	0,140	0,100	7,670E+0	2,400E+1	3,000E+3	3,000E+3
579,181	0,140	0,100	7,670E+0	2,400E+1	3,000E+3	3,000E+3
580,181	0,140	0,100	7,680E+0	2,400E+1	3,000E+3	3,007E+3
581,181	0,140	0,100	7,670E+0	2,400E+1	3,000E+3	2,992E+3
582,181	0,140	0,100	7,670E+0	2,400E+1	3,000E+3	2,999E+3
583,182	0,140	0,100	7,670E+0	2,400E+1	3,000E+3	3,006E+3
584,182	0,140	0,100	7,670E+0	2,400E+1	3,000E+3	3,000E+3
585,183	0,140	0,100	7,670E+0	2,400E+1	3,000E+3	2,998E+3
586,183	0,140	0,100	7,670E+0	2,400E+1	3,000E+3	2,999E+3
587,183	0,140	0,100	7,680E+0	2,400E+1	3,000E+3	3,016E+3
588,183	0,140	0,100	7,680E+0	2,400E+1	3,000E+3	3,007E+3
589,183	0,140	0,100	7,680E+0	2,400E+1	3,000E+3	3,003E+3
590,183	0,140	0,100	7,680E+0	2,400E+1	3,000E+3	2,994E+3
591,184	0,140	0,100	7,680E+0	2,400E+1	3,000E+3	3,001E+3
592,183	0,140	0,100	7,680E+0	2,400E+1	3,000E+3	3,003E+3
593,185	0,140	0,100	7,680E+0	2,400E+1	3,000E+3	3,013E+3
594,185	0,140	0,100	7,670E+0	2,400E+1	3,000E+3	2,996E+3
595,185	0,140	0,100	7,680E+0	2,400E+1	3,000E+3	2,993E+3
596,186	0,140	0,100	7,680E+0	2,400E+1	3,000E+3	3,004E+3
597,186	0,140	0,100	7,670E+0	2,400E+1	3,000E+3	3,007E+3
598,188	0,140	0,100	7,680E+0	2,400E+1	3,000E+3	2,996E+3
599,187	0,140	0,100	7,680E+0	2,400E+1	3,000E+3	2,995E+3
600,188	0,140	0,100	7,680E+0	2,400E+1	3,000E+3	3,000E+3
601,187	0,140	0,100	7,680E+0	2,400E+1	3,000E+3	3,003E+3
602,187	0,140	0,100	7,680E+0	2,400E+1	3,000E+3	2,998E+3
603,187	0,140	0,100	7,680E+0	2,400E+1	3,000E+3	3,018E+3
604,187	0,140	0,100	7,680E+0	2,400E+1	3,000E+3	3,016E+3
605,187	0,140	0,100	7,680E+0	2,400E+1	3,000E+3	2,997E+3
606,188	0,140	0,100	7,680E+0	2,400E+1	3,000E+3	2,998E+3
607,187	0,140	0,100	7,680E+0	2,400E+1	3,000E+3	3,002E+3
608,189	0,140	0,100	7,680E+0	2,400E+1	3,000E+3	3,000E+3
609,188	0,140	0,100	7,680E+0	2,400E+1	3,000E+3	3,000E+3
610,188	0,140	0,100	7,680E+0	2,400E+1	3,000E+3	2,994E+3
611,188	0,140	0,100	7,680E+0	2,400E+1	3,000E+3	2,995E+3
612,188	0,140	0,100	7,680E+0	2,400E+1	3,000E+3	3,008E+3
613,189	0,140	0,100	7,690E+0	2,400E+1	3,000E+3	2,995E+3
614,188	0,140	0,100	7,690E+0	2,400E+1	3,000E+3	3,000E+3
615,188	0,140	0,100	7,690E+0	2,400E+1	3,000E+3	2,993E+3
616,188	0,140	0,100	7,690E+0	2,400E+1	3,000E+3	2,989E+3
617,188	0,140	0,100	7,690E+0	2,400E+1	3,000E+3	3,001E+3
618,189	0,140	0,100	7,690E+0	2,400E+1	3,000E+3	3,001E+3
619,188	0,140	0,100	7,690E+0	2,400E+1	3,000E+3	2,996E+3
620,189	0,140	0,100	7,690E+0	2,400E+1	3,000E+3	3,007E+3
621,188	0,140	0,100	7,690E+0	2,400E+1	3,000E+3	3,002E+3
622,188	0,140	0,100	7,690E+0	2,400E+1	3,000E+3	3,003E+3
623,188	0,140	0,100	7,690E+0	2,400E+1	3,000E+3	2,991E+3
624,188	0,140	0,100	7,690E+0	2,400E+1	3,000E+3	2,997E+3
625,189	0,140	0,100	7,690E+0	2,400E+1	3,000E+3	3,001E+3
626,188	0,140	0,100	7,690E+0	2,400E+1	3,000E+3	2,994E+3
627,189	0,140	0,100	7,690E+0	2,400E+1	3,000E+3	3,000E+3
628,189	0,140	0,100	7,690E+0	2,400E+1	3,000E+3	3,010E+3
629,189	0,140	0,100	7,690E+0	2,400E+1	3,000E+3	3,013E+3
630,189	0,140	0,100	7,690E+0	2,400E+1	3,000E+3	3,010E+3
631,189	0,140	0,100	7,690E+0	2,400E+1	3,000E+3	2,997E+3
632,189	0,140	0,100	7,690E+0	2,400E+1	3,000E+3	2,999E+3
633,191	0,140	0,100	7,700E+0	2,400E+1	3,000E+3	3,001E+3
634,190	0,140	0,100	7,700E+0	2,400E+1	3,000E+3	2,995E+3
635,191	0,140	0,100	7,700E+0	2,400E+1	3,000E+3	3,000E+3
636,190	0,140	0,100	7,690E+0	2,400E+1	3,000E+3	2,996E+3
637,190	0,140	0,100	7,690E+0	2,400E+1	3,000E+3	2,998E+3
638,190	0,140	0,100	7,690E+0	2,400E+1	3,000E+3	3,006E+3
639,190	0,140	0,100	7,690E+0	2,400E+1	3,000E+3	3,006E+3
640,191	0,140	0,100	7,700E+0	2,400E+1	3,000E+3	3,005E+3
641,190	0,140	0,100	7,700E+0	2,400E+1	3,000E+3	2,998E+3
642,191	0,140	0,100	7,700E+0	2,400E+1	3,000E+3	2,999E+3
643,190	0,140	0,100	7,700E+0	2,400E+1	3,000E+3	3,004E+3
644,191	0,140	0,100	7,700E+0	2,400E+1	3,000E+3	3,003E+3
645,191	0,140	0,100	7,700E+0	2,400E+1	3,000E+3	2,999E+3
646,192	0,140	0,100	7,700E+0	2,400E+1	3,000E+3	2,999E+3
647,193	0,140	0,100	7,690E+0	2,400E+1	3,000E+3	3,008E+3
648,192	0,140	0,100	7,690E+0	2,400E+1	3,000E+3	3,005E+3
649,193	0,140	0,100	7,700E+0	2,400E+1	3,000E+3	3,007E+3
650,193	0,140	0,100	7,700E+0	2,400E+1	3,000E+3	3,001E+3
651,193	0,140	0,100	7,690E+0	2,400E+1	3,000E+3	3,013E+3
652,194	0,140	0,100	7,700E+0	2,400E+1	3,000E+3	2,997E+3
653,193	0,140	0,100	7,700E+0	2,400E+1	3,000E+3	3,006E+3
654,195	0,140	0,100	7,710E+0	2,400E+1	3,000E+3	3,003E+3
655,195	0,140	0,100	7,700E+0	2,400E+1	3,000E+3	3,000E+3
656,195	0,140	0,100	7,700E+0	2,400E+1	3,000E+3	3,007E+3
657,196	0,140	0,100	7,710E+0	2,400E+1	3,000E+3	3,001E+3
658,196	0,140	0,100	7,700E+0	2,400E+1	3,000E+3	3,018E+3
659,197	0,140	0,100	7,700E+0	2,400E+1	3,000E+3	3,010E+3
660,196	0,140	0,100	7,700E+0	2,400E+1	3,000E+3	2,997E+3
661,198	0,140	0,100	7,700E+0	2,400E+1	3,000E+3	3,006E+3
662,197	0,140	0,100	7,700E+0	2,400E+1	3,000E+3	3,012E+3
663,197	0,140	0,100	7,700E+0	2,400E+1	3,000E+3	3,011E+3
664,198	0,140	0,100	7,700E+0	2,400E+1	3,000E+3	3,003E+3
665,198	0,140	0,100	7,700E+0	2,400E+1	3,000E+3	3,003E+3
666,199	0,140	0,100	7,700E+0	2,400E+1	3,000E+3	3,002E+3
667,198	0,140	0,100	7,700E+0	2,400E+1	3,000E+3	3,014E+3
668,199	0,140	0,100	7,710E+0	2,400E+1	3,000E+3	2,998E+3
669,199	0,140	0,100	7,710E+0	2,400E+1	3,000E+3	3,000E+3
670,199	0,140	0,100	7,710E+0	2,400E+1	3,000E+3	3,001E+3
671,199	0,140	0,100	7,710E+0	2,400E+1	3,000E+3	2,990E+3
672,199	0,140	0,100	7,720E+0	2,400E+1	3,000E+3	2,996E+3
673,200	0,140	0,100	7,710E+0	2,400E+1	3,000E+3	3,013E+3
674,199	0,140	0,100	7,710E+0	2,400E+1	3,000E+3	2,996E+3
675,199	0,140	0,100	7,710E+0	2,400E+1	3,000E+3	2,995E+3
676,199	0,140	0,100	7,710E+0	2,400E+1	3,000E+3	3,007E+3
677,199	0,140	0,100	7,710E+0	2,400E+1	3,000E+3	3,003E+3
678,199	0,140	0,100	7,710E+0	2,400E+1	3,000E+3	2,995E+3
679,200	0,140	0,100	7,710E+0	2,400E+1	3,000E+3	3,007E+3
680,201	0,140	0,100	7,710E+0	2,400E+1	3,000E+3	3,006E+3
681,203	0,140	0,100	7,710E+0	2,400E+1	3,000E+3	3,001E+3
682,202	0,140	0,100	7,710E+0	2,400E+1	3,000E+3	3,001E+3
683,202	0,140	0,100	7,710E+0	2,400E+1	3,000E+3	2,992E+3
684,202	0,141	0,100	7,710E+0	2,400E+1	3,000E+3	2,994E+3
685,202	0,141	0,100	7,720E+0	2,400E+1	3,000E+3	2,998E+3
686,202	0,141	0,100	7,720E+0	2,400E+1	3,000E+3	3,006E+3
687,203	0,140	0,100	7,710E+0	2,400E+1	3,000E+3	3,001E+3
688,204	0,140	0,100	7,710E+0	2,400E+1	3,000E+3	2,998E+3
689,203	0,141	0,100	7,720E+0	2,400E+1	3,000E+3	3,009E+3
690,204	0,140	0,100	7,720E+0	2,400E+1	3,000E+3	3,004E+3
691,204	0,140	0,100	7,720E+0	2,400E+1	3,000E+3	3,000E+3
692,204	0,140	0,100	7,720E+0	2,400E+1	3,000E+3	3,000E+3
693,204	0,140	0,100	7,720E+0	2,400E+1	3,000E+3	3,003E+3
694,205	0,140	0,100	7,720E+0	2,400E+1	3,000E+3	3,007E+3
695,205	0,140	0,100	7,720E+0	2,400E+1	3,000E+3	3,014E+3
696,205	0,140	0,100	7,720E+0	2,400E+1	3,000E+3	2,993E+3
697,206	0,140	0,100	7,720E+0	2,400E+1	3,000E+3	2,999E+3
698,205	0,140	0,100	7,720E+0	2,400E+1	3,000E+3	3,006E+3
699,205	0,140	0,100	7,720E+0	2,400E+1	3,000E+3	3,001E+3
700,205	0,140	0,100	7,720E+0	2,400E+1	3,000E+3	3,002E+3
701,205	0,140	0,100	7,720E+0	2,400E+1	3,000E+3	3,003E+3
702,207	0,140	0,100	7,720E+0	2,400E+1	3,000E+3	3,004E+3
703,208	0,140	0,100	7,720E+0	2,400E+1	3,000E+3	3,018E+3
704,208	0,140	0,100	7,720E+0	2,400E+1	3,000E+3	2,996E+3
705,208	0,141	0,100	7,720E+0	2,400E+1	3,000E+3	3,007E+3
706,209	0,141	0,100	7,720E+0	2,400E+1	3,000E+3	3,013E+3
707,209	0,140	0,100	7,730E+0	2,400E+1	3,000E+3	3,003E+3
708,209	0,140	0,100	7,730E+0	2,400E+1	3,000E+3	3,003E+3
709,210	0,140	0,100	7,720E+0	2,400E+1	3,000E+3	2,992E+3
710,209	0,141	0,100	7,730E+0	2,400E+1	3,000E+3	3,000E+3
711,210	0,140	0,100	7,730E+0	2,400E+1	3,000E+3	3,013E+3
712,210	0,140	0,100	7,720E+0	2,400E+1	3,000E+3	2,999E+3
713,210	0,140	0,100	7,720E+0	2,400E+1	3,000E+3	3,003E+3
714,210	0,141	0,100	7,720E+0	2,400E+1	3,000E+3	3,003E+3
715,210	0,141	0,100	7,730E+0	2,400E+1	3,000E+3	3,006E+3
716,211	0,141	0,100	7,730E+0	2,400E+1	3,000E+3	3,001E+3
717,211	0,141	0,100	7,730E+0	2,400E+1	3,000E+3	2,995E+3
718,211	0,141	0,100	7,730E+0	2,400E+1	3,000E+3	3,007E+3
719,212	0,140	0,100	7,730E+0	2,400E+1	3,000E+3	3,011E+3
720,211	0,140	0,100	7,730E+0	2,400E+1	3,000E+3	2,997E+3
721,212	0,140	0,100	7,730E+0	2,400E+1	3,000E+3	2,998E+3
722,212	0,141	0,100	7,730E+0	2,400E+1	3,000E+3	3,006E+3
723,212	0,140	0,100	7,730E+0	2,400E+1	3,000E+3	3,009E+3
724,212	0,140	0,100	7,730E+0	2,400E+1	3,000E+3	2,993E+3
725,212	0,140	0,100	7,730E+0	2,400E+1	3,000E+3	2,998E+3
726,212	0,140	0,100	7,730E+0	2,400E+1	3,000E+3	2,991E+3
727,213	0,140	0,100	7,730E+0	2,400E+1	3,000E+3	2,987E+3
728,213	0,141	0,100	7,720E+0	2,400E+1	3,000E+3	3,010E+3
729,214	0,141	0,100	7,720E+0	2,400E+1	3,000E+3	2,994E+3
730,213	0,141	0,100	7,730E+0	2,400E+1	3,000E+3	3,001E+3
731,214	0,141	0,100	7,730E+0	2,400E+1	3,000E+3	3,000E+3
732,214	0,140	0,100	7,730E+0	2,400E+1	3,000E+3	3,003E+3
733,214	0,141	0,100	7,730E+0	2,400E+1	3,000E+3	2,998E+3
734,215	0,141	0,100	7,730E+0	2,400E+1	3,000E+3	3,012E+3
735,214	0,140	0,100	7,730E+0	2,400E+1	3,000E+3	3,004E+3
736,216	0,141	0,100	7,730E+0	2,400E+1	3,000E+3	2,994E+3
737,215	0,141	0,100	7,730E+0	2,400E+1	3,000E+3	3,000E+3
738,216	0,141	0,100	7,730E+0	2,400E+1	3,000E+3	3,016E+3
739,217	0,141	0,100	7,740E+0	2,400E+1	3,000E+3	2,995E+3
740,216	0,141	0,100	7,740E+0	2,400E+1	3,000E+3	2,996E+3
741,217	0,141	0,100	7,740E+0	2,400E+1	3,000E+3	3,001E+3
742,216	0,141	0,100	7,740E+0	2,400E+1	3,000E+3	3,000E+3
743,217	0,141	0,100	7,740E+0	2,400E+1	3,000E+3	3,004E+3
744,217	0,141	0,100	7,740E+0	2,400E+1	3,000E+3	3,012E+3
745,217	0,141	0,100	7,730E+0	2,400E+1	3,000E+3	2,998E+3
746,218	0,141	0,100	7,740E+0	2,400E+1	3,000E+3	3,002E+3
747,217	0,141	0,100	7,740E+0	2,400E+1	3,000E+3	2,998E+3
748,218	0,140	0,100	7,740E+0	2,400E+1	3,000E+3	2,994E+3
749,218	0,140	0,100	7,740E+0	2,400E+1	3,000E+3	2,991E+3
750,218	0,140	0,100	7,730E+0	2,400E+1	3,000E+3	3,004E+3
751,218	0,141	0,100	7,740E+0	2,400E+1	3,000E+3	3,001E+3
752,218	0,141	0,100	7,740E+0	2,400E+1	3,000E+3	2,997E+3
753,220	0,141	0,100	7,740E+0	2,400E+1	3,000E+3	3,009E+3
754,220	0,141	0,100	7,740E+0	2,400E+1	3,000E+3	3,010E+3
755,221	0,141	0,100	7,740E+0	2,400E+1	3,000E+3	3,001E+3
756,220	0,141	0,100	7,740E+0	2,400E+1	3,000E+3	3,007E+3
757,222	0,141	0,100	7,740E+0	2,400E+1	3,000E+3	2,997E+3
758,221	0,141	0,100	7,740E+0	2,400E+1	3,000E+3	2,990E+3
759,221	0,141	0,100	7,740E+0	2,400E+1	3,000E+3	3,000E+3
760,221	0,141	0,100	7,740E+0	2,400E+1	3,000E+3	3,007E+3
761,221	0,140	0,100	7,740E+0	2,400E+1	3,000E+3	3,003E+3
762,222	0,140	0,100	7,740E+0	2,400E+1	3,000E+3	3,013E+3
763,222	0,140	0,100	7,740E+0	2,400E+1	3,000E+3	2,991E+3
764,223	0,140	0,100	7,740E+0	2,400E+1	3,000E+3	2,989E+3
765,223	0,140	0,100	7,740E+0	2,400E+1	3,000E+3	2,996E+3
766,224	0,141	0,100	7,740E+0	2,400E+1	3,000E+3	2,993E+3
767,224	0,141	0,100	7,740E+0	2,400E+1	3,000E+3	3,011E+3
768,224	0,141	0,100	7,740E+0	2,400E+1	3,000E+3	3,003E+3
769,224	0,141	0,100	7,740E+0	2,400E+1	3,000E+3	2,991E+3
770,225	0,141	0,100	7,740E+0	2,400E+1	3,000E+3	2,997E+3
771,224	0,141	0,100	7,740E+0	2,400E+1	3,000E+3	2,997E+3
772,225	0,141	0,100	7,740E+0	2,400E+1	3,000E+3	3,009E+3
773,224	0,141	0,100	7,740E+0	2,400E+1	3,000E+3	3,001E+3
774,225	0,141	0,100	7,740E+0	2,400E+1	3,000E+3	3,002E+3
775,225	0,141	0,100	7,740E+0	2,400E+1	3,000E+3	3,004E+3
776,225	0,141	0,100	7,740E+0	2,400E+1	3,000E+3	2,998E+3
777,226	0,141	0,100	7,740E+0	2,400E+1	3,000E+3	3,001E+3
778,225	0,141	0,100	7,740E+0	2,400E+1	3,000E+3	2,998E+3
779,226	0,141	0,100	7,740E+0	2,400E+1	3,000E+3	2,994E+3
780,225	0,141	0,100	7,740E+0	2,400E+1	3,000E+3	3,001E+3
781,226	0,141	0,100	7,750E+0	2,400E+1	3,000E+3	2,998E+3
782,226	0,141	0,100	7,750E+0	2,400E+1	3,000E+3	2,998E+3
783,226	0,141	0,100	7,760E+0	2,400E+1	3,000E+3	3,004E+3
784,226	0,141	0,100	7,740E+0	2,400E+1	3,000E+3	3,009E+3
785,227	0,141	0,100	7,740E+0	2,400E+1	3,000E+3	2,994E+3
786,226	0,141	0,100	7,750E+0	2,400E+1	3,000E+3	3,010E+3
787,226	0,141	0,100	7,750E+0	2,400E+1	3,000E+3	3,006E+3
788,226	0,141	0,100	7,750E+0	2,400E+1	3,000E+3	2,989E+3
789,226	0,141	0,100	7,750E+0	2,400E+1	3,000E+3	2,997E+3
790,226	0,141	0,100	7,760E+0	2,400E+1	3,000E+3	2,991E+3
791,226	0,141	0,100	7,760E+0	2,400E+1	3,000E+3	3,000E+3
792,227	0,141	0,100	7,750E+0	2,400E+1	3,000E+3	2,995E+3
793,226	0,141	0,100	7,750E+0	2,400E+1	3,000E+3	2,998E+3
794,226	0,141	0,100	7,750E+0	2,400E+1	3,000E+3	3,015E+3
795,227	0,141	0,100	7,760E+0	2,400E+1	3,000E+3	2,994E+3
796,228	0,141	0,100	7,760E+0	2,400E+1	3,000E+3	2,995E+3
797,230	0,141	0,100	7,760E+0	2,400E+1	3,000E+3	2,993E+3
798,229	0,141	0,100	7,760E+0	2,400E+1	3,000E+3	3,006E+3
799,230	0,141	0,100	7,750E+0	2,400E+1	3,000E+3	2,998E+3
800,231	0,141	0,100	7,750E+0	2,400E+1	3,000E+3	2,997E+3
801,230	0,141	0,100	7,760E+0	2,400E+1	3,000E+3	2,993E+3
802,230	0,141	0,100	7,760E+0	2,400E+1	3,000E+3	2,998E+3
803,230	0,141	0,100	7,760E+0	2,400E+1	3,000E+3	3,002E+3
804,230	0,141	0,100	7,760E+0	2,400E+1	3,000E+3	2,989E+3
805,231	0,141	0,100	7,760E+0	2,400E+1	3,000E+3	3,009E+3
806,230	0,141	0,100	7,760E+0	2,400E+1	3,000E+3	3,000E+3
807,231	0,141	0,100	7,760E+0	2,400E+1	3,000E+3	3,001E+3
808,230	0,141	0,100	7,760E+0	2,400E+1	3,000E+3	3,007E+3
809,230	0,141	0,100	7,760E+0	2,400E+1	3,000E+3	3,009E+3
810,230	0,141	0,100	7,760E+0	2,400E+1	3,000E+3	2,995E+3
811,230	0,141	0,100	7,760E+0	2,400E+1	3,000E+3	3,010E+3
812,231	0,141	0,100	7,760E+0	2,400E+1	3,000E+3	2,994E+3
813,230	0,141	0,100	7,760E+0	2,400E+1	3,000E+3	2,995E+3
814,230	0,141	0,100	7,760E+0	2,400E+1	3,000E+3	3,004E+3
815,231	0,141	0,100	7,770E+0	2,400E+1	3,000E+3	3,001E+3
816,231	0,141	0,100	7,770E+0	2,400E+1	3,000E+3	3,003E+3
817,231	0,141	0,100	7,760E+0	2,400E+1	3,000E+3	2,998E+3
818,231	0,141	0,100	7,770E+0	2,400E+1	3,000E+3	3,000E+3
819,231	0,141	0,100	7,770E+0	2,400E+1	3,000E+3	2,995E+3
820,232	0,141	0,100	7,760E+0	2,400E+1	3,000E+3	3,004E+3
821,231	0,141	0,100	7,760E+0	2,400E+1	3,000E+3	3,003E+3
822,233	0,141	0,100	7,760E+0	2,400E+1	3,000E+3	3,011E+3
823,232	0,141	0,100	7,760E+0	2,400E+1	3,000E+3	3,003E+3
824,232	0,141	0,100	7,760E+0	2,400E+1	3,000E+3	3,013E+3
825,232	0,141	0,100	7,760E+0	2,400E+1	3,000E+3	2,998E+3
826,232	0,141	0,100	7,760E+0	2,400E+1	3,000E+3	2,992E+3
827,232	0,141	0,100	7,760E+0	2,400E+1	3,000E+3	3,002E+3
828,233	0,141	0,100	7,760E+0	2,400E+1	3,000E+3	3,012E+3
829,233	0,141	0,100	7,770E+0	2,400E+1	3,000E+3	2,998E+3
830,234	0,141	0,100	7,770E+0	2,400E+1	3,000E+3	3,009E+3
831,233	0,141	0,100	7,770E+0	2,400E+1	3,000E+3	2,989E+3
832,234	0,141	0,100	7,770E+0	2,400E+1	3,000E+3	2,998E+3
833,235	0,141	0,100	7,770E+0	2,400E+1	3,000E+3	3,007E+3
834,235	0,141	0,100	7,770E+0	2,400E+1	3,000E+3	3,002E+3
835,236	0,141	0,100	7,770E+0	2,400E+1	3,000E+3	3,009E+3
836,235	0,141	0,100	7,760E+0	2,400E+1	3,000E+3	2,998E+3
837,236	0,141	0,100	7,770E+0	2,400E+1	3,000E+3	2,991E+3
838,235	0,141	0,100	7,770E+0	2,400E+1	3,000E+3	3,006E+3
839,236	0,141	0,100	7,770E+0	2,400E+1	3,000E+3	2,998E+3
840,237	0,141	0,100	7,770E+0	2,400E+1	3,000E+3	3,006E+3
841,238	0,141	0,100	7,770E+0	2,400E+1	3,000E+3	3,004E+3
842,240	0,141	0,100	7,770E+0	2,400E+1	3,000E+3	2,997E+3
843,240	0,141	0,100	7,770E+0	2,400E+1	3,000E+3	2,997E+3
844,241	0,141	0,100	7,770E+0	2,400E+1	3,000E+3	2,998E+3
845,240	0,141	0,100	7,770E+0	2,400E+1	3,000E+3	2,995E+3
846,240	0,141	0,100	7,770E+0	2,400E+1	3,000E+3	3,005E+3
847,240	0,141	0,100	7,770E+0	2,400E+1	3,000E+3	2,993E+3
848,240	0,141	0,100	7,770E+0	2,400E+1	3,000E+3	3,009E+3
849,241	0,141	0,100	7,780E+0	2,400E+1	3,000E+3	2,994E+3
850,242	0,141	0,100	7,780E+0	2,400E+1	3,000E+3	2,997E+3
851,243	0,141	0,100	7,770E+0	2,400E+1	3,000E+3	3,000E+3
852,243	0,141	0,100	7,770E+0	2,400E+1	3,000E+3	3,004E+3
853,244	0,141	0,100	7,770E+0	2,400E+1	3,000E+3	2,992E+3
854,244	0,141	0,100	7,770E+0	2,400E+1	3,000E+3	2,989E+3
855,244	0,141	0,100	7,770E+0	2,400E+1	3,000E+3	2,998E+3
856,245	0,141	0,100	7,770E+0	2,400E+1	3,000E+3	3,008E+3
857,244	0,141	0,100	7,780E+0	2,400E+1	3,000E+3	3,004E+3
858,244	0,141	0,100	7,780E+0	2,400E+1	3,000E+3	3,003E+3
859,245	0,141	0,100	7,780E+0	2,400E+1	3,000E+3	2,998E+3
860,244	0,141	0,100	7,780E+0	2,400E+1	3,000E+3	2,998E+3
861,245	0,141	0,100	7,780E+0	2,400E+1	3,000E+3	3,004E+3
862,244	0,141	0,100	7,780E+0	2,400E+1	3,000E+3	2,995E+3
863,244	0,141	0,100	7,770E+0	2,400E+1	3,000E+3	3,006E+3
864,245	0,141	0,100	7,770E+0	2,400E+1	3,000E+3	3,001E+3
865,245	0,141	0,100	7,780E+0	2,400E+1	3,000E+3	2,992E+3
866,246	0,141	0,100	7,780E+0	2,400E+1	3,000E+3	3,017E+3
867,245	0,141	0,100	7,780E+0	2,400E+1	3,000E+3	3,004E+3
868,245	0,141	0,100	7,780E+0	2,400E+1	3,000E+3	3,000E+3
869,246	0,141	0,100	7,780E+0	2,400E+1	3,000E+3	3,000E+3
870,245	0,141	0,100	7,780E+0	2,400E+1	3,000E+3	3,003E+3
871,247	0,141	0,100	7,780E+0	2,400E+1	3,000E+3	3,001E+3
872,246	0,141	0,100	7,780E+0	2,400E+1	3,000E+3	3,000E+3
873,246	0,141	0,100	7,780E+0	2,400E+1	3,000E+3	3,006E+3
874,247	0,141	0,100	7,780E+0	2,400E+1	3,000E+3	2,998E+3
875,246	0,141	0,100	7,780E+0	2,400E+1	3,000E+3	3,003E+3
876,247	0,141	0,100	7,780E+0	2,400E+1	3,000E+3	3,003E+3
877,247	0,141	0,100	7,780E+0	2,400E+1	3,000E+3	3,026E+3
878,248	0,141	0,100	7,780E+0	2,400E+1	3,000E+3	2,998E+3
879,248	0,141	0,100	7,780E+0	2,400E+1	3,000E+3	3,002E+3
880,248	0,141	0,100	7,780E+0	2,400E+1	3,000E+3	3,001E+3
881,249	0,141	0,100	7,780E+0	2,400E+1	3,000E+3	3,004E+3
882,248	0,141	0,100	7,790E+0	2,400E+1	3,000E+3	3,003E+3
883,249	0,141	0,100	7,790E+0	2,400E+1	3,000E+3	2,997E+3
884,248	0,141	0,100	7,790E+0	2,400E+1	3,000E+3	3,002E+3
885,248	0,141	0,100	7,790E+0	2,400E+1	3,000E+3	3,005E+3
886,248	0,141	0,100	7,790E+0	2,400E+1	3,000E+3	3,010E+3
887,248	0,141	0,100	7,790E+0	2,400E+1	3,000E+3	2,999E+3
888,248	0,141	0,100	7,780E+0	2,400E+1	3,000E+3	2,998E+3
889,249	0,141	0,100	7,780E+0	2,400E+1	3,000E+3	3,018E+3
890,249	0,141	0,100	7,780E+0	2,400E+1	3,000E+3	3,007E+3
891,251	0,141	0,100	7,780E+0	2,400E+1	3,000E+3	3,001E+3
892,250	0,141	0,100	7,790E+0	2,400E+1	3,000E+3	3,004E+3
893,250	0,141	0,100	7,790E+0	2,400E+1	3,000E+3	2,998E+3
894,251	0,141	0,100	7,790E+0	2,400E+1	3,000E+3	3,000E+3
895,251	0,141	0,100	7,790E+0	2,400E+1	3,000E+3	3,016E+3
896,251	0,141	0,100	7,790E+0	2,400E+1	3,000E+3	3,000E+3
897,251	0,141	0,100	7,790E+0	2,400E+1	3,000E+3	3,000E+3
898,251	0,141	0,100	7,790E+0	2,400E+1	3,000E+3	3,007E+3
899,251	0,141	0,100	7,790E+0	2,400E+1	3,000E+3	3,009E+3
900,252	0,141	0,100	7,790E+0	2,400E+1	3,000E+3	3,001E+3
901,253	0,141	0,100	7,790E+0	2,400E+1	3,000E+3	3,003E+3
902,252	0,141	0,100	7,790E+0	2,400E+1	3,000E+3	3,017E+3
903,252	0,141	0,100	7,790E+0	2,400E+1	3,000E+3	3,006E+3
904,252	0,141	0,100	7,790E+0	2,400E+1	3,000E+3	2,995E+3
905,252	0,141	0,100	7,790E+0	2,400E+1	3,000E+3	2,997E+3
906,252	0,141	0,100	7,790E+0	2,400E+1	3,000E+3	3,018E+3
907,252	0,141	0,100	7,790E+0	2,400E+1	3,000E+3	3,009E+3
908,253	0,141	0,100	7,790E+0	2,400E+1	3,000E+3	3,017E+3
909,252	0,141	0,100	7,790E+0	2,400E+1	3,000E+3	3,006E+3
910,252	0,141	0,100	7,790E+0	2,400E+1	3,000E+3	2,990E+3
911,252	0,141	0,100	7,790E+0	2,400E+1	3,000E+3	2,994E+3
912,253	0,141	0,100	7,790E+0	2,400E+1	3,000E+3	2,998E+3
913,252	0,141	0,100	7,800E+0	2,400E+1	3,000E+3	3,010E+3
914,253	0,141	0,100	7,800E+0	2,400E+1	3,000E+3	3,003E+3
915,252	0,141	0,100	7,800E+0	2,400E+1	3,000E+3	2,992E+3
916,253	0,141	0,100	7,790E+0	2,400E+1	3,000E+3	3,003E+3
917,253	0,141	0,100	7,790E+0	2,400E+1	3,000E+3	3,001E+3
918,253	0,141	0,100	7,800E+0	2,400E+1	3,000E+3	3,003E+3
919,254	0,141	0,100	7,800E+0	2,400E+1	3,000E+3	3,002E+3
920,253	0,141	0,100	7,800E+0	2,400E+1	3,000E+3	2,999E+3
921,253	0,141	0,100	7,790E+0	2,400E+1	3,000E+3	3,011E+3
922,254	0,141	0,100	7,790E+0	2,400E+1	3,000E+3	2,992E+3
923,254	0,141	0,100	7,800E+0	2,400E+1	3,000E+3	2,992E+3
924,255	0,141	0,100	7,790E+0	2,400E+1	3,000E+3	2,998E+3
925,255	0,141	0,100	7,790E+0	2,400E+1	3,000E+3	2,991E+3
926,256	0,141	0,100	7,800E+0	2,400E+1	3,000E+3	3,000E+3
927,257	0,141	0,100	7,800E+0	2,400E+1	3,000E+3	3,005E+3
928,257	0,141	0,100	7,800E+0	2,400E+1	3,000E+3	3,003E+3
929,258	0,141	0,100	7,800E+0	2,400E+1	3,000E+3	3,004E+3
930,258	0,141	0,100	7,800E+0	2,400E+1	3,000E+3	3,002E+3
931,258	0,141	0,100	7,800E+0	2,400E+1	3,000E+3	3,019E+3
932,258	0,141	0,100	7,800E+0	2,400E+1	3,000E+3	2,997E+3
933,258	0,141	0,100	7,800E+0	2,400E+1	3,000E+3	2,998E+3
934,258	0,141	0,100	7,800E+0	2,400E+1	3,000E+3	2,982E+3
935,259	0,141	0,100	7,800E+0	2,400E+1	3,000E+3	3,007E+3
936,259	0,141	0,100	7,800E+0	2,400E+1	3,000E+3	3,001E+3
937,260	0,141	0,100	7,800E+0	2,400E+1	3,000E+3	2,995E+3
938,259	0,141	0,100	7,800E+0	2,400E+1	3,000E+3	3,004E+3
939,259	0,141	0,100	7,800E+0	2,400E+1	3,000E+3	3,000E+3
940,259	0,141	0,100	7,800E+0	2,400E+1	3,000E+3	3,007E+3
941,259	0,141	0,100	7,810E+0	2,400E+1	3,000E+3	3,004E+3
942,260	0,141	0,100	7,810E+0	2,400E+1	3,000E+3	3,007E+3
943,260	0,141	0,100	7,810E+0	2,400E+1	3,000E+3	3,003E+3
944,261	0,141	0,100	7,800E+0	2,400E+1	3,000E+3	3,003E+3
945,260	0,141	0,100	7,800E+0	2,400E+1	3,000E+3	2,993E+3
946,260	0,141	0,100	7,810E+0	2,400E+1	3,000E+3	3,017E+3
947,261	0,141	0,100	7,810E+0	2,400E+1	3,000E+3	2,998E+3
948,262	0,141	0,100	7,810E+0	2,400E+1	3,000E+3	3,013E+3
949,262	0,141	0,100	7,800E+0	2,400E+1	3,000E+3	2,994E+3
950,262	0,141	0,100	7,800E+0	2,400E+1	3,000E+3	3,004E+3
951,263	0,141	0,100	7,800E+0	2,400E+1	3,000E+3	2,997E+3
952,264	0,141	0,100	7,800E+0	2,400E+1	3,000E+3	3,001E+3
953,263	0,141	0,100	7,800E+0	2,400E+1	3,000E+3	3,000E+3
954,264	0,141	0,100	7,800E+0	2,400E+1	3,000E+3	2,998E+3
955,263	0,141	0,100	7,800E+0	2,400E+1	3,000E+3	3,020E+3
956,263	0,141	0,100	7,800E+0	2,400E+1	3,000E+3	2,998E+3
957,263	0,141	0,100	7,800E+0	2,400E+1	3,000E+3	3,003E+3
958,263	0,141	0,100	7,800E+0	2,400E+1	3,000E+3	2,989E+3
959,264	0,141	0,100	7,800E+0	2,400E+1	3,000E+3	3,003E+3
960,263	0,141	0,100	7,800E+0	2,400E+1	3,000E+3	3,004E+3
961,263	0,141	0,100	7,810E+0	2,400E+1	3,000E+3	3,002E+3
962,263	0,141	0,100	7,810E+0	2,400E+1	3,000E+3	3,003E+3
963,264	0,141	0,100	7,810E+0	2,400E+1	3,000E+3	3,015E+3
964,265	0,141	0,100	7,810E+0	2,400E+1	3,000E+3	3,002E+3
965,265	0,141	0,100	7,810E+0	2,400E+1	3,000E+3	3,001E+3
966,267	0,141	0,100	7,810E+0	2,400E+1	3,000E+3	2,997E+3
967,266	0,141	0,100	7,810E+0	2,400E+1	3,000E+3	2,991E+3
968,266	0,141	0,100	7,810E+0	2,400E+1	3,000E+3	3,007E+3
969,266	0,141	0,100	7,810E+0	2,400E+1	3,000E+3	3,012E+3
970,266	0,141	0,100	7,810E+0	2,400E+1	3,000E+3	3,001E+3
971,268	0,141	0,100	7,810E+0	2,400E+1	3,000E+3	3,004E+3
972,267	0,141	0,100	7,810E+0	2,400E+1	3,000E+3	2,993E+3
973,268	0,141	0,100	7,810E+0	2,400E+1	3,000E+3	3,007E+3
974,267	0,141	0,100	7,810E+0	2,400E+1	3,000E+3	3,017E+3
975,267	0,141	0,100	7,800E+0	2,400E+1	3,000E+3	3,001E+3
976,267	0,141	0,100	7,800E+0	2,400E+1	3,000E+3	3,002E+3
977,268	0,141	0,100	7,810E+0	2,400E+1	3,000E+3	3,004E+3
978,267	0,141	0,100	7,810E+0	2,400E+1	3,000E+3	3,000E+3
979,267	0,141	0,100	7,810E+0	2,400E+1	3,000E+3	2,995E+3
980,267	0,141	0,100	7,810E+0	2,400E+1	3,000E+3	3,009E+3
981,267	0,141	0,100	7,810E+0	2,400E+1	3,000E+3	3,010E+3
982,268	0,141	0,100	7,810E+0	2,400E+1	3,000E+3	3,009E+3
983,268	0,141	0,100	7,810E+0	2,400E+1	3,000E+3	3,007E+3
984,270	0,141	0,100	7,810E+0	2,400E+1	3,000E+3	2,996E+3
985,270	0,141	0,100	7,820E+0	2,400E+1	3,000E+3	3,010E+3
986,270	0,141	0,100	7,820E+0	2,400E+1	3,000E+3	2,998E+3
987,271	0,141	0,100	7,820E+0	2,400E+1	3,000E+3	3,001E+3
988,271	0,141	0,100	7,820E+0	2,400E+1	3,000E+3	3,005E+3
989,271	0,141	0,100	7,820E+0	2,400E+1	3,000E+3	3,006E+3
990,272	0,141	0,100	7,820E+0	2,400E+1	3,000E+3	2,999E+3
991,271	0,141	0,100	7,820E+0	2,400E+1	3,000E+3	2,999E+3
992,271	0,141	0,100	7,820E+0	2,400E+1	3,000E+3	2,996E+3
993,271	0,141	0,100	7,820E+0	2,400E+1	3,000E+3	2,992E+3
994,271	0,141	0,100	7,820E+0	2,400E+1	3,000E+3	2,991E+3
995,271	0,141	0,100	7,810E+0	2,400E+1	3,000E+3	3,001E+3
996,272	0,141	0,100	7,820E+0	2,400E+1	3,000E+3	3,004E+3
997,271	0,141	0,100	7,820E+0	2,400E+1	3,000E+3	3,000E+3
998,272	0,141	0,100	7,820E+0	2,400E+1	3,000E+3	3,003E+3
999,271	0,141	0,100	7,820E+0	2,400E+1	3,000E+3	3,003E+3
1000,271	0,141	0,100	7,820E+0	2,400E+1	3,000E+3	2,999E+3
1001,271	0,141	0,100	7,820E+0	2,400E+1	3,000E+3	3,007E+3
1002,271	0,141	0,100	7,820E+0	2,400E+1	3,000E+3	2,994E+3
1003,271	0,141	0,100	7,820E+0	2,400E+1	3,000E+3	3,004E+3
1004,273	0,141	0,100	7,820E+0	2,400E+1	3,000E+3	3,001E+3
1005,272	0,141	0,100	7,820E+0	2,400E+1	3,000E+3	3,011E+3
1006,272	0,141	0,100	7,820E+0	2,400E+1	3,000E+3	2,994E+3
1007,272	0,141	0,100	7,830E+0	2,400E+1	3,000E+3	3,000E+3
1008,272	0,141	0,100	7,820E+0	2,400E+1	3,000E+3	3,013E+3
1009,272	0,141	0,100	7,820E+0	2,400E+1	3,000E+3	2,996E+3
1010,274	0,141	0,100	7,820E+0	2,400E+1	3,000E+3	2,997E+3
1011,274	0,141	0,100	7,820E+0	2,400E+1	3,000E+3	2,995E+3
1012,275	0,141	0,100	7,820E+0	2,400E+1	3,000E+3	2,994E+3
1013,275	0,141	0,100	7,820E+0	2,400E+1	3,000E+3	3,003E+3
1014,275	0,141	0,100	7,820E+0	2,400E+1	3,000E+3	2,995E+3
1015,275	0,141	0,100	7,820E+0	2,400E+1	3,000E+3	2,999E+3
1016,275	0,141	0,100	7,820E+0	2,400E+1	3,000E+3	2,994E+3
1017,276	0,141	0,100	7,820E+0	2,400E+1	3,000E+3	3,000E+3
1018,275	0,141	0,100	7,820E+0	2,400E+1	3,000E+3	3,003E+3
1019,275	0,141	0,100	7,830E+0	2,400E+1	3,000E+3	3,006E+3
1020,275	0,141	0,100	7,830E+0	2,400E+1	3,000E+3	2,991E+3
1021,276	0,141	0,100	7,830E+0	2,400E+1	3,000E+3	2,988E+3
1022,276	0,141	0,100	7,830E+0	2,400E+1	3,000E+3	2,995E+3
1023,276	0,141	0,100	7,820E+0	2,400E+1	3,000E+3	3,004E+3
1024,278	0,141	0,100	7,820E+0	2,400E+1	3,000E+3	2,979E+3
1025,278	0,141	0,100	7,830E+0	2,400E+1	3,000E+3	3,000E+3
1026,278	0,141	0,100	7,830E+0	2,400E+1	3,000E+3	2,997E+3
1027,278	0,141	0,100	7,830E+0	2,400E+1	3,000E+3	3,002E+3
1028,278	0,141	0,100	7,830E+0	2,400E+1	3,000E+3	3,003E+3
1029,278	0,141	0,100	7,830E+0	2,400E+1	3,000E+3	3,000E+3
1030,278	0,141	0,100	7,830E+0	2,400E+1	3,000E+3	3,003E+3
1031,280	0,141	0,100	7,830E+0	2,400E+1	3,000E+3	3,011E+3
1032,279	0,141	0,100	7,830E+0	2,400E+1	3,000E+3	2,992E+3
1033,279	0,141	0,100	7,830E+0	2,400E+1	3,000E+3	3,002E+3
1034,279	0,141	0,100	7,830E+0	2,400E+1	3,000E+3	2,996E+3
1035,279	0,141	0,100	7,830E+0	2,400E+1	3,000E+3	2,997E+3
1036,280	0,141	0,100	7,830E+0	2,400E+1	3,000E+3	3,018E+3
1037,279	0,141	0,100	7,830E+0	2,400E+1	3,000E+3	2,999E+3
1038,280	0,141	0,100	7,830E+0	2,400E+1	3,000E+3	3,007E+3
1039,279	0,141	0,100	7,830E+0	2,400E+1	3,000E+3	2,988E+3
1040,279	0,141	0,100	7,830E+0	2,400E+1	3,000E+3	3,000E+3
1041,279	0,141	0,100	7,830E+0	2,400E+1	3,000E+3	2,996E+3
1042,279	0,141	0,100	7,830E+0	2,400E+1	3,000E+3	2,997E+3
1043,280	0,141	0,100	7,830E+0	2,400E+1	3,000E+3	2,998E+3
1044,279	0,141	0,100	7,830E+0	2,400E+1	3,000E+3	2,994E+3
1045,280	0,141	0,100	7,830E+0	2,400E+1	3,000E+3	3,004E+3
1046,279	0,141	0,100	7,830E+0	2,400E+1	3,000E+3	2,998E+3
1047,279	0,141	0,100	7,830E+0	2,400E+1	3,000E+3	3,009E+3
1048,279	0,141	0,100	7,830E+0	2,400E+1	3,000E+3	2,996E+3
1049,280	0,141	0,100	7,830E+0	2,400E+1	3,000E+3	3,003E+3
1050,280	0,141	0,100	7,830E+0	2,400E+1	3,000E+3	3,001E+3
1051,281	0,141	0,100	7,830E+0	2,400E+1	3,000E+3	2,999E+3
1052,280	0,141	0,100	7,830E+0	2,400E+1	3,000E+3	2,994E+3
1053,280	0,141	0,100	7,830E+0	2,400E+1	3,000E+3	3,001E+3
1054,280	0,141	0,100	7,830E+0	2,400E+1	3,000E+3	3,006E+3
1055,280	0,141	0,100	7,830E+0	2,400E+1	3,000E+3	3,001E+3
1056,281	0,141	0,100	7,830E+0	2,400E+1	3,000E+3	2,996E+3
1057,281	0,141	0,100	7,840E+0	2,400E+1	3,000E+3	2,999E+3
1058,281	0,141	0,100	7,840E+0	2,400E+1	3,000E+3	2,998E+3
1059,281	0,141	0,100	7,830E+0	2,400E+1	3,000E+3	3,007E+3
1060,281	0,141	0,100	7,830E+0	2,400E+1	3,000E+3	3,002E+3
1061,281	0,141	0,100	7,830E+0	2,400E+1	3,000E+3	2,995E+3
1062,281	0,141	0,100	7,840E+0	2,400E+1	3,000E+3	2,993E+3
1063,282	0,141	0,100	7,840E+0	2,400E+1	3,000E+3	2,999E+3
1064,282	0,141	0,100	7,840E+0	2,400E+1	3,000E+3	3,003E+3
1065,284	0,141	0,100	7,830E+0	2,400E+1	3,000E+3	3,001E+3
1066,284	0,141	0,100	7,830E+0	2,400E+1	3,000E+3	3,004E+3
1067,283	0,141	0,100	7,830E+0	2,400E+1	3,000E+3	3,000E+3
1068,283	0,141	0,100	7,830E+0	2,400E+1	3,000E+3	3,002E+3
1069,284	0,141	0,100	7,830E+0	2,400E+1	3,000E+3	2,993E+3
1070,284	0,141	0,100	7,830E+0	2,400E+1	3,000E+3	3,009E+3
1071,285	0,141	0,100	7,830E+0	2,400E+1	3,000E+3	2,998E+3
1072,284	0,141	0,100	7,830E+0	2,400E+1	3,000E+3	3,001E+3
1073,286	0,141	0,100	7,830E+0	2,400E+1	3,000E+3	3,009E+3
1074,285	0,141	0,100	7,840E+0	2,400E+1	3,000E+3	2,997E+3
1075,285	0,141	0,100	7,840E+0	2,400E+1	3,000E+3	2,999E+3
1076,286	0,141	0,100	7,840E+0	2,400E+1	3,000E+3	2,994E+3
1077,286	0,141	0,100	7,840E+0	2,400E+1	3,000E+3	3,001E+3
1078,287	0,141	0,100	7,830E+0	2,400E+1	3,000E+3	3,010E+3
1079,286	0,141	0,100	7,840E+0	2,400E+1	3,000E+3	2,997E+3
1080,286	0,141	0,100	7,840E+0	2,400E+1	3,000E+3	2,998E+3
1081,288	0,141	0,100	7,840E+0	2,400E+1	3,000E+3	3,005E+3
1082,287	0,141	0,100	7,840E+0	2,400E+1	3,000E+3	3,010E+3
1083,288	0,141	0,100	7,840E+0	2,400E+1	3,000E+3	3,000E+3
1084,287	0,141	0,100	7,840E+0	2,400E+1	3,000E+3	3,000E+3
1085,288	0,141	0,100	7,840E+0	2,400E+1	3,000E+3	3,003E+3
1086,288	0,141	0,100	7,840E+0	2,400E+1	3,000E+3	3,001E+3
1087,288	0,141	0,100	7,840E+0	2,400E+1	3,000E+3	3,003E+3
1088,288	0,141	0,100	7,840E+0	2,400E+1	3,000E+3	2,993E+3
1089,289	0,141	0,100	7,840E+0	2,400E+1	3,000E+3	3,004E+3
1090,289	0,141	0,100	7,840E+0	2,400E+1	3,000E+3	2,998E+3
1091,290	0,141	0,100	7,840E+0	2,400E+1	3,000E+3	3,002E+3
1092,289	0,141	0,100	7,840E+0	2,400E+1	3,000E+3	3,010E+3
1093,290	0,141	0,100	7,840E+0	2,400E+1	3,000E+3	3,009E+3
1094,289	0,141	0,100	7,840E+0	2,400E+1	3,000E+3	2,999E+3
1095,289	0,141	0,100	7,840E+0	2,400E+1	3,000E+3	3,001E+3
1096,289	0,141	0,100	7,840E+0	2,400E+1	3,000E+3	2,991E+3
1097,289	0,141	0,100	7,850E+0	2,400E+1	3,000E+3	2,992E+3
1098,289	0,141	0,100	7,850E+0	2,400E+1	3,000E+3	2,991E+3
1099,289	0,141	0,100	7,840E+0	2,400E+1	3,000E+3	2,998E+3
1100,291	0,141	0,100	7,840E+0	2,400E+1	3,000E+3	2,999E+3
1101,291	0,141	0,100	7,840E+0	2,400E+1	3,000E+3	2,993E+3
1102,291	0,141	0,100	7,840E+0	2,400E+1	3,000E+3	2,992E+3
1103,291	0,141	0,100	7,840E+0	2,400E+1	3,000E+3	3,007E+3
1104,292	0,141	0,100	7,840E+0	2,400E+1	3,000E+3	3,001E+3
1105,291	0,141	0,100	7,840E+0	2,400E+1	3,000E+3	3,010E+3
1106,292	0,141	0,100	7,840E+0	2,400E+1	3,000E+3	3,006E+3
1107,291	0,141	0,100	7,840E+0	2,400E+1	3,000E+3	2,994E+3
1108,291	0,141	0,100	7,840E+0	2,400E+1	3,000E+3	3,000E+3
1109,292	0,141	0,100	7,840E+0	2,400E+1	3,000E+3	2,998E+3
1110,292	0,141	0,100	7,840E+0	2,400E+1	3,000E+3	2,999E+3
1111,294	0,141	0,100	7,850E+0	2,400E+1	3,000E+3	2,996E+3
1112,293	0,141	0,100	7,850E+0	2,400E+1	3,000E+3	2,997E+3
1113,294	0,141	0,100	7,850E+0	2,400E+1	3,000E+3	2,993E+3
1114,294	0,141	0,100	7,850E+0	2,400E+1	3,000E+3	2,995E+3
1115,294	0,141	0,100	7,840E+0	2,400E+1	3,000E+3	2,995E+3
1116,294	0,141	0,100	7,850E+0	2,400E+1	3,000E+3	3,003E+3
1117,294	0,141	0,100	7,850E+0	2,400E+1	3,000E+3	2,986E+3
1118,295	0,141	0,100	7,840E+0	2,400E+1	3,000E+3	3,009E+3
1119,294	0,141	0,100	7,840E+0	2,400E+1	3,000E+3	2,992E+3
1120,295	0,141	0,100	7,840E+0	2,400E+1	3,000E+3	2,992E+3
1121,295	0,141	0,100	7,850E+0	2,400E+1	3,000E+3	3,005E+3
1122,295	0,141	0,100	7,850E+0	2,400E+1	3,000E+3	2,995E+3
1123,296	0,141	0,100	7,850E+0	2,400E+1	3,000E+3	2,998E+3
1124,295	0,141	0,100	7,850E+0	2,400E+1	3,000E+3	2,995E+3
1125,295	0,141	0,100	7,850E+0	2,400E+1	3,000E+3	2,996E+3
1126,295	0,141	0,100	7,850E+0	2,400E+1	3,000E+3	2,998E+3
1127,295	0,141	0,100	7,850E+0	2,400E+1	3,000E+3	3,006E+3
1128,296	0,141	0,100	7,850E+0	2,400E+1	3,000E+3	3,005E+3
1129,297	0,141	0,100	7,850E+0	2,400E+1	3,000E+3	3,010E+3
1130,297	0,141	0,100	7,850E+0	2,400E+1	3,000E+3	2,995E+3
1131,297	0,141	0,100	7,850E+0	2,400E+1	3,000E+3	3,003E+3
1132,298	0,141	0,100	7,850E+0	2,400E+1	3,000E+3	3,012E+3
1133,298	0,141	0,100	7,850E+0	2,400E+1	3,000E+3	3,000E+3
1134,298	0,141	0,100	7,850E+0	2,400E+1	3,000E+3	3,012E+3
1135,298	0,141	0,100	7,850E+0	2,400E+1	3,000E+3	3,004E+3
1136,299	0,141	0,100	7,860E+0	2,400E+1	3,000E+3	2,994E+3
1137,298	0,141	0,100	7,860E+0	2,400E+1	3,000E+3	2,990E+3
1138,300	0,141	0,100	7,860E+0	2,400E+1	3,000E+3	2,992E+3
1139,299	0,141	0,100	7,850E+0	2,400E+1	3,000E+3	3,002E+3
1140,299	0,141	0,100	7,850E+0	2,400E+1	3,000E+3	3,007E+3
1141,299	0,141	0,100	7,850E+0	2,400E+1	3,000E+3	2,994E+3
1142,299	0,141	0,100	7,860E+0	2,400E+1	3,000E+3	2,997E+3
1143,300	0,141	0,100	7,860E+0	2,400E+1	3,000E+3	2,998E+3
1144,299	0,141	0,100	7,860E+0	2,400E+1	3,000E+3	2,998E+3
1145,300	0,141	0,100	7,860E+0	2,400E+1	3,000E+3	3,003E+3
1146,299	0,141	0,100	7,860E+0	2,400E+1	3,000E+3	3,004E+3
1147,299	0,141	0,100	7,850E+0	2,400E+1	3,000E+3	2,985E+3
1148,299	0,141	0,100	7,850E+0	2,400E+1	3,000E+3	2,996E+3
1149,300	0,141	0,100	7,860E+0	2,400E+1	3,000E+3	3,007E+3
1150,300	0,141	0,100	7,860E+0	2,400E+1	3,000E+3	3,006E+3
1151,300	0,141	0,100	7,860E+0	2,400E+1	3,000E+3	2,994E+3
1152,300	0,141	0,100	7,860E+0	2,400E+1	3,000E+3	3,004E+3
1153,300	0,141	0,100	7,860E+0	2,400E+1	3,000E+3	2,997E+3
1154,300	0,141	0,100	7,860E+0	2,400E+1	3,000E+3	2,995E+3
1155,300	0,141	0,100	7,860E+0	2,400E+1	3,000E+3	3,001E+3
1156,300	0,141	0,100	7,860E+0	2,400E+1	3,000E+3	2,997E+3
1157,301	0,141	0,100	7,860E+0	2,400E+1	3,000E+3	3,000E+3
1158,300	0,141	0,100	7,860E+0	2,400E+1	3,000E+3	3,006E+3
1159,300	0,141	0,100	7,860E+0	2,400E+1	3,000E+3	3,009E+3
1160,300	0,141	0,100	7,860E+0	2,400E+1	3,000E+3	3,001E+3
1161,300	0,141	0,100	7,860E+0	2,400E+1	3,000E+3	3,007E+3
1162,301	0,141	0,100	7,860E+0	2,400E+1	3,000E+3	2,998E+3
1163,301	0,141	0,100	7,860E+0	2,400E+1	3,000E+3	2,998E+3
1164,302	0,141	0,100	7,860E+0	2,400E+1	3,000E+3	3,003E+3
1165,301	0,141	0,100	7,860E+0	2,400E+1	3,000E+3	3,006E+3
1166,302	0,141	0,100	7,860E+0	2,400E+1	3,000E+3	2,999E+3
1167,301	0,141	0,100	7,860E+0	2,400E+1	3,000E+3	3,004E+3
1168,301	0,141	0,100	7,860E+0	2,400E+1	3,000E+3	3,002E+3
1169,303	0,141	0,100	7,860E+0	2,400E+1	3,000E+3	2,992E+3
1170,302	0,141	0,100	7,860E+0	2,400E+1	3,000E+3	2,995E+3
1171,303	0,141	0,100	7,870E+0	2,400E+1	3,000E+3	3,000E+3
1172,302	0,141	0,100	7,870E+0	2,400E+1	3,000E+3	3,001E+3
1173,303	0,141	0,100	7,860E+0	2,400E+1	3,000E+3	2,996E+3
1174,303	0,141	0,100	7,860E+0	2,400E+1	3,000E+3	3,001E+3
1175,303	0,141	0,100	7,860E+0	2,400E+1	3,000E+3	2,993E+3
1176,305	0,141	0,100	7,860E+0	2,400E+1	3,000E+3	2,995E+3
1177,304	0,141	0,100	7,860E+0	2,400E+1	3,000E+3	2,997E+3
1178,305	0,141	0,100	7,860E+0	2,400E+1	3,000E+3	3,003E+3
1179,305	0,141	0,100	7,860E+0	2,400E+1	3,000E+3	3,000E+3
1180,306	0,141	0,100	7,860E+0	2,400E+1	3,000E+3	2,997E+3
1181,305	0,141	0,100	7,860E+0	2,400E+1	3,000E+3	3,001E+3
1182,305	0,141	0,100	7,860E+0	2,400E+1	3,000E+3	3,006E+3
1183,305	0,141	0,100	7,870E+0	2,400E+1	3,000E+3	3,007E+3
1184,305	0,141	0,100	7,870E+0	2,400E+1	3,000E+3	3,000E+3
1185,305	0,141	0,100	7,870E+0	2,400E+1	3,000E+3	3,004E+3
1186,305	0,141	0,100	7,870E+0	2,400E+1	3,000E+3	3,002E+3
1187,305	0,141	0,100	7,870E+0	2,400E+1	3,000E+3	2,990E+3
1188,306	0,141	0,100	7,870E+0	2,400E+1	3,000E+3	2,998E+3
1189,307	0,141	0,100	7,870E+0	2,400E+1	3,000E+3	2,998E+3
1190,306	0,141	0,100	7,870E+0	2,400E+1	3,000E+3	3,000E+3
1191,306	0,141	0,100	7,860E+0	2,400E+1	3,000E+3	2,999E+3
1192,306	0,141	0,100	7,860E+0	2,400E+1	3,000E+3	3,000E+3
1193,306	0,141	0,100	7,870E+0	2,400E+1	3,000E+3	3,002E+3
1194,307	0,141	0,100	7,870E+0	2,400E+1	3,000E+3	2,998E+3
1195,306	0,141	0,100	7,870E+0	2,400E+1	3,000E+3	3,009E+3
1196,307	0,141	0,100	7,870E+0	2,400E+1	3,000E+3	3,005E+3
1197,306	0,141	0,100	7,860E+0	2,400E+1	3,000E+3	2,992E+3
1198,306	0,141	0,100	7,860E+0	2,400E+1	3,000E+3	3,009E+3
1199,306	0,141	0,100	7,860E+0	2,400E+1	3,000E+3	2,994E+3
1200,306	0,141	0,100	7,860E+0	2,400E+1	3,000E+3	2,992E+3
1201,307	0,141	0,100	7,860E+0	2,400E+1	3,000E+3	3,001E+3
1202,306	0,141	0,100	7,860E+0	2,400E+1	3,000E+3	3,001E+3
1203,306	0,141	0,100	7,870E+0	2,400E+1	3,000E+3	2,995E+3
1204,306	0,141	0,100	7,870E+0	2,400E+1	3,000E+3	3,002E+3
1205,306	0,141	0,100	7,870E+0	2,400E+1	3,000E+3	2,998E+3
1206,307	0,141	0,100	7,870E+0	2,400E+1	3,000E+3	2,994E+3
1207,306	0,141	0,100	7,870E+0	2,400E+1	3,000E+3	3,009E+3
1208,308	0,141	0,100	7,870E+0	2,400E+1	3,000E+3	2,997E+3
1209,307	0,141	0,100	7,870E+0	2,400E+1	3,000E+3	2,998E+3
1210,307	0,141	0,100	7,870E+0	2,400E+1	3,000E+3	2,999E+3
1211,307	0,141	0,100	7,870E+0	2,400E+1	3,000E+3	2,995E+3
1212,307	0,141	0,100	7,870E+0	2,400E+1	3,000E+3	3,001E+3
1213,308	0,141	0,100	7,870E+0	2,400E+1	3,000E+3	3,006E+3
1214,307	0,141	0,100	7,870E+0	2,400E+1	3,000E+3	3,001E+3
1215,307	0,141	0,100	7,870E+0	2,400E+1	3,000E+3	3,004E+3
1216,307	0,141	0,100	7,870E+0	2,400E+1	3,000E+3	3,000E+3
1217,308	0,141	0,100	7,870E+0	2,400E+1	3,000E+3	2,997E+3
1218,308	0,141	0,100	7,870E+0	2,400E+1	3,000E+3	2,996E+3
1219,308	0,141	0,100	7,870E+0	2,400E+1	3,000E+3	3,001E+3
1220,308	0,141	0,100	7,870E+0	2,400E+1	3,000E+3	3,006E+3
1221,309	0,141	0,100	7,870E+0	2,400E+1	3,000E+3	3,005E+3
1222,309	0,141	0,100	7,870E+0	2,400E+1	3,000E+3	2,997E+3
1223,310	0,141	0,100	7,870E+0	2,400E+1	3,000E+3	3,007E+3
1224,310	0,141	0,100	7,870E+0	2,400E+1	3,000E+3	3,012E+3
1225,311	0,141	0,100	7,870E+0	2,400E+1	3,000E+3	3,003E+3
1226,311	0,141	0,100	7,870E+0	2,400E+1	3,000E+3	3,001E+3
1227,311	0,141	0,100	7,880E+0	2,400E+1	3,000E+3	3,000E+3
1228,312	0,141	0,100	7,880E+0	2,400E+1	3,000E+3	3,000E+3
1229,311	0,141	0,100	7,880E+0	2,400E+1	3,000E+3	3,005E+3
1230,311	0,141	0,100	7,880E+0	2,400E+1	3,000E+3	2,991E+3
1231,311	0,141	0,100	7,880E+0	2,400E+1	3,000E+3	2,999E+3
1232,312	0,141	0,100	7,880E+0	2,400E+1	3,000E+3	2,997E+3
1233,313	0,141	0,100	7,870E+0	2,400E+1	3,000E+3	3,010E+3
1234,312	0,141	0,100	7,870E+0	2,400E+1	3,000E+3	2,998E+3
1235,313	0,141	0,100	7,870E+0	2,400E+1	3,000E+3	3,009E+3
1236,312	0,141	0,100	7,880E+0	2,400E+1	3,000E+3	2,995E+3
1237,312	0,141	0,100	7,880E+0	2,400E+1	3,000E+3	3,000E+3
1238,312	0,141	0,100	7,880E+0	2,400E+1	3,000E+3	3,004E+3
1239,312	0,141	0,100	7,880E+0	2,400E+1	3,000E+3	3,003E+3
1240,313	0,141	0,100	7,870E+0	2,400E+1	3,000E+3	2,997E+3
1241,312	0,141	0,100	7,870E+0	2,400E+1	3,000E+3	3,001E+3
1242,312	0,141	0,100	7,870E+0	2,400E+1	3,000E+3	2,999E+3
1243,312	0,141	0,100	7,880E+0	2,400E+1	3,000E+3	2,993E+3
1244,313	0,141	0,100	7,880E+0	2,400E+1	3,000E+3	2,998E+3
1245,313	0,141	0,100	7,870E+0	2,400E+1	3,000E+3	2,998E+3
1246,313	0,141	0,100	7,880E+0	2,400E+1	3,000E+3	2,994E+3
1247,314	0,141	0,100	7,880E+0	2,400E+1	3,000E+3	3,008E+3
1248,315	0,141	0,100	7,880E+0	2,400E+1	3,000E+3	2,998E+3
1249,315	0,141	0,100	7,880E+0	2,400E+1	3,000E+3	3,004E+3
1250,315	0,141	0,100	7,880E+0	2,400E+1	3,000E+3	2,992E+3
1251,315	0,141	0,100	7,880E+0	2,400E+1	3,000E+3	3,000E+3
1252,316	0,141	0,100	7,880E+0	2,400E+1	3,000E+3	3,004E+3
1253,315	0,141	0,100	7,880E+0	2,400E+1	3,000E+3	3,001E+3
1254,315	0,141	0,100	7,880E+0	2,400E+1	3,000E+3	3,001E+3
1255,316	0,141	0,100	7,890E+0	2,400E+1	3,000E+3	3,000E+3
1256,316	0,141	0,100	7,890E+0	2,400E+1	3,000E+3	3,008E+3
1257,316	0,141	0,100	7,880E+0	2,400E+1	3,000E+3	2,992E+3
1258,317	0,141	0,100	7,880E+0	2,400E+1	3,000E+3	2,989E+3
1259,318	0,141	0,100	7,880E+0	2,400E+1	3,000E+3	2,998E+3
1260,317	0,141	0,100	7,880E+0	2,400E+1	3,000E+3	2,994E+3
1261,317	0,141	0,100	7,880E+0	2,400E+1	3,000E+3	2,999E+3
1262,318	0,141	0,100	7,880E+0	2,400E+1	3,000E+3	3,010E+3
1263,319	0,141	0,100	7,880E+0	2,400E+1	3,000E+3	3,004E+3
1264,320	0,141	0,100	7,880E+0	2,400E+1	3,000E+3	3,004E+3
1265,319	0,141	0,100	7,880E+0	2,400E+1	3,000E+3	2,991E+3
1266,320	0,141	0,100	7,880E+0	2,400E+1	3,000E+3	3,000E+3
1267,319	0,141	0,100	7,880E+0	2,400E+1	3,000E+3	2,989E+3
1268,320	0,141	0,100	7,880E+0	2,400E+1	3,000E+3	3,000E+3
1269,320	0,141	0,100	7,880E+0	2,400E+1	3,000E+3	3,006E+3
1270,320	0,141	0,100	7,880E+0	2,400E+1	3,000E+3	3,003E+3
1271,322	0,141	0,100	7,880E+0	2,400E+1	3,000E+3	3,004E+3
1272,321	0,141	0,100	7,880E+0	2,400E+1	3,000E+3	2,997E+3
1273,322	0,141	0,100	7,880E+0	2,400E+1	3,000E+3	3,006E+3
1274,321	0,141	0,100	7,880E+0	2,400E+1	3,000E+3	3,001E+3
1275,322	0,141	0,100	7,880E+0	2,400E+1	3,000E+3	3,016E+3
1276,322	0,141	0,100	7,880E+0	2,400E+1	3,000E+3	2,997E+3
1277,322	0,141	0,100	7,880E+0	2,400E+1	3,000E+3	3,006E+3
1278,323	0,141	0,100	7,880E+0	2,400E+1	3,000E+3	3,003E+3
1279,322	0,141	0,100	7,880E+0	2,400E+1	3,000E+3	2,988E+3
1280,324	0,141	0,100	7,880E+0	2,400E+1	3,000E+3	3,010E+3
1281,323	0,141	0,100	7,880E+0	2,400E+1	3,000E+3	2,999E+3
1282,323	0,141	0,100	7,880E+0	2,400E+1	3,000E+3	2,997E+3
1283,324	0,141	0,100	7,890E+0	2,400E+1	3,000E+3	3,004E+3
1284,325	0,141	0,100	7,890E+0	2,400E+1	3,000E+3	3,011E+3
1285,326	0,141	0,100	7,880E+0	2,400E+1	3,000E+3	2,994E+3
1286,325	0,141	0,100	7,880E+0	2,400E+1	3,000E+3	3,000E+3
1287,326	0,141	0,100	7,880E+0	2,400E+1	3,000E+3	3,000E+3
1288,326	0,141	0,100	7,880E+0	2,400E+1	3,000E+3	2,994E+3
1289,326	0,141	0,100	7,890E+0	2,400E+1	3,000E+3	3,000E+3
1290,326	0,141	0,100	7,890E+0	2,400E+1	3,000E+3	2,988E+3
1291,326	0,141	0,100	7,890E+0	2,400E+1	3,000E+3	2,995E+3
1292,327	0,141	0,100	7,890E+0	2,400E+1	3,000E+3	3,012E+3
1293,326	0,141	0,100	7,890E+0	2,400E+1	3,000E+3	2,992E+3
1294,326	0,141	0,100	7,880E+0	2,400E+1	3,000E+3	2,998E+3
1295,326	0,141	0,100	7,880E+0	2,400E+1	3,000E+3	3,006E+3
1296,326	0,141	0,100	7,880E+0	2,400E+1	3,000E+3	2,995E+3
1297,327	0,141	0,100	7,880E+0	2,400E+1	3,000E+3	2,997E+3
1298,327	0,141	0,100	7,880E+0	2,400E+1	3,000E+3	3,007E+3
1299,329	0,141	0,100	7,880E+0	2,400E+1	3,000E+3	3,003E+3
1300,328	0,141	0,100	7,880E+0	2,400E+1	3,000E+3	2,996E+3
1301,328	0,141	0,100	7,890E+0	2,400E+1	3,000E+3	3,004E+3
1302,328	0,141	0,100	7,890E+0	2,400E+1	3,000E+3	3,001E+3
1303,328	0,141	0,100	7,890E+0	2,400E+1	3,000E+3	3,004E+3
1304,329	0,141	0,100	7,890E+0	2,400E+1	3,000E+3	3,012E+3
1305,328	0,141	0,100	7,890E+0	2,400E+1	3,000E+3	3,004E+3
1306,329	0,141	0,100	7,890E+0	2,400E+1	3,000E+3	2,995E+3
1307,330	0,141	0,100	7,890E+0	2,400E+1	3,000E+3	3,003E+3
1308,331	0,141	0,100	7,890E+0	2,400E+1	3,000E+3	3,000E+3
1309,332	0,141	0,100	7,890E+0	2,400E+1	3,000E+3	3,006E+3
1310,331	0,141	0,100	7,890E+0	2,400E+1	3,000E+3	3,002E+3
1311,331	0,141	0,100	7,890E+0	2,400E+1	3,000E+3	3,017E+3
1312,331	0,141	0,100	7,890E+0	2,400E+1	3,000E+3	3,006E+3
1313,331	0,141	0,100	7,890E+0	2,400E+1	3,000E+3	2,995E+3
1314,333	0,141	0,100	7,890E+0	2,400E+1	3,000E+3	2,997E+3
1315,332	0,141	0,100	7,890E+0	2,400E+1	3,000E+3	2,998E+3
1316,333	0,141	0,100	7,890E+0	2,400E+1	3,000E+3	3,011E+3
1317,332	0,141	0,100	7,890E+0	2,400E+1	3,000E+3	3,001E+3
1318,332	0,141	0,100	7,900E+0	2,400E+1	3,000E+3	3,008E+3
1319,332	0,141	0,100	7,890E+0	2,400E+1	3,000E+3	2,997E+3
1320,333	0,141	0,100	7,890E+0	2,400E+1	3,000E+3	3,003E+3
1321,334	0,141	0,100	7,890E+0	2,400E+1	3,000E+3	3,003E+3
1322,333	0,141	0,100	7,890E+0	2,400E+1	3,000E+3	2,995E+3
1323,334	0,141	0,100	7,890E+0	2,400E+1	3,000E+3	3,003E+3
1324,333	0,141	0,100	7,890E+0	2,400E+1	3,000E+3	3,007E+3
1325,333	0,141	0,100	7,890E+0	2,400E+1	3,000E+3	3,007E+3
1326,333	0,141	0,100	7,890E+0	2,400E+1	3,000E+3	3,004E+3
1327,333	0,141	0,100	7,890E+0	2,400E+1	3,000E+3	2,996E+3
1328,334	0,141	0,100	7,890E+0	2,400E+1	3,000E+3	3,010E+3
1329,333	0,141	0,100	7,890E+0	2,400E+1	3,000E+3	3,004E+3
1330,333	0,141	0,100	7,890E+0	2,400E+1	3,000E+3	3,009E+3
1331,334	0,141	0,100	7,890E+0	2,400E+1	3,000E+3	3,006E+3
1332,334	0,141	0,100	7,890E+0	2,400E+1	3,000E+3	3,003E+3
1333,335	0,141	0,100	7,890E+0	2,400E+1	3,000E+3	3,001E+3
1334,335	0,141	0,100	7,890E+0	2,400E+1	3,000E+3	3,001E+3
1335,336	0,141	0,100	7,900E+0	2,400E+1	3,000E+3	3,001E+3
1336,335	0,141	0,100	7,900E+0	2,400E+1	3,000E+3	2,998E+3
1337,336	0,141	0,100	7,900E+0	2,400E+1	3,000E+3	3,007E+3
1338,337	0,141	0,100	7,900E+0	2,400E+1	3,000E+3	3,004E+3
1339,337	0,141	0,100	7,900E+0	2,400E+1	3,000E+3	3,000E+3
1340,338	0,141	0,100	7,900E+0	2,400E+1	3,000E+3	2,997E+3
1341,339	0,141	0,100	7,890E+0	2,400E+1	3,000E+3	2,999E+3
1342,340	0,141	0,100	7,900E+0	2,400E+1	3,000E+3	2,992E+3
1343,339	0,141	0,100	7,900E+0	2,400E+1	3,000E+3	3,004E+3
1344,340	0,141	0,100	7,900E+0	2,400E+1	3,000E+3	2,992E+3
1345,339	0,141	0,100	7,900E+0	2,400E+1	3,000E+3	2,993E+3
1346,339	0,141	0,100	7,900E+0	2,400E+1	3,000E+3	3,001E+3
1347,339	0,141	0,100	7,900E+0	2,400E+1	3,000E+3	3,009E+3
1348,339	0,141	0,100	7,900E+0	2,400E+1	3,000E+3	2,995E+3
1349,340	0,141	0,100	7,900E+0	2,400E+1	3,000E+3	2,998E+3
1350,339	0,141	0,100	7,900E+0	2,400E+1	3,000E+3	3,001E+3
1351,339	0,141	0,100	7,900E+0	2,400E+1	3,000E+3	2,995E+3
1352,339	0,141	0,100	7,900E+0	2,400E+1	3,000E+3	3,003E+3
1353,339	0,141	0,100	7,900E+0	2,400E+1	3,000E+3	2,999E+3
1354,339	0,141	0,100	7,900E+0	2,400E+1	3,000E+3	2,994E+3
1355,340	0,141	0,100	7,900E+0	2,400E+1	3,000E+3	3,000E+3
1356,341	0,141	0,100	7,900E+0	2,400E+1	3,000E+3	3,004E+3
1357,340	0,141	0,100	7,900E+0	2,400E+1	3,000E+3	3,003E+3
1358,341	0,141	0,100	7,900E+0	2,400E+1	3,000E+3	2,994E+3
1359,340	0,141	0,100	7,900E+0	2,400E+1	3,000E+3	3,003E+3
1360,340	0,141	0,100	7,900E+0	2,400E+1	3,000E+3	3,002E+3
1361,340	0,141	0,100	7,900E+0	2,400E+1	3,000E+3	3,001E+3
1362,340	0,141	0,100	7,900E+0	2,400E+1	3,000E+3	2,998E+3
1363,342	0,141	0,100	7,900E+0	2,400E+1	3,000E+3	2,997E+3
1364,341	0,141	0,100	7,900E+0	2,400E+1	3,000E+3	2,993E+3
1365,341	0,141	0,100	7,900E+0	2,400E+1	3,000E+3	2,987E+3
1366,342	0,141	0,100	7,900E+0	2,400E+1	3,000E+3	2,995E+3
1367,341	0,141	0,100	7,900E+0	2,400E+1	3,000E+3	3,000E+3
1368,341	0,141	0,100	7,900E+0	2,400E+1	3,000E+3	2,992E+3
1369,341	0,141	0,100	7,900E+0	2,400E+1	3,000E+3	2,994E+3
1370,341	0,141	0,100	7,900E+0	2,400E+1	3,000E+3	3,002E+3
1371,341	0,141	0,100	7,910E+0	2,400E+1	3,000E+3	2,997E+3
1372,341	0,141	0,100	7,910E+0	2,400E+1	3,000E+3	3,004E+3
1373,342	0,141	0,100	7,900E+0	2,400E+1	3,000E+3	2,994E+3
1374,342	0,141	0,100	7,900E+0	2,400E+1	3,000E+3	3,009E+3
1375,343	0,141	0,100	7,910E+0	2,400E+1	3,000E+3	2,998E+3
1376,342	0,141	0,100	7,910E+0	2,400E+1	3,000E+3	3,003E+3
1377,342	0,141	0,100	7,910E+0	2,400E+1	3,000E+3	2,998E+3
1378,342	0,141	0,100	7,900E+0	2,400E+1	3,000E+3	2,998E+3
1379,342	0,141	0,100	7,910E+0	2,400E+1	3,000E+3	2,999E+3
1380,343	0,141	0,100	7,910E+0	2,400E+1	3,000E+3	2,995E+3
1381,342	0,141	0,100	7,910E+0	2,400E+1	3,000E+3	3,000E+3
1382,342	0,141	0,100	7,910E+0	2,400E+1	3,000E+3	2,994E+3
1383,344	0,141	0,100	7,910E+0	2,400E+1	3,000E+3	3,010E+3
1384,343	0,141	0,100	7,910E+0	2,400E+1	3,000E+3	2,997E+3
1385,344	0,141	0,100	7,910E+0	2,400E+1	3,000E+3	2,997E+3
1386,344	0,141	0,100	7,910E+0	2,400E+1	3,000E+3	3,001E+3
1387,344	0,141	0,100	7,910E+0	2,400E+1	3,000E+3	3,001E+3
1388,345	0,141	0,100	7,910E+0	2,400E+1	3,000E+3	3,002E+3
1389,344	0,141	0,100	7,910E+0	2,400E+1	3,000E+3	2,992E+3
1390,345	0,141	0,100	7,910E+0	2,400E+1	3,000E+3	2,980E+3
1391,344	0,141	0,100	7,910E+0	2,400E+1	3,000E+3	3,007E+3
1392,344	0,141	0,100	7,910E+0	2,400E+1	3,000E+3	3,000E+3
1393,344	0,141	0,100	7,910E+0	2,400E+1	3,000E+3	3,001E+3
1394,344	0,141	0,100	7,910E+0	2,400E+1	3,000E+3	3,010E+3
1395,345	0,141	0,100	7,910E+0	2,400E+1	3,000E+3	2,999E+3
1396,345	0,141	0,100	7,910E+0	2,400E+1	3,000E+3	3,001E+3
1397,345	0,141	0,100	7,910E+0	2,400E+1	3,000E+3	2,997E+3
1398,346	0,141	0,100	7,920E+0	2,400E+1	3,000E+3	2,991E+3
1399,347	0,141	0,100	7,910E+0	2,400E+1	3,000E+3	2,992E+3
1400,348	0,141	0,100	7,910E+0	2,400E+1	3,000E+3	3,002E+3
1401,348	0,141	0,100	7,910E+0	2,400E+1	3,000E+3	3,000E+3
1402,349	0,141	0,100	7,910E+0	2,400E+1	0,000E+0	2,808E+3
1403,348	0,141	0,100	7,910E+0	2,400E+1	0,000E+0	1,443E+3
1404,348	0,141	0,100	9,600E+0	2,400E+1	0,000E+0	1,291E+3
1405,348	0,100	0,100	5,670E+0	2,400E+1	0,000E+0	1,396E+3
1406,348	0,100	0,100	5,670E+0	2,400E+1	0,000E+0	0,000E+0
1407,349	0,100	0,100	5,670E+0	2,400E+1	0,000E+0	0,000E+0
1408,348	0,000	0,100	3,000E-1	2,400E+1	0,000E+0	0,000E+0
1409,348	0,000	0,100	3,000E-1	2,400E+1	0,000E+0	0,000E+0
1410,349	0,000	0,100	3,000E-1	2,400E+1	0,000E+0	0,000E+0
