330,088555	0,000000	0,000000	0,000000E+0
0,013120	0,000000	0,000000	0,000000E+0
0,013120	0,000000	0,000000	0,000000E+0
0,013120	0,000000	0,000000	0,000000E+0
0,013120	0,000000	0,000000	0,000000E+0
0,013120	0,000000	0,000000	0,000000E+0
0,013120	0,000000	0,000000	0,000000E+0
0,013120	0,000000	0,000000	0,000000E+0
0,013120	0,000000	0,000000	0,000000E+0
0,013120	0,000000	0,000000	0,000000E+0
0,013120	0,000000	0,000000	0,000000E+0
1,013387	0,000000	0,000000	0,000000E+0
1,013387	0,000000	0,000000	0,000000E+0
1,013387	0,000000	0,000000	0,000000E+0
1,013387	0,000000	0,000000	0,000000E+0
1,013387	0,000000	0,000000	0,000000E+0
1,013387	0,000000	0,000000	0,000000E+0
1,013387	0,000000	0,000000	0,000000E+0
1,013387	0,000000	0,000000	0,000000E+0
1,013387	0,000000	0,000000	0,000000E+0
1,013387	0,000000	0,000000	0,000000E+0
2,012869	0,000000	0,000000	0,000000E+0
2,012869	0,000000	0,000000	0,000000E+0
2,012869	0,000000	0,000000	0,000000E+0
2,012869	0,000000	0,000000	0,000000E+0
2,012869	0,000000	0,000000	0,000000E+0
2,012869	0,000000	0,000000	0,000000E+0
2,012869	0,000000	0,000000	0,000000E+0
2,012869	0,000000	0,000000	0,000000E+0
2,012869	0,000000	0,000000	0,000000E+0
2,012869	0,000000	0,000000	0,000000E+0
3,014213	0,000000	0,000000	0,000000E+0
3,014213	0,000000	0,000000	0,000000E+0
3,014213	0,000000	0,000000	0,000000E+0
3,014213	0,000000	0,000000	0,000000E+0
3,014213	0,000000	0,000000	0,000000E+0
3,014213	0,000000	0,000000	0,000000E+0
3,014213	0,000000	0,000000	0,000000E+0
3,014213	0,000000	0,000000	0,000000E+0
3,014213	0,000000	0,000000	0,000000E+0
3,014213	0,000000	0,000000	0,000000E+0
4,013633	0,000000	0,000000	0,000000E+0
4,013633	0,000000	0,000000	0,000000E+0
4,013633	0,000000	0,000000	0,000000E+0
4,013633	0,000000	0,000000	0,000000E+0
4,013633	0,000000	0,000000	0,000000E+0
4,013633	0,000000	0,000000	0,000000E+0
4,013633	0,000000	0,000000	0,000000E+0
4,013633	0,000000	0,000000	0,000000E+0
4,013633	0,000000	0,000000	0,000000E+0
4,013633	0,000000	0,000000	0,000000E+0
5,015061	0,000000	0,000000	0,000000E+0
5,015061	0,000000	0,000000	0,000000E+0
5,015061	0,000000	0,000000	0,000000E+0
5,015061	0,000000	0,000000	0,000000E+0
5,015061	0,000000	0,000000	0,000000E+0
5,015061	0,000000	0,000000	0,000000E+0
5,015061	0,000000	0,000000	0,000000E+0
5,015061	0,000000	0,000000	0,000000E+0
5,015061	0,000000	0,000000	0,000000E+0
5,015061	0,000000	0,000000	0,000000E+0
6,015492	0,000000	0,000000	0,000000E+0
6,015492	0,000000	0,000000	0,000000E+0
6,015492	0,000000	0,000000	0,000000E+0
6,015492	0,000000	0,000000	0,000000E+0
6,015492	0,000000	0,000000	0,000000E+0
6,015492	0,000000	0,000000	0,000000E+0
6,015492	0,000000	0,000000	0,000000E+0
6,015492	0,000000	0,000000	0,000000E+0
6,015492	0,000000	0,000000	0,000000E+0
6,015492	0,000000	0,000000	0,000000E+0
7,014909	0,000000	0,000000	0,000000E+0
7,014909	0,000000	0,000000	0,000000E+0
7,014909	0,000000	0,000000	0,000000E+0
7,014909	0,000000	0,000000	0,000000E+0
7,014909	0,000000	0,000000	0,000000E+0
7,014909	0,000000	0,000000	0,000000E+0
7,014909	0,000000	0,000000	0,000000E+0
7,014909	0,000000	0,000000	0,000000E+0
7,014909	0,000000	0,000000	0,000000E+0
7,014909	0,000000	0,000000	0,000000E+0
8,016315	0,000000	0,000000	0,000000E+0
8,016315	0,000000	0,000000	0,000000E+0
8,016315	0,000000	0,000000	0,000000E+0
8,016315	0,000000	0,000000	0,000000E+0
8,016315	0,000000	0,000000	0,000000E+0
8,016315	0,000000	0,000000	0,000000E+0
8,016315	0,000000	0,000000	0,000000E+0
8,016315	0,000000	0,000000	0,000000E+0
8,016315	0,000000	0,000000	0,000000E+0
8,016315	0,000000	0,000000	0,000000E+0
9,015755	0,000000	0,000000	0,000000E+0
9,015755	0,000000	0,000000	0,000000E+0
9,015755	0,000000	0,000000	0,000000E+0
9,015755	0,000000	0,000000	0,000000E+0
9,015755	0,000000	0,000000	0,000000E+0
9,015755	0,000000	0,000000	0,000000E+0
9,015755	0,000000	0,000000	0,000000E+0
9,015755	0,000000	0,000000	0,000000E+0
9,015755	0,000000	0,000000	0,000000E+0
9,015755	0,000000	0,000000	0,000000E+0
10,017197	0,000000	0,000000	0,000000E+0
10,017197	0,000000	0,000000	0,000000E+0
10,017197	0,000000	0,000000	0,000000E+0
10,017197	0,000000	0,000000	0,000000E+0
10,017197	0,000000	0,000000	0,000000E+0
10,017197	0,000000	0,000000	0,000000E+0
10,017197	0,000000	0,000000	0,000000E+0
10,017197	0,000000	0,000000	0,000000E+0
10,017197	0,000000	0,000000	0,000000E+0
10,017197	0,000000	0,000000	0,000000E+0
11,016616	0,000000	0,000000	0,000000E+0
11,016616	0,000000	0,000000	0,000000E+0
11,016616	0,000000	0,000000	0,000000E+0
11,016616	0,000000	0,000000	0,000000E+0
11,016616	0,000000	0,000000	0,000000E+0
11,016616	0,000000	0,000000	0,000000E+0
11,016616	0,000000	0,000000	0,000000E+0
11,016616	0,000000	0,000000	0,000000E+0
11,016616	0,000000	0,000000	0,000000E+0
11,016616	0,000000	0,000000	0,000000E+0
12,017019	0,000000	0,000000	0,000000E+0
12,017019	0,000000	0,000000	0,000000E+0
12,017019	0,000000	0,000000	0,000000E+0
12,017019	0,000000	0,000000	0,000000E+0
12,017019	0,000000	0,000000	0,000000E+0
12,017019	0,000000	0,000000	0,000000E+0
12,017019	0,000000	0,000000	0,000000E+0
12,017019	0,000000	0,000000	0,000000E+0
12,017019	0,000000	0,000000	0,000000E+0
12,017019	0,000000	0,000000	0,000000E+0
13,017458	0,000000	0,000000	0,000000E+0
13,017458	0,000000	0,000000	0,000000E+0
13,017458	0,000000	0,000000	0,000000E+0
13,017458	16,800001	0,000000	0,000000E+0
13,017458	16,800001	0,000000	0,000000E+0
13,017458	16,800001	0,000000	0,000000E+0
13,017458	16,800001	0,000000	0,000000E+0
13,017458	16,800001	0,000000	0,000000E+0
13,017458	16,800001	0,000000	0,000000E+0
13,017458	16,800001	0,000000	0,000000E+0
14,016875	16,800001	0,000000	0,000000E+0
14,016875	16,800001	0,000000	0,000000E+0
14,016875	16,800001	0,000000	0,000000E+0
14,016875	16,800001	0,000000	0,000000E+0
14,016875	16,800001	0,000000	0,000000E+0
14,016875	16,800001	0,000000	0,000000E+0
14,016875	55,799999	0,000000	0,000000E+0
14,016875	55,799999	0,000000	0,000000E+0
14,016875	55,799999	0,000000	0,000000E+0
14,016875	55,799999	0,000000	0,000000E+0
15,017318	55,799999	0,000000	0,000000E+0
15,017318	55,799999	0,000000	0,000000E+0
15,017318	55,799999	0,000000	0,000000E+0
15,017318	55,799999	0,000000	0,000000E+0
15,017318	55,799999	0,000000	0,000000E+0
15,017318	55,799999	0,000000	0,000000E+0
15,017318	55,799999	0,000000	0,000000E+0
15,017318	42,000000	0,000000	0,000000E+0
15,017318	42,000000	0,000000	0,000000E+0
15,017318	42,000000	0,000000	0,000000E+0
16,016734	42,000000	0,000000	0,000000E+0
16,016734	42,000000	0,000000	0,000000E+0
16,016734	42,000000	0,000000	0,000000E+0
16,016734	42,000000	0,000000	0,000000E+0
16,016734	42,000000	0,000000	0,000000E+0
16,016734	42,000000	0,000000	0,000000E+0
16,016734	42,000000	0,000000	0,000000E+0
16,016734	16,200001	0,000000	0,000000E+0
16,016734	16,200001	0,000000	0,000000E+0
16,016734	16,200001	0,000000	0,000000E+0
17,017193	16,200001	0,000000	0,000000E+0
17,017193	16,200001	0,000000	0,000000E+0
17,017193	16,200001	0,000000	0,000000E+0
17,017193	16,200001	0,000000	0,000000E+0
17,017193	16,200001	0,000000	0,000000E+0
17,017193	16,200001	0,000000	0,000000E+0
17,017193	16,200001	0,000000	0,000000E+0
17,017193	7,500000	0,000000	0,000000E+0
17,017193	7,500000	0,000000	0,000000E+0
17,017193	7,500000	0,000000	0,000000E+0
18,016578	7,500000	0,000000	0,000000E+0
18,016578	7,500000	0,000000	0,000000E+0
18,016578	7,500000	0,000000	0,000000E+0
18,016578	7,500000	0,000000	0,000000E+0
18,016578	7,500000	0,000000	0,000000E+0
18,016578	7,500000	0,000000	0,000000E+0
18,016578	7,500000	0,000000	0,000000E+0
18,016578	7,400000	0,000000	0,000000E+0
18,016578	7,400000	0,000000	0,000000E+0
18,016578	7,400000	0,000000	0,000000E+0
19,016993	7,400000	0,000000	0,000000E+0
19,016993	7,400000	0,000000	0,000000E+0
19,016993	7,400000	0,000000	0,000000E+0
19,016993	7,400000	0,000000	0,000000E+0
19,016993	7,400000	0,000000	0,000000E+0
19,016993	7,400000	0,000000	0,000000E+0
19,016993	7,400000	0,000000	0,000000E+0
19,016993	7,400000	0,000000	0,000000E+0
19,016993	7,400000	0,000000	0,000000E+0
19,016993	7,400000	0,000000	0,000000E+0
20,017413	7,400000	0,000000	0,000000E+0
20,017413	11,100000	0,000000	0,000000E+0
20,017413	11,100000	0,000000	0,000000E+0
20,017413	11,100000	0,000000	0,000000E+0
20,017413	11,100000	0,000000	0,000000E+0
20,017413	11,100000	0,000000	0,000000E+0
20,017413	11,100000	0,000000	0,000000E+0
20,017413	11,100000	0,000000	0,000000E+0
20,017413	11,100000	0,000000	0,000000E+0
20,017413	11,100000	0,000000	0,000000E+0
21,016847	11,100000	0,000000	0,000000E+0
21,016847	11,100000	0,000000	0,000000E+0
21,016847	17,100000	0,000000	0,000000E+0
21,016847	17,100000	0,000000	0,000000E+0
21,016847	17,100000	0,000000	0,000000E+0
21,016847	17,100000	0,000000	0,000000E+0
21,016847	17,100000	0,000000	0,000000E+0
21,016847	17,100000	0,000000	0,000000E+0
21,016847	17,100000	0,000000	0,000000E+0
21,016847	17,100000	0,000000	0,000000E+0
22,017271	17,100000	0,000000	0,000000E+0
22,017271	17,100000	0,000000	0,000000E+0
22,017271	13,300000	0,000000	0,000000E+0
22,017271	13,300000	0,000000	0,000000E+0
22,017271	13,300000	0,000000	0,000000E+0
22,017271	13,300000	0,000000	0,000000E+0
22,017271	13,300000	0,000000	0,000000E+0
22,017271	13,300000	0,000000	0,000000E+0
22,017271	13,300000	0,000000	0,000000E+0
22,017271	13,300000	0,000000	0,000000E+0
23,016744	13,300000	0,000000	0,000000E+0
23,016744	13,300000	0,000000	0,000000E+0
23,016744	12,200001	0,000000	0,000000E+0
23,016744	12,200001	0,000000	0,000000E+0
23,016744	12,200001	0,000000	0,000000E+0
23,016744	12,200001	0,000000	0,000000E+0
23,016744	12,200001	0,000000	0,000000E+0
23,016744	12,200001	0,000000	0,000000E+0
23,016744	12,200001	0,000000	0,000000E+0
23,016744	12,200001	0,000000	0,000000E+0
24,017119	12,200001	0,000000	0,000000E+0
24,017119	12,200001	0,000000	0,000000E+0
24,017119	12,900001	0,000000	0,000000E+0
24,017119	12,900001	0,000000	0,000000E+0
24,017119	12,900001	0,000000	0,000000E+0
24,017119	12,900001	0,000000	0,000000E+0
24,017119	12,900001	0,000000	0,000000E+0
24,017119	12,900001	0,000000	0,000000E+0
24,017119	12,900001	0,000000	0,000000E+0
24,017119	12,900001	0,000000	0,000000E+0
25,017642	12,900001	0,000000	0,000000E+0
25,017642	12,900001	0,000000	0,000000E+0
25,017642	12,900001	0,000000	0,000000E+0
25,017642	12,900001	0,000000	0,000000E+0
25,017642	14,200001	0,000000	0,000000E+0
25,017642	14,200001	0,000000	0,000000E+0
25,017642	14,200001	0,000000	0,000000E+0
25,017642	14,200001	0,000000	0,000000E+0
25,017642	14,200001	0,000000	0,000000E+0
25,017642	14,200001	0,000000	0,000000E+0
26,017977	14,200001	0,000000	0,000000E+0
26,017977	14,200001	0,000000	0,000000E+0
26,017977	14,200001	0,000000	0,000000E+0
26,017977	14,200001	0,000000	0,000000E+0
26,017977	14,200001	0,000000	0,000000E+0
26,017977	14,200001	0,000000	0,000000E+0
26,017977	14,200001	0,000000	0,000000E+0
26,017977	14,200001	0,000000	0,000000E+0
26,017977	14,200001	0,000000	0,000000E+0
26,017977	14,200001	0,000000	0,000000E+0
27,018413	14,200001	0,000000	0,000000E+0
27,018413	14,200001	0,000000	0,000000E+0
27,018413	14,200001	0,000000	0,000000E+0
27,018413	14,200001	0,000000	0,000000E+0
27,018413	14,200001	0,000000	0,000000E+0
27,018413	14,200001	0,000000	0,000000E+0
27,018413	14,200001	0,000000	0,000000E+0
27,018413	13,200001	0,000000	0,000000E+0
27,018413	13,200001	0,000000	0,000000E+0
27,018413	13,200001	0,000000	0,000000E+0
28,017845	13,200001	0,000000	0,000000E+0
28,017845	13,200001	0,000000	0,000000E+0
28,017845	13,200001	0,000000	0,000000E+0
28,017845	13,200001	0,000000	0,000000E+0
28,017845	13,200001	0,000000	0,000000E+0
28,017845	13,200001	0,000000	0,000000E+0
28,017845	13,200001	0,000000	0,000000E+0
28,017845	13,200001	0,000000	0,000000E+0
28,017845	13,200001	0,000000	0,000000E+0
28,017845	13,700001	0,000000	0,000000E+0
29,018255	13,700001	0,000000	0,000000E+0
29,018255	13,700001	0,000000	0,000000E+0
29,018255	13,700001	0,000000	0,000000E+0
29,018255	13,700001	0,000000	0,000000E+0
29,018255	13,700001	0,000000	0,000000E+0
29,018255	13,700001	0,000000	0,000000E+0
29,018255	13,700001	0,000000	0,000000E+0
29,018255	13,700001	0,000000	0,000000E+0
29,018255	13,700001	0,000000	0,000000E+0
29,018255	13,800000	0,000000	0,000000E+0
30,018670	13,800000	0,000000	0,000000E+0
30,018670	13,800000	0,000000	0,000000E+0
30,018670	13,800000	0,000000	0,000000E+0
30,018670	13,800000	0,000000	0,000000E+0
30,018670	13,800000	0,000000	0,000000E+0
30,018670	13,800000	0,000000	0,000000E+0
30,018670	13,800000	0,000000	0,000000E+0
30,018670	13,600000	0,000000	0,000000E+0
30,018670	13,600000	0,000000	0,000000E+0
30,018670	13,600000	0,000000	0,000000E+0
31,019124	13,600000	0,000000	0,000000E+0
31,019124	13,600000	0,000000	0,000000E+0
31,019124	13,600000	0,000000	0,000000E+0
31,019124	13,600000	0,000000	0,000000E+0
31,019124	13,600000	0,000000	0,000000E+0
31,019124	13,600000	0,000000	0,000000E+0
31,019124	13,600000	0,000000	0,000000E+0
31,019124	13,600000	0,000000	0,000000E+0
31,019124	13,600000	0,000000	0,000000E+0
31,019124	13,600000	0,000000	0,000000E+0
32,019614	13,600000	0,000000	0,000000E+0
32,019614	13,600000	0,000000	0,000000E+0
32,019614	13,600000	0,000000	0,000000E+0
32,019614	13,600000	0,000000	0,000000E+0
32,019614	13,600000	0,000000	0,000000E+0
32,019614	13,600000	0,000000	0,000000E+0
32,019614	13,600000	0,000000	0,000000E+0
32,019614	13,600000	0,000000	0,000000E+0
32,019614	13,600000	0,000000	0,000000E+0
32,019614	13,600000	0,000000	0,000000E+0
33,018991	13,600000	0,000000	0,000000E+0
33,018991	13,600000	0,000000	0,000000E+0
33,018991	13,700001	0,000000	0,000000E+0
33,018991	13,700001	0,000000	0,000000E+0
33,018991	13,700001	0,000000	0,000000E+0
33,018991	13,700001	0,000000	0,000000E+0
33,018991	13,700001	0,000000	0,000000E+0
33,018991	13,700001	0,000000	0,000000E+0
33,018991	13,700001	0,000000	0,000000E+0
33,018991	13,700001	0,000000	0,000000E+0
34,019502	13,700001	0,000000	0,000000E+0
34,019502	13,700001	0,000000	0,000000E+0
34,019502	13,900001	0,000000	0,000000E+0
34,019502	13,900001	0,000000	0,000000E+0
34,019502	13,900001	0,000000	0,000000E+0
34,019502	13,900001	0,000000	0,000000E+0
34,019502	13,900001	0,000000	0,000000E+0
34,019502	13,900001	0,000000	0,000000E+0
34,019502	13,900001	0,000000	0,000000E+0
34,019502	13,900001	0,000000	0,000000E+0
34,019502	13,900001	0,000000	0,000000E+0
35,019904	13,900001	0,000000	0,000000E+0
35,019904	13,900001	0,000000	0,000000E+0
35,019904	13,900001	0,000000	0,000000E+0
35,019904	13,900001	0,000000	0,000000E+0
35,019904	13,900001	0,000000	0,000000E+0
35,019904	14,000000	0,000000	0,000000E+0
35,019904	14,000000	0,000000	0,000000E+0
35,019904	14,000000	0,000000	0,000000E+0
35,019904	14,000000	0,000000	0,000000E+0
35,019904	14,000000	0,000000	0,000000E+0
36,020300	14,000000	0,000000	0,000000E+0
36,020300	14,000000	0,000000	0,000000E+0
36,020300	14,000000	0,000000	0,000000E+0
36,020300	14,000000	0,000000	0,000000E+0
36,020300	14,000000	0,000000	0,000000E+0
36,020300	14,000000	0,000000	0,000000E+0
36,020300	14,000000	0,000000	0,000000E+0
36,020300	14,000000	0,000000	0,000000E+0
36,020300	14,000000	0,000000	0,000000E+0
37,019708	14,000000	0,000000	0,000000E+0
37,019708	14,000000	0,000000	0,000000E+0
37,019708	14,000000	0,000000	0,000000E+0
37,019708	14,000000	0,000000	0,000000E+0
37,019708	14,000000	0,000000	0,000000E+0
37,019708	14,000000	0,000000	0,000000E+0
37,019708	14,000000	0,000000	0,000000E+0
37,019708	14,000000	0,000000	0,000000E+0
37,019708	14,000000	0,000000	0,000000E+0
37,019708	14,000000	0,000000	0,000000E+0
37,019708	14,000000	0,000000	0,000000E+0
38,021097	14,000000	0,000000	0,000000E+0
38,021097	14,000000	0,000000	0,000000E+0
38,021097	14,000000	0,000000	0,000000E+0
38,021097	14,000000	0,000000	0,000000E+0
38,021097	14,000000	0,000000	0,000000E+0
38,021097	14,000000	0,000000	0,000000E+0
38,021097	14,000000	0,000000	0,000000E+0
38,021097	14,000000	0,000000	0,000000E+0
38,021097	14,000000	0,000000	0,000000E+0
38,021097	14,000000	0,000000	0,000000E+0
39,021549	14,000000	0,000000	0,000000E+0
39,021549	14,000000	0,000000	0,000000E+0
39,021549	14,000000	0,000000	0,000000E+0
39,021549	14,000000	0,000000	0,000000E+0
39,021549	14,000000	0,000000	0,000000E+0
39,021549	14,000000	0,000000	0,000000E+0
39,021549	13,800000	0,000000	0,000000E+0
39,021549	13,800000	0,000000	0,000000E+0
39,021549	13,800000	0,000000	0,000000E+0
39,021549	13,800000	0,000000	0,000000E+0
40,021962	13,800000	0,000000	0,000000E+0
40,021962	13,800000	0,000000	0,000000E+0
40,021962	13,800000	0,000000	0,000000E+0
40,021962	13,800000	0,000000	0,000000E+0
40,021962	13,800000	0,000000	0,000000E+0
40,021962	13,800000	0,000000	0,000000E+0
40,021962	13,800000	0,000000	0,000000E+0
40,021962	13,800000	0,000000	0,000000E+0
40,021962	13,800000	0,000000	0,000000E+0
40,021962	13,800000	0,000000	0,000000E+0
41,023361	13,800000	0,000000	0,000000E+0
41,023361	13,800000	0,000000	0,000000E+0
41,023361	13,800000	0,000000	0,000000E+0
41,023361	13,800000	0,000000	0,000000E+0
41,023361	13,800000	0,000000	0,000000E+0
41,023361	13,800000	0,000000	0,000000E+0
41,023361	13,800000	0,000000	0,000000E+0
41,023361	13,800000	0,000000	0,000000E+0
41,023361	13,800000	0,000000	0,000000E+0
41,023361	13,800000	0,000000	0,000000E+0
42,022846	13,800000	0,000000	0,000000E+0
42,022846	13,800000	0,000000	0,000000E+0
42,022846	13,800000	0,000000	0,000000E+0
42,022846	13,800000	0,000000	0,000000E+0
42,022846	13,800000	0,000000	0,000000E+0
42,022846	13,800000	0,000000	0,000000E+0
42,022846	13,800000	0,000000	0,000000E+0
42,022846	13,800000	0,000000	0,000000E+0
42,022846	13,800000	0,000000	0,000000E+0
42,022846	13,800000	0,000000	0,000000E+0
43,024298	13,800000	0,000000	0,000000E+0
43,024298	13,800000	0,000000	0,000000E+0
43,024298	13,900001	0,000000	0,000000E+0
43,024298	13,900001	0,000000	0,000000E+0
43,024298	13,900001	0,000000	0,000000E+0
43,024298	13,900001	0,000000	0,000000E+0
43,024298	13,900001	0,000000	0,000000E+0
43,024298	13,900001	0,000000	0,000000E+0
43,024298	13,900001	0,000000	0,000000E+0
43,024298	13,900001	0,000000	0,000000E+0
44,023652	13,900001	0,000000	0,000000E+0
44,023652	13,900001	0,000000	0,000000E+0
44,023652	13,900001	0,000000	0,000000E+0
44,023652	13,900001	0,000000	0,000000E+0
44,023652	13,900001	0,000000	0,000000E+0
44,023652	13,900001	0,000000	0,000000E+0
44,023652	13,900001	0,000000	0,000000E+0
44,023652	13,900001	0,000000	0,000000E+0
44,023652	13,900001	0,000000	0,000000E+0
44,023652	13,900001	0,000000	0,000000E+0
45,024079	13,700001	0,000000	0,000000E+0
45,024079	13,700001	0,000000	0,000000E+0
45,024079	13,700001	0,000000	0,000000E+0
45,024079	13,700001	0,000000	0,000000E+0
45,024079	13,700001	0,000000	0,000000E+0
45,024079	13,700001	0,000000	0,000000E+0
45,024079	13,700001	0,000000	0,000000E+0
45,024079	13,700001	0,000000	0,000000E+0
45,024079	13,700001	0,000000	0,000000E+0
45,024079	13,700001	0,000000	0,000000E+0
46,024517	13,700001	0,000000	0,000000E+0
46,024517	13,700001	0,000000	0,000000E+0
46,024517	13,700001	0,000000	0,000000E+0
46,024517	13,700001	0,000000	0,000000E+0
46,024517	13,700001	0,000000	0,000000E+0
46,024517	13,700001	0,000000	0,000000E+0
46,024517	13,700001	0,000000	0,000000E+0
46,024517	13,700001	0,000000	0,000000E+0
46,024517	13,700001	0,000000	0,000000E+0
46,024517	13,900001	0,000000	0,000000E+0
47,023915	13,900001	0,000000	0,000000E+0
47,023915	13,900001	0,000000	0,000000E+0
47,023915	13,900001	0,000000	0,000000E+0
47,023915	13,900001	0,000000	0,000000E+0
47,023915	13,900001	0,000000	0,000000E+0
47,023915	13,900001	0,000000	0,000000E+0
47,023915	13,900001	0,000000	0,000000E+0
47,023915	13,900001	0,000000	0,000000E+0
47,023915	13,900001	0,000000	0,000000E+0
47,023915	13,900001	0,000000	0,000000E+0
48,024321	13,900001	0,000000	0,000000E+0
48,024321	13,900001	0,000000	0,000000E+0
48,024321	13,900001	0,000000	0,000000E+0
48,024321	13,800000	0,000000	0,000000E+0
48,024321	13,800000	0,000000	0,000000E+0
48,024321	13,800000	0,000000	0,000000E+0
48,024321	13,800000	0,000000	0,000000E+0
48,024321	13,800000	0,000000	0,000000E+0
48,024321	13,800000	0,000000	0,000000E+0
48,024321	13,800000	0,000000	0,000000E+0
49,023761	13,800000	0,000000	0,000000E+0
49,023761	13,800000	0,000000	0,000000E+0
49,023761	13,900001	0,000000	0,000000E+0
49,023761	13,900001	0,000000	0,000000E+0
49,023761	13,900001	0,000000	0,000000E+0
49,023761	13,900001	0,000000	0,000000E+0
49,023761	13,900001	0,000000	0,000000E+0
49,023761	13,900001	0,000000	0,000000E+0
49,023761	13,900001	0,000000	0,000000E+0
49,023761	13,900001	0,000000	0,000000E+0
50,025219	13,900001	0,000000	0,000000E+0
50,025219	13,900001	0,000000	0,000000E+0
50,025219	13,900001	0,000000	0,000000E+0
50,025219	13,800000	0,000000	0,000000E+0
50,025219	13,800000	0,000000	0,000000E+0
50,025219	13,800000	0,000000	0,000000E+0
50,025219	13,800000	0,000000	0,000000E+0
50,025219	13,800000	0,000000	0,000000E+0
50,025219	13,800000	0,000000	0,000000E+0
50,025219	13,800000	0,000000	0,000000E+0
51,024656	13,800000	0,000000	0,000000E+0
51,024656	13,800000	0,000000	0,000000E+0
51,024656	13,800000	0,000000	0,000000E+0
51,024656	13,700001	0,000000	0,000000E+0
51,024656	13,700001	0,000000	0,000000E+0
51,024656	13,700001	0,000000	0,000000E+0
51,024656	13,700001	0,000000	0,000000E+0
51,024656	13,700001	0,000000	0,000000E+0
51,024656	13,700001	0,000000	0,000000E+0
51,024656	13,700001	0,000000	0,000000E+0
52,025044	13,700001	0,000000	0,000000E+0
52,025044	13,700001	0,000000	0,000000E+0
52,025044	13,700001	0,000000	0,000000E+0
52,025044	13,700001	0,000000	0,000000E+0
52,025044	13,700001	0,000000	0,000000E+0
52,025044	13,700001	0,000000	0,000000E+0
52,025044	13,700001	0,000000	0,000000E+0
52,025044	13,700001	0,000000	0,000000E+0
52,025044	13,700001	0,000000	0,000000E+0
52,025044	13,700001	0,000000	0,000000E+0
53,025499	13,700001	0,000000	0,000000E+0
53,025499	13,700001	0,000000	0,000000E+0
53,025499	13,700001	0,000000	0,000000E+0
53,025499	13,700001	0,000000	0,000000E+0
53,025499	13,700001	0,000000	0,000000E+0
53,025499	13,700001	0,000000	0,000000E+0
53,025499	13,700001	0,000000	0,000000E+0
53,025499	13,700001	0,000000	0,000000E+0
53,025499	13,800000	0,000000	0,000000E+0
53,025499	13,800000	0,000000	0,000000E+0
54,024915	13,800000	0,000000	0,000000E+0
54,024915	13,800000	0,000000	0,000000E+0
54,024915	13,800000	0,000000	0,000000E+0
54,024915	13,800000	0,000000	0,000000E+0
54,024915	13,800000	0,000000	0,000000E+0
54,024915	13,800000	0,000000	0,000000E+0
54,024915	13,900001	0,000000	0,000000E+0
54,024915	13,900001	0,000000	0,000000E+0
54,024915	13,900001	0,000000	0,000000E+0
54,024915	13,900001	0,000000	0,000000E+0
55,025338	13,900001	0,000000	0,000000E+0
55,025338	13,900001	0,000000	0,000000E+0
55,025338	13,900001	0,000000	0,000000E+0
55,025338	13,900001	0,000000	0,000000E+0
55,025338	13,900001	0,000000	0,000000E+0
55,025338	13,900001	0,000000	0,000000E+0
55,025338	13,900001	0,000000	0,000000E+0
55,025338	13,700001	0,000000	0,000000E+0
55,025338	13,700001	0,000000	0,000000E+0
55,025338	13,700001	0,000000	0,000000E+0
56,024783	13,700001	0,000000	0,000000E+0
56,024783	13,700001	0,000000	0,000000E+0
56,024783	13,700001	0,000000	0,000000E+0
56,024783	13,700001	0,000000	0,000000E+0
56,024783	13,700001	0,000000	0,000000E+0
56,024783	13,700001	0,000000	0,000000E+0
56,024783	13,700001	0,000000	0,000000E+0
56,024783	13,700001	0,000000	0,000000E+0
56,024783	13,700001	0,000000	0,000000E+0
56,024783	13,700001	0,000000	0,000000E+0
57,026192	13,700001	0,000000	0,000000E+0
57,026192	13,700001	0,000000	0,000000E+0
57,026192	13,700001	0,000000	0,000000E+0
57,026192	13,700001	0,000000	0,000000E+0
57,026192	13,700001	0,000000	0,000000E+0
57,026192	13,700001	0,000000	0,000000E+0
57,026192	13,700001	0,000000	0,000000E+0
57,026192	13,900001	0,000000	0,000000E+0
57,026192	13,900001	0,000000	0,000000E+0
57,026192	13,900001	0,000000	0,000000E+0
58,025588	13,900001	0,000000	0,000000E+0
58,025588	13,900001	0,000000	0,000000E+0
58,025588	13,900001	0,000000	0,000000E+0
58,025588	13,900001	0,000000	0,000000E+0
58,025588	13,900001	0,000000	0,000000E+0
58,025588	13,900001	0,000000	0,000000E+0
58,025588	13,900001	0,000000	0,000000E+0
58,025588	13,900001	0,000000	0,000000E+0
58,025588	13,900001	0,000000	0,000000E+0
58,025588	13,900001	0,000000	0,000000E+0
59,026080	13,900001	0,000000	0,000000E+0
59,026080	13,900001	0,000000	0,000000E+0
59,026080	13,900001	0,000000	0,000000E+0
59,026080	13,900001	0,000000	0,000000E+0
59,026080	13,900001	0,000000	0,000000E+0
59,026080	14,100000	0,000000	0,000000E+0
59,026080	14,100000	0,000000	0,000000E+0
59,026080	14,100000	0,000000	0,000000E+0
59,026080	14,100000	0,000000	0,000000E+0
59,026080	14,100000	0,000000	0,000000E+0
60,027485	14,100000	0,000000	0,000000E+0
60,027485	14,100000	0,000000	0,000000E+0
60,027485	14,100000	0,000000	0,000000E+0
60,027485	14,100000	0,000000	0,000000E+0
60,027485	14,100000	0,000000	0,000000E+0
60,027485	13,900001	0,000000	0,000000E+0
60,027485	13,900001	0,000000	0,000000E+0
60,027485	13,900001	0,000000	0,000000E+0
60,027485	13,900001	0,000000	0,000000E+0
60,027485	13,900001	0,000000	0,000000E+0
61,026882	13,900001	0,000000	0,000000E+0
61,026882	13,900001	0,000000	0,000000E+0
61,026882	13,900001	0,000000	0,000000E+0
61,026882	13,900001	0,000000	0,000000E+0
61,026882	13,900001	0,000000	0,000000E+0
61,026882	14,100000	0,000000	0,000000E+0
61,026882	14,100000	0,000000	0,000000E+0
61,026882	14,100000	0,000000	0,000000E+0
61,026882	14,100000	0,000000	0,000000E+0
61,026882	14,100000	0,000000	0,000000E+0
62,027269	14,100000	0,000000	0,000000E+0
62,027269	14,100000	0,000000	0,000000E+0
62,027269	14,100000	0,000000	0,000000E+0
62,027269	14,100000	0,000000	0,000000E+0
62,027269	14,100000	0,000000	0,000000E+0
62,027269	13,900001	0,000000	0,000000E+0
62,027269	13,900001	0,000000	0,000000E+0
62,027269	13,900001	0,000000	0,000000E+0
62,027269	13,900001	0,000000	0,000000E+0
62,027269	13,900001	0,000000	0,000000E+0
63,026711	13,900001	0,000000	0,000000E+0
63,026711	13,900001	0,000000	0,000000E+0
63,026711	13,900001	0,000000	0,000000E+0
63,026711	13,900001	0,000000	0,000000E+0
63,026711	13,900001	0,000000	0,000000E+0
63,026711	13,900001	0,000000	0,000000E+0
63,026711	13,900001	0,000000	0,000000E+0
63,026711	13,900001	0,000000	0,000000E+0
63,026711	13,900001	0,000000	0,000000E+0
63,026711	13,900001	0,000000	0,000000E+0
64,027152	13,900001	0,000000	0,000000E+0
64,027152	13,900001	0,000000	0,000000E+0
64,027152	13,900001	0,000000	0,000000E+0
64,027152	13,900001	0,000000	0,000000E+0
64,027152	13,900001	0,000000	0,000000E+0
64,027152	13,900001	0,000000	0,000000E+0
64,027152	13,900001	0,000000	0,000000E+0
64,027152	13,900001	0,000000	0,000000E+0
64,027152	13,900001	0,000000	0,000000E+0
64,027152	13,900001	0,000000	0,000000E+0
65,027605	13,900001	0,000000	0,000000E+0
65,027605	13,900001	0,000000	0,000000E+0
65,027605	13,900001	0,000000	0,000000E+0
65,027605	13,900001	0,000000	0,000000E+0
65,027605	13,900001	0,000000	0,000000E+0
65,027605	13,900001	0,000000	0,000000E+0
65,027605	13,900001	0,000000	0,000000E+0
65,027605	13,900001	0,000000	0,000000E+0
65,027605	13,900001	0,000000	0,000000E+0
65,027605	13,900001	0,000000	0,000000E+0
66,027974	13,900001	0,000000	0,000000E+0
66,027974	13,900001	0,000000	0,000000E+0
66,027974	13,900001	0,000000	0,000000E+0
66,027974	13,900001	0,000000	0,000000E+0
66,027974	13,800000	0,000000	0,000000E+0
66,027974	13,800000	0,000000	0,000000E+0
66,027974	13,800000	0,000000	0,000000E+0
66,027974	13,800000	0,000000	0,000000E+0
66,027974	13,800000	0,000000	0,000000E+0
66,027974	13,800000	0,000000	0,000000E+0
67,028391	13,800000	0,000000	0,000000E+0
67,028391	13,800000	0,000000	0,000000E+0
67,028391	13,800000	0,000000	0,000000E+0
67,028391	13,800000	0,000000	0,000000E+0
67,028391	13,800000	0,000000	0,000000E+0
67,028391	13,800000	0,000000	0,000000E+0
67,028391	13,800000	0,000000	0,000000E+0
67,028391	13,800000	0,000000	0,000000E+0
67,028391	13,800000	0,000000	0,000000E+0
67,028391	13,800000	0,000000	0,000000E+0
68,028864	13,800000	0,000000	0,000000E+0
68,028864	13,800000	0,000000	0,000000E+0
68,028864	13,800000	0,000000	0,000000E+0
68,028864	13,800000	0,000000	0,000000E+0
68,028864	13,800000	0,000000	0,000000E+0
68,028864	13,800000	0,000000	0,000000E+0
68,028864	13,800000	0,000000	0,000000E+0
68,028864	13,800000	0,000000	0,000000E+0
68,028864	13,800000	0,000000	0,000000E+0
68,028864	13,800000	0,000000	0,000000E+0
69,029272	13,800000	0,000000	0,000000E+0
69,029272	13,800000	0,000000	0,000000E+0
69,029272	13,800000	0,000000	0,000000E+0
69,029272	13,800000	0,000000	0,000000E+0
69,029272	13,800000	0,000000	0,000000E+0
69,029272	13,800000	0,000000	0,000000E+0
69,029272	13,800000	0,000000	0,000000E+0
69,029272	13,800000	0,000000	0,000000E+0
69,029272	13,800000	0,000000	0,000000E+0
69,029272	13,900001	0,000000	0,000000E+0
70,028709	13,900001	0,000000	0,000000E+0
70,028709	13,900001	0,000000	0,000000E+0
70,028709	13,900001	0,000000	0,000000E+0
70,028709	13,900001	0,000000	0,000000E+0
70,028709	13,900001	0,000000	0,000000E+0
70,028709	13,900001	0,000000	0,000000E+0
70,028709	13,900001	0,000000	0,000000E+0
70,028709	13,900001	0,000000	0,000000E+0
70,028709	13,900001	0,000000	0,000000E+0
70,028709	13,900001	0,000000	0,000000E+0
71,029100	13,900001	0,000000	0,000000E+0
71,029100	13,900001	0,000000	0,000000E+0
71,029100	13,900001	0,000000	0,000000E+0
71,029100	13,900001	0,000000	0,000000E+0
71,029100	13,900001	0,000000	0,000000E+0
71,029100	13,900001	0,000000	0,000000E+0
71,029100	13,900001	0,000000	0,000000E+0
71,029100	13,900001	0,000000	0,000000E+0
71,029100	13,900001	0,000000	0,000000E+0
71,029100	13,900001	0,000000	0,000000E+0
72,028583	13,900001	0,000000	0,000000E+0
72,028583	13,900001	0,000000	0,000000E+0
72,028583	13,900001	0,000000	0,000000E+0
72,028583	13,900001	0,000000	0,000000E+0
72,028583	13,900001	0,000000	0,000000E+0
72,028583	13,900001	0,000000	0,000000E+0
72,028583	13,900001	0,000000	0,000000E+0
72,028583	13,900001	0,000000	0,000000E+0
72,028583	13,900001	0,000000	0,000000E+0
72,028583	13,900001	0,000000	0,000000E+0
73,030001	13,900001	0,000000	0,000000E+0
73,030001	13,900001	0,000000	0,000000E+0
73,030001	13,900001	0,000000	0,000000E+0
73,030001	13,800000	0,000000	0,000000E+0
73,030001	13,800000	0,000000	0,000000E+0
73,030001	13,800000	0,000000	0,000000E+0
73,030001	13,800000	0,000000	0,000000E+0
73,030001	13,800000	0,000000	0,000000E+0
73,030001	13,800000	0,000000	0,000000E+0
73,030001	13,800000	0,000000	0,000000E+0
74,031415	13,800000	0,000000	0,000000E+0
74,031415	13,800000	0,000000	0,000000E+0
74,031415	13,800000	0,000000	0,000000E+0
74,031415	13,800000	0,000000	0,000000E+0
74,031415	13,800000	0,000000	0,000000E+0
74,031415	13,800000	0,000000	0,000000E+0
74,031415	13,800000	0,000000	0,000000E+0
74,031415	13,800000	0,000000	0,000000E+0
74,031415	13,800000	0,000000	0,000000E+0
74,031415	13,800000	0,000000	0,000000E+0
75,030793	13,800000	0,000000	0,000000E+0
75,030793	13,800000	0,000000	0,000000E+0
75,030793	13,800000	0,000000	0,000000E+0
75,030793	13,600000	0,000000	0,000000E+0
75,030793	13,600000	0,000000	0,000000E+0
75,030793	13,600000	0,000000	0,000000E+0
75,030793	13,600000	0,000000	0,000000E+0
75,030793	13,600000	0,000000	0,000000E+0
75,030793	13,600000	0,000000	0,000000E+0
75,030793	13,600000	0,000000	0,000000E+0
76,032221	13,600000	0,000000	0,000000E+0
76,032221	13,600000	0,000000	0,000000E+0
76,032221	13,900001	0,000000	0,000000E+0
76,032221	13,900001	0,000000	0,000000E+0
76,032221	13,900001	0,000000	0,000000E+0
76,032221	13,900001	0,000000	0,000000E+0
76,032221	13,900001	0,000000	0,000000E+0
76,032221	13,900001	0,000000	0,000000E+0
76,032221	13,900001	0,000000	0,000000E+0
76,032221	13,900001	0,000000	0,000000E+0
77,031655	13,900001	0,000000	0,000000E+0
77,031655	13,900001	0,000000	0,000000E+0
77,031655	13,800000	0,000000	0,000000E+0
77,031655	13,800000	0,000000	0,000000E+0
77,031655	13,800000	0,000000	0,000000E+0
77,031655	13,800000	0,000000	0,000000E+0
77,031655	13,800000	0,000000	0,000000E+0
77,031655	13,800000	0,000000	0,000000E+0
77,031655	13,800000	0,000000	0,000000E+0
77,031655	13,800000	0,000000	0,000000E+0
78,032118	13,800000	0,000000	0,000000E+0
78,032118	13,800000	0,000000	0,000000E+0
78,032118	13,900001	0,000000	0,000000E+0
78,032118	13,900001	0,000000	0,000000E+0
78,032118	13,900001	0,000000	0,000000E+0
78,032118	13,900001	0,000000	0,000000E+0
78,032118	13,900001	0,000000	0,000000E+0
78,032118	13,900001	0,000000	0,000000E+0
78,032118	13,900001	0,000000	0,000000E+0
78,032118	13,900001	0,000000	0,000000E+0
79,033511	13,900001	0,000000	0,000000E+0
79,033511	13,900001	0,000000	0,000000E+0
79,033511	14,100000	0,000000	0,000000E+0
79,033511	14,100000	0,000000	0,000000E+0
79,033511	14,100000	0,000000	0,000000E+0
79,033511	14,100000	0,000000	0,000000E+0
79,033511	14,100000	0,000000	0,000000E+0
79,033511	14,100000	0,000000	0,000000E+0
79,033511	14,100000	0,000000	0,000000E+0
79,033511	14,100000	0,000000	0,000000E+0
80,033930	14,100000	0,000000	0,000000E+0
80,033930	14,100000	0,000000	0,000000E+0
80,033930	14,100000	0,000000	0,000000E+0
80,033930	14,000000	0,000000	0,000000E+0
80,033930	14,000000	0,000000	0,000000E+0
80,033930	14,000000	0,000000	0,000000E+0
80,033930	14,000000	0,000000	0,000000E+0
80,033930	14,000000	0,000000	0,000000E+0
80,033930	14,000000	0,000000	0,000000E+0
80,033930	14,000000	0,000000	0,000000E+0
81,034397	14,000000	0,000000	0,000000E+0
81,034397	14,000000	0,000000	0,000000E+0
81,034397	14,000000	0,000000	0,000000E+0
81,034397	14,000000	0,000000	0,000000E+0
81,034397	14,000000	0,000000	0,000000E+0
81,034397	14,000000	0,000000	0,000000E+0
81,034397	14,000000	0,000000	0,000000E+0
81,034397	14,300000	0,000000	0,000000E+0
81,034397	14,300000	0,000000	0,000000E+0
81,034397	14,300000	0,000000	0,000000E+0
82,033816	14,300000	0,000000	0,000000E+0
82,033816	14,300000	0,000000	0,000000E+0
82,033816	14,300000	0,000000	0,000000E+0
82,033816	14,300000	0,000000	0,000000E+0
82,033816	14,300000	0,000000	0,000000E+0
82,033816	14,300000	0,000000	0,000000E+0
82,033816	14,300000	0,000000	0,000000E+0
82,033816	14,100000	0,000000	0,000000E+0
82,033816	14,100000	0,000000	0,000000E+0
82,033816	14,100000	0,000000	0,000000E+0
83,034193	14,100000	0,000000	0,000000E+0
83,034193	14,100000	0,000000	0,000000E+0
83,034193	14,100000	0,000000	0,000000E+0
83,034193	14,100000	0,000000	0,000000E+0
83,034193	14,100000	0,000000	0,000000E+0
83,034193	14,100000	0,000000	0,000000E+0
83,034193	14,100000	0,000000	0,000000E+0
83,034193	14,100000	0,000000	0,000000E+0
83,034193	13,900001	0,000000	0,000000E+0
83,034193	13,900001	0,000000	0,000000E+0
84,034667	13,900001	0,000000	0,000000E+0
84,034667	13,900001	0,000000	0,000000E+0
84,034667	13,900001	0,000000	0,000000E+0
84,034667	13,900001	0,000000	0,000000E+0
84,034667	13,900001	0,000000	0,000000E+0
84,034667	13,900001	0,000000	0,000000E+0
84,034667	13,900001	0,000000	0,000000E+0
84,034667	14,100000	0,000000	0,000000E+0
84,034667	14,100000	0,000000	0,000000E+0
84,034667	14,100000	0,000000	0,000000E+0
85,035062	14,100000	0,000000	0,000000E+0
85,035062	14,100000	0,000000	0,000000E+0
85,035062	14,100000	0,000000	0,000000E+0
85,035062	14,100000	0,000000	0,000000E+0
85,035062	14,100000	0,000000	0,000000E+0
85,035062	14,100000	0,000000	0,000000E+0
85,035062	14,100000	0,000000	0,000000E+0
85,035062	14,100000	0,000000	0,000000E+0
85,035062	14,100000	0,000000	0,000000E+0
85,035062	14,100000	0,000000	0,000000E+0
86,035571	14,100000	0,000000	0,000000E+0
86,035571	14,100000	0,000000	0,000000E+0
86,035571	14,100000	0,000000	0,000000E+0
86,035571	14,100000	0,000000	0,000000E+0
86,035571	14,100000	0,000000	0,000000E+0
86,035571	14,100000	0,000000	0,000000E+0
86,035571	14,100000	0,000000	0,000000E+0
86,035571	14,100000	0,000000	0,000000E+0
86,035571	14,100000	0,000000	0,000000E+0
86,035571	14,100000	0,000000	0,000000E+0
87,035963	14,100000	0,000000	0,000000E+0
87,035963	14,100000	0,000000	0,000000E+0
87,035963	13,800000	0,000000	0,000000E+0
87,035963	13,800000	0,000000	0,000000E+0
87,035963	13,800000	0,000000	0,000000E+0
87,035963	13,800000	0,000000	0,000000E+0
87,035963	13,800000	0,000000	0,000000E+0
87,035963	13,800000	0,000000	0,000000E+0
87,035963	13,800000	0,000000	0,000000E+0
87,035963	13,800000	0,000000	0,000000E+0
88,036343	13,800000	0,000000	0,000000E+0
88,036343	13,800000	0,000000	0,000000E+0
88,036343	13,800000	0,000000	0,000000E+0
88,036343	13,800000	0,000000	0,000000E+0
88,036343	13,800000	0,000000	0,000000E+0
88,036343	13,800000	0,000000	0,000000E+0
88,036343	13,800000	0,000000	0,000000E+0
88,036343	13,800000	0,000000	0,000000E+0
88,036343	13,800000	0,000000	0,000000E+0
88,036343	13,800000	0,000000	0,000000E+0
89,035826	13,800000	0,000000	0,000000E+0
89,035826	13,800000	0,000000	0,000000E+0
89,035826	13,900001	0,000000	0,000000E+0
89,035826	13,900001	0,000000	0,000000E+0
89,035826	13,900001	0,000000	0,000000E+0
89,035826	13,900001	0,000000	0,000000E+0
89,035826	13,900001	0,000000	0,000000E+0
89,035826	13,900001	0,000000	0,000000E+0
89,035826	13,900001	0,000000	0,000000E+0
89,035826	13,900001	0,000000	0,000000E+0
90,036215	13,900001	0,000000	0,000000E+0
90,036215	13,900001	0,000000	0,000000E+0
90,036215	13,900001	0,000000	0,000000E+0
90,036215	13,900001	0,000000	0,000000E+0
90,036215	13,900001	0,000000	0,000000E+0
90,036215	13,900001	0,000000	0,000000E+0
90,036215	13,900001	0,000000	0,000000E+0
90,036215	13,900001	0,000000	0,000000E+0
90,036215	13,900001	0,000000	0,000000E+0
90,036215	13,900001	0,000000	0,000000E+0
91,035583	13,900001	0,000000	0,000000E+0
91,035583	13,900001	0,000000	0,000000E+0
91,035583	13,900001	0,000000	0,000000E+0
91,035583	13,900001	0,000000	0,000000E+0
91,035583	13,900001	0,000000	0,000000E+0
91,035583	13,900001	0,000000	0,000000E+0
91,035583	13,900001	0,000000	0,000000E+0
91,035583	13,900001	0,000000	0,000000E+0
91,035583	13,900001	0,000000	0,000000E+0
91,035583	13,900001	0,000000	0,000000E+0
92,036027	13,900001	0,000000	0,000000E+0
92,036027	13,900001	0,000000	0,000000E+0
92,036027	13,900001	0,000000	0,000000E+0
92,036027	13,900001	0,000000	0,000000E+0
92,036027	13,900001	0,000000	0,000000E+0
92,036027	13,900001	0,000000	0,000000E+0
92,036027	13,700001	0,000000	0,000000E+0
92,036027	13,700001	0,000000	0,000000E+0
92,036027	13,700001	0,000000	0,000000E+0
92,036027	13,700001	0,000000	0,000000E+0
93,036501	13,700001	0,000000	0,000000E+0
93,036501	13,700001	0,000000	0,000000E+0
93,036501	13,700001	0,000000	0,000000E+0
93,036501	13,700001	0,000000	0,000000E+0
93,036501	13,700001	0,000000	0,000000E+0
93,036501	13,700001	0,000000	0,000000E+0
93,036501	13,700001	0,000000	0,000000E+0
93,036501	13,900001	0,000000	0,000000E+0
93,036501	13,900001	0,000000	0,000000E+0
93,036501	13,900001	0,000000	0,000000E+0
94,035917	13,900001	0,000000	0,000000E+0
94,035917	13,900001	0,000000	0,000000E+0
94,035917	13,900001	0,000000	0,000000E+0
94,035917	13,900001	0,000000	0,000000E+0
94,035917	13,900001	0,000000	0,000000E+0
94,035917	13,900001	0,000000	0,000000E+0
94,035917	13,900001	0,000000	0,000000E+0
94,035917	13,900001	0,000000	0,000000E+0
94,035917	13,900001	0,000000	0,000000E+0
94,035917	13,900001	0,000000	0,000000E+0
95,036337	13,900001	0,000000	0,000000E+0
95,036337	13,900001	0,000000	0,000000E+0
95,036337	13,900001	0,000000	0,000000E+0
95,036337	13,900001	0,000000	0,000000E+0
95,036337	13,900001	0,000000	0,000000E+0
95,036337	13,900001	0,000000	0,000000E+0
95,036337	14,000000	0,000000	0,000000E+0
95,036337	14,000000	0,000000	0,000000E+0
95,036337	14,000000	0,000000	0,000000E+0
95,036337	14,000000	0,000000	0,000000E+0
96,035717	14,000000	0,000000	0,000000E+0
96,035717	14,000000	0,000000	0,000000E+0
96,035717	14,000000	0,000000	0,000000E+0
96,035717	14,000000	0,000000	0,000000E+0
96,035717	14,000000	0,000000	0,000000E+0
96,035717	14,000000	0,000000	0,000000E+0
96,035717	14,000000	0,000000	0,000000E+0
96,035717	14,000000	0,000000	0,000000E+0
96,035717	14,000000	0,000000	0,000000E+0
96,035717	10,300000	0,000000	0,000000E+0
97,036178	10,300000	0,000000	0,000000E+0
97,036178	10,300000	0,000000	0,000000E+0
97,036178	10,300000	0,000000	0,000000E+0
97,036178	10,300000	0,000000	0,000000E+0
97,036178	10,300000	0,000000	0,000000E+0
97,036178	10,300000	0,000000	0,000000E+0
97,036178	10,300000	0,000000	0,000000E+0
97,036178	10,300000	0,000000	0,000000E+0
97,036178	10,300000	0,000000	0,000000E+0
97,036178	10,300000	0,000000	0,000000E+0
98,035591	10,300000	0,000000	0,000000E+0
98,035591	0,100000	0,000000	0,000000E+0
98,035591	0,100000	0,000000	0,000000E+0
98,035591	0,100000	0,000000	0,000000E+0
98,035591	0,100000	0,000000	0,000000E+0
98,035591	0,100000	0,000000	0,000000E+0
98,035591	0,100000	0,000000	0,000000E+0
98,035591	0,100000	0,000000	0,000000E+0
98,035591	0,100000	0,000000	0,000000E+0
98,035591	0,100000	0,000000	0,000000E+0
99,036058	0,100000	0,000000	0,000000E+0
99,036058	0,100000	0,000000	0,000000E+0
99,036058	0,100000	0,000000	0,000000E+0
99,036058	0,100000	0,000000	0,000000E+0
99,036058	0,100000	0,000000	0,000000E+0
99,036058	0,100000	0,000000	0,000000E+0
99,036058	0,100000	0,000000	0,000000E+0
99,036058	0,100000	0,000000	0,000000E+0
