0,000000	0,000000	150,000000	5,583364E+0
0,000011	0,000000	150,000000	5,583364E+0
0,000011	0,000000	150,000000	5,583364E+0
0,000011	0,000000	150,000000	5,583364E+0
0,000011	0,000000	150,000000	5,583364E+0
0,000011	0,000000	150,000000	5,583364E+0
0,000011	0,000000	150,000000	5,583364E+0
0,000011	0,000000	150,000000	5,583364E+0
0,000011	0,000000	150,000000	5,583364E+0
0,000011	0,000000	150,000000	0,000000E+0
0,000011	0,000000	150,000000	0,000000E+0
1,003087	0,000000	150,000000	0,000000E+0
1,003087	0,000000	150,000000	0,000000E+0
1,003087	0,000000	150,000000	0,000000E+0
1,003087	0,000000	150,000000	0,000000E+0
1,003087	0,000000	150,000000	0,000000E+0
1,003087	0,000000	150,000000	0,000000E+0
1,003087	0,000000	150,000000	0,000000E+0
1,003087	0,000000	150,000000	0,000000E+0
1,003087	0,000000	150,000000	0,000000E+0
1,003087	0,000000	150,000000	0,000000E+0
2,002516	0,000000	150,000000	0,000000E+0
2,002516	0,000000	150,000000	0,000000E+0
2,002516	0,000000	150,000000	0,000000E+0
2,002516	0,000000	150,000000	0,000000E+0
2,002516	0,000000	150,000000	0,000000E+0
2,002516	0,000000	150,000000	0,000000E+0
2,002516	0,000000	150,000000	0,000000E+0
2,002516	0,000000	150,000000	0,000000E+0
2,002516	0,000000	150,000000	0,000000E+0
2,002516	0,000000	150,000000	0,000000E+0
3,002928	0,000000	150,000000	0,000000E+0
3,002928	0,000000	150,000000	0,000000E+0
3,002928	0,000000	150,000000	0,000000E+0
3,002928	0,000000	150,000000	0,000000E+0
3,002928	0,000000	150,000000	0,000000E+0
3,002928	0,000000	150,000000	0,000000E+0
3,002928	0,000000	150,000000	0,000000E+0
3,002928	0,000000	150,000000	0,000000E+0
3,002928	0,000000	150,000000	0,000000E+0
3,002928	0,000000	150,000000	0,000000E+0
4,002403	0,000000	150,000000	0,000000E+0
4,002403	0,000000	150,000000	0,000000E+0
4,002403	0,000000	150,000000	0,000000E+0
4,002403	0,000000	150,000000	0,000000E+0
4,002403	0,000000	150,000000	0,000000E+0
4,002403	0,000000	150,000000	0,000000E+0
4,002403	0,000000	150,000000	0,000000E+0
4,002403	0,000000	150,000000	0,000000E+0
4,002403	0,000000	150,000000	0,000000E+0
4,002403	0,000000	150,000000	0,000000E+0
5,002795	0,000000	150,000000	0,000000E+0
5,002795	0,000000	150,000000	0,000000E+0
5,002795	0,000000	150,000000	0,000000E+0
5,002795	0,000000	150,000000	0,000000E+0
5,002795	0,000000	150,000000	0,000000E+0
5,002795	0,000000	150,000000	0,000000E+0
5,002795	0,000000	150,000000	0,000000E+0
5,002795	0,000000	150,000000	0,000000E+0
5,002795	0,000000	150,000000	0,000000E+0
5,002795	0,000000	150,000000	0,000000E+0
6,003205	0,000000	150,000000	0,000000E+0
6,003205	0,000000	150,000000	0,000000E+0
6,003205	0,000000	150,000000	0,000000E+0
6,003205	0,000000	150,000000	0,000000E+0
6,003205	0,000000	150,000000	0,000000E+0
6,003205	0,000000	150,000000	0,000000E+0
6,003205	0,000000	150,000000	0,000000E+0
6,003205	0,000000	150,000000	0,000000E+0
6,003205	0,000000	150,000000	0,000000E+0
6,003205	0,000000	150,000000	0,000000E+0
7,003636	0,000000	150,000000	0,000000E+0
7,003636	0,000000	150,000000	0,000000E+0
7,003636	0,000000	150,000000	0,000000E+0
7,003636	0,000000	150,000000	0,000000E+0
7,003636	0,000000	150,000000	0,000000E+0
7,003636	0,000000	150,000000	0,000000E+0
7,003636	0,000000	150,000000	0,000000E+0
7,003636	0,000000	150,000000	0,000000E+0
7,003636	0,000000	150,000000	0,000000E+0
7,003636	0,000000	150,000000	0,000000E+0
8,004069	0,000000	150,000000	0,000000E+0
8,004069	0,000000	150,000000	0,000000E+0
8,004069	0,000000	150,000000	0,000000E+0
8,004069	0,000000	150,000000	0,000000E+0
8,004069	0,000000	150,000000	0,000000E+0
8,004069	0,000000	150,000000	0,000000E+0
8,004069	0,000000	150,000000	0,000000E+0
8,004069	0,000000	150,000000	0,000000E+0
8,004069	0,000000	150,000000	0,000000E+0
8,004069	0,000000	150,000000	0,000000E+0
9,003567	0,000000	150,000000	0,000000E+0
9,003567	0,000000	150,000000	0,000000E+0
9,003567	0,000000	150,000000	0,000000E+0
9,003567	0,000000	150,000000	0,000000E+0
9,003567	0,000000	150,000000	0,000000E+0
9,003567	0,000000	150,000000	0,000000E+0
9,003567	0,000000	150,000000	0,000000E+0
9,003567	0,000000	150,000000	0,000000E+0
9,003567	0,000000	150,000000	0,000000E+0
9,003567	0,000000	150,000000	0,000000E+0
10,004892	0,000000	150,000000	0,000000E+0
10,004892	0,000000	150,000000	0,000000E+0
10,004892	0,000000	150,000000	0,000000E+0
10,004892	0,000000	150,000000	0,000000E+0
10,004892	0,000000	150,000000	0,000000E+0
10,004892	0,000000	150,000000	0,000000E+0
10,004892	0,000000	150,000000	0,000000E+0
10,004892	0,000000	150,000000	0,000000E+0
10,004892	0,000000	150,000000	0,000000E+0
10,004892	0,000000	150,000000	0,000000E+0
11,004323	0,000000	150,000000	0,000000E+0
11,004323	0,000000	150,000000	0,000000E+0
11,004323	0,000000	150,000000	0,000000E+0
11,004323	0,000000	150,000000	0,000000E+0
11,004323	0,000000	150,000000	0,000000E+0
11,004323	0,000000	150,000000	0,000000E+0
11,004323	0,000000	150,000000	0,000000E+0
11,004323	0,000000	150,000000	0,000000E+0
11,004323	0,000000	150,000000	0,000000E+0
11,004323	0,000000	150,000000	0,000000E+0
12,004760	0,000000	150,000000	0,000000E+0
12,004760	0,000000	150,000000	0,000000E+0
12,004760	0,000000	150,000000	0,000000E+0
12,004760	0,000000	150,000000	0,000000E+0
12,004760	0,000000	150,000000	0,000000E+0
12,004760	0,000000	150,000000	0,000000E+0
12,004760	0,000000	150,000000	0,000000E+0
12,004760	0,000000	150,000000	0,000000E+0
12,004760	0,000000	150,000000	0,000000E+0
12,004760	0,000000	150,000000	0,000000E+0
13,004166	0,000000	150,000000	0,000000E+0
13,004166	0,000000	150,000000	0,000000E+0
13,004166	0,000000	150,000000	0,000000E+0
13,004166	0,000000	150,000000	0,000000E+0
13,004166	0,000000	150,000000	0,000000E+0
13,004166	0,000000	150,000000	0,000000E+0
13,004166	0,000000	150,000000	0,000000E+0
13,004166	0,000000	150,000000	0,000000E+0
13,004166	0,000000	150,000000	0,000000E+0
13,004166	0,000000	150,000000	0,000000E+0
14,004607	0,000000	150,000000	0,000000E+0
14,004607	0,000000	150,000000	0,000000E+0
14,004607	0,000000	150,000000	0,000000E+0
14,004607	0,000000	150,000000	0,000000E+0
14,004607	0,000000	150,000000	0,000000E+0
14,004607	0,000000	150,000000	0,000000E+0
14,004607	0,000000	150,000000	0,000000E+0
14,004607	0,000000	150,000000	0,000000E+0
14,004607	0,000000	150,000000	0,000000E+0
14,004607	0,000000	150,000000	0,000000E+0
15,005083	0,000000	150,000000	0,000000E+0
15,005083	0,000000	150,000000	0,000000E+0
15,005083	0,000000	150,000000	0,000000E+0
15,005083	0,000000	150,000000	0,000000E+0
15,005083	0,000000	150,000000	0,000000E+0
15,005083	0,000000	150,000000	0,000000E+0
15,005083	0,000000	150,000000	0,000000E+0
15,005083	0,000000	150,000000	0,000000E+0
15,005083	0,000000	150,000000	0,000000E+0
15,005083	0,000000	150,000000	0,000000E+0
16,004462	0,000000	150,000000	0,000000E+0
16,004462	0,000000	150,000000	0,000000E+0
16,004462	0,000000	150,000000	0,000000E+0
16,004462	0,000000	150,000000	0,000000E+0
16,004462	0,000000	150,000000	0,000000E+0
16,004462	0,000000	150,000000	0,000000E+0
16,004462	0,000000	150,000000	0,000000E+0
16,004462	0,000000	150,000000	0,000000E+0
16,004462	0,000000	150,000000	0,000000E+0
16,004462	0,000000	150,000000	0,000000E+0
17,005886	0,000000	150,000000	0,000000E+0
17,005886	0,000000	150,000000	0,000000E+0
17,005886	0,000000	150,000000	0,000000E+0
17,005886	0,000000	150,000000	0,000000E+0
17,005886	0,000000	150,000000	0,000000E+0
17,005886	0,000000	150,000000	0,000000E+0
17,005886	0,000000	150,000000	0,000000E+0
17,005886	0,000000	150,000000	0,000000E+0
17,005886	0,000000	150,000000	0,000000E+0
17,005886	0,000000	150,000000	0,000000E+0
18,005297	0,000000	150,000000	0,000000E+0
18,005297	0,000000	150,000000	0,000000E+0
18,005297	0,000000	150,000000	0,000000E+0
18,005297	0,000000	150,000000	0,000000E+0
18,005297	0,000000	150,000000	0,000000E+0
18,005297	0,000000	150,000000	0,000000E+0
18,005297	0,000000	150,000000	0,000000E+0
18,005297	0,000000	150,000000	0,000000E+0
18,005297	0,000000	150,000000	0,000000E+0
18,005297	0,000000	150,000000	0,000000E+0
19,005750	0,000000	150,000000	0,000000E+0
19,005750	0,000000	150,000000	0,000000E+0
19,005750	0,000000	150,000000	0,000000E+0
19,005750	0,000000	150,000000	0,000000E+0
19,005750	0,000000	150,000000	0,000000E+0
19,005750	0,000000	150,000000	0,000000E+0
19,005750	0,000000	150,000000	0,000000E+0
19,005750	0,000000	150,000000	0,000000E+0
19,005750	0,000000	150,000000	0,000000E+0
19,005750	0,000000	150,000000	0,000000E+0
20,005141	0,000000	150,000000	0,000000E+0
20,005141	0,000000	150,000000	0,000000E+0
20,005141	0,000000	150,000000	0,000000E+0
20,005141	0,000000	150,000000	0,000000E+0
20,005141	0,000000	150,000000	0,000000E+0
20,005141	0,000000	150,000000	0,000000E+0
20,005141	0,000000	150,000000	0,000000E+0
20,005141	0,000000	150,000000	0,000000E+0
20,005141	0,000000	150,000000	0,000000E+0
20,005141	0,000000	150,000000	0,000000E+0
21,006559	0,000000	150,000000	0,000000E+0
21,006559	0,000000	150,000000	0,000000E+0
21,006559	0,000000	150,000000	0,000000E+0
21,006559	0,000000	150,000000	0,000000E+0
21,006559	0,000000	150,000000	0,000000E+0
21,006559	0,000000	150,000000	0,000000E+0
21,006559	0,000000	150,000000	0,000000E+0
21,006559	0,000000	150,000000	0,000000E+0
21,006559	0,000000	150,000000	0,000000E+0
21,006559	0,000000	150,000000	0,000000E+0
22,007017	0,000000	150,000000	0,000000E+0
22,007017	0,000000	150,000000	0,000000E+0
22,007017	0,000000	150,000000	0,000000E+0
22,007017	0,000000	150,000000	0,000000E+0
22,007017	0,000000	150,000000	0,000000E+0
22,007017	0,000000	150,000000	0,000000E+0
22,007017	0,000000	150,000000	0,000000E+0
22,007017	0,000000	150,000000	0,000000E+0
22,007017	0,000000	150,000000	0,000000E+0
22,007017	0,000000	150,000000	0,000000E+0
23,006410	0,000000	150,000000	0,000000E+0
23,006410	0,000000	150,000000	0,000000E+0
23,006410	0,000000	150,000000	0,000000E+0
23,006410	0,000000	150,000000	0,000000E+0
23,006410	0,000000	150,000000	0,000000E+0
23,006410	0,000000	150,000000	0,000000E+0
23,006410	47,599998	150,000000	0,000000E+0
23,006410	47,599998	150,000000	0,000000E+0
23,006410	47,599998	150,000000	0,000000E+0
23,006410	47,599998	150,000000	0,000000E+0
24,006827	47,599998	150,000000	0,000000E+0
24,006827	47,599998	150,000000	0,000000E+0
24,006827	47,599998	150,000000	0,000000E+0
24,006827	47,599998	150,000000	0,000000E+0
24,006827	47,599998	150,000000	0,000000E+0
24,006827	47,599998	150,000000	0,000000E+0
24,006827	95,800003	150,000000	0,000000E+0
24,006827	95,800003	150,000000	0,000000E+0
24,006827	95,800003	150,000000	0,000000E+0
24,006827	95,800003	150,000000	0,000000E+0
25,006263	95,800003	150,000000	0,000000E+0
25,006263	95,800003	150,000000	0,000000E+0
25,006263	95,800003	150,000000	0,000000E+0
25,006263	95,800003	150,000000	0,000000E+0
25,006263	95,800003	150,000000	0,000000E+0
25,006263	95,800003	150,000000	0,000000E+0
25,006263	0,000000	150,000000	0,000000E+0
25,006263	0,000000	150,000000	0,000000E+0
25,006263	0,000000	150,000000	0,000000E+0
25,006263	0,000000	150,000000	0,000000E+0
26,007698	0,000000	150,000000	0,000000E+0
26,007698	0,000000	150,000000	0,000000E+0
26,007698	0,000000	150,000000	0,000000E+0
26,007698	0,000000	150,000000	0,000000E+0
26,007698	0,000000	150,000000	0,000000E+0
26,007698	0,000000	150,000000	0,000000E+0
26,007698	0,000000	150,000000	0,000000E+0
26,007698	0,000000	150,000000	0,000000E+0
26,007698	0,000000	150,000000	0,000000E+0
26,007698	0,000000	150,000000	0,000000E+0
27,007104	0,000000	150,000000	0,000000E+0
27,007104	0,000000	150,000000	0,000000E+0
27,007104	0,000000	150,000000	0,000000E+0
27,007104	0,000000	150,000000	0,000000E+0
27,007104	0,000000	150,000000	0,000000E+0
27,007104	0,000000	150,000000	0,000000E+0
27,007104	0,000000	150,000000	0,000000E+0
27,007104	0,000000	150,000000	0,000000E+0
27,007104	0,000000	150,000000	0,000000E+0
27,007104	0,000000	150,000000	0,000000E+0
28,007585	0,000000	150,000000	0,000000E+0
28,007585	0,000000	150,000000	0,000000E+0
28,007585	0,000000	150,000000	0,000000E+0
28,007585	0,000000	150,000000	0,000000E+0
28,007585	0,000000	150,000000	0,000000E+0
28,007585	0,000000	150,000000	0,000000E+0
28,007585	0,000000	150,000000	0,000000E+0
28,007585	0,000000	150,000000	0,000000E+0
28,007585	0,000000	150,000000	0,000000E+0
28,007585	0,000000	150,000000	0,000000E+0
29,008990	0,000000	150,000000	0,000000E+0
29,008990	65,099998	150,000000	0,000000E+0
29,008990	65,099998	150,000000	0,000000E+0
29,008990	65,099998	150,000000	0,000000E+0
29,008990	65,099998	150,000000	0,000000E+0
29,008990	65,099998	150,000000	0,000000E+0
29,008990	65,099998	150,000000	0,000000E+0
29,008990	65,099998	150,000000	0,000000E+0
29,008990	65,099998	150,000000	0,000000E+0
29,008990	65,099998	150,000000	0,000000E+0
30,009388	65,099998	150,000000	0,000000E+0
30,009388	38,699997	150,000000	0,000000E+0
30,009388	38,699997	150,000000	0,000000E+0
30,009388	38,699997	150,000000	0,000000E+0
30,009388	38,699997	150,000000	0,000000E+0
30,009388	38,699997	150,000000	0,000000E+0
30,009388	38,699997	150,000000	0,000000E+0
30,009388	38,699997	150,000000	0,000000E+0
30,009388	38,699997	150,000000	0,000000E+0
30,009388	38,699997	150,000000	0,000000E+0
31,010827	38,699997	150,000000	0,000000E+0
31,010827	38,699997	150,000000	0,000000E+0
31,010827	86,199997	150,000000	0,000000E+0
31,010827	86,199997	150,000000	0,000000E+0
31,010827	86,199997	150,000000	0,000000E+0
31,010827	86,199997	150,000000	0,000000E+0
31,010827	86,199997	150,000000	0,000000E+0
31,010827	86,199997	150,000000	0,000000E+0
31,010827	86,199997	150,000000	0,000000E+0
31,010827	86,199997	150,000000	0,000000E+0
32,011241	86,199997	150,000000	0,000000E+0
32,011241	86,199997	150,000000	0,000000E+0
32,011241	41,099998	150,000000	0,000000E+0
32,011241	41,099998	150,000000	0,000000E+0
32,011241	41,099998	150,000000	0,000000E+0
32,011241	41,099998	150,000000	0,000000E+0
32,011241	41,099998	150,000000	0,000000E+0
32,011241	41,099998	150,000000	0,000000E+0
32,011241	41,099998	150,000000	0,000000E+0
32,011241	41,099998	150,000000	0,000000E+0
33,011662	41,099998	150,000000	0,000000E+0
33,011662	41,099998	150,000000	0,000000E+0
33,011662	41,099998	150,000000	0,000000E+0
33,011662	41,099998	150,000000	0,000000E+0
33,011662	17,900002	150,000000	0,000000E+0
33,011662	17,900002	150,000000	0,000000E+0
33,011662	17,900002	150,000000	0,000000E+0
33,011662	17,900002	150,000000	0,000000E+0
33,011662	17,900002	150,000000	0,000000E+0
33,011662	17,900002	150,000000	0,000000E+0
34,012077	17,900002	150,000000	0,000000E+0
34,012077	17,900002	150,000000	0,000000E+0
34,012077	17,900002	150,000000	0,000000E+0
34,012077	17,900002	150,000000	0,000000E+0
34,012077	17,900002	150,000000	0,000000E+0
34,012077	17,900002	150,000000	0,000000E+0
34,012077	17,900002	150,000000	0,000000E+0
34,012077	17,900002	150,000000	0,000000E+0
34,012077	17,900002	150,000000	0,000000E+0
34,012077	17,900002	150,000000	0,000000E+0
35,011509	28,900000	150,000000	0,000000E+0
35,011509	28,900000	150,000000	0,000000E+0
35,011509	28,900000	150,000000	0,000000E+0
35,011509	28,900000	150,000000	0,000000E+0
35,011509	28,900000	150,000000	0,000000E+0
35,011509	28,900000	150,000000	0,000000E+0
35,011509	28,900000	150,000000	0,000000E+0
35,011509	28,900000	150,000000	0,000000E+0
35,011509	28,900000	150,000000	0,000000E+0
35,011509	28,900000	150,000000	0,000000E+0
36,012946	28,900000	150,000000	0,000000E+0
36,012946	34,400002	150,000000	0,000000E+0
36,012946	34,400002	150,000000	0,000000E+0
36,012946	34,400002	150,000000	0,000000E+0
36,012946	34,400002	150,000000	0,000000E+0
36,012946	34,400002	150,000000	0,000000E+0
36,012946	34,400002	150,000000	0,000000E+0
36,012946	34,400002	150,000000	0,000000E+0
36,012946	34,400002	150,000000	0,000000E+0
36,012946	34,400002	150,000000	0,000000E+0
37,012429	27,900000	150,000000	0,000000E+0
37,012429	27,900000	150,000000	0,000000E+0
37,012429	27,900000	150,000000	0,000000E+0
37,012429	27,900000	150,000000	0,000000E+0
37,012429	27,900000	150,000000	0,000000E+0
37,012429	27,900000	150,000000	0,000000E+0
37,012429	27,900000	150,000000	0,000000E+0
37,012429	27,900000	150,000000	0,000000E+0
37,012429	27,900000	150,000000	0,000000E+0
37,012429	27,900000	150,000000	0,000000E+0
38,013783	27,900000	150,000000	0,000000E+0
38,013783	27,000000	150,000000	0,000000E+0
38,013783	27,000000	150,000000	0,000000E+0
38,013783	27,000000	150,000000	0,000000E+0
38,013783	27,000000	150,000000	0,000000E+0
38,013783	27,000000	150,000000	0,000000E+0
38,013783	27,000000	150,000000	0,000000E+0
38,013783	27,000000	150,000000	0,000000E+0
38,013783	27,000000	150,000000	0,000000E+0
38,013783	27,000000	150,000000	0,000000E+0
39,013282	27,000000	150,000000	0,000000E+0
39,013282	27,000000	150,000000	0,000000E+0
39,013282	27,000000	150,000000	0,000000E+0
39,013282	28,700001	150,000000	0,000000E+0
39,013282	28,700001	150,000000	0,000000E+0
39,013282	28,700001	150,000000	0,000000E+0
39,013282	28,700001	150,000000	0,000000E+0
39,013282	28,700001	150,000000	0,000000E+0
39,013282	28,700001	150,000000	0,000000E+0
39,013282	28,700001	150,000000	0,000000E+0
40,013645	28,700001	150,000000	0,000000E+0
40,013645	28,700001	150,000000	0,000000E+0
40,013645	28,700001	150,000000	0,000000E+0
40,013645	28,700001	150,000000	0,000000E+0
40,013645	28,000000	150,000000	0,000000E+0
40,013645	28,000000	150,000000	0,000000E+0
40,013645	28,000000	150,000000	0,000000E+0
40,013645	28,000000	150,000000	0,000000E+0
40,013645	28,000000	150,000000	0,000000E+0
40,013645	28,000000	150,000000	0,000000E+0
41,014053	28,000000	150,000000	0,000000E+0
41,014053	28,000000	150,000000	0,000000E+0
41,014053	28,000000	150,000000	0,000000E+0
41,014053	28,000000	150,000000	0,000000E+0
41,014053	27,900000	150,000000	0,000000E+0
41,014053	27,900000	150,000000	0,000000E+0
41,014053	27,900000	150,000000	0,000000E+0
41,014053	27,900000	150,000000	0,000000E+0
41,014053	27,900000	150,000000	0,000000E+0
41,014053	27,900000	150,000000	0,000000E+0
42,013552	27,900000	150,000000	0,000000E+0
42,013552	27,900000	150,000000	0,000000E+0
42,013552	27,900000	150,000000	0,000000E+0
42,013552	27,900000	150,000000	0,000000E+0
42,013552	28,600000	150,000000	0,000000E+0
42,013552	28,600000	150,000000	0,000000E+0
42,013552	28,600000	150,000000	0,000000E+0
42,013552	28,600000	150,000000	0,000000E+0
42,013552	28,600000	150,000000	0,000000E+0
42,013552	28,600000	150,000000	0,000000E+0
43,013978	28,600000	150,000000	0,000000E+0
43,013978	28,600000	150,000000	0,000000E+0
43,013978	28,600000	150,000000	0,000000E+0
43,013978	28,600000	150,000000	0,000000E+0
43,013978	28,100000	150,000000	0,000000E+0
43,013978	28,100000	150,000000	0,000000E+0
43,013978	28,100000	150,000000	0,000000E+0
43,013978	28,100000	150,000000	0,000000E+0
43,013978	28,100000	150,000000	0,000000E+0
43,013978	28,100000	150,000000	0,000000E+0
44,014427	28,100000	150,000000	0,000000E+0
44,014427	28,100000	150,000000	0,000000E+0
44,014427	28,100000	150,000000	0,000000E+0
44,014427	28,100000	150,000000	0,000000E+0
44,014427	28,100000	150,000000	0,000000E+0
44,014427	28,100000	150,000000	0,000000E+0
44,014427	28,100000	150,000000	0,000000E+0
44,014427	28,100000	150,000000	0,000000E+0
44,014427	28,100000	150,000000	0,000000E+0
44,014427	28,100000	150,000000	0,000000E+0
45,014763	28,100000	150,000000	0,000000E+0
45,014763	28,100000	150,000000	0,000000E+0
45,014763	28,100000	150,000000	0,000000E+0
45,014763	28,100000	150,000000	0,000000E+0
45,014763	28,100000	150,000000	0,000000E+0
45,014763	28,100000	150,000000	0,000000E+0
45,014763	28,100000	150,000000	0,000000E+0
45,014763	28,100000	150,000000	0,000000E+0
45,014763	28,100000	150,000000	0,000000E+0
45,014763	28,100000	150,000000	0,000000E+0
46,014182	28,100000	150,000000	0,000000E+0
46,014182	28,100000	150,000000	0,000000E+0
46,014182	28,100000	150,000000	0,000000E+0
46,014182	28,100000	150,000000	0,000000E+0
46,014182	28,100000	150,000000	0,000000E+0
46,014182	28,100000	150,000000	0,000000E+0
46,014182	28,100000	150,000000	0,000000E+0
46,014182	28,100000	150,000000	0,000000E+0
46,014182	28,100000	150,000000	0,000000E+0
46,014182	28,100000	150,000000	0,000000E+0
47,014642	28,200001	150,000000	0,000000E+0
47,014642	28,200001	150,000000	0,000000E+0
47,014642	28,200001	150,000000	0,000000E+0
47,014642	28,200001	150,000000	0,000000E+0
47,014642	28,200001	150,000000	0,000000E+0
47,014642	28,200001	150,000000	0,000000E+0
47,014642	28,200001	150,000000	0,000000E+0
47,014642	28,200001	150,000000	0,000000E+0
47,014642	28,200001	150,000000	0,000000E+0
47,014642	28,700001	150,000000	0,000000E+0
48,015074	28,700001	150,000000	0,000000E+0
48,015074	28,700001	150,000000	0,000000E+0
48,015074	28,700001	150,000000	0,000000E+0
48,015074	28,700001	150,000000	0,000000E+0
48,015074	28,700001	150,000000	0,000000E+0
48,015074	28,700001	150,000000	0,000000E+0
48,015074	28,700001	150,000000	0,000000E+0
48,015074	28,700001	150,000000	0,000000E+0
48,015074	28,700001	150,000000	0,000000E+0
48,015074	28,700001	150,000000	0,000000E+0
49,014503	28,100000	150,000000	0,000000E+0
49,014503	28,100000	150,000000	0,000000E+0
49,014503	28,100000	150,000000	0,000000E+0
49,014503	28,100000	150,000000	0,000000E+0
49,014503	28,100000	150,000000	0,000000E+0
49,014503	28,100000	150,000000	0,000000E+0
49,014503	28,100000	150,000000	0,000000E+0
49,014503	28,100000	150,000000	0,000000E+0
49,014503	28,100000	150,000000	0,000000E+0
49,014503	28,100000	150,000000	0,000000E+0
50,015107	28,299999	150,000000	0,000000E+0
50,015107	28,299999	150,000000	0,000000E+0
50,015107	28,299999	150,000000	0,000000E+0
50,015107	28,299999	150,000000	0,000000E+0
50,015107	28,299999	150,000000	0,000000E+0
50,015107	28,299999	150,000000	0,000000E+0
50,015107	28,299999	150,000000	0,000000E+0
50,015107	28,299999	150,000000	0,000000E+0
50,015107	28,299999	150,000000	0,000000E+0
50,015107	28,299999	150,000000	0,000000E+0
51,015456	28,299999	150,000000	0,000000E+0
51,015456	28,299999	150,000000	0,000000E+0
51,015456	28,299999	150,000000	0,000000E+0
51,015456	28,299999	150,000000	0,000000E+0
51,015456	28,100000	150,000000	0,000000E+0
51,015456	28,100000	150,000000	0,000000E+0
51,015456	28,100000	150,000000	0,000000E+0
51,015456	28,100000	150,000000	0,000000E+0
51,015456	28,100000	150,000000	0,000000E+0
51,015456	28,100000	150,000000	0,000000E+0
52,015960	28,100000	150,000000	0,000000E+0
52,015960	28,100000	150,000000	0,000000E+0
52,015960	28,100000	150,000000	0,000000E+0
52,015960	28,100000	150,000000	0,000000E+0
52,015960	28,100000	150,000000	0,000000E+0
52,015960	28,100000	150,000000	0,000000E+0
52,015960	28,100000	150,000000	0,000000E+0
52,015960	28,100000	150,000000	0,000000E+0
52,015960	28,100000	150,000000	0,000000E+0
52,015960	28,100000	150,000000	0,000000E+0
53,016341	28,100000	150,000000	0,000000E+0
53,016341	28,100000	150,000000	0,000000E+0
53,016341	28,100000	150,000000	0,000000E+0
53,016341	28,100000	150,000000	0,000000E+0
53,016341	28,400000	150,000000	0,000000E+0
53,016341	28,400000	150,000000	0,000000E+0
53,016341	28,400000	150,000000	0,000000E+0
53,016341	28,400000	150,000000	0,000000E+0
53,016341	28,400000	150,000000	0,000000E+0
53,016341	28,400000	150,000000	0,000000E+0
54,016833	28,400000	150,000000	0,000000E+0
54,016833	28,400000	150,000000	0,000000E+0
54,016833	28,400000	150,000000	0,000000E+0
54,016833	28,400000	150,000000	0,000000E+0
54,016833	28,200001	150,000000	0,000000E+0
54,016833	28,200001	150,000000	0,000000E+0
54,016833	28,200001	150,000000	0,000000E+0
54,016833	28,200001	150,000000	0,000000E+0
54,016833	28,200001	150,000000	0,000000E+0
54,016833	28,200001	150,000000	0,000000E+0
55,016143	28,200001	150,000000	0,000000E+0
55,016143	28,200001	150,000000	0,000000E+0
55,016143	28,200001	150,000000	0,000000E+0
55,016143	28,200001	150,000000	0,000000E+0
55,016143	28,200001	150,000000	0,000000E+0
55,016143	28,299999	150,000000	0,000000E+0
55,016143	28,299999	150,000000	0,000000E+0
55,016143	28,299999	150,000000	0,000000E+0
55,016143	28,299999	150,000000	0,000000E+0
55,016143	28,299999	150,000000	0,000000E+0
56,016608	28,299999	150,000000	0,000000E+0
56,016608	28,299999	150,000000	0,000000E+0
56,016608	28,299999	150,000000	0,000000E+0
56,016608	28,299999	150,000000	0,000000E+0
56,016608	28,299999	150,000000	0,000000E+0
56,016608	28,299999	150,000000	0,000000E+0
56,016608	28,299999	150,000000	0,000000E+0
56,016608	28,299999	150,000000	0,000000E+0
56,016608	28,299999	150,000000	0,000000E+0
56,016608	28,299999	150,000000	0,000000E+0
57,018031	28,299999	150,000000	0,000000E+0
57,018031	28,299999	150,000000	0,000000E+0
57,018031	28,400000	150,000000	0,000000E+0
57,018031	28,400000	150,000000	0,000000E+0
57,018031	28,400000	150,000000	0,000000E+0
57,018031	28,400000	150,000000	0,000000E+0
57,018031	28,400000	150,000000	0,000000E+0
57,018031	28,400000	150,000000	0,000000E+0
57,018031	28,400000	150,000000	0,000000E+0
57,018031	28,400000	150,000000	0,000000E+0
58,017462	28,400000	150,000000	0,000000E+0
58,017462	28,400000	150,000000	0,000000E+0
58,017462	28,200001	150,000000	0,000000E+0
58,017462	28,200001	150,000000	0,000000E+0
58,017462	28,200001	150,000000	0,000000E+0
58,017462	28,200001	150,000000	0,000000E+0
58,017462	28,200001	150,000000	0,000000E+0
58,017462	28,200001	150,000000	0,000000E+0
58,017462	28,200001	150,000000	0,000000E+0
58,017462	28,200001	150,000000	0,000000E+0
59,017136	28,200001	150,000000	0,000000E+0
59,017136	28,200001	150,000000	0,000000E+0
59,017136	27,799999	150,000000	0,000000E+0
59,017136	27,799999	150,000000	0,000000E+0
59,017136	27,799999	150,000000	0,000000E+0
59,017136	27,799999	150,000000	0,000000E+0
59,017136	27,799999	150,000000	0,000000E+0
59,017136	27,799999	150,000000	0,000000E+0
59,017136	27,799999	150,000000	0,000000E+0
59,017136	27,799999	150,000000	0,000000E+0
60,017625	27,799999	150,000000	0,000000E+0
60,017625	27,799999	150,000000	0,000000E+0
60,017625	27,799999	150,000000	0,000000E+0
60,017625	27,799999	150,000000	0,000000E+0
60,017625	27,799999	150,000000	0,000000E+0
60,017625	27,799999	150,000000	0,000000E+0
60,017625	27,799999	150,000000	0,000000E+0
60,017625	27,799999	150,000000	0,000000E+0
60,017625	27,799999	150,000000	0,000000E+0
60,017625	27,799999	150,000000	0,000000E+0
61,019040	27,799999	150,000000	0,000000E+0
61,019040	27,799999	150,000000	0,000000E+0
61,019040	27,799999	150,000000	0,000000E+0
61,019040	27,900000	150,000000	0,000000E+0
61,019040	27,900000	150,000000	0,000000E+0
61,019040	27,900000	150,000000	0,000000E+0
61,019040	27,900000	150,000000	0,000000E+0
61,019040	27,900000	150,000000	0,000000E+0
61,019040	27,900000	150,000000	0,000000E+0
61,019040	27,900000	150,000000	0,000000E+0
62,019472	27,900000	150,000000	0,000000E+0
62,019472	27,900000	150,000000	0,000000E+0
62,019472	27,900000	150,000000	0,000000E+0
62,019472	27,900000	150,000000	0,000000E+0
62,019472	27,900000	150,000000	0,000000E+0
62,019472	27,900000	150,000000	0,000000E+0
62,019472	27,900000	150,000000	0,000000E+0
62,019472	27,900000	150,000000	0,000000E+0
62,019472	27,900000	150,000000	0,000000E+0
62,019472	27,900000	150,000000	0,000000E+0
63,019916	28,600000	150,000000	0,000000E+0
63,019916	28,600000	150,000000	0,000000E+0
63,019916	28,600000	150,000000	0,000000E+0
63,019916	28,600000	150,000000	0,000000E+0
63,019916	28,600000	150,000000	0,000000E+0
63,019916	28,600000	150,000000	0,000000E+0
63,019916	28,600000	150,000000	0,000000E+0
63,019916	28,600000	150,000000	0,000000E+0
63,019916	28,600000	150,000000	0,000000E+0
63,019916	28,600000	150,000000	0,000000E+0
64,020342	28,400000	150,000000	0,000000E+0
64,020342	28,400000	150,000000	0,000000E+0
64,020342	28,400000	150,000000	0,000000E+0
64,020342	28,400000	150,000000	0,000000E+0
64,020342	28,400000	150,000000	0,000000E+0
64,020342	28,400000	150,000000	0,000000E+0
64,020342	28,400000	150,000000	0,000000E+0
64,020342	28,400000	150,000000	0,000000E+0
64,020342	28,400000	150,000000	0,000000E+0
64,020342	28,400000	150,000000	0,000000E+0
65,020687	28,299999	150,000000	0,000000E+0
65,020687	28,299999	150,000000	0,000000E+0
65,020687	28,299999	150,000000	0,000000E+0
65,020687	28,299999	150,000000	0,000000E+0
65,020687	28,299999	150,000000	0,000000E+0
65,020687	28,299999	150,000000	0,000000E+0
65,020687	28,299999	150,000000	0,000000E+0
65,020687	28,299999	150,000000	0,000000E+0
65,020687	28,299999	150,000000	0,000000E+0
65,020687	28,299999	150,000000	0,000000E+0
66,020243	28,500000	150,000000	0,000000E+0
66,020243	28,500000	150,000000	0,000000E+0
66,020243	28,500000	150,000000	0,000000E+0
66,020243	28,500000	150,000000	0,000000E+0
66,020243	28,500000	150,000000	0,000000E+0
66,020243	28,500000	150,000000	0,000000E+0
66,020243	28,500000	150,000000	0,000000E+0
66,020243	28,500000	150,000000	0,000000E+0
66,020243	28,500000	150,000000	0,000000E+0
66,020243	28,500000	150,000000	0,000000E+0
67,020717	28,500000	150,000000	0,000000E+0
67,020717	28,500000	150,000000	0,000000E+0
67,020717	28,500000	150,000000	0,000000E+0
67,020717	28,100000	150,000000	0,000000E+0
67,020717	28,100000	150,000000	0,000000E+0
67,020717	28,100000	150,000000	0,000000E+0
67,020717	28,100000	150,000000	0,000000E+0
67,020717	28,100000	150,000000	0,000000E+0
67,020717	28,100000	150,000000	0,000000E+0
67,020717	28,100000	150,000000	0,000000E+0
68,021097	28,100000	150,000000	0,000000E+0
68,021097	28,100000	150,000000	0,000000E+0
68,021097	28,100000	150,000000	0,000000E+0
68,021097	28,100000	150,000000	0,000000E+0
68,021097	28,100000	150,000000	0,000000E+0
68,021097	28,100000	150,000000	0,000000E+0
68,021097	28,100000	150,000000	0,000000E+0
68,021097	28,100000	150,000000	0,000000E+0
68,021097	28,100000	150,000000	0,000000E+0
68,021097	28,100000	150,000000	0,000000E+0
69,020525	28,100000	150,000000	0,000000E+0
69,020525	28,100000	150,000000	0,000000E+0
69,020525	28,100000	150,000000	0,000000E+0
69,020525	28,100000	150,000000	0,000000E+0
69,020525	28,100000	150,000000	0,000000E+0
69,020525	28,100000	150,000000	0,000000E+0
69,020525	28,100000	150,000000	0,000000E+0
69,020525	28,100000	150,000000	0,000000E+0
69,020525	28,100000	150,000000	0,000000E+0
69,020525	28,100000	150,000000	0,000000E+0
70,020983	28,100000	150,000000	0,000000E+0
70,020983	28,100000	150,000000	0,000000E+0
70,020983	27,900000	150,000000	0,000000E+0
70,020983	27,900000	150,000000	0,000000E+0
70,020983	27,900000	150,000000	0,000000E+0
70,020983	27,900000	150,000000	0,000000E+0
70,020983	27,900000	150,000000	0,000000E+0
70,020983	27,900000	150,000000	0,000000E+0
70,020983	27,900000	150,000000	0,000000E+0
70,020983	27,900000	150,000000	0,000000E+0
71,020364	27,900000	150,000000	0,000000E+0
71,020364	27,900000	150,000000	0,000000E+0
71,020364	27,900000	150,000000	0,000000E+0
71,020364	27,900000	150,000000	0,000000E+0
71,020364	27,900000	150,000000	0,000000E+0
71,020364	27,900000	150,000000	0,000000E+0
71,020364	27,900000	150,000000	0,000000E+0
71,020364	27,900000	150,000000	0,000000E+0
71,020364	27,900000	150,000000	0,000000E+0
71,020364	27,900000	150,000000	0,000000E+0
72,020800	27,900000	150,000000	0,000000E+0
72,020800	27,900000	150,000000	0,000000E+0
72,020800	28,200001	150,000000	0,000000E+0
72,020800	28,200001	150,000000	0,000000E+0
72,020800	28,200001	150,000000	0,000000E+0
72,020800	28,200001	150,000000	0,000000E+0
72,020800	28,200001	150,000000	0,000000E+0
72,020800	28,200001	150,000000	0,000000E+0
72,020800	28,200001	150,000000	0,000000E+0
72,020800	28,200001	150,000000	0,000000E+0
73,020206	28,200001	150,000000	0,000000E+0
73,020206	28,200001	150,000000	0,000000E+0
73,020206	28,200001	150,000000	0,000000E+0
73,020206	28,100000	150,000000	0,000000E+0
73,020206	28,100000	150,000000	0,000000E+0
73,020206	28,100000	150,000000	0,000000E+0
73,020206	28,100000	150,000000	0,000000E+0
73,020206	28,100000	150,000000	0,000000E+0
73,020206	28,100000	150,000000	0,000000E+0
73,020206	28,100000	150,000000	0,000000E+0
74,020632	28,100000	150,000000	0,000000E+0
74,020632	28,100000	150,000000	0,000000E+0
74,020632	28,100000	150,000000	0,000000E+0
74,020632	28,100000	150,000000	0,000000E+0
74,020632	28,100000	150,000000	0,000000E+0
74,020632	28,100000	150,000000	0,000000E+0
74,020632	27,799999	150,000000	0,000000E+0
74,020632	27,799999	150,000000	0,000000E+0
74,020632	27,799999	150,000000	0,000000E+0
74,020632	27,799999	150,000000	0,000000E+0
75,021074	27,799999	150,000000	0,000000E+0
75,021074	27,799999	150,000000	0,000000E+0
75,021074	27,799999	150,000000	0,000000E+0
75,021074	27,799999	150,000000	0,000000E+0
75,021074	27,799999	150,000000	0,000000E+0
75,021074	27,799999	150,000000	0,000000E+0
75,021074	28,100000	150,000000	0,000000E+0
75,021074	28,100000	150,000000	0,000000E+0
75,021074	28,100000	150,000000	0,000000E+0
75,021074	28,100000	150,000000	0,000000E+0
76,021509	28,100000	150,000000	0,000000E+0
76,021509	28,100000	150,000000	0,000000E+0
76,021509	28,100000	150,000000	0,000000E+0
76,021509	28,100000	150,000000	0,000000E+0
76,021509	28,100000	150,000000	0,000000E+0
76,021509	28,100000	150,000000	0,000000E+0
76,021509	28,100000	150,000000	0,000000E+0
76,021509	28,200001	150,000000	0,000000E+0
76,021509	28,200001	150,000000	0,000000E+0
76,021509	28,200001	150,000000	0,000000E+0
77,021919	28,200001	150,000000	0,000000E+0
77,021919	28,200001	150,000000	0,000000E+0
77,021919	28,200001	150,000000	0,000000E+0
77,021919	28,200001	150,000000	0,000000E+0
77,021919	28,200001	150,000000	0,000000E+0
77,021919	28,200001	150,000000	0,000000E+0
77,021919	28,200001	150,000000	0,000000E+0
77,021919	27,400000	150,000000	0,000000E+0
77,021919	27,400000	150,000000	0,000000E+0
77,021919	27,400000	150,000000	0,000000E+0
78,021331	27,400000	150,000000	0,000000E+0
78,021331	27,400000	150,000000	0,000000E+0
78,021331	27,400000	150,000000	0,000000E+0
78,021331	27,400000	150,000000	0,000000E+0
78,021331	27,400000	150,000000	0,000000E+0
78,021331	27,400000	150,000000	0,000000E+0
78,021331	27,400000	150,000000	0,000000E+0
78,021331	27,700001	150,000000	0,000000E+0
78,021331	27,700001	150,000000	0,000000E+0
78,021331	27,700001	150,000000	0,000000E+0
79,021772	27,700001	150,000000	0,000000E+0
79,021772	27,700001	150,000000	0,000000E+0
79,021772	27,700001	150,000000	0,000000E+0
79,021772	27,700001	150,000000	0,000000E+0
79,021772	27,700001	150,000000	0,000000E+0
79,021772	27,700001	150,000000	0,000000E+0
79,021772	27,700001	150,000000	0,000000E+0
79,021772	27,700001	150,000000	0,000000E+0
79,021772	27,700001	150,000000	0,000000E+0
79,021772	27,700001	150,000000	0,000000E+0
80,022191	27,700001	150,000000	0,000000E+0
80,022191	27,700001	150,000000	0,000000E+0
80,022191	27,799999	150,000000	0,000000E+0
80,022191	27,799999	150,000000	0,000000E+0
80,022191	27,799999	150,000000	0,000000E+0
80,022191	27,799999	150,000000	0,000000E+0
80,022191	27,799999	150,000000	0,000000E+0
80,022191	27,799999	150,000000	0,000000E+0
80,022191	27,799999	150,000000	0,000000E+0
80,022191	27,799999	150,000000	0,000000E+0
81,022620	27,799999	150,000000	0,000000E+0
81,022620	27,799999	150,000000	0,000000E+0
81,022620	27,799999	150,000000	0,000000E+0
81,022620	28,299999	150,000000	0,000000E+0
81,022620	28,299999	150,000000	0,000000E+0
81,022620	28,299999	150,000000	0,000000E+0
81,022620	28,299999	150,000000	0,000000E+0
81,022620	28,299999	150,000000	0,000000E+0
81,022620	28,299999	150,000000	0,000000E+0
81,022620	28,299999	150,000000	0,000000E+0
82,022518	28,299999	150,000000	0,000000E+0
82,022518	28,299999	150,000000	0,000000E+0
82,022518	28,200001	150,000000	0,000000E+0
82,022518	28,200001	150,000000	0,000000E+0
82,022518	28,200001	150,000000	0,000000E+0
82,022518	28,200001	150,000000	0,000000E+0
82,022518	28,200001	150,000000	0,000000E+0
82,022518	28,200001	150,000000	0,000000E+0
82,022518	28,200001	150,000000	0,000000E+0
82,022518	28,200001	150,000000	0,000000E+0
83,023003	28,200001	150,000000	0,000000E+0
83,023003	28,200001	150,000000	0,000000E+0
83,023003	28,200001	150,000000	0,000000E+0
83,023003	28,200001	150,000000	0,000000E+0
83,023003	28,200001	150,000000	0,000000E+0
83,023003	28,200001	150,000000	0,000000E+0
83,023003	28,200001	150,000000	0,000000E+0
83,023003	28,200001	150,000000	0,000000E+0
83,023003	28,200001	150,000000	0,000000E+0
83,023003	28,200001	150,000000	0,000000E+0
84,022439	28,200001	150,000000	0,000000E+0
84,022439	28,200001	150,000000	0,000000E+0
84,022439	28,200001	150,000000	0,000000E+0
84,022439	28,200001	150,000000	0,000000E+0
84,022439	28,200001	150,000000	0,000000E+0
84,022439	28,299999	150,000000	0,000000E+0
84,022439	28,299999	150,000000	0,000000E+0
84,022439	28,299999	150,000000	0,000000E+0
84,022439	28,299999	150,000000	0,000000E+0
84,022439	28,299999	150,000000	0,000000E+0
85,022815	28,299999	150,000000	0,000000E+0
85,022815	28,299999	150,000000	0,000000E+0
85,022815	28,299999	150,000000	0,000000E+0
85,022815	28,299999	150,000000	0,000000E+0
85,022815	28,299999	150,000000	0,000000E+0
85,022815	28,299999	150,000000	0,000000E+0
85,022815	28,299999	150,000000	0,000000E+0
85,022815	27,799999	150,000000	0,000000E+0
85,022815	27,799999	150,000000	0,000000E+0
85,022815	27,799999	150,000000	0,000000E+0
86,022231	27,799999	150,000000	0,000000E+0
86,022231	27,799999	150,000000	0,000000E+0
86,022231	27,799999	150,000000	0,000000E+0
86,022231	27,799999	150,000000	0,000000E+0
86,022231	27,799999	150,000000	0,000000E+0
86,022231	27,799999	150,000000	0,000000E+0
86,022231	27,799999	150,000000	0,000000E+0
86,022231	27,900000	150,000000	0,000000E+0
86,022231	27,900000	150,000000	0,000000E+0
86,022231	27,900000	150,000000	0,000000E+0
87,022677	27,900000	150,000000	0,000000E+0
87,022677	27,900000	150,000000	0,000000E+0
87,022677	27,900000	150,000000	0,000000E+0
87,022677	27,900000	150,000000	0,000000E+0
87,022677	27,900000	150,000000	0,000000E+0
87,022677	27,900000	150,000000	0,000000E+0
87,022677	28,100000	150,000000	0,000000E+0
87,022677	28,100000	150,000000	0,000000E+0
87,022677	28,100000	150,000000	0,000000E+0
87,022677	28,100000	150,000000	0,000000E+0
88,022174	28,100000	150,000000	0,000000E+0
88,022174	28,100000	150,000000	0,000000E+0
88,022174	28,100000	150,000000	0,000000E+0
88,022174	28,100000	150,000000	0,000000E+0
88,022174	28,100000	150,000000	0,000000E+0
88,022174	28,100000	150,000000	0,000000E+0
88,022174	27,700001	150,000000	0,000000E+0
88,022174	27,700001	150,000000	0,000000E+0
88,022174	27,700001	150,000000	0,000000E+0
88,022174	27,700001	150,000000	0,000000E+0
89,022543	27,700001	150,000000	0,000000E+0
89,022543	27,700001	150,000000	0,000000E+0
89,022543	27,700001	150,000000	0,000000E+0
89,022543	27,700001	150,000000	0,000000E+0
89,022543	27,700001	150,000000	0,000000E+0
89,022543	27,700001	150,000000	0,000000E+0
89,022543	27,700001	150,000000	0,000000E+0
89,022543	27,700001	150,000000	0,000000E+0
89,022543	27,700001	150,000000	0,000000E+0
89,022543	27,700001	150,000000	0,000000E+0
90,022981	27,700001	150,000000	0,000000E+0
90,022981	27,700001	150,000000	0,000000E+0
90,022981	27,700001	150,000000	0,000000E+0
90,022981	27,700001	150,000000	0,000000E+0
90,022981	27,700001	150,000000	0,000000E+0
90,022981	27,700001	150,000000	0,000000E+0
90,022981	27,700001	150,000000	0,000000E+0
90,022981	27,700001	150,000000	0,000000E+0
90,022981	27,700001	150,000000	0,000000E+0
90,022981	27,700001	150,000000	0,000000E+0
91,022381	27,700001	150,000000	0,000000E+0
91,022381	28,100000	150,000000	0,000000E+0
91,022381	28,100000	150,000000	0,000000E+0
91,022381	28,100000	150,000000	0,000000E+0
91,022381	28,100000	150,000000	0,000000E+0
91,022381	28,100000	150,000000	0,000000E+0
91,022381	28,100000	150,000000	0,000000E+0
91,022381	28,100000	150,000000	0,000000E+0
91,022381	28,100000	150,000000	0,000000E+0
91,022381	28,100000	150,000000	0,000000E+0
92,022887	28,100000	150,000000	0,000000E+0
92,022887	27,500000	150,000000	0,000000E+0
92,022887	27,500000	150,000000	0,000000E+0
92,022887	27,500000	150,000000	0,000000E+0
92,022887	27,500000	150,000000	0,000000E+0
92,022887	27,500000	150,000000	0,000000E+0
92,022887	27,500000	150,000000	0,000000E+0
92,022887	27,500000	150,000000	0,000000E+0
92,022887	27,500000	150,000000	0,000000E+0
92,022887	27,500000	150,000000	0,000000E+0
93,023238	27,500000	150,000000	0,000000E+0
93,023238	27,500000	150,000000	0,000000E+0
93,023238	27,700001	150,000000	0,000000E+0
93,023238	27,700001	150,000000	0,000000E+0
93,023238	27,700001	150,000000	0,000000E+0
93,023238	27,700001	150,000000	0,000000E+0
93,023238	27,700001	150,000000	0,000000E+0
93,023238	27,700001	150,000000	0,000000E+0
93,023238	27,700001	150,000000	0,000000E+0
93,023238	27,700001	150,000000	0,000000E+0
94,023672	27,700001	150,000000	0,000000E+0
94,023672	27,900000	150,000000	0,000000E+0
94,023672	27,900000	150,000000	0,000000E+0
94,023672	27,900000	150,000000	0,000000E+0
94,023672	27,900000	150,000000	0,000000E+0
94,023672	27,900000	150,000000	0,000000E+0
94,023672	27,900000	150,000000	0,000000E+0
94,023672	27,900000	150,000000	0,000000E+0
94,023672	27,900000	150,000000	0,000000E+0
94,023672	27,900000	150,000000	0,000000E+0
95,024144	27,900000	150,000000	0,000000E+0
95,024144	27,900000	150,000000	0,000000E+0
95,024144	27,900000	150,000000	0,000000E+0
95,024144	27,900000	150,000000	0,000000E+0
95,024144	27,900000	150,000000	0,000000E+0
95,024144	28,200001	150,000000	0,000000E+0
95,024144	28,200001	150,000000	0,000000E+0
95,024144	28,200001	150,000000	0,000000E+0
95,024144	28,200001	150,000000	0,000000E+0
95,024144	28,200001	150,000000	0,000000E+0
96,024525	28,200001	150,000000	0,000000E+0
96,024525	28,200001	150,000000	0,000000E+0
96,024525	28,200001	150,000000	0,000000E+0
96,024525	28,200001	150,000000	0,000000E+0
96,024525	28,200001	150,000000	0,000000E+0
96,024525	28,200001	150,000000	0,000000E+0
96,024525	28,200001	150,000000	0,000000E+0
96,024525	27,700001	150,000000	0,000000E+0
96,024525	27,700001	150,000000	0,000000E+0
96,024525	27,700001	150,000000	0,000000E+0
97,025910	27,700001	150,000000	0,000000E+0
97,025910	27,700001	150,000000	0,000000E+0
97,025910	27,700001	150,000000	0,000000E+0
97,025910	27,700001	150,000000	0,000000E+0
97,025910	27,700001	150,000000	0,000000E+0
97,025910	27,700001	150,000000	0,000000E+0
97,025910	27,600000	150,000000	0,000000E+0
97,025910	27,600000	150,000000	0,000000E+0
97,025910	27,600000	150,000000	0,000000E+0
97,025910	27,600000	150,000000	0,000000E+0
98,025386	27,600000	150,000000	0,000000E+0
98,025386	27,600000	150,000000	0,000000E+0
98,025386	27,600000	150,000000	0,000000E+0
98,025386	27,600000	150,000000	0,000000E+0
98,025386	27,600000	150,000000	0,000000E+0
98,025386	27,600000	150,000000	0,000000E+0
98,025386	27,600000	150,000000	0,000000E+0
98,025386	27,600000	150,000000	0,000000E+0
98,025386	27,600000	150,000000	0,000000E+0
98,025386	27,600000	150,000000	0,000000E+0
99,026805	27,600000	150,000000	0,000000E+0
99,026805	27,600000	150,000000	0,000000E+0
99,026805	27,600000	150,000000	0,000000E+0
99,026805	27,600000	150,000000	0,000000E+0
99,026805	27,600000	150,000000	0,000000E+0
99,026805	27,600000	150,000000	0,000000E+0
99,026805	28,000000	150,000000	0,000000E+0
99,026805	28,000000	150,000000	0,000000E+0
99,026805	28,000000	150,000000	0,000000E+0
99,026805	28,000000	150,000000	0,000000E+0
100,026200	28,000000	150,000000	0,000000E+0
100,026200	28,000000	150,000000	0,000000E+0
100,026200	28,000000	150,000000	0,000000E+0
100,026200	28,000000	150,000000	0,000000E+0
100,026200	28,000000	150,000000	0,000000E+0
100,026200	28,000000	150,000000	0,000000E+0
100,026200	28,000000	150,000000	0,000000E+0
100,026200	28,000000	150,000000	0,000000E+0
100,026200	28,000000	150,000000	0,000000E+0
100,026200	28,200001	150,000000	0,000000E+0
101,026637	28,200001	150,000000	0,000000E+0
101,026637	28,200001	150,000000	0,000000E+0
101,026637	28,200001	150,000000	0,000000E+0
101,026637	28,200001	150,000000	0,000000E+0
101,026637	28,200001	150,000000	0,000000E+0
101,026637	28,200001	150,000000	0,000000E+0
101,026637	28,200001	150,000000	0,000000E+0
101,026637	28,200001	150,000000	0,000000E+0
101,026637	28,200001	150,000000	0,000000E+0
101,026637	28,200001	150,000000	0,000000E+0
102,027058	26,900000	150,000000	0,000000E+0
102,027058	26,900000	150,000000	0,000000E+0
102,027058	26,900000	150,000000	0,000000E+0
102,027058	26,900000	150,000000	0,000000E+0
102,027058	26,900000	150,000000	0,000000E+0
102,027058	26,900000	150,000000	0,000000E+0
102,027058	26,900000	150,000000	0,000000E+0
102,027058	26,900000	150,000000	0,000000E+0
102,027058	26,900000	150,000000	0,000000E+0
102,027058	26,900000	150,000000	0,000000E+0
103,026524	26,900000	150,000000	0,000000E+0
103,026524	26,900000	150,000000	0,000000E+0
103,026524	15,200000	150,000000	0,000000E+0
103,026524	15,200000	150,000000	0,000000E+0
103,026524	15,200000	150,000000	0,000000E+0
103,026524	15,200000	150,000000	0,000000E+0
103,026524	15,200000	150,000000	0,000000E+0
103,026524	15,200000	150,000000	0,000000E+0
103,026524	15,200000	150,000000	0,000000E+0
103,026524	15,200000	150,000000	0,000000E+0
104,027962	11,000000	150,000000	0,000000E+0
104,027962	11,000000	150,000000	0,000000E+0
104,027962	11,000000	150,000000	0,000000E+0
104,027962	11,000000	150,000000	0,000000E+0
104,027962	11,000000	150,000000	0,000000E+0
104,027962	11,000000	150,000000	0,000000E+0
104,027962	11,000000	150,000000	0,000000E+0
104,027962	11,000000	150,000000	0,000000E+0
104,027962	11,000000	150,000000	0,000000E+0
104,027962	11,000000	150,000000	0,000000E+0
105,027346	14,900000	150,000000	0,000000E+0
105,027346	14,900000	150,000000	0,000000E+0
105,027346	14,900000	150,000000	0,000000E+0
105,027346	14,900000	150,000000	0,000000E+0
105,027346	14,900000	150,000000	0,000000E+0
105,027346	14,900000	150,000000	0,000000E+0
105,027346	14,900000	150,000000	0,000000E+0
105,027346	14,900000	150,000000	0,000000E+0
105,027346	14,900000	150,000000	0,000000E+0
105,027346	14,900000	150,000000	0,000000E+0
106,027809	14,900000	150,000000	0,000000E+0
106,027809	14,900000	150,000000	0,000000E+0
106,027809	14,900000	150,000000	0,000000E+0
106,027809	26,500000	150,000000	0,000000E+0
106,027809	26,500000	150,000000	0,000000E+0
106,027809	26,500000	150,000000	0,000000E+0
106,027809	26,500000	150,000000	0,000000E+0
106,027809	26,500000	150,000000	0,000000E+0
106,027809	26,500000	150,000000	0,000000E+0
106,027809	26,500000	150,000000	0,000000E+0
107,028257	26,500000	150,000000	0,000000E+0
107,028257	26,500000	150,000000	0,000000E+0
107,028257	26,500000	150,000000	0,000000E+0
107,028257	26,500000	150,000000	0,000000E+0
107,028257	26,500000	150,000000	0,000000E+0
107,028257	26,500000	150,000000	0,000000E+0
107,028257	26,500000	150,000000	0,000000E+0
107,028257	26,500000	150,000000	0,000000E+0
107,028257	26,500000	150,000000	0,000000E+0
107,028257	26,500000	150,000000	0,000000E+0
108,029636	26,500000	150,000000	0,000000E+0
108,029636	26,500000	150,000000	0,000000E+0
108,029636	26,500000	150,000000	0,000000E+0
108,029636	21,600000	150,000000	0,000000E+0
108,029636	21,600000	150,000000	0,000000E+0
108,029636	21,600000	150,000000	0,000000E+0
108,029636	21,600000	150,000000	0,000000E+0
108,029636	21,600000	150,000000	0,000000E+0
108,029636	21,600000	150,000000	0,000000E+0
108,029636	21,600000	150,000000	0,000000E+0
109,030020	21,600000	150,000000	0,000000E+0
109,030020	21,600000	150,000000	0,000000E+0
109,030020	20,200001	150,000000	0,000000E+0
109,030020	20,200001	150,000000	0,000000E+0
109,030020	20,200001	150,000000	0,000000E+0
109,030020	20,200001	150,000000	0,000000E+0
109,030020	20,200001	150,000000	0,000000E+0
109,030020	20,200001	150,000000	0,000000E+0
109,030020	20,200001	150,000000	0,000000E+0
109,030020	20,200001	150,000000	0,000000E+0
110,029432	20,200001	150,000000	0,000000E+0
110,029432	20,200001	150,000000	0,000000E+0
110,029432	21,900000	150,000000	0,000000E+0
110,029432	21,900000	150,000000	0,000000E+0
110,029432	21,900000	150,000000	0,000000E+0
110,029432	21,900000	150,000000	0,000000E+0
110,029432	21,900000	150,000000	0,000000E+0
110,029432	21,900000	150,000000	0,000000E+0
110,029432	21,900000	150,000000	0,000000E+0
110,029432	21,900000	150,000000	0,000000E+0
111,029923	21,900000	150,000000	0,000000E+0
111,029923	21,900000	150,000000	0,000000E+0
111,029923	21,900000	150,000000	0,000000E+0
111,029923	23,599998	150,000000	0,000000E+0
111,029923	23,599998	150,000000	0,000000E+0
111,029923	23,599998	150,000000	0,000000E+0
111,029923	23,599998	150,000000	0,000000E+0
111,029923	23,599998	150,000000	0,000000E+0
111,029923	23,599998	150,000000	0,000000E+0
111,029923	23,599998	150,000000	0,000000E+0
112,030324	23,599998	150,000000	0,000000E+0
112,030324	23,599998	150,000000	0,000000E+0
112,030324	23,599998	150,000000	0,000000E+0
112,030324	22,599998	150,000000	0,000000E+0
112,030324	22,599998	150,000000	0,000000E+0
112,030324	22,599998	150,000000	0,000000E+0
112,030324	22,599998	150,000000	0,000000E+0
112,030324	22,599998	150,000000	0,000000E+0
112,030324	22,599998	150,000000	0,000000E+0
112,030324	22,599998	150,000000	0,000000E+0
113,031726	22,599998	150,000000	0,000000E+0
113,031726	22,599998	150,000000	0,000000E+0
113,031726	22,599998	150,000000	0,000000E+0
113,031726	22,599998	150,000000	0,000000E+0
113,031726	22,599998	150,000000	0,000000E+0
113,031726	22,599998	150,000000	0,000000E+0
113,031726	22,599998	150,000000	0,000000E+0
113,031726	22,599998	150,000000	0,000000E+0
113,031726	22,599998	150,000000	0,000000E+0
113,031726	22,599998	150,000000	0,000000E+0
114,031125	22,200001	150,000000	0,000000E+0
114,031125	22,200001	150,000000	0,000000E+0
114,031125	22,200001	150,000000	0,000000E+0
114,031125	22,200001	150,000000	0,000000E+0
114,031125	22,200001	150,000000	0,000000E+0
114,031125	22,200001	150,000000	0,000000E+0
114,031125	22,200001	150,000000	0,000000E+0
114,031125	22,200001	150,000000	0,000000E+0
114,031125	22,200001	150,000000	0,000000E+0
114,031125	22,200001	150,000000	0,000000E+0
115,031608	22,200001	150,000000	0,000000E+0
115,031608	22,900000	150,000000	0,000000E+0
115,031608	22,900000	150,000000	0,000000E+0
115,031608	22,900000	150,000000	0,000000E+0
115,031608	22,900000	150,000000	0,000000E+0
115,031608	22,900000	150,000000	0,000000E+0
115,031608	22,900000	150,000000	0,000000E+0
115,031608	22,900000	150,000000	0,000000E+0
115,031608	22,900000	150,000000	0,000000E+0
115,031608	22,900000	150,000000	0,000000E+0
116,033059	22,900000	150,000000	0,000000E+0
116,033059	22,500000	150,000000	0,000000E+0
116,033059	22,500000	150,000000	0,000000E+0
116,033059	22,500000	150,000000	0,000000E+0
116,033059	22,500000	150,000000	0,000000E+0
116,033059	22,500000	150,000000	0,000000E+0
116,033059	22,500000	150,000000	0,000000E+0
116,033059	22,500000	150,000000	0,000000E+0
116,033059	22,500000	150,000000	0,000000E+0
116,033059	22,500000	150,000000	0,000000E+0
117,032468	21,900000	150,000000	0,000000E+0
117,032468	21,900000	150,000000	0,000000E+0
117,032468	21,900000	150,000000	0,000000E+0
117,032468	21,900000	150,000000	0,000000E+0
117,032468	21,900000	150,000000	0,000000E+0
117,032468	21,900000	150,000000	0,000000E+0
117,032468	21,900000	150,000000	0,000000E+0
117,032468	21,900000	150,000000	0,000000E+0
117,032468	21,900000	150,000000	0,000000E+0
117,032468	21,900000	150,000000	0,000000E+0
118,032838	21,900000	150,000000	0,000000E+0
118,032838	22,299999	150,000000	0,000000E+0
118,032838	22,299999	150,000000	0,000000E+0
118,032838	22,299999	150,000000	0,000000E+0
118,032838	22,299999	150,000000	0,000000E+0
118,032838	22,299999	150,000000	0,000000E+0
118,032838	22,299999	150,000000	2,049506E-3
118,032838	22,299999	150,000000	2,049506E-3
118,032838	22,299999	150,000000	4,099012E-3
118,032838	22,299999	150,000000	6,148519E-3
119,032244	22,299999	150,000000	6,148519E-3
119,032244	22,299999	150,000000	8,198025E-3
119,032244	22,299999	150,000000	1,024753E-2
119,032244	22,299999	150,000000	1,024753E-2
119,032244	22,299999	150,000000	1,229704E-2
119,032244	22,299999	150,000000	1,229704E-2
119,032244	22,400002	150,000000	1,431974E-2
119,032244	22,400002	150,000000	1,431974E-2
119,032244	22,400002	150,000000	1,636764E-2
119,032244	22,400002	150,000000	1,841554E-2
120,032763	22,400002	150,000000	2,046344E-2
120,032763	22,400002	150,000000	2,251135E-2
120,032763	22,400002	150,000000	2,251135E-2
120,032763	22,400002	150,000000	2,455925E-2
120,032763	22,400002	150,000000	2,660715E-2
120,032763	23,100000	150,000000	2,660715E-2
120,032763	23,100000	150,000000	2,846743E-2
120,032763	23,100000	150,000000	3,050410E-2
120,032763	23,100000	150,000000	3,050410E-2
120,032763	23,100000	150,000000	3,254077E-2
121,032175	23,100000	150,000000	3,254077E-2
121,032175	23,100000	150,000000	3,254077E-2
121,032175	23,100000	150,000000	3,457743E-2
121,032175	23,100000	150,000000	3,661410E-2
121,032175	23,100000	150,000000	3,865077E-2
121,032175	23,100000	150,000000	4,068743E-2
121,032175	24,299999	150,000000	4,068743E-2
121,032175	24,299999	150,000000	4,240247E-2
121,032175	24,299999	150,000000	4,441988E-2
121,032175	24,299999	150,000000	4,441988E-2
122,032541	24,299999	150,000000	4,643728E-2
122,032541	24,299999	150,000000	4,845469E-2
122,032541	24,299999	150,000000	4,845469E-2
122,032541	24,299999	150,000000	5,047210E-2
122,032541	24,299999	150,000000	5,047210E-2
122,032541	24,700001	150,000000	5,248951E-2
122,032541	24,700001	150,000000	5,248951E-2
122,032541	24,700001	150,000000	5,439970E-2
122,032541	24,700001	150,000000	5,641069E-2
122,032541	24,700001	150,000000	5,842168E-2
123,032943	24,700001	150,000000	5,842168E-2
123,032943	24,700001	150,000000	6,043267E-2
123,032943	24,700001	150,000000	6,244365E-2
123,032943	24,700001	150,000000	6,445464E-2
123,032943	24,700001	150,000000	6,445464E-2
123,032943	24,700001	150,000000	6,646563E-2
123,032943	25,900002	150,000000	6,815499E-2
123,032943	25,900002	150,000000	7,014672E-2
123,032943	25,900002	150,000000	7,014672E-2
123,032943	25,900002	150,000000	7,213844E-2
124,032444	25,900002	150,000000	7,213844E-2
124,032444	25,900002	150,000000	7,213844E-2
124,032444	25,900002	150,000000	7,413017E-2
124,032444	25,900002	150,000000	7,612190E-2
124,032444	25,900002	150,000000	7,811363E-2
124,032444	25,900002	150,000000	8,010536E-2
124,032444	25,900002	150,000000	8,010536E-2
124,032444	25,900002	150,000000	8,209709E-2
124,032444	25,900002	150,000000	8,209709E-2
124,032444	25,900002	150,000000	8,408881E-2
125,032802	25,900002	150,000000	8,608054E-2
125,032802	25,900002	150,000000	8,807227E-2
125,032802	25,900002	150,000000	8,807227E-2
125,032802	25,900002	150,000000	9,006400E-2
125,032802	25,900002	150,000000	9,006400E-2
125,032802	25,900002	150,000000	9,205573E-2
125,032802	25,900002	150,000000	9,205573E-2
125,032802	25,900002	150,000000	9,404746E-2
125,032802	31,500000	150,000000	9,453825E-2
125,032802	31,500000	150,000000	9,644010E-2
126,032213	31,500000	150,000000	9,644010E-2
126,032213	31,500000	150,000000	9,834195E-2
126,032213	31,500000	150,000000	1,002438E-1
126,032213	31,500000	150,000000	1,002438E-1
126,032213	31,500000	150,000000	1,021457E-1
126,032213	31,500000	150,000000	1,040475E-1
126,032213	31,500000	150,000000	1,040475E-1
126,032213	31,500000	150,000000	1,059494E-1
126,032213	31,500000	150,000000	1,078512E-1
126,032213	36,000000	150,000000	1,078512E-1
127,032747	36,000000	150,000000	1,078512E-1
127,032747	36,000000	150,000000	1,085469E-1
127,032747	36,000000	150,000000	1,085469E-1
127,032747	36,000000	150,000000	1,103766E-1
127,032747	36,000000	150,000000	1,122062E-1
127,032747	36,000000	150,000000	1,140358E-1
127,032747	36,000000	150,000000	1,140358E-1
127,032747	36,000000	150,000000	1,158655E-1
127,032747	43,300003	150,000000	1,176951E-1
127,032747	43,300003	150,000000	1,176951E-1
128,034140	43,300003	150,000000	1,175681E-1
128,034140	43,300003	150,000000	1,192806E-1
128,034140	43,300003	150,000000	1,209931E-1
128,034140	43,300003	150,000000	1,209931E-1
128,034140	43,300003	150,000000	1,209931E-1
128,034140	43,300003	150,000000	1,227056E-1
128,034140	43,300003	150,000000	1,227056E-1
128,034140	43,300003	150,000000	1,244180E-1
128,034140	43,300003	150,000000	1,261305E-1
128,034140	52,900002	150,000000	1,278430E-1
129,033482	52,900002	150,000000	1,278430E-1
129,033482	52,900002	150,000000	1,269824E-1
129,033482	52,900002	150,000000	1,285408E-1
129,033482	52,900002	150,000000	1,285408E-1
129,033482	52,900002	150,000000	1,300992E-1
129,033482	52,900002	150,000000	1,316576E-1
129,033482	52,900002	150,000000	1,332160E-1
129,033482	52,900002	150,000000	1,347744E-1
129,033482	52,900002	150,000000	1,347744E-1
129,033482	52,900002	150,000000	1,347744E-1
130,033945	52,900002	150,000000	1,363328E-1
130,033945	52,900002	150,000000	1,363328E-1
130,033945	52,900002	150,000000	1,378912E-1
130,033945	64,000000	150,000000	1,394496E-1
130,033945	64,000000	150,000000	1,394496E-1
130,033945	64,000000	150,000000	1,394496E-1
130,033945	64,000000	150,000000	1,394496E-1
130,033945	64,000000	150,000000	1,380329E-1
130,033945	64,000000	150,000000	1,380329E-1
130,033945	64,000000	150,000000	1,394131E-1
131,033384	64,000000	150,000000	1,407934E-1
131,033384	64,000000	150,000000	1,407934E-1
131,033384	64,000000	150,000000	1,421736E-1
131,033384	64,000000	150,000000	1,421736E-1
131,033384	64,000000	150,000000	1,421736E-1
131,033384	64,000000	150,000000	1,421736E-1
131,033384	74,300003	150,000000	1,435539E-1
131,033384	74,300003	150,000000	1,421735E-1
131,033384	74,300003	150,000000	1,421735E-1
131,033384	74,300003	150,000000	1,433884E-1
132,034758	74,300003	150,000000	0,000000E+0
132,034758	74,300003	150,000000	0,000000E+0
132,034758	74,300003	150,000000	0,000000E+0
132,034758	74,300003	150,000000	0,000000E+0
132,034758	74,300003	150,000000	0,000000E+0
132,034758	33,300003	150,000000	0,000000E+0
132,034758	33,300003	150,000000	0,000000E+0
132,034758	33,300003	150,000000	0,000000E+0
132,034758	33,300003	150,000000	0,000000E+0
132,034758	33,300003	150,000000	0,000000E+0
133,034195	33,300003	150,000000	0,000000E+0
133,034195	33,300003	150,000000	0,000000E+0
133,034195	33,300003	150,000000	0,000000E+0
133,034195	33,300003	150,000000	0,000000E+0
133,034195	33,300003	150,000000	0,000000E+0
133,034195	18,700001	150,000000	0,000000E+0
133,034195	18,700001	150,000000	0,000000E+0
133,034195	18,700001	150,000000	0,000000E+0
133,034195	18,700001	150,000000	0,000000E+0
133,034195	18,700001	150,000000	0,000000E+0
134,034615	18,700001	150,000000	0,000000E+0
134,034615	18,700001	150,000000	0,000000E+0
134,034615	18,700001	150,000000	0,000000E+0
134,034615	18,700001	150,000000	0,000000E+0
134,034615	18,700001	150,000000	0,000000E+0
134,034615	18,000000	150,000000	0,000000E+0
134,034615	18,000000	150,000000	0,000000E+0
134,034615	18,000000	150,000000	0,000000E+0
134,034615	18,000000	150,000000	0,000000E+0
134,034615	18,000000	150,000000	0,000000E+0
135,035035	18,000000	150,000000	0,000000E+0
135,035035	18,000000	150,000000	0,000000E+0
135,035035	18,000000	150,000000	0,000000E+0
135,035035	18,000000	150,000000	0,000000E+0
135,035035	18,000000	150,000000	0,000000E+0
135,035035	11,900000	150,000000	0,000000E+0
135,035035	11,900000	150,000000	0,000000E+0
135,035035	11,900000	150,000000	0,000000E+0
135,035035	11,900000	150,000000	0,000000E+0
135,035035	11,900000	150,000000	0,000000E+0
136,034510	11,900000	150,000000	0,000000E+0
