t	IF	IR	VF	VR	VelSP	VelRE
24,010	0,000	0,000	3,000E-1	2,400E+1	3,500E+3
0,007	0,000	0,000	3,000E-1	2,400E+1	3,500E+3
1,006	0,000	0,000	3,000E-1	2,400E+1	3,500E+3
2,006	0,000	0,000	3,000E-1	2,400E+1	3,500E+3
3,007	0,000	0,000	3,000E-1	2,400E+1	3,500E+3
4,007	0,000	0,000	3,000E-1	2,400E+1	3,500E+3
5,007	0,000	0,000	3,000E-1	2,400E+1	3,500E+3
6,007	0,000	0,000	3,000E-1	2,400E+1	3,500E+3
7,008	0,000	0,000	3,000E-1	2,400E+1	3,500E+3
8,008	0,000	0,000	3,000E-1	2,400E+1	3,500E+3
9,009	0,000	0,000	3,000E-1	2,400E+1	3,500E+3
10,010	0,000	0,000	3,000E-1	2,400E+1	3,500E+3
11,009	0,000	0,000	3,000E-1	2,400E+1	3,500E+3
12,009	0,000	0,000	3,000E-1	2,400E+1	3,500E+3
13,009	0,000	0,000	3,000E-1	2,400E+1	3,500E+3
14,009	0,000	0,000	3,000E-1	2,400E+1	3,500E+3
15,009	0,000	0,000	3,000E-1	2,400E+1	3,500E+3
16,010	0,000	0,000	3,000E-1	2,400E+1	3,500E+3
17,011	0,000	0,000	3,000E-1	2,400E+1	3,500E+3
18,010	0,000	0,000	3,000E-1	2,400E+1	3,500E+3
19,010	0,000	0,000	3,000E-1	2,400E+1	3,500E+3
20,010	0,000	0,000	3,000E-1	2,400E+1	3,500E+3
21,010	0,000	0,000	3,000E-1	2,400E+1	3,500E+3
22,010	0,000	0,000	3,000E-1	2,400E+1	3,500E+3
23,011	0,000	0,000	3,000E-1	2,400E+1	3,500E+3
24,013	0,000	0,000	3,000E-1	2,400E+1	3,500E+3
25,012	0,000	0,000	3,000E-1	2,400E+1	3,500E+3
26,012	0,000	0,000	3,000E-1	2,400E+1	3,500E+3
27,012	0,000	0,000	3,000E-1	2,400E+1	3,500E+3
28,012	0,000	0,000	3,000E-1	2,400E+1	3,500E+3
29,013	0,000	0,000	3,000E-1	2,400E+1	3,500E+3
30,012	0,000	0,000	3,000E-1	2,400E+1	3,500E+3
31,013	0,000	0,000	3,000E-1	2,400E+1	3,500E+3
32,013	0,000	0,000	3,000E-1	2,400E+1	3,500E+3
33,014	0,000	0,000	3,000E-1	2,400E+1	3,500E+3
34,014	0,000	0,000	3,000E-1	2,400E+1	3,500E+3
35,014	0,000	0,000	3,000E-1	2,400E+1	3,500E+3
36,016	0,000	0,000	3,000E-1	2,400E+1	3,500E+3
37,016	0,000	0,000	3,000E-1	2,400E+1	3,500E+3
38,016	0,000	0,000	3,000E-1	2,400E+1	3,500E+3
39,017	0,000	0,000	3,000E-1	2,400E+1	3,500E+3
40,017	0,000	0,000	3,000E-1	2,400E+1	3,500E+3
41,017	0,000	0,000	3,000E-1	2,400E+1	3,500E+3
42,017	0,000	0,000	3,000E-1	2,400E+1	3,500E+3
43,019	0,000	0,000	3,000E-1	2,400E+1	3,500E+3
44,018	0,000	0,000	3,000E-1	2,400E+1	3,500E+3
45,019	0,000	0,000	3,000E-1	2,400E+1	3,500E+3
46,019	0,000	0,000	3,000E-1	2,400E+1	3,500E+3
47,019	0,000	0,000	3,000E-1	2,400E+1	3,500E+3
48,020	0,000	0,000	3,000E-1	2,400E+1	3,500E+3
49,020	0,000	0,000	3,000E-1	2,400E+1	3,500E+3
50,021	0,000	0,000	3,000E-1	2,400E+1	3,500E+3
51,021	0,000	0,000	3,000E-1	2,400E+1	3,500E+3
52,021	0,000	0,000	3,000E-1	2,400E+1	3,500E+3
53,021	0,000	0,000	3,000E-1	2,400E+1	3,500E+3
54,021	0,000	0,000	3,000E-1	2,400E+1	3,500E+3
55,021	0,000	0,000	3,000E-1	2,400E+1	3,500E+3
56,021	0,000	0,000	3,000E-1	2,400E+1	3,500E+3
57,021	0,000	0,000	3,000E-1	2,400E+1	3,500E+3
58,021	0,000	0,000	3,000E-1	2,400E+1	3,500E+3
59,022	0,000	0,000	3,000E-1	2,400E+1	3,500E+3
60,022	0,000	0,000	3,000E-1	2,400E+1	3,500E+3
61,022	0,000	0,000	3,000E-1	2,400E+1	3,500E+3
62,023	0,000	0,000	3,000E-1	2,400E+1	3,500E+3
63,022	0,000	0,000	3,000E-1	2,400E+1	3,500E+3
64,022	0,000	0,000	3,000E-1	2,400E+1	3,500E+3
65,022	0,000	0,000	3,000E-1	2,400E+1	3,500E+3
66,022	0,000	0,000	3,000E-1	2,400E+1	3,500E+3
67,022	0,000	0,000	3,000E-1	2,400E+1	3,500E+3
68,022	0,000	0,000	3,000E-1	2,400E+1	3,500E+3
69,023	0,000	0,000	3,000E-1	2,400E+1	3,500E+3
70,022	0,000	0,000	3,000E-1	2,400E+1	3,500E+3
71,022	0,000	0,000	3,000E-1	2,400E+1	3,500E+3
72,022	0,000	0,000	3,000E-1	2,400E+1	3,500E+3
73,022	0,000	0,000	3,000E-1	2,400E+1	3,500E+3
74,023	0,000	0,000	3,000E-1	2,400E+1	3,500E+3
75,023	0,000	0,000	3,000E-1	2,400E+1	3,500E+3
76,025	0,000	0,000	3,000E-1	2,400E+1	3,500E+3
77,025	0,000	0,000	3,000E-1	2,400E+1	3,500E+3
78,025	0,000	0,000	3,000E-1	2,400E+1	3,500E+3
79,025	0,000	0,000	3,000E-1	2,400E+1	3,500E+3
80,025	0,000	0,000	3,000E-1	2,400E+1	3,500E+3
81,025	0,000	0,000	3,000E-1	2,400E+1	3,500E+3
82,025	0,000	0,000	3,000E-1	2,400E+1	3,500E+3
83,025	0,000	0,000	3,000E-1	2,400E+1	3,500E+3
84,025	0,000	0,000	3,000E-1	2,400E+1	3,500E+3
85,025	0,000	0,000	3,000E-1	2,400E+1	3,500E+3
86,025	0,000	0,000	3,000E-1	2,400E+1	3,500E+3
87,025	0,000	0,000	3,000E-1	2,400E+1	3,500E+3
88,025	0,000	0,000	3,000E-1	2,400E+1	3,500E+3
89,025	0,000	0,000	3,000E-1	2,400E+1	3,500E+3
90,026	0,000	0,000	3,000E-1	2,400E+1	3,500E+3
91,026	0,000	0,000	3,000E-1	2,400E+1	3,500E+3
92,026	0,000	0,000	3,000E-1	2,400E+1	3,500E+3
93,026	0,000	0,000	3,000E-1	2,400E+1	3,500E+3
94,026	0,000	0,000	3,000E-1	2,400E+1	3,500E+3
95,027	0,000	0,000	3,000E-1	2,400E+1	3,500E+3
96,027	0,000	0,000	3,000E-1	2,400E+1	3,500E+3
97,027	0,000	0,000	3,000E-1	2,400E+1	3,500E+3
98,027	0,000	0,000	3,000E-1	2,400E+1	3,500E+3
99,027	0,000	0,000	3,000E-1	2,400E+1	3,500E+3
100,027	0,000	0,000	3,000E-1	2,400E+1	3,500E+3
101,028	0,000	0,000	3,000E-1	2,400E+1	3,500E+3
102,029	0,000	0,000	3,000E-1	2,400E+1	3,500E+3
103,028	0,000	0,000	3,000E-1	2,400E+1	3,500E+3
104,028	0,000	0,000	3,000E-1	2,400E+1	3,500E+3
105,028	0,000	0,000	3,000E-1	2,400E+1	3,500E+3
106,028	0,000	0,000	3,000E-1	2,400E+1	3,500E+3
107,028	0,000	0,000	3,000E-1	2,400E+1	3,500E+3
108,028	0,000	0,000	3,000E-1	2,400E+1	3,500E+3
109,029	0,000	0,000	3,000E-1	2,400E+1	3,500E+3
110,028	0,000	0,000	3,000E-1	2,400E+1	3,500E+3
111,028	0,000	0,000	3,000E-1	2,400E+1	3,500E+3
112,028	0,000	0,000	3,000E-1	2,400E+1	3,500E+3
113,029	0,000	0,000	3,000E-1	2,400E+1	3,500E+3
114,029	0,000	0,000	3,000E-1	2,400E+1	3,500E+3
115,029	0,000	0,000	3,000E-1	2,400E+1	3,500E+3
116,029	0,000	0,000	3,000E-1	2,400E+1	3,500E+3
117,029	0,000	0,000	3,000E-1	2,400E+1	3,500E+3
118,029	0,000	0,000	3,000E-1	2,400E+1	3,500E+3
119,029	0,000	0,000	3,000E-1	2,400E+1	3,500E+3
120,029	0,000	0,000	3,000E-1	2,400E+1	3,500E+3
121,030	0,000	0,000	3,000E-1	2,400E+1	3,500E+3
122,030	0,000	0,000	3,000E-1	2,400E+1	3,500E+3
123,031	0,000	0,000	3,000E-1	2,400E+1	3,500E+3
124,031	0,000	0,000	3,000E-1	2,400E+1	3,500E+3
125,032	0,000	0,000	3,000E-1	2,400E+1	3,500E+3
126,032	0,000	0,000	3,000E-1	2,400E+1	3,500E+3
127,032	0,000	0,000	3,000E-1	2,400E+1	3,500E+3
128,032	0,000	0,000	3,000E-1	2,400E+1	3,500E+3
129,032	0,000	0,000	3,000E-1	2,400E+1	3,500E+3
130,032	0,000	0,000	3,000E-1	2,400E+1	3,500E+3
131,032	0,000	0,000	3,000E-1	2,400E+1	3,500E+3
132,032	0,000	0,000	3,000E-1	2,400E+1	3,500E+3
133,032	0,000	0,000	3,000E-1	2,400E+1	3,500E+3
134,032	0,000	0,000	3,000E-1	2,400E+1	3,500E+3
135,033	0,000	0,000	3,000E-1	2,400E+1	3,500E+3
136,032	0,000	0,000	3,000E-1	2,400E+1	3,500E+3
137,032	0,000	0,000	3,000E-1	2,400E+1	3,500E+3
138,032	0,000	0,000	3,000E-1	2,400E+1	3,500E+3
139,032	0,000	0,000	3,000E-1	2,400E+1	3,500E+3
140,032	0,000	0,000	3,000E-1	2,400E+1	3,500E+3
141,032	0,000	0,000	3,000E-1	2,400E+1	3,500E+3
142,033	0,000	0,000	3,000E-1	2,400E+1	3,500E+3
143,033	0,000	0,000	3,000E-1	2,400E+1	3,500E+3
144,033	0,000	0,000	3,000E-1	2,400E+1	3,500E+3
145,033	0,000	0,000	3,000E-1	2,400E+1	3,500E+3
146,033	0,000	0,000	3,000E-1	2,400E+1	3,500E+3
147,033	0,000	0,000	3,000E-1	2,400E+1	3,500E+3
148,033	0,000	0,000	3,000E-1	2,400E+1	3,500E+3
149,034	0,000	0,000	3,000E-1	2,400E+1	3,500E+3
150,034	0,000	0,000	3,000E-1	2,400E+1	3,500E+3
151,035	0,000	0,000	3,000E-1	2,400E+1	3,500E+3
152,035	0,000	0,000	3,000E-1	2,400E+1	3,500E+3
153,035	0,000	0,000	3,000E-1	2,400E+1	3,500E+3
154,035	0,000	0,000	3,000E-1	2,400E+1	3,500E+3
155,035	0,000	0,000	3,000E-1	2,400E+1	3,500E+3
156,035	0,000	0,000	3,000E-1	2,400E+1	3,500E+3
157,035	0,000	0,000	3,000E-1	2,400E+1	3,500E+3
158,035	0,000	0,000	3,000E-1	2,400E+1	3,500E+3
159,035	0,000	0,000	3,000E-1	2,400E+1	3,500E+3
160,036	0,000	0,000	3,000E-1	2,400E+1	3,500E+3
161,037	0,000	0,000	3,000E-1	2,400E+1	3,500E+3
162,036	0,000	0,000	3,000E-1	2,400E+1	3,500E+3
163,037	0,000	0,000	3,000E-1	2,400E+1	3,500E+3
164,037	0,000	0,000	3,000E-1	2,400E+1	3,500E+3
165,038	0,000	0,000	3,000E-1	2,400E+1	3,500E+3
166,038	0,000	0,000	3,000E-1	2,400E+1	3,500E+3
167,038	0,000	0,000	3,000E-1	2,400E+1	3,500E+3
168,040	0,000	0,000	3,000E-1	2,400E+1	3,500E+3
169,039	0,000	0,000	3,000E-1	2,400E+1	3,500E+3
170,039	0,000	0,000	3,000E-1	2,400E+1	3,500E+3
171,039	0,000	0,000	3,000E-1	2,400E+1	3,500E+3
172,040	0,000	0,000	3,000E-1	2,400E+1	3,500E+3
173,040	0,000	0,000	3,000E-1	2,400E+1	3,500E+3
174,040	0,000	0,000	3,000E-1	2,400E+1	3,500E+3
175,041	0,000	0,000	3,000E-1	2,400E+1	3,500E+3
176,040	0,000	0,000	3,000E-1	2,400E+1	3,500E+3
177,041	0,000	0,000	3,000E-1	2,400E+1	3,500E+3
178,041	0,000	0,000	3,000E-1	2,400E+1	3,500E+3
179,041	0,000	0,000	3,000E-1	2,400E+1	3,500E+3
180,042	0,000	0,000	3,000E-1	2,400E+1	3,500E+3
181,042	0,000	0,000	3,000E-1	2,400E+1	3,500E+3
182,043	0,000	0,000	3,000E-1	2,400E+1	3,500E+3
183,043	0,000	0,000	3,000E-1	2,400E+1	3,500E+3
184,043	0,000	0,000	3,000E-1	2,400E+1	3,500E+3
185,043	0,000	0,000	3,000E-1	2,400E+1	3,500E+3
186,043	0,000	0,000	3,000E-1	2,400E+1	3,500E+3
187,043	0,000	0,000	3,000E-1	2,400E+1	3,500E+3
188,043	0,000	0,000	3,000E-1	2,400E+1	3,500E+3
189,043	0,000	0,000	3,000E-1	2,400E+1	3,500E+3
190,044	0,000	0,000	3,000E-1	2,400E+1	3,500E+3
191,044	0,000	0,000	3,000E-1	2,400E+1	3,500E+3
192,044	0,000	0,000	3,000E-1	2,400E+1	3,500E+3
193,045	0,000	0,000	3,000E-1	2,400E+1	3,500E+3
194,045	0,000	0,000	3,000E-1	2,400E+1	3,500E+3
195,045	0,000	0,000	3,000E-1	2,400E+1	3,500E+3
196,045	0,000	0,000	3,000E-1	2,400E+1	3,500E+3
197,045	0,000	0,000	3,000E-1	2,400E+1	3,500E+3
198,045	0,000	0,000	3,000E-1	2,400E+1	3,500E+3
199,045	0,000	0,000	3,000E-1	2,400E+1	3,500E+3
200,045	0,000	0,000	3,000E-1	2,400E+1	3,500E+3
201,046	0,000	0,000	3,000E-1	2,400E+1	3,500E+3
202,045	0,000	0,000	3,000E-1	2,400E+1	3,500E+3
203,045	0,000	0,000	3,000E-1	2,400E+1	3,500E+3
204,045	0,000	0,000	3,000E-1	2,400E+1	3,500E+3
205,045	0,000	0,000	3,000E-1	2,400E+1	3,500E+3
206,045	0,000	0,000	3,000E-1	2,400E+1	3,500E+3
207,045	0,000	0,000	3,000E-1	2,400E+1	3,500E+3
208,047	0,000	0,000	3,000E-1	2,400E+1	3,500E+3
209,046	0,000	0,000	3,000E-1	2,400E+1	3,500E+3
210,046	0,000	0,000	3,000E-1	2,400E+1	3,500E+3
211,046	0,000	0,000	3,000E-1	2,400E+1	3,500E+3
212,046	0,000	0,000	3,000E-1	2,400E+1	3,500E+3
213,046	0,000	0,000	3,000E-1	2,400E+1	3,500E+3
214,046	0,000	0,000	3,000E-1	2,400E+1	3,500E+3
215,047	0,000	0,000	3,000E-1	2,400E+1	3,500E+3
216,046	0,000	0,000	3,000E-1	2,400E+1	3,500E+3
217,046	0,000	0,000	3,000E-1	2,400E+1	3,500E+3
