t	IF	IR	VF	VR	VelSP	VelRE
472,109	0,000	0,050	3,000E-1	2,400E+1	0,000E+0	0,000E+0
0,004	0,000	0,050	3,000E-1	2,400E+1	0,000E+0	0,000E+0
1,004	0,000	0,050	3,000E-1	2,400E+1	0,000E+0	0,000E+0
2,004	0,000	0,050	3,000E-1	2,400E+1	0,000E+0	0,000E+0
3,004	0,000	0,050	3,000E-1	2,400E+1	0,000E+0	0,000E+0
4,005	0,000	0,050	3,000E-1	2,400E+1	0,000E+0	0,000E+0
5,006	0,000	0,050	3,000E-1	2,400E+1	0,000E+0	0,000E+0
6,006	0,000	0,050	3,000E-1	2,400E+1	0,000E+0	0,000E+0
7,007	0,000	0,050	3,000E-1	2,400E+1	0,000E+0	0,000E+0
8,007	0,000	0,050	3,000E-1	2,400E+1	0,000E+0	0,000E+0
9,008	0,000	0,050	3,000E-1	2,400E+1	0,000E+0	0,000E+0
10,008	0,000	0,050	3,000E-1	2,400E+1	0,000E+0	0,000E+0
11,007	0,000	0,050	3,000E-1	2,400E+1	0,000E+0	0,000E+0
12,008	0,000	0,050	3,000E-1	2,400E+1	0,000E+0	0,000E+0
13,009	0,000	0,050	3,000E-1	2,400E+1	0,000E+0	0,000E+0
14,014	0,000	0,000	3,000E-1	2,400E+1	0,000E+0	0,000E+0
15,015	0,000	0,000	3,000E-1	2,400E+1	0,000E+0	0,000E+0
16,015	0,000	0,000	3,000E-1	2,400E+1	0,000E+0	0,000E+0
17,015	0,000	0,000	3,000E-1	2,400E+1	0,000E+0	0,000E+0
18,014	0,000	0,000	3,000E-1	2,400E+1	0,000E+0	0,000E+0
19,015	0,000	0,000	3,000E-1	2,400E+1	0,000E+0	0,000E+0
20,015	0,000	0,000	3,000E-1	2,400E+1	0,000E+0	0,000E+0
21,016	0,000	0,000	3,000E-1	2,400E+1	0,000E+0	0,000E+0
22,016	0,000	0,000	3,000E-1	2,400E+1	0,000E+0	0,000E+0
23,016	0,000	0,000	3,000E-1	2,400E+1	0,000E+0	0,000E+0
24,016	0,000	0,000	3,000E-1	2,400E+1	0,000E+0	0,000E+0
25,015	0,000	0,000	3,000E-1	2,400E+1	0,000E+0	0,000E+0
26,016	0,000	0,000	3,000E-1	2,400E+1	0,000E+0	0,000E+0
27,016	0,000	0,000	3,000E-1	2,400E+1	0,000E+0	0,000E+0
28,016	0,000	0,000	3,000E-1	2,400E+1	0,000E+0	0,000E+0
29,016	0,000	0,000	3,000E-1	2,400E+1	0,000E+0	0,000E+0
30,016	0,000	0,000	3,000E-1	2,400E+1	0,000E+0	0,000E+0
31,016	0,000	0,000	3,000E-1	2,400E+1	0,000E+0	0,000E+0
32,016	0,000	0,000	3,000E-1	2,400E+1	0,000E+0	0,000E+0
33,017	0,000	0,000	3,000E-1	2,400E+1	0,000E+0	0,000E+0
34,018	0,000	0,000	3,000E-1	2,400E+1	0,000E+0	0,000E+0
35,018	0,000	0,000	3,000E-1	2,400E+1	0,000E+0	0,000E+0
36,018	0,000	0,000	3,000E-1	2,400E+1	0,000E+0	0,000E+0
37,018	0,000	0,000	3,000E-1	2,400E+1	0,000E+0	0,000E+0
38,018	0,000	0,000	3,000E-1	2,400E+1	0,000E+0	0,000E+0
39,018	0,000	0,000	3,000E-1	2,400E+1	0,000E+0	0,000E+0
40,018	0,000	0,000	3,000E-1	2,400E+1	0,000E+0	0,000E+0
41,018	0,000	0,000	3,000E-1	2,400E+1	0,000E+0	0,000E+0
42,018	0,000	0,000	3,000E-1	2,400E+1	0,000E+0	0,000E+0
43,018	0,000	0,000	3,000E-1	2,400E+1	0,000E+0	0,000E+0
44,018	0,000	0,000	3,000E-1	2,400E+1	0,000E+0	0,000E+0
45,018	0,000	0,000	3,000E-1	2,400E+1	0,000E+0	0,000E+0
46,019	0,000	0,000	3,000E-1	2,400E+1	0,000E+0	0,000E+0
47,020	0,000	0,000	3,000E-1	2,400E+1	0,000E+0	0,000E+0
48,021	0,000	0,000	3,000E-1	2,400E+1	0,000E+0	0,000E+0
49,021	0,000	0,000	3,000E-1	2,400E+1	0,000E+0	0,000E+0
50,021	0,000	0,000	3,000E-1	2,400E+1	0,000E+0	0,000E+0
51,020	0,000	0,000	3,000E-1	2,400E+1	0,000E+0	0,000E+0
52,022	0,000	0,000	3,000E-1	2,400E+1	0,000E+0	0,000E+0
53,022	0,000	0,000	3,000E-1	2,400E+1	0,000E+0	0,000E+0
54,022	0,000	0,000	3,000E-1	2,400E+1	0,000E+0	0,000E+0
55,022	0,000	0,000	3,000E-1	2,400E+1	0,000E+0	0,000E+0
56,022	0,000	0,000	3,000E-1	2,400E+1	0,000E+0	0,000E+0
57,022	0,000	0,000	3,000E-1	2,400E+1	0,000E+0	0,000E+0
58,021	0,000	0,000	3,000E-1	2,400E+1	0,000E+0	0,000E+0
59,022	0,000	0,000	3,000E-1	2,400E+1	0,000E+0	0,000E+0
60,022	0,000	0,000	3,000E-1	2,400E+1	0,000E+0	0,000E+0
61,023	0,000	0,000	3,000E-1	2,400E+1	0,000E+0	0,000E+0
62,023	0,000	0,000	3,000E-1	2,400E+1	0,000E+0	0,000E+0
63,023	0,000	0,000	3,000E-1	2,400E+1	0,000E+0	0,000E+0
64,024	0,000	0,000	3,000E-1	2,400E+1	0,000E+0	0,000E+0
65,023	0,000	0,000	3,000E-1	2,400E+1	0,000E+0	0,000E+0
66,024	0,000	0,000	3,000E-1	2,400E+1	0,000E+0	0,000E+0
67,025	0,000	0,000	3,000E-1	2,400E+1	0,000E+0	0,000E+0
68,025	0,000	0,000	3,000E-1	2,400E+1	0,000E+0	0,000E+0
69,025	0,000	0,000	3,000E-1	2,400E+1	0,000E+0	0,000E+0
70,025	0,000	0,000	3,000E-1	2,400E+1	0,000E+0	0,000E+0
71,025	0,000	0,000	3,000E-1	2,400E+1	0,000E+0	0,000E+0
72,024	0,000	0,000	3,000E-1	2,400E+1	0,000E+0	0,000E+0
73,025	0,000	0,000	3,000E-1	2,400E+1	0,000E+0	0,000E+0
74,026	0,000	0,000	3,000E-1	2,400E+1	0,000E+0	0,000E+0
75,026	0,000	0,000	3,000E-1	2,400E+1	0,000E+0	0,000E+0
76,026	0,000	0,000	3,000E-1	2,400E+1	0,000E+0	0,000E+0
77,027	0,000	0,000	3,000E-1	2,400E+1	0,000E+0	0,000E+0
78,027	0,000	0,000	3,000E-1	2,400E+1	0,000E+0	0,000E+0
79,027	0,000	0,000	3,000E-1	2,400E+1	0,000E+0	0,000E+0
80,028	0,000	0,000	3,000E-1	2,400E+1	0,000E+0	0,000E+0
81,028	0,000	0,000	3,000E-1	2,400E+1	0,000E+0	0,000E+0
82,028	0,000	0,000	3,000E-1	2,400E+1	0,000E+0	0,000E+0
83,029	0,000	0,000	3,000E-1	2,400E+1	0,000E+0	0,000E+0
84,028	0,000	0,000	3,000E-1	2,400E+1	0,000E+0	0,000E+0
85,029	0,000	0,000	3,000E-1	2,400E+1	0,000E+0	0,000E+0
