t	IF	IR	VF	VR	VelSP	VelRE
0,000	0,000	0,000	0,000E+0	2,400E+1	0,000E+0
0,062	0,000	0,000	0,000E+0	2,400E+1	0,000E+0	0,000E+0
1,062	0,000	0,000	3,000E-1	2,400E+1	0,000E+0	0,000E+0
2,064	0,000	0,000	3,000E-1	2,400E+1	0,000E+0	0,000E+0
3,063	0,000	0,000	3,000E-1	2,400E+1	0,000E+0	0,000E+0
4,064	0,000	0,000	3,000E-1	2,400E+1	0,000E+0	0,000E+0
5,065	0,000	0,000	3,000E-1	2,400E+1	0,000E+0	0,000E+0
6,066	0,000	0,000	3,000E-1	2,400E+1	0,000E+0	0,000E+0
7,066	0,000	0,000	3,000E-1	2,400E+1	0,000E+0	0,000E+0
8,066	0,000	0,000	3,000E-1	2,400E+1	0,000E+0	0,000E+0
9,066	0,000	0,000	3,000E-1	2,400E+1	0,000E+0	0,000E+0
10,067	0,000	0,000	3,000E-1	2,400E+1	0,000E+0	0,000E+0
11,066	0,000	0,000	3,000E-1	2,400E+1	0,000E+0	0,000E+0
12,066	0,000	0,000	3,000E-1	2,400E+1	0,000E+0	0,000E+0
13,066	0,000	0,000	3,000E-1	2,400E+1	0,000E+0	0,000E+0
14,067	0,000	0,000	3,000E-1	2,400E+1	0,000E+0	0,000E+0
15,067	0,000	0,000	3,000E-1	2,400E+1	0,000E+0	0,000E+0
16,067	0,000	0,000	3,000E-1	2,400E+1	0,000E+0	0,000E+0
17,067	0,000	0,000	3,000E-1	2,400E+1	0,000E+0	0,000E+0
18,067	0,000	0,000	3,000E-1	2,400E+1	0,000E+0	0,000E+0
19,067	0,000	0,000	3,000E-1	2,400E+1	0,000E+0	0,000E+0
20,067	0,000	0,000	3,000E-1	2,400E+1	0,000E+0	0,000E+0
21,067	0,000	0,000	3,000E-1	2,400E+1	0,000E+0	0,000E+0
22,069	0,000	0,000	3,000E-1	2,400E+1	0,000E+0	0,000E+0
23,068	0,000	0,000	3,000E-1	2,400E+1	0,000E+0	0,000E+0
24,068	0,000	0,000	3,000E-1	2,400E+1	0,000E+0	0,000E+0
25,068	0,000	0,000	3,000E-1	2,400E+1	0,000E+0	0,000E+0
26,068	0,000	0,000	3,000E-1	2,400E+1	0,000E+0	0,000E+0
27,068	0,000	0,000	3,000E-1	2,400E+1	0,000E+0	0,000E+0
28,068	0,000	0,000	3,000E-1	2,400E+1	0,000E+0	0,000E+0
29,069	0,000	0,000	3,000E-1	2,400E+1	0,000E+0	0,000E+0
30,068	0,000	0,000	3,000E-1	2,400E+1	3,500E+3	0,000E+0
31,068	0,000	0,000	3,000E-1	2,400E+1	3,500E+3	0,000E+0
32,068	0,000	0,000	3,000E-1	2,400E+1	3,500E+3	0,000E+0
33,068	0,000	0,000	3,000E-1	2,400E+1	3,500E+3	0,000E+0
34,068	0,000	0,000	3,000E-1	2,400E+1	3,500E+3	2,563E+3
35,068	0,000	0,000	3,000E-1	2,400E+1	3,500E+3	3,786E+3
36,069	0,000	0,000	3,000E-1	2,400E+1	3,500E+3	3,514E+3
37,068	0,000	0,000	3,000E-1	2,400E+1	3,500E+3	3,347E+3
38,068	0,000	0,000	3,000E-1	2,400E+1	3,500E+3	3,503E+3
39,068	0,000	0,000	3,000E-1	2,400E+1	3,500E+3	3,510E+3
40,069	0,000	0,000	3,000E-1	2,400E+1	3,500E+3	3,495E+3
41,069	0,000	0,000	3,000E-1	2,400E+1	3,500E+3	3,526E+3
42,069	0,000	0,000	3,000E-1	2,400E+1	3,500E+3	3,494E+3
43,070	0,000	0,000	3,000E-1	2,400E+1	3,500E+3	3,485E+3
44,069	0,000	0,000	3,000E-1	2,400E+1	3,500E+3	3,512E+3
45,069	0,000	0,000	3,000E-1	2,400E+1	3,500E+3	3,487E+3
46,069	0,000	0,000	3,000E-1	2,400E+1	3,500E+3	3,507E+3
47,069	0,000	0,000	3,000E-1	2,400E+1	3,500E+3	3,489E+3
48,070	0,000	0,000	3,000E-1	2,400E+1	3,500E+3	3,496E+3
49,069	0,000	0,000	3,000E-1	2,400E+1	3,500E+3	3,494E+3
50,069	0,000	0,000	3,000E-1	2,400E+1	3,500E+3	3,512E+3
51,069	0,000	0,000	3,000E-1	2,400E+1	3,500E+3	3,501E+3
52,069	0,000	0,000	3,000E-1	2,400E+1	3,500E+3	3,502E+3
53,069	0,000	0,000	3,000E-1	2,400E+1	3,500E+3	3,494E+3
54,069	0,000	0,000	3,000E-1	2,400E+1	3,500E+3	3,492E+3
55,070	0,000	0,000	0,000E+0	2,400E+1	3,500E+3	3,496E+3
56,069	0,000	0,000	0,000E+0	2,400E+1	3,500E+3	3,501E+3
57,069	0,000	0,000	0,000E+0	2,400E+1	3,500E+3	3,505E+3
58,069	0,000	0,000	0,000E+0	2,400E+1	3,500E+3	3,504E+3
59,069	0,000	0,000	0,000E+0	2,400E+1	3,500E+3	3,522E+3
60,069	0,000	0,000	0,000E+0	2,400E+1	3,500E+3	3,496E+3
61,069	0,000	0,000	0,000E+0	2,400E+1	3,500E+3	3,523E+3
62,071	0,000	0,000	0,000E+0	2,400E+1	3,500E+3	3,507E+3
63,070	0,000	0,000	0,000E+0	2,400E+1	3,500E+3	3,498E+3
64,071	0,000	0,000	0,000E+0	2,400E+1	3,500E+3	3,506E+3
65,071	0,000	0,000	0,000E+0	2,400E+1	3,500E+3	3,501E+3
66,071	0,000	0,000	0,000E+0	2,400E+1	3,500E+3	3,508E+3
67,072	0,000	0,000	0,000E+0	2,400E+1	3,500E+3	3,500E+3
68,073	0,000	0,000	0,000E+0	2,400E+1	3,500E+3	3,480E+3
69,074	0,000	0,000	0,000E+0	2,400E+1	3,500E+3	3,489E+3
70,073	0,000	0,000	0,000E+0	2,400E+1	3,500E+3	3,496E+3
71,073	0,000	0,000	0,000E+0	2,400E+1	3,500E+3	3,503E+3
72,074	0,000	0,000	0,000E+0	2,400E+1	3,500E+3	3,498E+3
73,074	0,000	0,000	0,000E+0	2,400E+1	3,500E+3	3,498E+3
74,075	0,000	0,000	0,000E+0	2,400E+1	3,500E+3	3,512E+3
75,074	0,000	0,000	0,000E+0	2,400E+1	3,500E+3	3,498E+3
76,074	0,000	0,000	0,000E+0	2,400E+1	3,500E+3	3,508E+3
77,074	0,000	0,000	0,000E+0	2,400E+1	3,500E+3	3,510E+3
78,074	0,000	0,000	0,000E+0	2,400E+1	3,500E+3	3,509E+3
79,074	0,000	0,000	0,000E+0	2,400E+1	3,500E+3	3,493E+3
80,074	0,000	0,000	0,000E+0	2,400E+1	3,500E+3	3,503E+3
81,075	0,000	0,000	0,000E+0	2,400E+1	3,500E+3	3,496E+3
82,074	0,000	0,000	0,000E+0	2,400E+1	3,500E+3	3,500E+3
83,074	0,000	0,000	0,000E+0	2,400E+1	3,500E+3	3,504E+3
84,074	0,000	0,000	0,000E+0	2,400E+1	3,500E+3	3,498E+3
85,074	0,000	0,000	0,000E+0	2,400E+1	3,500E+3	3,515E+3
