t	IF	IR	VF	VR	VelSP	VelRE
0,000	0,000	0,000	0,000E+0	2,400E+1	0,000E+0
0,036	0,000	0,000	0,000E+0	2,400E+1	0,000E+0	3,001E+3
1,036	0,000	0,000	3,000E-1	2,400E+1	0,000E+0	2,991E+3
2,036	0,000	0,000	3,000E-1	2,400E+1	0,000E+0	3,012E+3
3,037	0,000	0,000	3,000E-1	2,400E+1	0,000E+0	3,012E+3
4,036	0,000	0,000	3,000E-1	2,400E+1	0,000E+0	2,998E+3
5,037	0,000	0,000	3,000E-1	2,400E+1	0,000E+0	3,004E+3
6,037	0,000	0,000	3,000E-1	2,400E+1	0,000E+0	2,998E+3
7,037	0,000	0,000	3,000E-1	2,400E+1	0,000E+0	3,002E+3
8,037	0,000	0,000	3,000E-1	2,400E+1	0,000E+0	3,001E+3
9,037	0,000	0,000	3,000E-1	2,400E+1	0,000E+0	3,002E+3
10,037	0,000	0,000	3,000E-1	2,400E+1	0,000E+0	2,995E+3
11,036	0,000	0,000	3,000E-1	2,400E+1	0,000E+0	3,001E+3
12,037	0,000	0,000	3,000E-1	2,400E+1	0,000E+0	3,000E+3
13,038	0,000	0,000	3,000E-1	2,400E+1	0,000E+0	3,003E+3
14,039	0,000	0,000	3,000E-1	2,400E+1	0,000E+0	2,997E+3
15,040	0,000	0,000	3,000E-1	2,400E+1	0,000E+0	3,000E+3
16,041	0,000	0,000	3,000E-1	2,400E+1	0,000E+0	2,992E+3
17,041	0,000	0,000	3,000E-1	2,400E+1	0,000E+0	2,998E+3
18,040	0,000	0,000	3,000E-1	2,400E+1	0,000E+0	3,008E+3
19,041	0,000	0,000	3,000E-1	2,400E+1	0,000E+0	2,995E+3
20,041	0,000	0,000	3,000E-1	2,400E+1	0,000E+0	3,009E+3
21,041	0,000	0,000	3,000E-1	2,400E+1	0,000E+0	2,999E+3
22,041	0,000	0,000	3,000E-1	2,400E+1	0,000E+0	3,000E+3
23,041	0,000	0,000	3,000E-1	2,400E+1	0,000E+0	3,003E+3
24,041	0,000	0,000	3,000E-1	2,400E+1	0,000E+0	3,008E+3
25,040	0,000	0,000	3,000E-1	2,400E+1	0,000E+0	3,007E+3
26,041	0,000	0,000	3,000E-1	2,400E+1	0,000E+0	2,990E+3
27,041	0,000	0,000	3,000E-1	2,400E+1	0,000E+0	3,004E+3
28,041	0,000	0,000	3,000E-1	2,400E+1	0,000E+0	2,996E+3
29,041	0,000	0,000	3,000E-1	2,400E+1	0,000E+0	2,995E+3
30,041	0,000	0,000	3,000E-1	2,400E+1	0,000E+0	3,003E+3
31,041	0,000	0,000	3,000E-1	2,400E+1	0,000E+0	3,001E+3
32,041	0,000	0,000	3,000E-1	2,400E+1	0,000E+0	3,003E+3
33,042	0,000	0,000	3,000E-1	2,400E+1	0,000E+0	2,995E+3
34,043	0,000	0,000	3,000E-1	2,400E+1	0,000E+0	3,000E+3
35,043	0,000	0,000	3,000E-1	2,400E+1	0,000E+0	2,993E+3
36,043	0,000	0,000	3,000E-1	2,400E+1	0,000E+0	2,992E+3
37,042	0,000	0,000	3,000E-1	2,400E+1	0,000E+0	3,006E+3
38,043	0,000	0,000	3,000E-1	2,400E+1	0,000E+0	2,997E+3
39,042	0,000	0,000	3,000E-1	2,400E+1	0,000E+0	2,995E+3
40,044	0,000	0,000	3,000E-1	2,400E+1	0,000E+0	3,009E+3
41,044	0,000	0,000	3,000E-1	2,400E+1	0,000E+0	3,004E+3
42,045	0,000	0,000	3,000E-1	2,400E+1	0,000E+0	3,003E+3
43,045	0,000	0,000	3,000E-1	2,400E+1	0,000E+0	3,003E+3
44,044	0,000	0,000	3,000E-1	2,400E+1	0,000E+0	3,009E+3
45,046	0,000	0,000	3,000E-1	2,400E+1	0,000E+0	3,001E+3
46,046	0,000	0,000	3,000E-1	2,400E+1	0,000E+0	3,000E+3
47,046	0,000	0,000	3,000E-1	2,400E+1	0,000E+0	3,001E+3
48,047	0,000	0,000	3,000E-1	2,400E+1	0,000E+0	3,010E+3
49,047	0,000	0,000	3,000E-1	2,400E+1	0,000E+0	3,005E+3
50,047	0,000	0,000	3,000E-1	2,400E+1	0,000E+0	3,000E+3
51,046	0,000	0,000	3,000E-1	2,400E+1	0,000E+0	2,998E+3
52,048	0,000	0,000	3,000E-1	2,400E+1	0,000E+0	3,003E+3
53,048	0,000	0,000	3,000E-1	2,400E+1	0,000E+0	2,991E+3
54,048	0,000	0,000	3,000E-1	2,400E+1	0,000E+0	2,999E+3
55,049	0,000	0,000	3,000E-1	2,400E+1	0,000E+0	3,001E+3
56,049	0,000	0,000	3,000E-1	2,400E+1	0,000E+0	2,994E+3
57,049	0,000	0,000	3,000E-1	2,400E+1	0,000E+0	2,999E+3
58,048	0,000	0,000	3,000E-1	2,400E+1	0,000E+0	2,997E+3
59,049	0,000	0,000	3,000E-1	2,400E+1	0,000E+0	3,010E+3
60,049	0,000	0,000	3,000E-1	2,400E+1	0,000E+0	3,003E+3
61,049	0,000	0,000	3,000E-1	2,400E+1	0,000E+0	2,995E+3
62,049	0,000	0,000	3,000E-1	2,400E+1	0,000E+0	2,992E+3
63,049	0,000	0,000	3,000E-1	2,400E+1	0,000E+0	3,004E+3
64,049	0,000	0,000	3,000E-1	2,400E+1	0,000E+0	2,998E+3
65,048	0,000	0,000	3,000E-1	2,400E+1	0,000E+0	2,998E+3
66,049	0,000	0,000	3,000E-1	2,400E+1	0,000E+0	3,004E+3
67,049	0,000	0,000	3,000E-1	2,400E+1	0,000E+0	2,994E+3
68,049	0,000	0,000	3,000E-1	2,400E+1	0,000E+0	3,004E+3
69,049	0,000	0,000	3,000E-1	2,400E+1	0,000E+0	3,000E+3
70,048	0,000	0,000	3,000E-1	2,400E+1	0,000E+0	3,004E+3
71,050	0,000	0,000	3,000E-1	2,400E+1	0,000E+0	3,004E+3
72,049	0,000	0,000	3,000E-1	2,400E+1	0,000E+0	3,002E+3
73,050	0,000	0,000	3,000E-1	2,400E+1	0,000E+0	3,007E+3
74,050	0,000	0,000	3,000E-1	2,400E+1	0,000E+0	3,000E+3
75,050	0,000	0,000	3,000E-1	2,400E+1	0,000E+0	2,992E+3
76,050	0,000	0,000	3,000E-1	2,400E+1	0,000E+0	2,998E+3
77,049	0,000	0,000	3,000E-1	2,400E+1	0,000E+0	3,000E+3
78,050	0,000	0,000	3,000E-1	2,400E+1	0,000E+0	2,990E+3
79,050	0,000	0,000	3,000E-1	2,400E+1	0,000E+0	3,003E+3
80,050	0,000	0,000	3,000E-1	2,400E+1	0,000E+0	3,006E+3
81,050	0,000	0,000	3,000E-1	2,400E+1	0,000E+0	3,008E+3
82,050	0,000	0,000	3,000E-1	2,400E+1	0,000E+0	3,001E+3
83,050	0,000	0,000	3,000E-1	2,400E+1	0,000E+0	3,003E+3
84,049	0,000	0,000	3,000E-1	2,400E+1	0,000E+0	3,016E+3
85,050	0,000	0,000	3,000E-1	2,400E+1	0,000E+0	2,999E+3
86,050	0,000	0,000	3,000E-1	2,400E+1	0,000E+0	3,003E+3
87,050	0,000	0,000	3,000E-1	2,400E+1	0,000E+0	2,995E+3
88,051	0,000	0,000	3,000E-1	2,400E+1	0,000E+0	3,006E+3
89,051	0,000	0,000	3,000E-1	2,400E+1	0,000E+0	2,994E+3
90,051	0,000	0,000	3,000E-1	2,400E+1	0,000E+0	2,998E+3
91,050	0,000	0,000	3,000E-1	2,400E+1	0,000E+0	2,996E+3
92,051	0,000	0,000	3,000E-1	2,400E+1	0,000E+0	2,999E+3
93,051	0,000	0,000	3,000E-1	2,400E+1	0,000E+0	3,002E+3
94,051	0,000	0,000	3,000E-1	2,400E+1	0,000E+0	3,006E+3
95,051	0,000	0,000	3,000E-1	2,400E+1	0,000E+0	2,995E+3
96,051	0,000	0,000	3,000E-1	2,400E+1	0,000E+0	3,001E+3
97,051	0,000	0,000	3,000E-1	2,400E+1	3,500E+3	3,216E+3
98,051	0,000	0,000	3,000E-1	2,400E+1	3,500E+3	3,585E+3
99,052	0,000	0,000	3,000E-1	2,400E+1	3,500E+3	3,579E+3
100,052	0,000	0,000	3,000E-1	2,400E+1	3,500E+3	3,511E+3
101,053	0,000	0,000	3,000E-1	2,400E+1	0,000E+0	3,423E+3
102,053	0,000	0,000	3,000E-1	2,400E+1	0,000E+0	2,993E+3
103,052	0,000	0,000	3,000E-1	2,400E+1	0,000E+0	2,547E+3
104,053	0,000	0,000	3,000E-1	2,400E+1	0,000E+0	2,130E+3
105,052	0,000	0,000	3,000E-1	2,400E+1	0,000E+0	1,757E+3
106,053	0,000	0,000	3,000E-1	2,400E+1	0,000E+0	1,430E+3
107,053	0,000	0,000	3,000E-1	2,400E+1	0,000E+0	0,000E+0
108,053	0,000	0,000	3,000E-1	2,400E+1	0,000E+0	0,000E+0
109,053	0,000	0,000	3,000E-1	2,400E+1	0,000E+0	0,000E+0
110,052	0,000	0,000	3,000E-1	2,400E+1	0,000E+0	0,000E+0
111,053	0,000	0,000	3,000E-1	2,400E+1	0,000E+0	0,000E+0
112,054	0,000	0,000	3,000E-1	2,400E+1	0,000E+0	0,000E+0
113,054	0,000	0,000	3,000E-1	2,400E+1	0,000E+0	0,000E+0
114,054	0,000	0,000	3,000E-1	2,400E+1	0,000E+0	0,000E+0
115,055	0,000	0,000	3,000E-1	2,400E+1	0,000E+0	0,000E+0
116,055	0,000	0,000	3,000E-1	2,400E+1	0,000E+0	0,000E+0
