t	PL(A)	PL(B)	PL(T)	PL(E)	V(A)	V(B)	V(E)	I(A)	I(B)	I(E)	n_bracos	n_res
0,000	0,000	0,000	0,000E+0	0,000E+0	0,000E+0	0,000E+0	0,000E+0	0,000E+0	0,000E+0	0,000E+0	0	1000
0,036	9,600	8,600	1,820E+1	0,000E+0	1,521E+2	1,519E+2	0,000E+0	1,159E-1	1,151E-1	0,000E+0	0	1000
1,036	9,600	8,700	1,830E+1	0,000E+0	1,516E+2	1,519E+2	0,000E+0	1,171E-1	1,178E-1	0,000E+0	0	1000
2,036	9,600	8,700	1,830E+1	0,000E+0	1,520E+2	1,521E+2	0,000E+0	1,170E-1	1,163E-1	0,000E+0	0	1000
3,037	9,800	8,600	1,840E+1	0,000E+0	1,523E+2	1,521E+2	0,000E+0	1,188E-1	1,171E-1	0,000E+0	0	1000
4,036	9,600	8,700	1,830E+1	0,000E+0	1,520E+2	1,522E+2	0,000E+0	1,172E-1	1,164E-1	0,000E+0	0	1000
5,037	9,600	8,600	1,820E+1	0,000E+0	1,522E+2	1,522E+2	0,000E+0	1,167E-1	1,159E-1	0,000E+0	0	1000
6,037	9,600	8,600	1,820E+1	0,000E+0	1,522E+2	1,522E+2	0,000E+0	1,167E-1	1,159E-1	0,000E+0	0	1000
7,037	9,600	8,700	1,830E+1	0,000E+0	1,518E+2	1,521E+2	0,000E+0	1,168E-1	1,174E-1	0,000E+0	0	1000
8,037	9,700	8,600	1,830E+1	0,000E+0	1,520E+2	1,522E+2	0,000E+0	1,172E-1	1,165E-1	0,000E+0	0	1000
9,037	9,700	8,600	1,830E+1	0,000E+0	1,521E+2	1,521E+2	0,000E+0	1,177E-1	1,163E-1	0,000E+0	0	1000
10,037	9,600	8,600	1,820E+1	0,000E+0	1,519E+2	1,520E+2	0,000E+0	1,170E-1	1,164E-1	0,000E+0	0	1000
11,036	9,600	8,700	1,830E+1	0,000E+0	1,518E+2	1,522E+2	0,000E+0	1,170E-1	1,178E-1	0,000E+0	0	1000
12,037	9,600	8,700	1,830E+1	0,000E+0	1,518E+2	1,522E+2	0,000E+0	1,170E-1	1,178E-1	0,000E+0	0	1000
13,038	9,600	8,600	1,820E+1	0,000E+0	1,526E+2	1,519E+2	0,000E+0	1,168E-1	1,143E-1	0,000E+0	0	1000
14,039	9,600	8,700	1,830E+1	0,000E+0	1,521E+2	1,522E+2	0,000E+0	1,167E-1	1,168E-1	0,000E+0	0	1000
15,040	9,600	8,700	1,830E+1	0,000E+0	1,521E+2	1,522E+2	0,000E+0	1,167E-1	1,168E-1	0,000E+0	0	1000
16,041	9,700	8,700	1,840E+1	0,000E+0	1,520E+2	1,522E+2	0,000E+0	1,170E-1	1,165E-1	0,000E+0	0	1000
17,041	9,600	8,600	1,820E+1	0,000E+0	1,520E+2	1,522E+2	0,000E+0	1,167E-1	1,165E-1	0,000E+0	0	1000
18,040	9,700	8,600	1,830E+1	0,000E+0	1,522E+2	1,519E+2	0,000E+0	1,174E-1	1,156E-1	0,000E+0	0	1000
19,041	9,700	8,600	1,830E+1	0,000E+0	1,524E+2	1,520E+2	0,000E+0	1,178E-1	1,161E-1	0,000E+0	0	1000
20,041	9,700	8,700	1,840E+1	0,000E+0	1,523E+2	1,521E+2	0,000E+0	1,176E-1	1,164E-1	0,000E+0	0	1000
21,041	9,600	8,700	1,830E+1	0,000E+0	1,518E+2	1,521E+2	0,000E+0	1,168E-1	1,166E-1	0,000E+0	0	1000
22,041	9,600	8,600	1,820E+1	0,000E+0	1,518E+2	1,520E+2	0,000E+0	1,168E-1	1,160E-1	0,000E+0	0	1000
23,041	9,600	8,600	1,820E+1	0,000E+0	1,518E+2	1,520E+2	0,000E+0	1,168E-1	1,160E-1	0,000E+0	0	1000
24,041	9,700	8,600	1,830E+1	0,000E+0	1,522E+2	1,520E+2	0,000E+0	1,177E-1	1,163E-1	0,000E+0	0	1000
25,040	9,700	8,700	1,840E+1	0,000E+0	1,524E+2	1,521E+2	0,000E+0	1,178E-1	1,164E-1	0,000E+0	0	1000
26,041	9,700	8,600	1,830E+1	0,000E+0	1,521E+2	1,520E+2	0,000E+0	1,171E-1	1,160E-1	0,000E+0	0	1000
27,041	9,600	8,500	1,810E+1	0,000E+0	1,523E+2	1,518E+2	0,000E+0	1,170E-1	1,150E-1	0,000E+0	0	1000
28,041	9,700	8,700	1,840E+1	0,000E+0	1,519E+2	1,522E+2	0,000E+0	1,174E-1	1,168E-1	0,000E+0	0	1000
29,041	9,700	8,700	1,840E+1	0,000E+0	1,519E+2	1,522E+2	0,000E+0	1,174E-1	1,168E-1	0,000E+0	0	1000
30,041	9,600	8,600	1,820E+1	0,000E+0	1,521E+2	1,520E+2	0,000E+0	1,171E-1	1,156E-1	0,000E+0	0	1000
31,041	9,700	8,600	1,830E+1	0,000E+0	1,520E+2	1,518E+2	0,000E+0	1,173E-1	1,168E-1	0,000E+0	0	1000
32,041	9,700	8,700	1,840E+1	0,000E+0	1,518E+2	1,522E+2	0,000E+0	1,176E-1	1,178E-1	0,000E+0	0	1000
33,042	9,700	8,700	1,840E+1	0,000E+0	1,522E+2	1,521E+2	0,000E+0	1,178E-1	1,169E-1	0,000E+0	0	1000
34,043	9,600	8,600	1,820E+1	0,000E+0	1,519E+2	1,521E+2	0,000E+0	1,165E-1	1,160E-1	0,000E+0	0	1000
35,043	9,600	8,600	1,820E+1	0,000E+0	1,519E+2	1,521E+2	0,000E+0	1,165E-1	1,160E-1	0,000E+0	0	1000
36,043	9,600	8,600	1,820E+1	0,000E+0	1,516E+2	1,519E+2	0,000E+0	1,173E-1	1,182E-1	0,000E+0	0	1000
37,042	9,700	8,700	1,840E+1	0,000E+0	1,522E+2	1,521E+2	0,000E+0	1,169E-1	1,164E-1	0,000E+0	0	1000
38,043	9,700	8,700	1,840E+1	0,000E+0	1,521E+2	1,522E+2	0,000E+0	1,179E-1	1,167E-1	0,000E+0	0	1000
39,042	9,600	8,600	1,820E+1	0,000E+0	1,521E+2	1,521E+2	0,000E+0	1,167E-1	1,159E-1	0,000E+0	0	1000
40,044	9,800	8,500	1,830E+1	0,000E+0	1,525E+2	1,517E+2	0,000E+0	1,181E-1	1,141E-1	0,000E+0	0	1000
41,044	9,800	8,500	1,830E+1	0,000E+0	1,527E+2	1,519E+2	0,000E+0	1,186E-1	1,140E-1	0,000E+0	0	1000
42,045	9,700	8,600	1,830E+1	0,000E+0	1,529E+2	1,521E+2	0,000E+0	1,181E-1	1,143E-1	0,000E+0	0	1000
43,045	9,800	8,600	1,840E+1	0,000E+0	1,524E+2	1,522E+2	0,000E+0	1,183E-1	1,155E-1	0,000E+0	0	1000
44,044	9,700	8,600	1,830E+1	0,000E+0	1,521E+2	1,522E+2	0,000E+0	1,174E-1	1,163E-1	0,000E+0	0	1000
45,046	9,700	8,700	1,840E+1	0,000E+0	1,521E+2	1,521E+2	0,000E+0	1,171E-1	1,163E-1	0,000E+0	0	1000
46,046	9,700	8,700	1,840E+1	0,000E+0	1,521E+2	1,521E+2	0,000E+0	1,171E-1	1,163E-1	0,000E+0	0	1000
47,046	9,800	8,600	1,840E+1	0,000E+0	1,524E+2	1,520E+2	0,000E+0	1,186E-1	1,159E-1	0,000E+0	0	1000
48,047	9,700	8,700	1,840E+1	0,000E+0	1,522E+2	1,521E+2	0,000E+0	1,175E-1	1,163E-1	0,000E+0	0	1000
49,047	9,700	8,600	1,830E+1	0,000E+0	1,521E+2	1,519E+2	0,000E+0	1,172E-1	1,162E-1	0,000E+0	0	1000
50,047	9,600	8,700	1,830E+1	0,000E+0	1,518E+2	1,520E+2	0,000E+0	1,165E-1	1,167E-1	0,000E+0	0	1000
51,046	9,800	8,700	1,850E+1	0,000E+0	1,523E+2	1,521E+2	0,000E+0	1,183E-1	1,168E-1	0,000E+0	0	1000
52,048	9,700	8,600	1,830E+1	0,000E+0	1,520E+2	1,522E+2	0,000E+0	1,173E-1	1,163E-1	0,000E+0	0	1000
53,048	9,600	8,500	1,810E+1	0,000E+0	1,522E+2	1,520E+2	0,000E+0	1,166E-1	1,152E-1	0,000E+0	0	1000
54,048	9,600	8,600	1,820E+1	0,000E+0	1,517E+2	1,519E+2	0,000E+0	1,175E-1	1,178E-1	0,000E+0	0	1000
55,049	9,800	8,600	1,840E+1	0,000E+0	1,522E+2	1,519E+2	0,000E+0	1,180E-1	1,162E-1	0,000E+0	0	1000
56,049	9,800	8,700	1,850E+1	0,000E+0	1,523E+2	1,521E+2	0,000E+0	1,182E-1	1,166E-1	0,000E+0	0	1000
57,049	9,800	8,700	1,850E+1	0,000E+0	1,523E+2	1,521E+2	0,000E+0	1,182E-1	1,166E-1	0,000E+0	0	1000
58,048	9,600	8,600	1,820E+1	0,000E+0	1,519E+2	1,521E+2	0,000E+0	1,167E-1	1,164E-1	0,000E+0	0	1000
59,049	9,700	8,700	1,840E+1	0,000E+0	1,518E+2	1,522E+2	0,000E+0	1,176E-1	1,178E-1	0,000E+0	0	1000
60,049	9,700	8,700	1,840E+1	0,000E+0	1,522E+2	1,523E+2	0,000E+0	1,173E-1	1,168E-1	0,000E+0	0	1000
61,049	9,700	8,600	1,830E+1	0,000E+0	1,522E+2	1,523E+2	0,000E+0	1,171E-1	1,161E-1	0,000E+0	0	1000
62,049	9,600	8,600	1,820E+1	0,000E+0	1,520E+2	1,520E+2	0,000E+0	1,169E-1	1,157E-1	0,000E+0	0	1000
63,049	9,700	8,700	1,840E+1	0,000E+0	1,524E+2	1,522E+2	0,000E+0	1,182E-1	1,164E-1	0,000E+0	0	1000
64,049	9,600	8,700	1,830E+1	0,000E+0	1,519E+2	1,523E+2	0,000E+0	1,172E-1	1,173E-1	0,000E+0	0	1000
65,048	9,600	8,700	1,830E+1	0,000E+0	1,521E+2	1,523E+2	0,000E+0	1,169E-1	1,167E-1	0,000E+0	0	1000
66,049	9,700	8,600	1,830E+1	0,000E+0	1,523E+2	1,521E+2	0,000E+0	1,172E-1	1,160E-1	0,000E+0	0	1000
67,049	9,600	8,500	1,810E+1	0,000E+0	1,524E+2	1,520E+2	0,000E+0	1,169E-1	1,150E-1	0,000E+0	0	1000
68,049	9,600	8,500	1,810E+1	0,000E+0	1,524E+2	1,520E+2	0,000E+0	1,169E-1	1,150E-1	0,000E+0	0	1000
69,049	9,700	8,700	1,840E+1	0,000E+0	1,524E+2	1,523E+2	0,000E+0	1,174E-1	1,166E-1	0,000E+0	0	1000
70,048	9,600	8,600	1,820E+1	0,000E+0	1,520E+2	1,522E+2	0,000E+0	1,168E-1	1,162E-1	0,000E+0	0	1000
71,050	9,600	8,600	1,820E+1	0,000E+0	1,523E+2	1,522E+2	0,000E+0	1,170E-1	1,150E-1	0,000E+0	0	1000
72,049	9,800	8,600	1,840E+1	0,000E+0	1,526E+2	1,519E+2	0,000E+0	1,187E-1	1,159E-1	0,000E+0	0	1000
73,050	9,700	8,700	1,840E+1	0,000E+0	1,522E+2	1,523E+2	0,000E+0	1,173E-1	1,169E-1	0,000E+0	0	1000
74,050	9,700	8,700	1,840E+1	0,000E+0	1,522E+2	1,523E+2	0,000E+0	1,173E-1	1,169E-1	0,000E+0	0	1000
75,050	9,700	8,700	1,840E+1	0,000E+0	1,520E+2	1,521E+2	0,000E+0	1,173E-1	1,169E-1	0,000E+0	0	1000
76,050	9,700	8,600	1,830E+1	0,000E+0	1,521E+2	1,521E+2	0,000E+0	1,172E-1	1,154E-1	0,000E+0	0	1000
77,049	9,700	8,600	1,830E+1	0,000E+0	1,522E+2	1,522E+2	0,000E+0	1,173E-1	1,155E-1	0,000E+0	0	1000
78,050	9,600	8,800	1,840E+1	0,000E+0	1,521E+2	1,525E+2	0,000E+0	1,167E-1	1,170E-1	0,000E+0	0	1000
79,050	9,700	8,600	1,830E+1	0,000E+0	1,522E+2	1,521E+2	0,000E+0	1,178E-1	1,168E-1	0,000E+0	0	1000
80,050	9,700	8,600	1,830E+1	0,000E+0	1,522E+2	1,521E+2	0,000E+0	1,173E-1	1,156E-1	0,000E+0	0	1000
81,050	9,600	8,700	1,830E+1	0,000E+0	1,519E+2	1,521E+2	0,000E+0	1,170E-1	1,169E-1	0,000E+0	0	1000
82,050	9,600	8,700	1,830E+1	0,000E+0	1,520E+2	1,521E+2	0,000E+0	1,169E-1	1,165E-1	0,000E+0	0	1000
83,050	9,700	8,600	1,830E+1	0,000E+0	1,521E+2	1,523E+2	0,000E+0	1,178E-1	1,165E-1	0,000E+0	0	1000
84,049	9,700	8,600	1,830E+1	0,000E+0	1,521E+2	1,523E+2	0,000E+0	1,178E-1	1,165E-1	0,000E+0	0	1000
85,050	9,600	8,700	1,830E+1	0,000E+0	1,520E+2	1,524E+2	0,000E+0	1,164E-1	1,164E-1	0,000E+0	0	1000
86,050	9,700	8,700	1,840E+1	0,000E+0	1,521E+2	1,522E+2	0,000E+0	1,177E-1	1,175E-1	0,000E+0	0	1000
87,050	9,700	8,700	1,840E+1	0,000E+0	1,521E+2	1,522E+2	0,000E+0	1,177E-1	1,170E-1	0,000E+0	0	1000
88,051	9,600	8,700	1,830E+1	0,000E+0	1,520E+2	1,523E+2	0,000E+0	1,166E-1	1,169E-1	0,000E+0	0	1000
89,051	9,600	8,600	1,820E+1	0,000E+0	1,517E+2	1,522E+2	0,000E+0	1,170E-1	1,168E-1	0,000E+0	0	1000
90,051	9,600	8,800	1,840E+1	0,000E+0	1,521E+2	1,523E+2	0,000E+0	1,162E-1	1,165E-1	0,000E+0	0	1000
91,050	9,700	8,700	1,840E+1	0,000E+0	1,523E+2	1,521E+2	0,000E+0	1,175E-1	1,164E-1	0,000E+0	0	1000
92,051	9,700	8,600	1,830E+1	0,000E+0	1,521E+2	1,521E+2	0,000E+0	1,174E-1	1,162E-1	0,000E+0	0	1000
93,051	9,700	8,600	1,830E+1	0,000E+0	1,521E+2	1,521E+2	0,000E+0	1,179E-1	1,166E-1	0,000E+0	0	1000
94,051	9,800	8,600	1,840E+1	0,000E+0	1,523E+2	1,521E+2	0,000E+0	1,186E-1	1,166E-1	0,000E+0	0	1000
95,051	9,600	8,700	1,830E+1	0,000E+0	1,521E+2	1,522E+2	0,000E+0	1,170E-1	1,163E-1	0,000E+0	0	1000
96,051	9,600	8,700	1,830E+1	0,000E+0	1,521E+2	1,522E+2	0,000E+0	1,170E-1	1,163E-1	0,000E+0	0	1000
97,051	9,500	8,700	1,820E+1	0,000E+0	1,514E+2	1,524E+2	0,000E+0	1,152E-1	1,174E-1	0,000E+0	0	1000
98,051	13,500	12,000	2,550E+1	0,000E+0	1,561E+2	1,557E+2	0,000E+0	1,582E-1	1,554E-1	0,000E+0	0	1000
99,052	19,600	18,300	3,790E+1	0,000E+0	1,692E+2	1,693E+2	0,000E+0	1,932E-1	1,914E-1	0,000E+0	0	1000
100,052	12,700	11,900	2,460E+1	0,000E+0	1,699E+2	1,697E+2	0,000E+0	1,285E-1	1,270E-1	0,000E+0	0	1000
101,053	10,900	10,000	2,090E+1	0,000E+0	1,667E+2	1,667E+2	0,000E+0	1,139E-1	1,126E-1	0,000E+0	0	1000
102,053	10,900	10,000	2,090E+1	0,000E+0	1,667E+2	1,667E+2	0,000E+0	1,139E-1	1,126E-1	0,000E+0	0	1000
103,052	10,900	10,000	2,090E+1	0,000E+0	1,667E+2	1,667E+2	0,000E+0	1,139E-1	1,126E-1	0,000E+0	0	1000
104,053	10,900	10,000	2,090E+1	0,000E+0	1,667E+2	1,667E+2	0,000E+0	1,139E-1	1,126E-1	0,000E+0	0	1000
105,052	0,200	0,200	4,000E-1	0,000E+0	7,874E+1	7,857E+1	0,000E+0	0,000E+0	0,000E+0	0,000E+0	0	1000
106,053	0,200	0,200	4,000E-1	0,000E+0	6,502E+1	6,497E+1	0,000E+0	0,000E+0	0,000E+0	0,000E+0	0	1000
107,053	0,100	0,100	2,000E-1	0,000E+0	4,842E+1	4,828E+1	0,000E+0	0,000E+0	0,000E+0	0,000E+0	0	1000
108,053	0,000	0,000	0,000E+0	0,000E+0	3,811E+1	3,798E+1	0,000E+0	0,000E+0	0,000E+0	0,000E+0	0	1000
109,053	0,000	0,000	0,000E+0	0,000E+0	2,905E+1	2,891E+1	0,000E+0	0,000E+0	0,000E+0	0,000E+0	0	1000
110,052	0,000	0,000	0,000E+0	0,000E+0	2,106E+1	2,110E+1	0,000E+0	0,000E+0	0,000E+0	0,000E+0	0	1000
111,053	0,000	0,000	0,000E+0	0,000E+0	2,106E+1	2,110E+1	0,000E+0	0,000E+0	0,000E+0	0,000E+0	0	1000
112,054	0,000	0,000	0,000E+0	0,000E+0	1,432E+1	1,440E+1	0,000E+0	0,000E+0	0,000E+0	0,000E+0	0	1000
113,054	0,000	0,000	0,000E+0	0,000E+0	1,432E+1	1,440E+1	0,000E+0	0,000E+0	0,000E+0	0,000E+0	0	1000
114,054	0,000	0,000	0,000E+0	0,000E+0	3,350E+0	3,440E+0	0,000E+0	0,000E+0	0,000E+0	0,000E+0	0	1000
115,055	0,000	0,000	0,000E+0	0,000E+0	0,000E+0	0,000E+0	0,000E+0	0,000E+0	0,000E+0	0,000E+0	0	1000
116,055	0,000	0,000	0,000E+0	0,000E+0	0,000E+0	0,000E+0	0,000E+0	0,000E+0	0,000E+0	0,000E+0	0	1000
