t	PL(A)	PL(B)	PL(T)	PL(E)	V(A)	V(B)	V(E)	I(A)	I(B)	I(E)	n_bracos	n_res
353,089	0,000	0,000	0,000E+0	0,000E+0	4,111E+1	4,111E+1	0,000E+0	0,000E+0	0,000E+0	0,000E+0	7	1111
0,009	0,000	0,000	0,000E+0	0,000E+0	0,000E+0	0,000E+0	0,000E+0	0,000E+0	0,000E+0	0,000E+0	7	1111
1,008	0,000	0,000	0,000E+0	0,000E+0	0,000E+0	0,000E+0	0,000E+0	0,000E+0	0,000E+0	0,000E+0	7	1111
2,009	0,000	0,000	0,000E+0	0,000E+0	0,000E+0	0,000E+0	0,000E+0	0,000E+0	0,000E+0	0,000E+0	7	1111
3,010	0,000	0,000	0,000E+0	0,000E+0	0,000E+0	0,000E+0	0,000E+0	0,000E+0	0,000E+0	0,000E+0	7	1111
4,009	0,000	0,000	0,000E+0	0,000E+0	0,000E+0	0,000E+0	0,000E+0	0,000E+0	0,000E+0	0,000E+0	7	1111
5,010	0,000	0,000	0,000E+0	0,000E+0	0,000E+0	0,000E+0	0,000E+0	0,000E+0	0,000E+0	0,000E+0	7	1111
6,009	0,000	0,000	0,000E+0	0,000E+0	0,000E+0	0,000E+0	0,000E+0	0,000E+0	0,000E+0	0,000E+0	7	1111
7,009	0,000	0,000	0,000E+0	0,000E+0	0,000E+0	0,000E+0	0,000E+0	0,000E+0	0,000E+0	0,000E+0	7	1111
8,009	0,000	0,000	0,000E+0	0,000E+0	0,000E+0	0,000E+0	0,000E+0	0,000E+0	0,000E+0	0,000E+0	7	1111
9,009	0,000	0,000	0,000E+0	0,000E+0	0,000E+0	0,000E+0	0,000E+0	0,000E+0	0,000E+0	0,000E+0	7	1111
10,010	0,000	0,000	0,000E+0	0,000E+0	0,000E+0	0,000E+0	0,000E+0	0,000E+0	0,000E+0	0,000E+0	7	1111
11,010	0,000	0,000	0,000E+0	0,000E+0	0,000E+0	0,000E+0	0,000E+0	0,000E+0	0,000E+0	0,000E+0	7	1111
12,011	0,000	0,000	0,000E+0	0,000E+0	0,000E+0	0,000E+0	0,000E+0	0,000E+0	0,000E+0	0,000E+0	7	1111
13,010	0,000	0,000	0,000E+0	0,000E+0	0,000E+0	0,000E+0	0,000E+0	0,000E+0	0,000E+0	0,000E+0	7	1111
14,010	0,000	0,000	0,000E+0	0,000E+0	0,000E+0	0,000E+0	0,000E+0	0,000E+0	0,000E+0	0,000E+0	7	1111
15,010	0,000	0,000	0,000E+0	0,000E+0	0,000E+0	0,000E+0	0,000E+0	0,000E+0	0,000E+0	0,000E+0	7	1111
16,011	0,000	0,000	0,000E+0	0,000E+0	0,000E+0	0,000E+0	0,000E+0	0,000E+0	0,000E+0	0,000E+0	7	1111
17,012	0,000	0,000	0,000E+0	0,000E+0	0,000E+0	0,000E+0	0,000E+0	0,000E+0	0,000E+0	0,000E+0	7	1111
18,011	0,000	0,000	0,000E+0	0,000E+0	0,000E+0	0,000E+0	0,000E+0	0,000E+0	0,000E+0	0,000E+0	7	1111
19,012	0,000	0,000	0,000E+0	0,000E+0	0,000E+0	0,000E+0	0,000E+0	0,000E+0	0,000E+0	0,000E+0	7	1111
20,011	0,000	0,000	0,000E+0	0,000E+0	0,000E+0	0,000E+0	0,000E+0	0,000E+0	0,000E+0	0,000E+0	7	1111
21,011	0,000	0,000	0,000E+0	0,000E+0	0,000E+0	0,000E+0	0,000E+0	0,000E+0	0,000E+0	0,000E+0	7	1111
22,013	0,000	0,000	0,000E+0	0,000E+0	0,000E+0	0,000E+0	0,000E+0	0,000E+0	0,000E+0	0,000E+0	7	1111
23,012	0,000	0,000	0,000E+0	0,000E+0	0,000E+0	0,000E+0	0,000E+0	0,000E+0	0,000E+0	0,000E+0	7	1111
24,013	0,000	0,000	0,000E+0	0,000E+0	0,000E+0	0,000E+0	0,000E+0	0,000E+0	0,000E+0	0,000E+0	7	1111
25,012	0,000	0,000	0,000E+0	0,000E+0	0,000E+0	0,000E+0	0,000E+0	0,000E+0	0,000E+0	0,000E+0	7	1111
26,012	0,000	0,000	0,000E+0	0,000E+0	0,000E+0	0,000E+0	0,000E+0	0,000E+0	0,000E+0	0,000E+0	7	1111
27,012	0,000	0,000	0,000E+0	0,000E+0	0,000E+0	0,000E+0	0,000E+0	0,000E+0	0,000E+0	0,000E+0	7	1111
28,012	0,000	0,000	0,000E+0	0,000E+0	0,000E+0	0,000E+0	0,000E+0	0,000E+0	0,000E+0	0,000E+0	7	1111
29,014	0,000	0,000	0,000E+0	0,000E+0	0,000E+0	0,000E+0	0,000E+0	0,000E+0	0,000E+0	0,000E+0	7	1111
30,013	0,000	0,000	0,000E+0	0,000E+0	0,000E+0	0,000E+0	0,000E+0	0,000E+0	0,000E+0	0,000E+0	7	1111
31,014	0,000	0,000	0,000E+0	0,000E+0	0,000E+0	0,000E+0	0,000E+0	0,000E+0	0,000E+0	0,000E+0	7	1111
32,014	0,000	0,000	0,000E+0	0,000E+0	0,000E+0	0,000E+0	0,000E+0	0,000E+0	0,000E+0	0,000E+0	7	1111
33,015	0,000	0,000	0,000E+0	0,000E+0	0,000E+0	0,000E+0	0,000E+0	0,000E+0	0,000E+0	0,000E+0	7	1111
34,015	0,000	0,000	0,000E+0	0,000E+0	0,000E+0	0,000E+0	0,000E+0	0,000E+0	0,000E+0	0,000E+0	7	1111
35,015	0,000	0,000	0,000E+0	0,000E+0	0,000E+0	0,000E+0	0,000E+0	0,000E+0	0,000E+0	0,000E+0	7	1111
36,016	0,000	0,000	0,000E+0	0,000E+0	0,000E+0	0,000E+0	0,000E+0	0,000E+0	0,000E+0	0,000E+0	7	1111
37,015	0,000	0,000	0,000E+0	0,000E+0	0,000E+0	0,000E+0	0,000E+0	0,000E+0	0,000E+0	0,000E+0	7	1111
38,016	0,000	0,000	0,000E+0	0,000E+0	0,000E+0	0,000E+0	0,000E+0	0,000E+0	0,000E+0	0,000E+0	7	1111
39,015	0,000	0,000	0,000E+0	0,000E+0	0,000E+0	0,000E+0	0,000E+0	0,000E+0	0,000E+0	0,000E+0	7	1111
40,015	0,000	0,000	0,000E+0	0,000E+0	0,000E+0	0,000E+0	0,000E+0	0,000E+0	0,000E+0	0,000E+0	7	1111
41,015	0,000	0,000	0,000E+0	0,000E+0	0,000E+0	0,000E+0	0,000E+0	0,000E+0	0,000E+0	0,000E+0	7	1111
42,016	0,000	0,000	0,000E+0	0,000E+0	0,000E+0	0,000E+0	0,000E+0	0,000E+0	0,000E+0	0,000E+0	7	1111
43,017	0,000	0,000	0,000E+0	0,000E+0	0,000E+0	0,000E+0	0,000E+0	0,000E+0	0,000E+0	0,000E+0	7	1111
44,016	0,000	0,000	0,000E+0	0,000E+0	0,000E+0	0,000E+0	0,000E+0	0,000E+0	0,000E+0	0,000E+0	7	1111
45,017	81,600	0,000	8,160E+1	0,000E+0	7,770E+1	5,337E+1	0,000E+0	4,531E+0	0,000E+0	0,000E+0	7	1111
46,016	2,400	3,200	5,600E+0	0,000E+0	4,037E+1	5,042E+1	0,000E+0	9,835E-1	7,859E-1	0,000E+0	7	1111
47,016	0,000	0,000	0,000E+0	0,000E+0	1,354E+1	1,364E+1	0,000E+0	0,000E+0	0,000E+0	0,000E+0	7	1111
48,017	0,000	10,700	1,070E+1	0,000E+0	8,720E+0	3,920E+1	0,000E+0	0,000E+0	2,280E+0	0,000E+0	7	1111
49,017	55,300	55,200	1,105E+2	0,000E+0	3,840E+1	5,506E+1	0,000E+0	5,270E+0	5,262E+0	0,000E+0	7	1111
50,018	38,000	46,000	8,400E+1	0,000E+0	1,390E+2	1,385E+2	0,000E+0	6,241E-1	6,161E-1	0,000E+0	7	1111
51,018	21,200	23,500	4,470E+1	0,000E+0	1,795E+2	1,794E+2	0,000E+0	2,625E-1	2,630E-1	0,000E+0	7	1111
52,018	9,700	9,100	1,880E+1	0,000E+0	1,681E+2	1,680E+2	0,000E+0	1,016E-1	1,010E-1	0,000E+0	7	1111
53,018	11,400	10,600	2,200E+1	0,000E+0	1,648E+2	1,650E+2	0,000E+0	1,217E-1	1,203E-1	0,000E+0	7	1111
54,018	18,600	17,400	3,600E+1	0,000E+0	1,694E+2	1,694E+2	0,000E+0	1,807E-1	1,783E-1	0,000E+0	7	1111
55,020	18,600	17,400	3,600E+1	0,000E+0	1,694E+2	1,694E+2	0,000E+0	1,807E-1	1,783E-1	0,000E+0	7	1111
56,020	14,900	13,900	2,880E+1	0,000E+0	1,711E+2	1,712E+2	0,000E+0	1,455E-1	1,436E-1	0,000E+0	7	1111
57,022	15,600	14,600	3,020E+1	0,000E+0	1,711E+2	1,710E+2	0,000E+0	1,517E-1	1,498E-1	0,000E+0	7	1111
58,021	15,500	14,500	3,000E+1	0,000E+0	1,714E+2	1,712E+2	0,000E+0	1,505E-1	1,486E-1	0,000E+0	7	1111
59,021	15,300	14,300	2,960E+1	0,000E+0	1,713E+2	1,709E+2	0,000E+0	1,491E-1	1,471E-1	0,000E+0	7	1111
60,021	15,500	14,600	3,010E+1	0,000E+0	1,712E+2	1,713E+2	0,000E+0	1,514E-1	1,496E-1	0,000E+0	7	1111
61,021	15,500	14,600	3,010E+1	0,000E+0	1,712E+2	1,713E+2	0,000E+0	1,514E-1	1,496E-1	0,000E+0	7	1111
62,023	15,500	14,500	3,000E+1	0,000E+0	1,715E+2	1,713E+2	0,000E+0	1,508E-1	1,482E-1	0,000E+0	7	1111
63,023	15,100	14,100	2,920E+1	0,000E+0	1,713E+2	1,712E+2	0,000E+0	1,474E-1	1,458E-1	0,000E+0	7	1111
64,025	15,500	14,600	3,010E+1	0,000E+0	1,711E+2	1,712E+2	0,000E+0	1,511E-1	1,494E-1	0,000E+0	7	1111
65,024	15,500	14,600	3,010E+1	0,000E+0	1,711E+2	1,712E+2	0,000E+0	1,511E-1	1,494E-1	0,000E+0	7	1111
66,024	15,700	14,600	3,030E+1	0,000E+0	1,713E+2	1,712E+2	0,000E+0	1,522E-1	1,499E-1	0,000E+0	7	1111
67,024	15,600	14,600	3,020E+1	0,000E+0	1,712E+2	1,711E+2	0,000E+0	1,514E-1	1,498E-1	0,000E+0	7	1111
68,025	15,500	14,400	2,990E+1	0,000E+0	1,711E+2	1,711E+2	0,000E+0	1,507E-1	1,485E-1	0,000E+0	7	1111
69,026	15,200	14,100	2,930E+1	0,000E+0	1,713E+2	1,710E+2	0,000E+0	1,482E-1	1,462E-1	0,000E+0	7	1111
70,025	9,200	8,400	1,760E+1	0,000E+0	1,616E+2	1,614E+2	0,000E+0	1,026E-1	1,013E-1	0,000E+0	7	1111
71,025	6,500	5,600	1,210E+1	0,000E+0	1,477E+2	1,479E+2	0,000E+0	8,320E-2	8,270E-2	0,000E+0	7	1111
72,026	6,500	5,600	1,210E+1	0,000E+0	1,477E+2	1,479E+2	0,000E+0	8,320E-2	8,270E-2	0,000E+0	7	1111
73,027	12,100	10,800	2,290E+1	0,000E+0	1,502E+2	1,501E+2	0,000E+0	1,483E-1	1,465E-1	0,000E+0	7	1111
74,027	16,200	14,700	3,090E+1	0,000E+0	1,579E+2	1,577E+2	0,000E+0	1,787E-1	1,772E-1	0,000E+0	7	1111
75,028	12,900	11,700	2,460E+1	0,000E+0	1,586E+2	1,586E+2	0,000E+0	1,436E-1	1,421E-1	0,000E+0	7	1111
76,028	11,500	10,700	2,220E+1	0,000E+0	1,566E+2	1,569E+2	0,000E+0	1,323E-1	1,318E-1	0,000E+0	7	1111
77,028	12,100	11,000	2,310E+1	0,000E+0	1,562E+2	1,563E+2	0,000E+0	1,390E-1	1,376E-1	0,000E+0	7	1111
78,029	12,800	11,700	2,450E+1	0,000E+0	1,576E+2	1,574E+2	0,000E+0	1,449E-1	1,438E-1	0,000E+0	7	1111
79,028	12,300	11,200	2,350E+1	0,000E+0	1,570E+2	1,573E+2	0,000E+0	1,396E-1	1,384E-1	0,000E+0	7	1111
80,029	12,600	11,500	2,410E+1	0,000E+0	1,573E+2	1,571E+2	0,000E+0	1,434E-1	1,419E-1	0,000E+0	7	1111
81,028	12,500	11,400	2,390E+1	0,000E+0	1,574E+2	1,574E+2	0,000E+0	1,412E-1	1,403E-1	0,000E+0	7	1111
82,028	12,100	11,100	2,320E+1	0,000E+0	1,568E+2	1,570E+2	0,000E+0	1,384E-1	1,379E-1	0,000E+0	7	1111
83,029	12,500	11,300	2,380E+1	0,000E+0	1,572E+2	1,572E+2	0,000E+0	1,422E-1	1,398E-1	0,000E+0	7	1111
84,029	12,500	11,300	2,380E+1	0,000E+0	1,572E+2	1,572E+2	0,000E+0	1,422E-1	1,398E-1	0,000E+0	7	1111
85,030	12,300	11,300	2,360E+1	0,000E+0	1,567E+2	1,572E+2	0,000E+0	1,398E-1	1,399E-1	0,000E+0	7	1111
86,029	12,600	11,500	2,410E+1	0,000E+0	1,572E+2	1,571E+2	0,000E+0	1,430E-1	1,424E-1	0,000E+0	7	1111
87,030	12,600	11,500	2,410E+1	0,000E+0	1,572E+2	1,571E+2	0,000E+0	1,430E-1	1,424E-1	0,000E+0	7	1111
88,031	12,700	11,600	2,430E+1	0,000E+0	1,572E+2	1,573E+2	0,000E+0	1,432E-1	1,427E-1	0,000E+0	7	1111
89,031	12,700	11,400	2,410E+1	0,000E+0	1,569E+2	1,574E+2	0,000E+0	1,442E-1	1,420E-1	0,000E+0	7	1111
90,032	12,500	11,300	2,380E+1	0,000E+0	1,572E+2	1,572E+2	0,000E+0	1,423E-1	1,403E-1	0,000E+0	7	1111
91,032	12,400	11,500	2,390E+1	0,000E+0	1,576E+2	1,575E+2	0,000E+0	1,395E-1	1,409E-1	0,000E+0	7	1111
92,031	12,400	11,300	2,370E+1	0,000E+0	1,574E+2	1,573E+2	0,000E+0	1,409E-1	1,398E-1	0,000E+0	7	1111
93,032	12,400	11,300	2,370E+1	0,000E+0	1,574E+2	1,573E+2	0,000E+0	1,409E-1	1,398E-1	0,000E+0	7	1111
94,031	12,100	11,300	2,340E+1	0,000E+0	1,569E+2	1,569E+2	0,000E+0	1,388E-1	1,392E-1	0,000E+0	7	1111
95,033	12,400	11,200	2,360E+1	0,000E+0	1,571E+2	1,572E+2	0,000E+0	1,404E-1	1,388E-1	0,000E+0	7	1111
96,032	12,200	11,300	2,350E+1	0,000E+0	1,571E+2	1,574E+2	0,000E+0	1,387E-1	1,397E-1	0,000E+0	7	1111
97,033	12,300	11,200	2,350E+1	0,000E+0	1,571E+2	1,570E+2	0,000E+0	1,400E-1	1,395E-1	0,000E+0	7	1111
98,035	12,400	11,200	2,360E+1	0,000E+0	1,573E+2	1,571E+2	0,000E+0	1,405E-1	1,389E-1	0,000E+0	7	1111
99,034	13,100	11,800	2,490E+1	0,000E+0	1,571E+2	1,569E+2	0,000E+0	1,486E-1	1,465E-1	0,000E+0	7	1111
100,035	13,100	11,800	2,490E+1	0,000E+0	1,571E+2	1,569E+2	0,000E+0	1,486E-1	1,465E-1	0,000E+0	7	1111
101,035	21,700	20,200	4,190E+1	0,000E+0	1,606E+2	1,605E+2	0,000E+0	2,287E-1	2,256E-1	0,000E+0	7	1111
102,036	28,500	28,600	5,710E+1	0,000E+0	1,616E+2	1,627E+2	0,000E+0	3,040E-1	3,008E-1	0,000E+0	7	1111
103,035	36,100	37,200	7,330E+1	0,000E+0	1,644E+2	1,644E+2	0,000E+0	3,836E-1	3,810E-1	0,000E+0	7	1111
104,035	45,700	49,900	9,560E+1	0,000E+0	1,665E+2	1,664E+2	0,000E+0	4,985E-1	4,964E-1	0,000E+0	7	1111
105,037	55,900	64,400	1,203E+2	0,000E+0	1,691E+2	1,692E+2	0,000E+0	6,226E-1	6,166E-1	0,000E+0	7	1111
106,036	66,500	81,300	1,478E+2	0,000E+0	1,725E+2	1,724E+2	0,000E+0	7,592E-1	7,541E-1	0,000E+0	7	1111
107,037	66,500	81,300	1,478E+2	0,000E+0	1,725E+2	1,724E+2	0,000E+0	7,592E-1	7,541E-1	0,000E+0	7	1111
108,036	69,900	88,500	1,584E+2	0,000E+0	1,737E+2	1,738E+2	0,000E+0	8,099E-1	8,042E-1	0,000E+0	7	1111
109,037	73,600	95,200	1,688E+2	0,000E+0	1,749E+2	1,745E+2	0,000E+0	8,641E-1	8,588E-1	0,000E+0	7	1111
110,039	73,600	95,200	1,688E+2	0,000E+0	1,749E+2	1,745E+2	0,000E+0	8,641E-1	8,588E-1	0,000E+0	7	1111
111,039	77,200	102,800	1,800E+2	0,000E+0	1,763E+2	1,760E+2	0,000E+0	9,191E-1	9,132E-1	0,000E+0	7	1111
112,040	79,200	106,000	1,852E+2	0,000E+0	1,770E+2	1,764E+2	0,000E+0	9,490E-1	9,365E-1	0,000E+0	7	1111
113,039	80,900	107,600	1,885E+2	0,000E+0	1,773E+2	1,767E+2	0,000E+0	9,624E-1	9,460E-1	0,000E+0	7	1111
114,039	81,000	110,200	1,912E+2	0,000E+0	1,773E+2	1,774E+2	0,000E+0	9,747E-1	9,634E-1	0,000E+0	7	1111
115,039	82,500	111,800	1,943E+2	0,000E+0	1,778E+2	1,773E+2	0,000E+0	9,928E-1	9,779E-1	0,000E+0	7	1111
116,040	82,500	113,600	1,961E+2	0,000E+0	1,779E+2	1,774E+2	0,000E+0	9,925E-1	9,895E-1	0,000E+0	7	1111
117,039	82,500	113,600	1,961E+2	0,000E+0	1,779E+2	1,774E+2	0,000E+0	9,925E-1	9,895E-1	0,000E+0	7	1111
118,040	84,800	117,400	2,022E+2	0,000E+0	1,786E+2	1,785E+2	0,000E+0	1,031E+0	1,018E+0	0,000E+0	7	1111
119,039	84,600	117,600	2,022E+2	0,000E+0	1,784E+2	1,784E+2	0,000E+0	1,033E+0	1,021E+0	0,000E+0	7	1111
120,039	84,600	117,600	2,022E+2	0,000E+0	1,784E+2	1,784E+2	0,000E+0	1,033E+0	1,021E+0	0,000E+0	7	1111
121,040	86,200	116,800	2,030E+2	0,000E+0	1,791E+2	1,782E+2	0,000E+0	1,043E+0	1,012E+0	0,000E+0	7	1111
122,040	86,300	118,100	2,044E+2	0,000E+0	1,795E+2	1,784E+2	0,000E+0	1,044E+0	1,022E+0	0,000E+0	7	1111
123,041	86,300	118,100	2,044E+2	0,000E+0	1,795E+2	1,784E+2	0,000E+0	1,044E+0	1,022E+0	0,000E+0	7	1111
124,041	87,600	118,600	2,062E+2	0,000E+0	1,798E+2	1,786E+2	0,000E+0	1,055E+0	1,023E+0	0,000E+0	7	1111
125,042	85,500	121,600	2,071E+2	0,000E+0	1,791E+2	1,789E+2	0,000E+0	1,049E+0	1,047E+0	0,000E+0	7	1111
126,041	86,600	119,700	2,063E+2	0,000E+0	1,796E+2	1,788E+2	0,000E+0	1,053E+0	1,035E+0	0,000E+0	7	1111
127,042	86,400	120,500	2,069E+2	0,000E+0	1,792E+2	1,787E+2	0,000E+0	1,051E+0	1,040E+0	0,000E+0	7	1111
128,043	86,400	121,400	2,078E+2	0,000E+0	1,789E+2	1,788E+2	0,000E+0	1,054E+0	1,047E+0	0,000E+0	7	1111
129,042	86,400	121,400	2,078E+2	0,000E+0	1,789E+2	1,788E+2	0,000E+0	1,054E+0	1,047E+0	0,000E+0	7	1111
130,043	86,000	121,800	2,078E+2	0,000E+0	1,791E+2	1,790E+2	0,000E+0	1,059E+0	1,050E+0	0,000E+0	7	1111
131,042	87,400	121,100	2,085E+2	0,000E+0	1,796E+2	1,788E+2	0,000E+0	1,068E+0	1,043E+0	0,000E+0	7	1111
132,042	87,400	121,100	2,085E+2	0,000E+0	1,796E+2	1,788E+2	0,000E+0	1,068E+0	1,043E+0	0,000E+0	7	1111
133,042	86,700	121,800	2,085E+2	0,000E+0	1,793E+2	1,788E+2	0,000E+0	1,063E+0	1,051E+0	0,000E+0	7	1111
134,043	87,700	120,600	2,083E+2	0,000E+0	1,796E+2	1,787E+2	0,000E+0	1,066E+0	1,040E+0	0,000E+0	7	1111
135,044	87,700	120,600	2,083E+2	0,000E+0	1,796E+2	1,787E+2	0,000E+0	1,066E+0	1,040E+0	0,000E+0	7	1111
136,043	86,300	123,000	2,093E+2	0,000E+0	1,793E+2	1,795E+2	0,000E+0	1,062E+0	1,057E+0	0,000E+0	7	1111
137,044	87,700	121,500	2,092E+2	0,000E+0	1,796E+2	1,788E+2	0,000E+0	1,072E+0	1,049E+0	0,000E+0	7	1111
138,043	86,500	122,600	2,091E+2	0,000E+0	1,793E+2	1,789E+2	0,000E+0	1,069E+0	1,058E+0	0,000E+0	7	1111
139,043	87,500	121,500	2,090E+2	0,000E+0	1,797E+2	1,789E+2	0,000E+0	1,071E+0	1,047E+0	0,000E+0	7	1111
140,043	86,600	122,500	2,091E+2	0,000E+0	1,791E+2	1,789E+2	0,000E+0	1,071E+0	1,058E+0	0,000E+0	7	1111
141,043	86,800	122,600	2,094E+2	0,000E+0	1,795E+2	1,791E+2	0,000E+0	1,069E+0	1,055E+0	0,000E+0	7	1111
142,044	86,900	122,600	2,095E+2	0,000E+0	1,794E+2	1,787E+2	0,000E+0	1,063E+0	1,053E+0	0,000E+0	7	1111
143,043	86,600	122,800	2,094E+2	0,000E+0	1,794E+2	1,792E+2	0,000E+0	1,066E+0	1,058E+0	0,000E+0	7	1111
144,044	88,100	121,900	2,100E+2	0,000E+0	1,798E+2	1,788E+2	0,000E+0	1,074E+0	1,049E+0	0,000E+0	7	1111
145,044	86,700	122,900	2,096E+2	0,000E+0	1,796E+2	1,793E+2	0,000E+0	1,067E+0	1,057E+0	0,000E+0	7	1111
146,044	85,900	123,400	2,093E+2	0,000E+0	1,794E+2	1,796E+2	0,000E+0	1,059E+0	1,060E+0	0,000E+0	7	1111
147,044	85,900	123,400	2,093E+2	0,000E+0	1,794E+2	1,796E+2	0,000E+0	1,059E+0	1,060E+0	0,000E+0	7	1111
148,044	89,600	120,400	2,100E+2	0,000E+0	1,806E+2	1,787E+2	0,000E+0	1,077E+0	1,041E+0	0,000E+0	7	1111
149,046	89,600	120,400	2,100E+2	0,000E+0	1,806E+2	1,787E+2	0,000E+0	1,077E+0	1,041E+0	0,000E+0	7	1111
150,045	87,100	122,400	2,095E+2	0,000E+0	1,795E+2	1,790E+2	0,000E+0	1,067E+0	1,054E+0	0,000E+0	7	1111
151,046	86,900	122,600	2,095E+2	0,000E+0	1,794E+2	1,789E+2	0,000E+0	1,072E+0	1,058E+0	0,000E+0	7	1111
152,045	86,200	123,400	2,096E+2	0,000E+0	1,790E+2	1,795E+2	0,000E+0	1,059E+0	1,060E+0	0,000E+0	7	1111
153,045	87,800	121,900	2,097E+2	0,000E+0	1,798E+2	1,791E+2	0,000E+0	1,071E+0	1,048E+0	0,000E+0	7	1111
154,045	87,700	121,800	2,095E+2	0,000E+0	1,797E+2	1,788E+2	0,000E+0	1,069E+0	1,049E+0	0,000E+0	7	1111
155,046	86,600	123,200	2,098E+2	0,000E+0	1,795E+2	1,788E+2	0,000E+0	1,074E+0	1,066E+0	0,000E+0	7	1111
156,045	86,800	122,600	2,094E+2	0,000E+0	1,791E+2	1,788E+2	0,000E+0	1,071E+0	1,058E+0	0,000E+0	7	1111
157,045	86,800	122,600	2,094E+2	0,000E+0	1,791E+2	1,788E+2	0,000E+0	1,071E+0	1,058E+0	0,000E+0	7	1111
158,045	88,000	121,800	2,098E+2	0,000E+0	1,798E+2	1,788E+2	0,000E+0	1,070E+0	1,047E+0	0,000E+0	7	1111
159,046	87,500	122,400	2,099E+2	0,000E+0	1,795E+2	1,790E+2	0,000E+0	1,071E+0	1,055E+0	0,000E+0	7	1111
160,047	88,100	121,700	2,098E+2	0,000E+0	1,799E+2	1,789E+2	0,000E+0	1,075E+0	1,044E+0	0,000E+0	7	1111
161,046	88,000	121,500	2,095E+2	0,000E+0	1,802E+2	1,789E+2	0,000E+0	1,072E+0	1,047E+0	0,000E+0	7	1111
162,047	87,200	122,700	2,099E+2	0,000E+0	1,796E+2	1,792E+2	0,000E+0	1,069E+0	1,054E+0	0,000E+0	7	1111
163,046	87,500	122,700	2,102E+2	0,000E+0	1,797E+2	1,790E+2	0,000E+0	1,073E+0	1,055E+0	0,000E+0	7	1111
164,048	86,200	123,500	2,097E+2	0,000E+0	1,794E+2	1,794E+2	0,000E+0	1,058E+0	1,059E+0	0,000E+0	7	1111
165,047	86,900	122,900	2,098E+2	0,000E+0	1,797E+2	1,792E+2	0,000E+0	1,068E+0	1,058E+0	0,000E+0	7	1111
166,047	87,600	122,300	2,099E+2	0,000E+0	1,802E+2	1,798E+2	0,000E+0	1,070E+0	1,055E+0	0,000E+0	7	1111
167,049	86,500	122,800	2,093E+2	0,000E+0	1,797E+2	1,794E+2	0,000E+0	1,064E+0	1,056E+0	0,000E+0	7	1111
168,049	86,500	122,800	2,093E+2	0,000E+0	1,797E+2	1,794E+2	0,000E+0	1,064E+0	1,056E+0	0,000E+0	7	1111
169,050	88,300	122,000	2,103E+2	0,000E+0	1,802E+2	1,791E+2	0,000E+0	1,077E+0	1,050E+0	0,000E+0	7	1111
170,049	86,600	123,200	2,098E+2	0,000E+0	1,793E+2	1,790E+2	0,000E+0	1,067E+0	1,062E+0	0,000E+0	7	1111
171,049	87,900	121,800	2,097E+2	0,000E+0	1,799E+2	1,775E+2	0,000E+0	1,067E+0	1,060E+0	0,000E+0	7	1111
172,049	88,100	121,900	2,100E+2	0,000E+0	1,799E+2	1,790E+2	0,000E+0	1,071E+0	1,049E+0	0,000E+0	7	1111
173,050	88,100	121,900	2,100E+2	0,000E+0	1,799E+2	1,790E+2	0,000E+0	1,071E+0	1,049E+0	0,000E+0	7	1111
174,051	88,100	121,900	2,100E+2	0,000E+0	1,799E+2	1,790E+2	0,000E+0	1,071E+0	1,049E+0	0,000E+0	7	1111
175,050	88,100	121,900	2,100E+2	0,000E+0	1,799E+2	1,790E+2	0,000E+0	1,071E+0	1,049E+0	0,000E+0	7	1111
176,051	88,100	121,900	2,100E+2	0,000E+0	1,799E+2	1,790E+2	0,000E+0	1,071E+0	1,049E+0	0,000E+0	7	1111
177,051	86,200	123,900	2,101E+2	0,000E+0	1,789E+2	1,790E+2	0,000E+0	1,069E+0	1,067E+0	0,000E+0	7	1111
178,051	86,200	123,900	2,101E+2	0,000E+0	1,789E+2	1,790E+2	0,000E+0	1,069E+0	1,067E+0	0,000E+0	7	1111
179,051	86,200	123,900	2,101E+2	0,000E+0	1,789E+2	1,790E+2	0,000E+0	1,069E+0	1,067E+0	0,000E+0	7	1111
180,052	86,200	123,500	2,097E+2	0,000E+0	1,796E+2	1,793E+2	0,000E+0	1,066E+0	1,061E+0	0,000E+0	7	1111
181,053	86,200	123,500	2,097E+2	0,000E+0	1,796E+2	1,793E+2	0,000E+0	1,066E+0	1,061E+0	0,000E+0	7	1111
182,052	88,300	121,600	2,099E+2	0,000E+0	1,800E+2	1,790E+2	0,000E+0	1,073E+0	1,046E+0	0,000E+0	7	1111
183,053	88,300	121,600	2,099E+2	0,000E+0	1,800E+2	1,790E+2	0,000E+0	1,073E+0	1,046E+0	0,000E+0	7	1111
184,052	87,800	122,100	2,099E+2	0,000E+0	1,798E+2	1,781E+2	0,000E+0	1,073E+0	1,056E+0	0,000E+0	7	1111
185,052	87,800	122,100	2,099E+2	0,000E+0	1,798E+2	1,781E+2	0,000E+0	1,073E+0	1,056E+0	0,000E+0	7	1111
186,052	87,100	123,300	2,104E+2	0,000E+0	1,797E+2	1,791E+2	0,000E+0	1,069E+0	1,060E+0	0,000E+0	7	1111
187,052	87,100	123,300	2,104E+2	0,000E+0	1,797E+2	1,791E+2	0,000E+0	1,069E+0	1,060E+0	0,000E+0	7	1111
188,053	87,900	122,400	2,103E+2	0,000E+0	1,797E+2	1,791E+2	0,000E+0	1,071E+0	1,053E+0	0,000E+0	7	1111
189,052	87,200	122,600	2,098E+2	0,000E+0	1,797E+2	1,791E+2	0,000E+0	1,068E+0	1,055E+0	0,000E+0	7	1111
190,052	86,400	123,800	2,102E+2	0,000E+0	1,792E+2	1,792E+2	0,000E+0	1,069E+0	1,066E+0	0,000E+0	7	1111
191,053	87,600	122,200	2,098E+2	0,000E+0	1,797E+2	1,783E+2	0,000E+0	1,074E+0	1,049E+0	0,000E+0	7	1111
192,053	87,600	122,200	2,098E+2	0,000E+0	1,798E+2	1,791E+2	0,000E+0	1,070E+0	1,051E+0	0,000E+0	7	1111
193,054	88,400	121,500	2,099E+2	0,000E+0	1,797E+2	1,788E+2	0,000E+0	1,077E+0	1,050E+0	0,000E+0	7	1111
194,053	86,900	123,200	2,101E+2	0,000E+0	1,791E+2	1,788E+2	0,000E+0	1,073E+0	1,064E+0	0,000E+0	7	1111
195,054	86,900	123,200	2,101E+2	0,000E+0	1,791E+2	1,788E+2	0,000E+0	1,073E+0	1,064E+0	0,000E+0	7	1111
196,053	86,500	123,200	2,097E+2	0,000E+0	1,791E+2	1,791E+2	0,000E+0	1,063E+0	1,059E+0	0,000E+0	7	1111
197,053	87,200	122,800	2,100E+2	0,000E+0	1,796E+2	1,791E+2	0,000E+0	1,072E+0	1,054E+0	0,000E+0	7	1111
198,053	87,000	122,900	2,099E+2	0,000E+0	1,801E+2	1,796E+2	0,000E+0	1,067E+0	1,058E+0	0,000E+0	7	1111
199,053	88,100	121,400	2,095E+2	0,000E+0	1,801E+2	1,790E+2	0,000E+0	1,074E+0	1,043E+0	0,000E+0	7	1111
200,054	88,000	121,900	2,099E+2	0,000E+0	1,797E+2	1,779E+2	0,000E+0	1,073E+0	1,057E+0	0,000E+0	7	1111
201,053	86,900	122,800	2,097E+2	0,000E+0	1,794E+2	1,791E+2	0,000E+0	1,065E+0	1,055E+0	0,000E+0	7	1111
203,054	86,900	122,800	2,097E+2	0,000E+0	1,794E+2	1,791E+2	0,000E+0	1,065E+0	1,055E+0	0,000E+0	7	1111
203,054	86,700	123,800	2,105E+2	0,000E+0	1,795E+2	1,794E+2	0,000E+0	1,068E+0	1,064E+0	0,000E+0	7	1111
204,054	86,300	123,600	2,099E+2	0,000E+0	1,789E+2	1,791E+2	0,000E+0	1,078E+0	1,069E+0	0,000E+0	7	1111
205,055	86,800	123,100	2,099E+2	0,000E+0	1,795E+2	1,786E+2	0,000E+0	1,070E+0	1,062E+0	0,000E+0	7	1111
206,055	86,800	123,100	2,099E+2	0,000E+0	1,795E+2	1,786E+2	0,000E+0	1,070E+0	1,062E+0	0,000E+0	7	1111
207,056	86,800	123,100	2,099E+2	0,000E+0	1,795E+2	1,786E+2	0,000E+0	1,070E+0	1,062E+0	0,000E+0	7	1111
208,055	86,800	123,100	2,099E+2	0,000E+0	1,795E+2	1,786E+2	0,000E+0	1,070E+0	1,062E+0	0,000E+0	7	1111
209,056	88,000	121,900	2,099E+2	0,000E+0	1,799E+2	1,789E+2	0,000E+0	1,074E+0	1,050E+0	0,000E+0	7	1111
210,055	88,000	121,900	2,099E+2	0,000E+0	1,799E+2	1,789E+2	0,000E+0	1,074E+0	1,050E+0	0,000E+0	7	1111
211,055	88,000	121,900	2,099E+2	0,000E+0	1,799E+2	1,789E+2	0,000E+0	1,074E+0	1,050E+0	0,000E+0	7	1111
212,055	88,000	121,900	2,099E+2	0,000E+0	1,799E+2	1,789E+2	0,000E+0	1,074E+0	1,050E+0	0,000E+0	7	1111
214,056	86,900	123,000	2,099E+2	0,000E+0	1,793E+2	1,792E+2	0,000E+0	1,067E+0	1,059E+0	0,000E+0	7	1111
214,056	86,800	123,300	2,101E+2	0,000E+0	1,793E+2	1,790E+2	0,000E+0	1,066E+0	1,060E+0	0,000E+0	7	1111
215,056	86,800	123,300	2,101E+2	0,000E+0	1,793E+2	1,790E+2	0,000E+0	1,066E+0	1,060E+0	0,000E+0	7	1111
216,056	86,600	123,300	2,099E+2	0,000E+0	1,791E+2	1,789E+2	0,000E+0	1,075E+0	1,064E+0	0,000E+0	7	1111
217,057	86,700	123,000	2,097E+2	0,000E+0	1,793E+2	1,789E+2	0,000E+0	1,071E+0	1,062E+0	0,000E+0	7	1111
218,056	86,200	123,800	2,100E+2	0,000E+0	1,788E+2	1,789E+2	0,000E+0	1,079E+0	1,071E+0	0,000E+0	7	1111
219,058	86,500	123,400	2,099E+2	0,000E+0	1,791E+2	1,792E+2	0,000E+0	1,068E+0	1,062E+0	0,000E+0	7	1111
220,057	87,500	122,500	2,100E+2	0,000E+0	1,796E+2	1,791E+2	0,000E+0	1,077E+0	1,053E+0	0,000E+0	7	1111
221,057	86,700	123,100	2,098E+2	0,000E+0	1,795E+2	1,791E+2	0,000E+0	1,070E+0	1,062E+0	0,000E+0	7	1111
222,057	87,100	122,900	2,100E+2	0,000E+0	1,795E+2	1,795E+2	0,000E+0	1,067E+0	1,054E+0	0,000E+0	7	1111
223,057	87,100	122,900	2,100E+2	0,000E+0	1,795E+2	1,795E+2	0,000E+0	1,067E+0	1,054E+0	0,000E+0	7	1111
224,058	86,500	124,000	2,105E+2	0,000E+0	1,794E+2	1,793E+2	0,000E+0	1,074E+0	1,068E+0	0,000E+0	7	1111
225,058	87,200	123,300	2,105E+2	0,000E+0	1,799E+2	1,794E+2	0,000E+0	1,070E+0	1,060E+0	0,000E+0	7	1111
226,058	87,600	122,400	2,100E+2	0,000E+0	1,799E+2	1,794E+2	0,000E+0	1,071E+0	1,054E+0	0,000E+0	7	1111
227,060	86,600	123,900	2,105E+2	0,000E+0	1,793E+2	1,795E+2	0,000E+0	1,068E+0	1,067E+0	0,000E+0	7	1111
228,060	86,600	123,900	2,105E+2	0,000E+0	1,793E+2	1,795E+2	0,000E+0	1,068E+0	1,067E+0	0,000E+0	7	1111
229,061	86,900	123,400	2,103E+2	0,000E+0	1,798E+2	1,797E+2	0,000E+0	1,071E+0	1,059E+0	0,000E+0	7	1111
230,060	86,800	122,700	2,095E+2	0,000E+0	1,794E+2	1,790E+2	0,000E+0	1,067E+0	1,057E+0	0,000E+0	7	1111
231,061	87,700	122,300	2,100E+2	0,000E+0	1,801E+2	1,789E+2	0,000E+0	1,073E+0	1,054E+0	0,000E+0	7	1111
232,062	86,500	123,100	2,096E+2	0,000E+0	1,792E+2	1,790E+2	0,000E+0	1,074E+0	1,064E+0	0,000E+0	7	1111
233,062	86,300	123,900	2,102E+2	0,000E+0	1,793E+2	1,794E+2	0,000E+0	1,062E+0	1,065E+0	0,000E+0	7	1111
234,063	87,500	122,300	2,098E+2	0,000E+0	1,799E+2	1,794E+2	0,000E+0	1,069E+0	1,053E+0	0,000E+0	7	1111
235,062	88,400	121,400	2,098E+2	0,000E+0	1,806E+2	1,789E+2	0,000E+0	1,069E+0	1,052E+0	0,000E+0	7	1111
236,063	87,100	122,700	2,098E+2	0,000E+0	1,796E+2	1,793E+2	0,000E+0	1,066E+0	1,057E+0	0,000E+0	7	1111
237,062	88,600	121,700	2,103E+2	0,000E+0	1,801E+2	1,792E+2	0,000E+0	1,076E+0	1,046E+0	0,000E+0	7	1111
238,062	88,200	121,500	2,097E+2	0,000E+0	1,800E+2	1,788E+2	0,000E+0	1,072E+0	1,046E+0	0,000E+0	7	1111
239,062	87,800	121,900	2,097E+2	0,000E+0	1,798E+2	1,790E+2	0,000E+0	1,072E+0	1,051E+0	0,000E+0	7	1111
240,062	87,800	121,900	2,097E+2	0,000E+0	1,798E+2	1,790E+2	0,000E+0	1,072E+0	1,051E+0	0,000E+0	7	1111
241,063	86,600	123,400	2,100E+2	0,000E+0	1,792E+2	1,794E+2	0,000E+0	1,072E+0	1,064E+0	0,000E+0	7	1111
242,063	87,600	122,600	2,102E+2	0,000E+0	1,800E+2	1,792E+2	0,000E+0	1,074E+0	1,053E+0	0,000E+0	7	1111
243,064	87,800	121,900	2,097E+2	0,000E+0	1,805E+2	1,793E+2	0,000E+0	1,073E+0	1,044E+0	0,000E+0	7	1111
244,064	88,900	121,500	2,104E+2	0,000E+0	1,806E+2	1,790E+2	0,000E+0	1,079E+0	1,046E+0	0,000E+0	7	1111
245,064	87,900	122,000	2,099E+2	0,000E+0	1,801E+2	1,791E+2	0,000E+0	1,075E+0	1,049E+0	0,000E+0	7	1111
246,064	86,400	123,600	2,100E+2	0,000E+0	1,794E+2	1,795E+2	0,000E+0	1,065E+0	1,062E+0	0,000E+0	7	1111
247,065	86,200	124,000	2,102E+2	0,000E+0	1,795E+2	1,794E+2	0,000E+0	1,071E+0	1,068E+0	0,000E+0	7	1111
248,066	86,200	124,000	2,102E+2	0,000E+0	1,795E+2	1,794E+2	0,000E+0	1,071E+0	1,068E+0	0,000E+0	7	1111
249,066	87,900	122,300	2,102E+2	0,000E+0	1,801E+2	1,791E+2	0,000E+0	1,079E+0	1,054E+0	0,000E+0	7	1111
250,067	87,900	122,300	2,102E+2	0,000E+0	1,801E+2	1,791E+2	0,000E+0	1,079E+0	1,054E+0	0,000E+0	7	1111
251,066	87,900	122,300	2,102E+2	0,000E+0	1,801E+2	1,791E+2	0,000E+0	1,079E+0	1,054E+0	0,000E+0	7	1111
252,066	87,900	122,300	2,102E+2	0,000E+0	1,801E+2	1,791E+2	0,000E+0	1,079E+0	1,054E+0	0,000E+0	7	1111
253,068	87,500	122,400	2,099E+2	0,000E+0	1,801E+2	1,792E+2	0,000E+0	1,070E+0	1,055E+0	0,000E+0	7	1111
254,067	87,500	122,400	2,099E+2	0,000E+0	1,801E+2	1,792E+2	0,000E+0	1,070E+0	1,055E+0	0,000E+0	7	1111
256,067	87,500	122,400	2,099E+2	0,000E+0	1,801E+2	1,792E+2	0,000E+0	1,070E+0	1,055E+0	0,000E+0	7	1111
256,067	87,100	122,700	2,098E+2	0,000E+0	1,795E+2	1,792E+2	0,000E+0	1,073E+0	1,059E+0	0,000E+0	7	1111
257,068	87,100	122,700	2,098E+2	0,000E+0	1,795E+2	1,792E+2	0,000E+0	1,073E+0	1,059E+0	0,000E+0	7	1111
258,067	88,000	122,000	2,100E+2	0,000E+0	1,798E+2	1,789E+2	0,000E+0	1,074E+0	1,050E+0	0,000E+0	7	1111
259,067	88,000	122,000	2,100E+2	0,000E+0	1,798E+2	1,789E+2	0,000E+0	1,074E+0	1,050E+0	0,000E+0	7	1111
260,068	88,400	121,900	2,103E+2	0,000E+0	1,803E+2	1,789E+2	0,000E+0	1,076E+0	1,049E+0	0,000E+0	7	1111
261,068	88,400	121,900	2,103E+2	0,000E+0	1,803E+2	1,789E+2	0,000E+0	1,076E+0	1,049E+0	0,000E+0	7	1111
262,070	87,100	123,000	2,101E+2	0,000E+0	1,796E+2	1,792E+2	0,000E+0	1,071E+0	1,060E+0	0,000E+0	7	1111
263,070	86,800	122,800	2,096E+2	0,000E+0	1,793E+2	1,789E+2	0,000E+0	1,076E+0	1,063E+0	0,000E+0	7	1111
264,071	86,300	123,700	2,100E+2	0,000E+0	1,794E+2	1,793E+2	0,000E+0	1,069E+0	1,062E+0	0,000E+0	7	1111
265,070	87,000	123,100	2,101E+2	0,000E+0	1,797E+2	1,793E+2	0,000E+0	1,072E+0	1,058E+0	0,000E+0	7	1111
266,071	87,000	123,000	2,100E+2	0,000E+0	1,794E+2	1,791E+2	0,000E+0	1,077E+0	1,063E+0	0,000E+0	7	1111
267,070	87,200	123,000	2,102E+2	0,000E+0	1,796E+2	1,792E+2	0,000E+0	1,073E+0	1,059E+0	0,000E+0	7	1111
268,071	87,200	123,000	2,102E+2	0,000E+0	1,796E+2	1,792E+2	0,000E+0	1,073E+0	1,059E+0	0,000E+0	7	1111
269,070	86,800	123,200	2,100E+2	0,000E+0	1,794E+2	1,792E+2	0,000E+0	1,071E+0	1,061E+0	0,000E+0	7	1111
270,072	87,100	122,800	2,099E+2	0,000E+0	1,796E+2	1,792E+2	0,000E+0	1,069E+0	1,052E+0	0,000E+0	7	1111
271,072	87,100	122,800	2,099E+2	0,000E+0	1,796E+2	1,792E+2	0,000E+0	1,069E+0	1,052E+0	0,000E+0	7	1111
272,071	87,100	122,900	2,100E+2	0,000E+0	1,793E+2	1,789E+2	0,000E+0	1,076E+0	1,061E+0	0,000E+0	7	1111
273,071	86,500	123,500	2,100E+2	0,000E+0	1,791E+2	1,791E+2	0,000E+0	1,073E+0	1,066E+0	0,000E+0	7	1111
274,071	88,400	121,600	2,100E+2	0,000E+0	1,802E+2	1,791E+2	0,000E+0	1,074E+0	1,046E+0	0,000E+0	7	1111
275,071	87,700	122,400	2,101E+2	0,000E+0	1,800E+2	1,789E+2	0,000E+0	1,076E+0	1,056E+0	0,000E+0	7	1111
276,072	56,300	75,700	1,320E+2	0,000E+0	1,751E+2	1,751E+2	0,000E+0	7,889E-1	7,849E-1	0,000E+0	7	1111
277,071	8,800	8,000	1,680E+1	0,000E+0	1,599E+2	1,596E+2	0,000E+0	1,000E-1	9,910E-2	0,000E+0	7	1111
278,073	6,600	5,700	1,230E+1	0,000E+0	1,452E+2	1,452E+2	0,000E+0	8,700E-2	8,610E-2	0,000E+0	7	1111
279,072	3,900	3,200	7,100E+0	0,000E+0	1,282E+2	1,281E+2	0,000E+0	6,580E-2	6,560E-2	0,000E+0	7	1111
280,072	0,200	0,100	3,000E-1	0,000E+0	8,342E+1	8,338E+1	0,000E+0	0,000E+0	0,000E+0	0,000E+0	7	1111
281,072	0,200	0,200	4,000E-1	0,000E+0	6,512E+1	6,505E+1	0,000E+0	0,000E+0	0,000E+0	0,000E+0	7	1111
282,072	0,200	0,200	4,000E-1	0,000E+0	6,512E+1	6,505E+1	0,000E+0	0,000E+0	0,000E+0	0,000E+0	7	1111
