t	PL(A)	PL(B)	PL(T)	PL(E)	V(A)	V(B)	V(E)	I(A)	I(B)	I(E)	n_bracos	n_res
902,212	87,200	122,800	2,100E+2	0,000E+0	1,786E+2	1,778E+2	0,000E+0	1,083E+0	1,068E+0	0,000E+0	0	0111
0,009	87,400	122,800	2,102E+2	0,000E+0	1,786E+2	1,777E+2	0,000E+0	1,087E+0	1,067E+0	0,000E+0	0	0111
1,009	86,400	123,900	2,103E+2	0,000E+0	1,783E+2	1,782E+2	0,000E+0	1,073E+0	1,072E+0	0,000E+0	0	0111
2,009	7,800	7,100	1,490E+1	0,000E+0	1,581E+2	1,581E+2	0,000E+0	9,120E-2	9,020E-2	0,000E+0	0	0111
3,008	4,700	3,900	8,600E+0	0,000E+0	1,431E+2	1,432E+2	0,000E+0	6,420E-2	6,350E-2	0,000E+0	0	0111
4,009	5,300	4,400	9,700E+0	0,000E+0	1,377E+2	1,378E+2	0,000E+0	7,550E-2	7,520E-2	0,000E+0	0	0111
5,009	8,800	7,700	1,650E+1	0,000E+0	1,441E+2	1,442E+2	0,000E+0	1,159E-1	1,153E-1	0,000E+0	0	0111
6,009	13,800	12,600	2,640E+1	0,000E+0	1,536E+2	1,538E+2	0,000E+0	1,614E-1	1,611E-1	0,000E+0	0	0111
7,009	11,200	10,100	2,130E+1	0,000E+0	1,567E+2	1,567E+2	0,000E+0	1,284E-1	1,266E-1	0,000E+0	0	0111
8,009	9,300	8,400	1,770E+1	0,000E+0	1,535E+2	1,534E+2	0,000E+0	1,117E-1	1,108E-1	0,000E+0	0	0111
9,010	8,800	7,900	1,670E+1	0,000E+0	1,508E+2	1,510E+2	0,000E+0	1,086E-1	1,082E-1	0,000E+0	0	0111
10,009	9,600	8,600	1,820E+1	0,000E+0	1,514E+2	1,516E+2	0,000E+0	1,171E-1	1,165E-1	0,000E+0	0	0111
11,010	9,600	8,600	1,820E+1	0,000E+0	1,514E+2	1,516E+2	0,000E+0	1,171E-1	1,165E-1	0,000E+0	0	0111
12,010	10,700	9,600	2,030E+1	0,000E+0	1,534E+2	1,535E+2	0,000E+0	1,270E-1	1,257E-1	0,000E+0	0	0111
13,010	10,600	9,500	2,010E+1	0,000E+0	1,546E+2	1,544E+2	0,000E+0	1,244E-1	1,234E-1	0,000E+0	0	0111
14,010	9,900	8,900	1,880E+1	0,000E+0	1,533E+2	1,535E+2	0,000E+0	1,179E-1	1,171E-1	0,000E+0	0	0111
15,010	9,800	8,700	1,850E+1	0,000E+0	1,528E+2	1,526E+2	0,000E+0	1,175E-1	1,159E-1	0,000E+0	0	0111
16,010	10,200	9,000	1,920E+1	0,000E+0	1,531E+2	1,524E+2	0,000E+0	1,210E-1	1,203E-1	0,000E+0	0	0111
17,009	10,400	9,300	1,970E+1	0,000E+0	1,539E+2	1,538E+2	0,000E+0	1,233E-1	1,218E-1	0,000E+0	0	0111
18,010	10,000	9,100	1,910E+1	0,000E+0	1,534E+2	1,534E+2	0,000E+0	1,197E-1	1,190E-1	0,000E+0	0	0111
19,010	10,000	9,000	1,900E+1	0,000E+0	1,532E+2	1,530E+2	0,000E+0	1,198E-1	1,185E-1	0,000E+0	0	0111
20,010	10,200	9,200	1,940E+1	0,000E+0	1,533E+2	1,534E+2	0,000E+0	1,212E-1	1,205E-1	0,000E+0	0	0111
21,010	10,300	9,200	1,950E+1	0,000E+0	1,537E+2	1,535E+2	0,000E+0	1,222E-1	1,203E-1	0,000E+0	0	0111
22,010	10,100	9,200	1,930E+1	0,000E+0	1,535E+2	1,537E+2	0,000E+0	1,203E-1	1,197E-1	0,000E+0	0	0111
23,010	10,100	9,200	1,930E+1	0,000E+0	1,535E+2	1,537E+2	0,000E+0	1,203E-1	1,197E-1	0,000E+0	0	0111
