t	PL(A)	PL(B)	PL(T)	PL(E)	V(A)	V(B)	V(E)	I(A)	I(B)	I(E)	n_bracos	n_res
24,010	10,100	9,100	1,920E+1	0,000E+0	1,534E+2	1,533E+2	0,000E+0	1,210E-1	1,203E-1	0,000E+0	0	0111
0,007	10,200	9,100	1,930E+1	0,000E+0	1,533E+2	1,533E+2	0,000E+0	1,211E-1	1,192E-1	0,000E+0	0	0111
1,006	10,200	9,100	1,930E+1	0,000E+0	1,533E+2	1,533E+2	0,000E+0	1,211E-1	1,192E-1	0,000E+0	0	0111
2,006	10,300	9,100	1,940E+1	0,000E+0	1,540E+2	1,534E+2	0,000E+0	1,227E-1	1,189E-1	0,000E+0	0	0111
3,007	10,200	9,200	1,940E+1	0,000E+0	1,534E+2	1,536E+2	0,000E+0	1,219E-1	1,213E-1	0,000E+0	0	0111
4,007	10,200	9,100	1,930E+1	0,000E+0	1,536E+2	1,534E+2	0,000E+0	1,210E-1	1,203E-1	0,000E+0	0	0111
5,007	10,100	9,100	1,920E+1	0,000E+0	1,532E+2	1,534E+2	0,000E+0	1,206E-1	1,200E-1	0,000E+0	0	0111
6,007	10,200	9,100	1,930E+1	0,000E+0	1,539E+2	1,532E+2	0,000E+0	1,212E-1	1,186E-1	0,000E+0	0	0111
7,008	10,300	9,200	1,950E+1	0,000E+0	1,539E+2	1,538E+2	0,000E+0	1,222E-1	1,207E-1	0,000E+0	0	0111
8,008	10,200	9,200	1,940E+1	0,000E+0	1,538E+2	1,537E+2	0,000E+0	1,210E-1	1,202E-1	0,000E+0	0	0111
9,009	10,100	9,000	1,910E+1	0,000E+0	1,532E+2	1,534E+2	0,000E+0	1,205E-1	1,195E-1	0,000E+0	0	0111
10,010	10,200	9,200	1,940E+1	0,000E+0	1,534E+2	1,536E+2	0,000E+0	1,212E-1	1,206E-1	0,000E+0	0	0111
11,009	10,300	9,200	1,950E+1	0,000E+0	1,539E+2	1,538E+2	0,000E+0	1,228E-1	1,206E-1	0,000E+0	0	0111
12,009	10,300	9,200	1,950E+1	0,000E+0	1,539E+2	1,538E+2	0,000E+0	1,228E-1	1,206E-1	0,000E+0	0	0111
13,009	10,300	9,200	1,950E+1	0,000E+0	1,539E+2	1,538E+2	0,000E+0	1,228E-1	1,206E-1	0,000E+0	0	0111
14,009	10,100	9,100	1,920E+1	0,000E+0	1,531E+2	1,534E+2	0,000E+0	1,202E-1	1,198E-1	0,000E+0	0	0111
15,009	10,200	9,300	1,950E+1	0,000E+0	1,533E+2	1,535E+2	0,000E+0	1,216E-1	1,210E-1	0,000E+0	0	0111
16,010	10,200	9,300	1,950E+1	0,000E+0	1,535E+2	1,538E+2	0,000E+0	1,217E-1	1,214E-1	0,000E+0	0	0111
17,011	10,200	9,200	1,940E+1	0,000E+0	1,536E+2	1,536E+2	0,000E+0	1,211E-1	1,204E-1	0,000E+0	0	0111
18,010	10,100	9,200	1,930E+1	0,000E+0	1,532E+2	1,536E+2	0,000E+0	1,198E-1	1,204E-1	0,000E+0	0	0111
19,010	10,300	9,100	1,940E+1	0,000E+0	1,539E+2	1,534E+2	0,000E+0	1,227E-1	1,197E-1	0,000E+0	0	0111
20,010	10,200	9,200	1,940E+1	0,000E+0	1,534E+2	1,536E+2	0,000E+0	1,215E-1	1,207E-1	0,000E+0	0	0111
21,010	10,200	9,200	1,940E+1	0,000E+0	1,532E+2	1,535E+2	0,000E+0	1,215E-1	1,207E-1	0,000E+0	0	0111
22,010	10,200	9,200	1,940E+1	0,000E+0	1,531E+2	1,536E+2	0,000E+0	1,210E-1	1,211E-1	0,000E+0	0	0111
23,011	10,200	9,200	1,940E+1	0,000E+0	1,531E+2	1,536E+2	0,000E+0	1,210E-1	1,211E-1	0,000E+0	0	0111
24,013	10,200	9,100	1,930E+1	0,000E+0	1,532E+2	1,534E+2	0,000E+0	1,212E-1	1,204E-1	0,000E+0	0	0111
25,012	10,200	9,100	1,930E+1	0,000E+0	1,532E+2	1,534E+2	0,000E+0	1,212E-1	1,204E-1	0,000E+0	0	0111
26,012	10,200	9,200	1,940E+1	0,000E+0	1,534E+2	1,536E+2	0,000E+0	1,214E-1	1,209E-1	0,000E+0	0	0111
27,012	10,200	9,200	1,940E+1	0,000E+0	1,533E+2	1,535E+2	0,000E+0	1,217E-1	1,206E-1	0,000E+0	0	0111
28,012	10,200	9,200	1,940E+1	0,000E+0	1,533E+2	1,535E+2	0,000E+0	1,211E-1	1,202E-1	0,000E+0	0	0111
29,013	10,100	9,200	1,930E+1	0,000E+0	1,531E+2	1,536E+2	0,000E+0	1,200E-1	1,202E-1	0,000E+0	0	0111
30,012	10,200	9,200	1,940E+1	0,000E+0	1,534E+2	1,534E+2	0,000E+0	1,220E-1	1,205E-1	0,000E+0	0	0111
31,013	10,200	9,200	1,940E+1	0,000E+0	1,534E+2	1,534E+2	0,000E+0	1,220E-1	1,205E-1	0,000E+0	0	0111
32,013	10,200	9,200	1,940E+1	0,000E+0	1,535E+2	1,534E+2	0,000E+0	1,215E-1	1,205E-1	0,000E+0	0	0111
33,014	10,100	9,200	1,930E+1	0,000E+0	1,531E+2	1,536E+2	0,000E+0	1,202E-1	1,206E-1	0,000E+0	0	0111
34,014	10,200	9,200	1,940E+1	0,000E+0	1,535E+2	1,533E+2	0,000E+0	1,210E-1	1,199E-1	0,000E+0	0	0111
35,014	10,200	9,200	1,940E+1	0,000E+0	1,534E+2	1,535E+2	0,000E+0	1,214E-1	1,210E-1	0,000E+0	0	0111
36,016	10,200	9,200	1,940E+1	0,000E+0	1,533E+2	1,535E+2	0,000E+0	1,212E-1	1,206E-1	0,000E+0	0	0111
37,016	10,200	9,100	1,930E+1	0,000E+0	1,536E+2	1,533E+2	0,000E+0	1,213E-1	1,201E-1	0,000E+0	0	0111
38,016	10,100	9,200	1,930E+1	0,000E+0	1,532E+2	1,534E+2	0,000E+0	1,206E-1	1,200E-1	0,000E+0	0	0111
39,017	10,100	9,200	1,930E+1	0,000E+0	1,533E+2	1,536E+2	0,000E+0	1,209E-1	1,208E-1	0,000E+0	0	0111
40,017	10,200	9,200	1,940E+1	0,000E+0	1,533E+2	1,535E+2	0,000E+0	1,207E-1	1,208E-1	0,000E+0	0	0111
41,017	10,200	9,200	1,940E+1	0,000E+0	1,533E+2	1,535E+2	0,000E+0	1,207E-1	1,208E-1	0,000E+0	0	0111
42,017	10,100	9,300	1,940E+1	0,000E+0	1,535E+2	1,537E+2	0,000E+0	1,208E-1	1,205E-1	0,000E+0	0	0111
43,019	10,300	9,200	1,950E+1	0,000E+0	1,538E+2	1,533E+2	0,000E+0	1,219E-1	1,202E-1	0,000E+0	0	0111
44,018	10,200	9,200	1,940E+1	0,000E+0	1,535E+2	1,535E+2	0,000E+0	1,211E-1	1,201E-1	0,000E+0	0	0111
45,019	10,200	9,000	1,920E+1	0,000E+0	1,533E+2	1,530E+2	0,000E+0	1,210E-1	1,202E-1	0,000E+0	0	0111
46,019	10,200	9,100	1,930E+1	0,000E+0	1,533E+2	1,533E+2	0,000E+0	1,212E-1	1,200E-1	0,000E+0	0	0111
47,019	10,200	9,300	1,950E+1	0,000E+0	1,537E+2	1,536E+2	0,000E+0	1,210E-1	1,203E-1	0,000E+0	0	0111
48,020	10,200	9,300	1,950E+1	0,000E+0	1,537E+2	1,536E+2	0,000E+0	1,210E-1	1,203E-1	0,000E+0	0	0111
49,020	10,200	9,100	1,930E+1	0,000E+0	1,536E+2	1,534E+2	0,000E+0	1,215E-1	1,194E-1	0,000E+0	0	0111
50,021	10,400	9,200	1,960E+1	0,000E+0	1,538E+2	1,533E+2	0,000E+0	1,229E-1	1,202E-1	0,000E+0	0	0111
51,021	10,400	9,200	1,960E+1	0,000E+0	1,538E+2	1,533E+2	0,000E+0	1,229E-1	1,202E-1	0,000E+0	0	0111
52,021	10,100	9,200	1,930E+1	0,000E+0	1,534E+2	1,537E+2	0,000E+0	1,211E-1	1,204E-1	0,000E+0	0	0111
53,021	10,100	9,200	1,930E+1	0,000E+0	1,534E+2	1,537E+2	0,000E+0	1,211E-1	1,204E-1	0,000E+0	0	0111
54,021	10,200	9,200	1,940E+1	0,000E+0	1,536E+2	1,535E+2	0,000E+0	1,219E-1	1,205E-1	0,000E+0	0	0111
55,021	10,200	9,100	1,930E+1	0,000E+0	1,533E+2	1,533E+2	0,000E+0	1,213E-1	1,208E-1	0,000E+0	0	0111
56,021	10,200	9,200	1,940E+1	0,000E+0	1,531E+2	1,534E+2	0,000E+0	1,216E-1	1,211E-1	0,000E+0	0	0111
57,021	10,200	9,300	1,950E+1	0,000E+0	1,534E+2	1,537E+2	0,000E+0	1,227E-1	1,206E-1	0,000E+0	0	0111
58,021	10,200	9,200	1,940E+1	0,000E+0	1,534E+2	1,538E+2	0,000E+0	1,216E-1	1,206E-1	0,000E+0	0	0111
59,022	10,200	9,200	1,940E+1	0,000E+0	1,534E+2	1,538E+2	0,000E+0	1,216E-1	1,206E-1	0,000E+0	0	0111
60,022	10,200	9,100	1,930E+1	0,000E+0	1,532E+2	1,534E+2	0,000E+0	1,209E-1	1,204E-1	0,000E+0	0	0111
61,022	10,200	9,200	1,940E+1	0,000E+0	1,533E+2	1,535E+2	0,000E+0	1,218E-1	1,212E-1	0,000E+0	0	0111
62,023	10,200	9,300	1,950E+1	0,000E+0	1,533E+2	1,535E+2	0,000E+0	1,223E-1	1,215E-1	0,000E+0	0	0111
63,022	10,200	9,200	1,940E+1	0,000E+0	1,535E+2	1,535E+2	0,000E+0	1,214E-1	1,204E-1	0,000E+0	0	0111
64,022	10,100	9,200	1,930E+1	0,000E+0	1,532E+2	1,540E+2	0,000E+0	1,199E-1	1,211E-1	0,000E+0	0	0111
65,022	10,400	9,200	1,960E+1	0,000E+0	1,539E+2	1,534E+2	0,000E+0	1,228E-1	1,203E-1	0,000E+0	0	0111
66,022	10,200	9,200	1,940E+1	0,000E+0	1,536E+2	1,534E+2	0,000E+0	1,215E-1	1,204E-1	0,000E+0	0	0111
67,022	10,200	9,100	1,930E+1	0,000E+0	1,528E+2	1,533E+2	0,000E+0	1,219E-1	1,220E-1	0,000E+0	0	0111
68,022	10,200	9,200	1,940E+1	0,000E+0	1,533E+2	1,535E+2	0,000E+0	1,215E-1	1,212E-1	0,000E+0	0	0111
69,023	10,200	9,200	1,940E+1	0,000E+0	1,533E+2	1,537E+2	0,000E+0	1,219E-1	1,212E-1	0,000E+0	0	0111
70,022	10,200	9,200	1,940E+1	0,000E+0	1,533E+2	1,537E+2	0,000E+0	1,219E-1	1,212E-1	0,000E+0	0	0111
71,022	10,200	9,200	1,940E+1	0,000E+0	1,534E+2	1,538E+2	0,000E+0	1,213E-1	1,203E-1	0,000E+0	0	0111
72,022	10,300	9,200	1,950E+1	0,000E+0	1,534E+2	1,535E+2	0,000E+0	1,220E-1	1,213E-1	0,000E+0	0	0111
73,022	10,200	9,300	1,950E+1	0,000E+0	1,536E+2	1,538E+2	0,000E+0	1,216E-1	1,208E-1	0,000E+0	0	0111
74,023	10,200	9,300	1,950E+1	0,000E+0	1,536E+2	1,538E+2	0,000E+0	1,216E-1	1,208E-1	0,000E+0	0	0111
75,023	10,200	9,200	1,940E+1	0,000E+0	1,536E+2	1,536E+2	0,000E+0	1,213E-1	1,206E-1	0,000E+0	0	0111
76,025	10,200	9,200	1,940E+1	0,000E+0	1,536E+2	1,536E+2	0,000E+0	1,213E-1	1,206E-1	0,000E+0	0	0111
77,025	10,300	9,300	1,960E+1	0,000E+0	1,537E+2	1,538E+2	0,000E+0	1,224E-1	1,225E-1	0,000E+0	0	0111
78,025	10,200	9,200	1,940E+1	0,000E+0	1,536E+2	1,536E+2	0,000E+0	1,214E-1	1,205E-1	0,000E+0	0	0111
79,025	10,100	9,200	1,930E+1	0,000E+0	1,532E+2	1,533E+2	0,000E+0	1,200E-1	1,197E-1	0,000E+0	0	0111
80,025	10,200	9,300	1,950E+1	0,000E+0	1,535E+2	1,535E+2	0,000E+0	1,214E-1	1,211E-1	0,000E+0	0	0111
81,025	10,300	9,300	1,960E+1	0,000E+0	1,534E+2	1,539E+2	0,000E+0	1,220E-1	1,222E-1	0,000E+0	0	0111
82,025	10,300	9,300	1,960E+1	0,000E+0	1,534E+2	1,539E+2	0,000E+0	1,220E-1	1,222E-1	0,000E+0	0	0111
83,025	10,200	9,100	1,930E+1	0,000E+0	1,536E+2	1,533E+2	0,000E+0	1,212E-1	1,200E-1	0,000E+0	0	0111
84,025	10,300	9,100	1,940E+1	0,000E+0	1,536E+2	1,534E+2	0,000E+0	1,228E-1	1,204E-1	0,000E+0	0	0111
85,025	10,300	9,200	1,950E+1	0,000E+0	1,535E+2	1,536E+2	0,000E+0	1,223E-1	1,209E-1	0,000E+0	0	0111
86,025	10,200	9,200	1,940E+1	0,000E+0	1,536E+2	1,534E+2	0,000E+0	1,217E-1	1,201E-1	0,000E+0	0	0111
87,025	10,200	9,200	1,940E+1	0,000E+0	1,531E+2	1,536E+2	0,000E+0	1,214E-1	1,210E-1	0,000E+0	0	0111
88,025	10,200	9,200	1,940E+1	0,000E+0	1,531E+2	1,536E+2	0,000E+0	1,214E-1	1,210E-1	0,000E+0	0	0111
89,025	10,300	9,200	1,950E+1	0,000E+0	1,536E+2	1,536E+2	0,000E+0	1,221E-1	1,209E-1	0,000E+0	0	0111
90,026	10,200	9,100	1,930E+1	0,000E+0	1,536E+2	1,533E+2	0,000E+0	1,213E-1	1,200E-1	0,000E+0	0	0111
91,026	10,200	9,100	1,930E+1	0,000E+0	1,533E+2	1,532E+2	0,000E+0	1,218E-1	1,211E-1	0,000E+0	0	0111
92,026	10,200	9,200	1,940E+1	0,000E+0	1,533E+2	1,536E+2	0,000E+0	1,219E-1	1,215E-1	0,000E+0	0	0111
93,026	10,300	9,300	1,960E+1	0,000E+0	1,533E+2	1,536E+2	0,000E+0	1,220E-1	1,217E-1	0,000E+0	0	0111
94,026	10,200	9,200	1,940E+1	0,000E+0	1,535E+2	1,536E+2	0,000E+0	1,214E-1	1,207E-1	0,000E+0	0	0111
95,027	10,200	9,200	1,940E+1	0,000E+0	1,533E+2	1,535E+2	0,000E+0	1,210E-1	1,209E-1	0,000E+0	0	0111
96,027	10,200	9,200	1,940E+1	0,000E+0	1,536E+2	1,534E+2	0,000E+0	1,216E-1	1,201E-1	0,000E+0	0	0111
97,027	10,300	9,100	1,940E+1	0,000E+0	1,539E+2	1,533E+2	0,000E+0	1,230E-1	1,193E-1	0,000E+0	0	0111
98,027	10,200	9,200	1,940E+1	0,000E+0	1,537E+2	1,536E+2	0,000E+0	1,217E-1	1,208E-1	0,000E+0	0	0111
99,027	10,200	9,200	1,940E+1	0,000E+0	1,537E+2	1,536E+2	0,000E+0	1,217E-1	1,208E-1	0,000E+0	0	0111
100,027	10,200	9,200	1,940E+1	0,000E+0	1,535E+2	1,537E+2	0,000E+0	1,219E-1	1,208E-1	0,000E+0	0	0111
101,028	10,200	9,200	1,940E+1	0,000E+0	1,536E+2	1,538E+2	0,000E+0	1,211E-1	1,201E-1	0,000E+0	0	0111
102,029	10,300	9,100	1,940E+1	0,000E+0	1,536E+2	1,533E+2	0,000E+0	1,219E-1	1,200E-1	0,000E+0	0	0111
103,028	10,300	9,100	1,940E+1	0,000E+0	1,537E+2	1,534E+2	0,000E+0	1,226E-1	1,206E-1	0,000E+0	0	0111
104,028	10,300	9,300	1,960E+1	0,000E+0	1,536E+2	1,537E+2	0,000E+0	1,225E-1	1,216E-1	0,000E+0	0	0111
105,028	10,200	9,200	1,940E+1	0,000E+0	1,533E+2	1,536E+2	0,000E+0	1,216E-1	1,208E-1	0,000E+0	0	0111
106,028	10,200	9,200	1,940E+1	0,000E+0	1,534E+2	1,537E+2	0,000E+0	1,216E-1	1,213E-1	0,000E+0	0	0111
107,028	10,200	9,300	1,950E+1	0,000E+0	1,533E+2	1,537E+2	0,000E+0	1,216E-1	1,224E-1	0,000E+0	0	0111
108,028	10,300	9,200	1,950E+1	0,000E+0	1,537E+2	1,535E+2	0,000E+0	1,220E-1	1,209E-1	0,000E+0	0	0111
109,029	10,200	9,200	1,940E+1	0,000E+0	1,534E+2	1,535E+2	0,000E+0	1,219E-1	1,210E-1	0,000E+0	0	0111
110,028	10,200	9,200	1,940E+1	0,000E+0	1,534E+2	1,535E+2	0,000E+0	1,219E-1	1,210E-1	0,000E+0	0	0111
111,028	10,300	9,200	1,950E+1	0,000E+0	1,534E+2	1,536E+2	0,000E+0	1,219E-1	1,209E-1	0,000E+0	0	0111
112,028	10,300	9,200	1,950E+1	0,000E+0	1,534E+2	1,536E+2	0,000E+0	1,219E-1	1,209E-1	0,000E+0	0	0111
113,029	10,300	9,300	1,960E+1	0,000E+0	1,536E+2	1,537E+2	0,000E+0	1,219E-1	1,215E-1	0,000E+0	0	0111
114,029	10,200	9,200	1,940E+1	0,000E+0	1,538E+2	1,535E+2	0,000E+0	1,217E-1	1,204E-1	0,000E+0	0	0111
115,029	10,200	9,200	1,940E+1	0,000E+0	1,538E+2	1,535E+2	0,000E+0	1,217E-1	1,204E-1	0,000E+0	0	0111
116,029	10,200	9,200	1,940E+1	0,000E+0	1,536E+2	1,536E+2	0,000E+0	1,218E-1	1,201E-1	0,000E+0	0	0111
117,029	10,200	9,200	1,940E+1	0,000E+0	1,536E+2	1,536E+2	0,000E+0	1,218E-1	1,201E-1	0,000E+0	0	0111
118,029	10,200	9,300	1,950E+1	0,000E+0	1,537E+2	1,538E+2	0,000E+0	1,219E-1	1,211E-1	0,000E+0	0	0111
119,029	10,200	9,200	1,940E+1	0,000E+0	1,536E+2	1,536E+2	0,000E+0	1,219E-1	1,207E-1	0,000E+0	0	0111
120,029	10,200	9,200	1,940E+1	0,000E+0	1,538E+2	1,536E+2	0,000E+0	1,217E-1	1,199E-1	0,000E+0	0	0111
121,030	10,400	9,100	1,950E+1	0,000E+0	1,539E+2	1,532E+2	0,000E+0	1,232E-1	1,198E-1	0,000E+0	0	0111
122,030	10,200	9,200	1,940E+1	0,000E+0	1,536E+2	1,536E+2	0,000E+0	1,217E-1	1,210E-1	0,000E+0	0	0111
123,031	10,200	9,200	1,940E+1	0,000E+0	1,536E+2	1,536E+2	0,000E+0	1,217E-1	1,210E-1	0,000E+0	0	0111
124,031	10,200	9,200	1,940E+1	0,000E+0	1,536E+2	1,537E+2	0,000E+0	1,212E-1	1,208E-1	0,000E+0	0	0111
125,032	10,200	9,200	1,940E+1	0,000E+0	1,534E+2	1,535E+2	0,000E+0	1,219E-1	1,209E-1	0,000E+0	0	0111
126,032	10,300	9,200	1,950E+1	0,000E+0	1,537E+2	1,536E+2	0,000E+0	1,219E-1	1,208E-1	0,000E+0	0	0111
127,032	10,100	9,200	1,930E+1	0,000E+0	1,533E+2	1,537E+2	0,000E+0	1,202E-1	1,205E-1	0,000E+0	0	0111
128,032	10,100	9,300	1,940E+1	0,000E+0	1,529E+2	1,538E+2	0,000E+0	1,206E-1	1,220E-1	0,000E+0	0	0111
129,032	10,300	9,300	1,960E+1	0,000E+0	1,532E+2	1,536E+2	0,000E+0	1,224E-1	1,220E-1	0,000E+0	0	0111
130,032	10,200	9,200	1,940E+1	0,000E+0	1,534E+2	1,535E+2	0,000E+0	1,217E-1	1,211E-1	0,000E+0	0	0111
131,032	10,300	9,200	1,950E+1	0,000E+0	1,538E+2	1,532E+2	0,000E+0	1,218E-1	1,196E-1	0,000E+0	0	0111
132,032	10,200	9,300	1,950E+1	0,000E+0	1,532E+2	1,536E+2	0,000E+0	1,219E-1	1,218E-1	0,000E+0	0	0111
133,032	10,300	9,300	1,960E+1	0,000E+0	1,536E+2	1,536E+2	0,000E+0	1,222E-1	1,211E-1	0,000E+0	0	0111
134,032	10,300	9,300	1,960E+1	0,000E+0	1,536E+2	1,536E+2	0,000E+0	1,222E-1	1,211E-1	0,000E+0	0	0111
135,033	10,200	9,200	1,940E+1	0,000E+0	1,535E+2	1,539E+2	0,000E+0	1,216E-1	1,213E-1	0,000E+0	0	0111
136,032	10,200	9,300	1,950E+1	0,000E+0	1,537E+2	1,539E+2	0,000E+0	1,220E-1	1,211E-1	0,000E+0	0	0111
137,032	10,200	9,200	1,940E+1	0,000E+0	1,539E+2	1,537E+2	0,000E+0	1,218E-1	1,208E-1	0,000E+0	0	0111
138,032	10,200	9,200	1,940E+1	0,000E+0	1,535E+2	1,535E+2	0,000E+0	1,215E-1	1,209E-1	0,000E+0	0	0111
139,032	10,300	9,300	1,960E+1	0,000E+0	1,539E+2	1,538E+2	0,000E+0	1,220E-1	1,211E-1	0,000E+0	0	0111
140,032	10,200	9,200	1,940E+1	0,000E+0	1,537E+2	1,535E+2	0,000E+0	1,218E-1	1,199E-1	0,000E+0	0	0111
141,032	10,200	9,300	1,950E+1	0,000E+0	1,533E+2	1,538E+2	0,000E+0	1,214E-1	1,218E-1	0,000E+0	0	0111
142,033	10,200	9,300	1,950E+1	0,000E+0	1,535E+2	1,538E+2	0,000E+0	1,217E-1	1,220E-1	0,000E+0	0	0111
143,033	10,300	9,200	1,950E+1	0,000E+0	1,539E+2	1,536E+2	0,000E+0	1,222E-1	1,211E-1	0,000E+0	0	0111
144,033	10,100	9,200	1,930E+1	0,000E+0	1,533E+2	1,536E+2	0,000E+0	1,205E-1	1,205E-1	0,000E+0	0	0111
145,033	10,300	9,200	1,950E+1	0,000E+0	1,536E+2	1,535E+2	0,000E+0	1,226E-1	1,209E-1	0,000E+0	0	0111
146,033	10,300	9,200	1,950E+1	0,000E+0	1,536E+2	1,537E+2	0,000E+0	1,226E-1	1,214E-1	0,000E+0	0	0111
147,033	10,200	9,300	1,950E+1	0,000E+0	1,536E+2	1,538E+2	0,000E+0	1,213E-1	1,209E-1	0,000E+0	0	0111
148,033	10,400	9,100	1,950E+1	0,000E+0	1,541E+2	1,535E+2	0,000E+0	1,233E-1	1,188E-1	0,000E+0	0	0111
149,034	10,400	9,200	1,960E+1	0,000E+0	1,540E+2	1,533E+2	0,000E+0	1,229E-1	1,207E-1	0,000E+0	0	0111
150,034	10,400	9,200	1,960E+1	0,000E+0	1,540E+2	1,533E+2	0,000E+0	1,229E-1	1,207E-1	0,000E+0	0	0111
151,035	10,300	9,200	1,950E+1	0,000E+0	1,536E+2	1,536E+2	0,000E+0	1,219E-1	1,214E-1	0,000E+0	0	0111
152,035	10,300	9,200	1,950E+1	0,000E+0	1,533E+2	1,533E+2	0,000E+0	1,220E-1	1,209E-1	0,000E+0	0	0111
153,035	10,200	9,200	1,940E+1	0,000E+0	1,529E+2	1,537E+2	0,000E+0	1,222E-1	1,228E-1	0,000E+0	0	0111
154,035	10,200	9,300	1,950E+1	0,000E+0	1,536E+2	1,538E+2	0,000E+0	1,217E-1	1,212E-1	0,000E+0	0	0111
155,035	10,300	9,200	1,950E+1	0,000E+0	1,535E+2	1,535E+2	0,000E+0	1,218E-1	1,213E-1	0,000E+0	0	0111
156,035	10,300	9,200	1,950E+1	0,000E+0	1,535E+2	1,535E+2	0,000E+0	1,218E-1	1,213E-1	0,000E+0	0	0111
157,035	10,300	9,200	1,950E+1	0,000E+0	1,535E+2	1,535E+2	0,000E+0	1,218E-1	1,213E-1	0,000E+0	0	0111
158,035	10,200	9,200	1,940E+1	0,000E+0	1,537E+2	1,538E+2	0,000E+0	1,216E-1	1,205E-1	0,000E+0	0	0111
159,035	10,200	9,300	1,950E+1	0,000E+0	1,537E+2	1,539E+2	0,000E+0	1,216E-1	1,209E-1	0,000E+0	0	0111
160,036	10,300	9,300	1,960E+1	0,000E+0	1,537E+2	1,538E+2	0,000E+0	1,221E-1	1,213E-1	0,000E+0	0	0111
161,037	10,300	9,100	1,940E+1	0,000E+0	1,539E+2	1,533E+2	0,000E+0	1,221E-1	1,200E-1	0,000E+0	0	0111
162,036	10,300	9,100	1,940E+1	0,000E+0	1,539E+2	1,533E+2	0,000E+0	1,221E-1	1,200E-1	0,000E+0	0	0111
163,037	10,300	9,200	1,950E+1	0,000E+0	1,535E+2	1,534E+2	0,000E+0	1,220E-1	1,204E-1	0,000E+0	0	0111
164,037	10,300	9,300	1,960E+1	0,000E+0	1,536E+2	1,536E+2	0,000E+0	1,225E-1	1,216E-1	0,000E+0	0	0111
165,038	10,200	9,200	1,940E+1	0,000E+0	1,535E+2	1,536E+2	0,000E+0	1,215E-1	1,206E-1	0,000E+0	0	0111
166,038	10,100	9,200	1,930E+1	0,000E+0	1,530E+2	1,538E+2	0,000E+0	1,206E-1	1,210E-1	0,000E+0	0	0111
167,038	10,300	9,200	1,950E+1	0,000E+0	1,538E+2	1,534E+2	0,000E+0	1,226E-1	1,210E-1	0,000E+0	0	0111
168,040	10,300	9,400	1,970E+1	0,000E+0	1,533E+2	1,539E+2	0,000E+0	1,221E-1	1,221E-1	0,000E+0	0	0111
169,039	10,200	9,200	1,940E+1	0,000E+0	1,534E+2	1,536E+2	0,000E+0	1,217E-1	1,211E-1	0,000E+0	0	0111
170,039	10,100	9,300	1,940E+1	0,000E+0	1,531E+2	1,538E+2	0,000E+0	1,204E-1	1,219E-1	0,000E+0	0	0111
171,039	10,400	9,200	1,960E+1	0,000E+0	1,539E+2	1,535E+2	0,000E+0	1,230E-1	1,207E-1	0,000E+0	0	0111
172,040	10,300	9,200	1,950E+1	0,000E+0	1,539E+2	1,533E+2	0,000E+0	1,222E-1	1,208E-1	0,000E+0	0	0111
173,040	10,300	9,200	1,950E+1	0,000E+0	1,534E+2	1,535E+2	0,000E+0	1,225E-1	1,215E-1	0,000E+0	0	0111
174,040	10,300	9,200	1,950E+1	0,000E+0	1,534E+2	1,535E+2	0,000E+0	1,225E-1	1,215E-1	0,000E+0	0	0111
175,041	10,300	9,200	1,950E+1	0,000E+0	1,534E+2	1,535E+2	0,000E+0	1,225E-1	1,215E-1	0,000E+0	0	0111
176,040	10,200	9,300	1,950E+1	0,000E+0	1,535E+2	1,536E+2	0,000E+0	1,219E-1	1,211E-1	0,000E+0	0	0111
177,041	10,200	9,200	1,940E+1	0,000E+0	1,535E+2	1,536E+2	0,000E+0	1,220E-1	1,208E-1	0,000E+0	0	0111
178,041	10,300	9,200	1,950E+1	0,000E+0	1,534E+2	1,534E+2	0,000E+0	1,223E-1	1,216E-1	0,000E+0	0	0111
179,041	10,400	9,200	1,960E+1	0,000E+0	1,538E+2	1,533E+2	0,000E+0	1,232E-1	1,206E-1	0,000E+0	0	0111
180,042	10,300	9,300	1,960E+1	0,000E+0	1,535E+2	1,537E+2	0,000E+0	1,221E-1	1,214E-1	0,000E+0	0	0111
181,042	10,300	9,200	1,950E+1	0,000E+0	1,537E+2	1,534E+2	0,000E+0	1,220E-1	1,205E-1	0,000E+0	0	0111
182,043	10,200	9,200	1,940E+1	0,000E+0	1,535E+2	1,537E+2	0,000E+0	1,219E-1	1,213E-1	0,000E+0	0	0111
183,043	10,200	9,200	1,940E+1	0,000E+0	1,536E+2	1,535E+2	0,000E+0	1,216E-1	1,209E-1	0,000E+0	0	0111
184,043	10,300	9,200	1,950E+1	0,000E+0	1,538E+2	1,535E+2	0,000E+0	1,217E-1	1,206E-1	0,000E+0	0	0111
185,043	10,300	9,200	1,950E+1	0,000E+0	1,538E+2	1,535E+2	0,000E+0	1,217E-1	1,206E-1	0,000E+0	0	0111
186,043	10,100	9,300	1,940E+1	0,000E+0	1,534E+2	1,536E+2	0,000E+0	1,209E-1	1,213E-1	0,000E+0	0	0111
187,043	10,200	9,300	1,950E+1	0,000E+0	1,532E+2	1,538E+2	0,000E+0	1,216E-1	1,220E-1	0,000E+0	0	0111
188,043	10,200	9,300	1,950E+1	0,000E+0	1,536E+2	1,537E+2	0,000E+0	1,219E-1	1,211E-1	0,000E+0	0	0111
189,043	10,200	9,300	1,950E+1	0,000E+0	1,535E+2	1,538E+2	0,000E+0	1,215E-1	1,214E-1	0,000E+0	0	0111
190,044	10,300	9,200	1,950E+1	0,000E+0	1,537E+2	1,535E+2	0,000E+0	1,223E-1	1,211E-1	0,000E+0	0	0111
191,044	10,300	9,200	1,950E+1	0,000E+0	1,535E+2	1,534E+2	0,000E+0	1,225E-1	1,215E-1	0,000E+0	0	0111
192,044	10,300	9,300	1,960E+1	0,000E+0	1,531E+2	1,537E+2	0,000E+0	1,227E-1	1,231E-1	0,000E+0	0	0111
193,045	10,300	9,300	1,960E+1	0,000E+0	1,535E+2	1,536E+2	0,000E+0	1,226E-1	1,218E-1	0,000E+0	0	0111
194,045	10,300	9,300	1,960E+1	0,000E+0	1,537E+2	1,537E+2	0,000E+0	1,224E-1	1,214E-1	0,000E+0	0	0111
195,045	10,300	9,200	1,950E+1	0,000E+0	1,536E+2	1,536E+2	0,000E+0	1,222E-1	1,214E-1	0,000E+0	0	0111
196,045	10,300	9,200	1,950E+1	0,000E+0	1,536E+2	1,536E+2	0,000E+0	1,222E-1	1,214E-1	0,000E+0	0	0111
197,045	10,300	9,300	1,960E+1	0,000E+0	1,536E+2	1,537E+2	0,000E+0	1,222E-1	1,215E-1	0,000E+0	0	0111
198,045	10,200	9,200	1,940E+1	0,000E+0	1,536E+2	1,535E+2	0,000E+0	1,218E-1	1,208E-1	0,000E+0	0	0111
199,045	10,200	9,200	1,940E+1	0,000E+0	1,534E+2	1,536E+2	0,000E+0	1,215E-1	1,209E-1	0,000E+0	0	0111
200,045	10,300	9,200	1,950E+1	0,000E+0	1,541E+2	1,537E+2	0,000E+0	1,229E-1	1,195E-1	0,000E+0	0	0111
201,046	10,300	9,400	1,970E+1	0,000E+0	1,538E+2	1,542E+2	0,000E+0	1,228E-1	1,225E-1	0,000E+0	0	0111
202,045	10,200	9,300	1,950E+1	0,000E+0	1,537E+2	1,537E+2	0,000E+0	1,212E-1	1,210E-1	0,000E+0	0	0111
203,045	10,400	9,200	1,960E+1	0,000E+0	1,540E+2	1,534E+2	0,000E+0	1,228E-1	1,216E-1	0,000E+0	0	0111
204,045	10,300	9,300	1,960E+1	0,000E+0	1,536E+2	1,539E+2	0,000E+0	1,233E-1	1,216E-1	0,000E+0	0	0111
205,045	10,200	9,200	1,940E+1	0,000E+0	1,535E+2	1,537E+2	0,000E+0	1,218E-1	1,211E-1	0,000E+0	0	0111
206,045	10,200	9,200	1,940E+1	0,000E+0	1,534E+2	1,537E+2	0,000E+0	1,221E-1	1,215E-1	0,000E+0	0	0111
207,045	10,300	9,300	1,960E+1	0,000E+0	1,535E+2	1,537E+2	0,000E+0	1,223E-1	1,218E-1	0,000E+0	0	0111
208,047	10,300	9,300	1,960E+1	0,000E+0	1,535E+2	1,537E+2	0,000E+0	1,223E-1	1,218E-1	0,000E+0	0	0111
209,046	10,400	9,200	1,960E+1	0,000E+0	1,539E+2	1,535E+2	0,000E+0	1,232E-1	1,208E-1	0,000E+0	0	0111
210,046	10,300	9,200	1,950E+1	0,000E+0	1,537E+2	1,535E+2	0,000E+0	1,222E-1	1,208E-1	0,000E+0	0	0111
211,046	10,300	9,300	1,960E+1	0,000E+0	1,537E+2	1,537E+2	0,000E+0	1,229E-1	1,215E-1	0,000E+0	0	0111
212,046	10,300	9,300	1,960E+1	0,000E+0	1,536E+2	1,539E+2	0,000E+0	1,221E-1	1,215E-1	0,000E+0	0	0111
213,046	10,200	9,200	1,940E+1	0,000E+0	1,534E+2	1,535E+2	0,000E+0	1,221E-1	1,214E-1	0,000E+0	0	0111
214,046	10,200	9,200	1,940E+1	0,000E+0	1,534E+2	1,535E+2	0,000E+0	1,221E-1	1,214E-1	0,000E+0	0	0111
215,047	10,200	9,400	1,960E+1	0,000E+0	1,534E+2	1,539E+2	0,000E+0	1,221E-1	1,224E-1	0,000E+0	0	0111
216,046	10,200	9,200	1,940E+1	0,000E+0	1,537E+2	1,536E+2	0,000E+0	1,218E-1	1,208E-1	0,000E+0	0	0111
217,046	10,100	9,300	1,940E+1	0,000E+0	1,533E+2	1,539E+2	0,000E+0	1,206E-1	1,215E-1	0,000E+0	0	0111
