t	PL(A)	PL(B)	PL(T)	PL(E)	V(A)	V(B)	V(E)	I(A)	I(B)	I(E)	n_bracos	n_res
136,034	0,100	0,200	3,000E-1	0,000E+0	5,333E+1	5,331E+1	0,000E+0	0,000E+0	0,000E+0	0,000E+0	7	1111
0,003	0,000	0,000	0,000E+0	0,000E+0	0,000E+0	0,000E+0	0,000E+0	0,000E+0	0,000E+0	0,000E+0	7	1111
1,003	0,000	0,000	0,000E+0	0,000E+0	0,000E+0	0,000E+0	0,000E+0	0,000E+0	0,000E+0	0,000E+0	7	1111
2,002	0,000	0,000	0,000E+0	0,000E+0	0,000E+0	0,000E+0	0,000E+0	0,000E+0	0,000E+0	0,000E+0	7	1111
3,003	0,000	0,000	0,000E+0	0,000E+0	0,000E+0	0,000E+0	0,000E+0	0,000E+0	0,000E+0	0,000E+0	7	1111
4,002	0,000	0,000	0,000E+0	0,000E+0	0,000E+0	0,000E+0	0,000E+0	0,000E+0	0,000E+0	0,000E+0	7	1111
5,004	0,000	0,000	0,000E+0	0,000E+0	0,000E+0	0,000E+0	0,000E+0	0,000E+0	0,000E+0	0,000E+0	7	1111
6,003	0,000	0,000	0,000E+0	0,000E+0	0,000E+0	0,000E+0	0,000E+0	0,000E+0	0,000E+0	0,000E+0	7	1111
7,004	0,000	0,000	0,000E+0	0,000E+0	0,000E+0	0,000E+0	0,000E+0	0,000E+0	0,000E+0	0,000E+0	7	1111
8,005	0,000	0,000	0,000E+0	0,000E+0	0,000E+0	0,000E+0	0,000E+0	0,000E+0	0,000E+0	0,000E+0	7	1111
9,006	0,000	0,000	0,000E+0	0,000E+0	0,000E+0	0,000E+0	0,000E+0	0,000E+0	0,000E+0	0,000E+0	7	1111
10,005	0,000	0,000	0,000E+0	0,000E+0	0,000E+0	0,000E+0	0,000E+0	0,000E+0	0,000E+0	0,000E+0	7	1111
11,006	0,000	0,000	0,000E+0	0,000E+0	0,000E+0	0,000E+0	0,000E+0	0,000E+0	0,000E+0	0,000E+0	7	1111
12,005	0,000	0,000	0,000E+0	0,000E+0	0,000E+0	0,000E+0	0,000E+0	0,000E+0	0,000E+0	0,000E+0	7	1111
13,006	0,000	0,000	0,000E+0	0,000E+0	0,000E+0	0,000E+0	0,000E+0	0,000E+0	0,000E+0	0,000E+0	7	1111
14,006	0,000	0,000	0,000E+0	0,000E+0	0,000E+0	0,000E+0	0,000E+0	0,000E+0	0,000E+0	0,000E+0	7	1111
15,007	0,000	0,000	0,000E+0	0,000E+0	0,000E+0	0,000E+0	0,000E+0	0,000E+0	0,000E+0	0,000E+0	7	1111
16,007	0,000	0,000	0,000E+0	0,000E+0	0,000E+0	0,000E+0	0,000E+0	0,000E+0	0,000E+0	0,000E+0	7	1111
17,006	0,000	0,000	0,000E+0	0,000E+0	0,000E+0	0,000E+0	0,000E+0	0,000E+0	0,000E+0	0,000E+0	7	1111
18,007	0,000	0,000	0,000E+0	0,000E+0	0,000E+0	0,000E+0	0,000E+0	0,000E+0	0,000E+0	0,000E+0	7	1111
19,006	15,000	0,000	1,500E+1	0,000E+0	4,578E+1	4,066E+1	0,000E+0	1,911E+0	0,000E+0	0,000E+0	7	1111
20,007	15,000	0,000	1,500E+1	0,000E+0	4,578E+1	4,066E+1	0,000E+0	1,911E+0	0,000E+0	0,000E+0	7	1111
21,006	0,600	4,100	4,700E+0	0,000E+0	3,213E+1	4,370E+1	0,000E+0	6,428E-1	8,075E-1	0,000E+0	7	1111
22,007	0,000	0,000	0,000E+0	0,000E+0	1,234E+1	1,252E+1	0,000E+0	0,000E+0	0,000E+0	0,000E+0	7	1111
23,008	0,000	0,000	0,000E+0	0,000E+0	4,820E+0	4,840E+0	0,000E+0	0,000E+0	0,000E+0	0,000E+0	7	1111
24,007	1,100	3,100	4,200E+0	0,000E+0	8,890E+0	3,389E+1	0,000E+0	7,162E-1	1,150E+0	0,000E+0	7	1111
25,008	1,100	3,100	4,200E+0	0,000E+0	8,890E+0	3,389E+1	0,000E+0	7,162E-1	1,150E+0	0,000E+0	7	1111
26,007	43,700	43,800	8,750E+1	0,000E+0	3,512E+1	5,405E+1	0,000E+0	4,668E+0	4,662E+0	0,000E+0	7	1111
27,009	23,700	30,900	5,460E+1	0,000E+0	1,133E+2	1,036E+2	0,000E+0	9,021E-1	2,587E+0	0,000E+0	7	1111
28,008	41,600	52,800	9,440E+1	0,000E+0	1,780E+2	1,777E+2	0,000E+0	5,699E-1	5,671E-1	0,000E+0	7	1111
29,010	11,400	10,800	2,220E+1	0,000E+0	1,724E+2	1,721E+2	0,000E+0	1,141E-1	1,131E-1	0,000E+0	7	1111
30,010	13,000	12,100	2,510E+1	0,000E+0	1,677E+2	1,674E+2	0,000E+0	1,343E-1	1,327E-1	0,000E+0	7	1111
31,009	20,000	18,700	3,870E+1	0,000E+0	1,716E+2	1,711E+2	0,000E+0	1,902E-1	1,872E-1	0,000E+0	7	1111
32,010	16,400	15,400	3,180E+1	0,000E+0	1,721E+2	1,720E+2	0,000E+0	1,582E-1	1,565E-1	0,000E+0	7	1111
33,009	16,400	15,400	3,180E+1	0,000E+0	1,721E+2	1,720E+2	0,000E+0	1,582E-1	1,565E-1	0,000E+0	7	1111
34,011	16,400	15,300	3,170E+1	0,000E+0	1,722E+2	1,719E+2	0,000E+0	1,579E-1	1,558E-1	0,000E+0	7	1111
35,011	16,500	15,500	3,200E+1	0,000E+0	1,720E+2	1,720E+2	0,000E+0	1,588E-1	1,571E-1	0,000E+0	7	1111
36,011	16,500	15,500	3,200E+1	0,000E+0	1,720E+2	1,720E+2	0,000E+0	1,588E-1	1,571E-1	0,000E+0	7	1111
37,013	16,800	15,800	3,260E+1	0,000E+0	1,723E+2	1,721E+2	0,000E+0	1,611E-1	1,593E-1	0,000E+0	7	1111
38,012	16,500	15,600	3,210E+1	0,000E+0	1,721E+2	1,721E+2	0,000E+0	1,594E-1	1,585E-1	0,000E+0	7	1111
39,013	12,400	11,400	2,380E+1	0,000E+0	1,668E+2	1,665E+2	0,000E+0	1,300E-1	1,282E-1	0,000E+0	7	1111
40,013	4,300	3,500	7,800E+0	0,000E+0	1,415E+2	1,417E+2	0,000E+0	6,040E-2	6,000E-2	0,000E+0	7	1111
41,014	3,400	2,700	6,100E+0	0,000E+0	1,256E+2	1,256E+2	0,000E+0	5,750E-2	5,740E-2	0,000E+0	7	1111
42,014	7,400	6,300	1,370E+1	0,000E+0	1,309E+2	1,306E+2	0,000E+0	1,168E-1	1,161E-1	0,000E+0	7	1111
43,015	7,400	6,300	1,370E+1	0,000E+0	1,309E+2	1,306E+2	0,000E+0	1,168E-1	1,161E-1	0,000E+0	7	1111
44,015	13,000	11,600	2,460E+1	0,000E+0	1,510E+2	1,511E+2	0,000E+0	1,578E-1	1,564E-1	0,000E+0	7	1111
45,014	11,200	10,000	2,120E+1	0,000E+0	1,496E+2	1,499E+2	0,000E+0	1,393E-1	1,382E-1	0,000E+0	7	1111
46,015	11,200	10,000	2,120E+1	0,000E+0	1,487E+2	1,488E+2	0,000E+0	1,399E-1	1,388E-1	0,000E+0	7	1111
47,015	12,000	10,600	2,260E+1	0,000E+0	1,493E+2	1,496E+2	0,000E+0	1,484E-1	1,463E-1	0,000E+0	7	1111
48,016	11,700	10,400	2,210E+1	0,000E+0	1,496E+2	1,497E+2	0,000E+0	1,446E-1	1,441E-1	0,000E+0	7	1111
49,016	11,700	10,400	2,210E+1	0,000E+0	1,496E+2	1,497E+2	0,000E+0	1,446E-1	1,441E-1	0,000E+0	7	1111
50,015	11,800	10,500	2,230E+1	0,000E+0	1,494E+2	1,495E+2	0,000E+0	1,464E-1	1,456E-1	0,000E+0	7	1111
51,016	11,800	10,600	2,240E+1	0,000E+0	1,494E+2	1,496E+2	0,000E+0	1,460E-1	1,462E-1	0,000E+0	7	1111
52,015	11,700	10,400	2,210E+1	0,000E+0	1,495E+2	1,493E+2	0,000E+0	1,446E-1	1,437E-1	0,000E+0	7	1111
53,016	11,700	10,400	2,210E+1	0,000E+0	1,495E+2	1,493E+2	0,000E+0	1,446E-1	1,437E-1	0,000E+0	7	1111
54,016	11,800	10,400	2,220E+1	0,000E+0	1,494E+2	1,495E+2	0,000E+0	1,459E-1	1,443E-1	0,000E+0	7	1111
55,017	12,000	10,600	2,260E+1	0,000E+0	1,495E+2	1,498E+2	0,000E+0	1,486E-1	1,474E-1	0,000E+0	7	1111
56,017	11,800	10,700	2,250E+1	0,000E+0	1,496E+2	1,498E+2	0,000E+0	1,463E-1	1,465E-1	0,000E+0	7	1111
57,016	12,000	10,800	2,280E+1	0,000E+0	1,496E+2	1,497E+2	0,000E+0	1,485E-1	1,479E-1	0,000E+0	7	1111
58,017	12,000	10,600	2,260E+1	0,000E+0	1,497E+2	1,499E+2	0,000E+0	1,488E-1	1,469E-1	0,000E+0	7	1111
59,016	11,900	10,500	2,240E+1	0,000E+0	1,496E+2	1,496E+2	0,000E+0	1,472E-1	1,455E-1	0,000E+0	7	1111
60,018	11,900	10,500	2,240E+1	0,000E+0	1,496E+2	1,496E+2	0,000E+0	1,472E-1	1,455E-1	0,000E+0	7	1111
61,017	12,000	10,700	2,270E+1	0,000E+0	1,496E+2	1,498E+2	0,000E+0	1,483E-1	1,473E-1	0,000E+0	7	1111
62,018	12,000	10,700	2,270E+1	0,000E+0	1,496E+2	1,498E+2	0,000E+0	1,483E-1	1,473E-1	0,000E+0	7	1111
63,018	12,100	10,800	2,290E+1	0,000E+0	1,496E+2	1,499E+2	0,000E+0	1,496E-1	1,487E-1	0,000E+0	7	1111
64,017	12,300	10,900	2,320E+1	0,000E+0	1,498E+2	1,498E+2	0,000E+0	1,509E-1	1,497E-1	0,000E+0	7	1111
65,018	12,400	11,100	2,350E+1	0,000E+0	1,499E+2	1,501E+2	0,000E+0	1,528E-1	1,525E-1	0,000E+0	7	1111
66,017	12,400	11,100	2,350E+1	0,000E+0	1,499E+2	1,499E+2	0,000E+0	1,524E-1	1,520E-1	0,000E+0	7	1111
67,017	12,500	11,200	2,370E+1	0,000E+0	1,499E+2	1,501E+2	0,000E+0	1,539E-1	1,528E-1	0,000E+0	7	1111
68,018	12,600	11,300	2,390E+1	0,000E+0	1,499E+2	1,503E+2	0,000E+0	1,550E-1	1,543E-1	0,000E+0	7	1111
69,018	12,800	11,400	2,420E+1	0,000E+0	1,503E+2	1,504E+2	0,000E+0	1,568E-1	1,556E-1	0,000E+0	7	1111
70,018	13,000	11,600	2,460E+1	0,000E+0	1,506E+2	1,504E+2	0,000E+0	1,586E-1	1,578E-1	0,000E+0	7	1111
71,018	13,000	11,600	2,460E+1	0,000E+0	1,506E+2	1,504E+2	0,000E+0	1,586E-1	1,578E-1	0,000E+0	7	1111
72,018	13,000	11,700	2,470E+1	0,000E+0	1,505E+2	1,506E+2	0,000E+0	1,587E-1	1,582E-1	0,000E+0	7	1111
73,019	13,100	11,800	2,490E+1	0,000E+0	1,502E+2	1,505E+2	0,000E+0	1,600E-1	1,598E-1	0,000E+0	7	1111
74,019	13,500	12,000	2,550E+1	0,000E+0	1,508E+2	1,508E+2	0,000E+0	1,646E-1	1,617E-1	0,000E+0	7	1111
75,018	13,700	12,400	2,610E+1	0,000E+0	1,507E+2	1,508E+2	0,000E+0	1,661E-1	1,660E-1	0,000E+0	7	1111
76,020	14,600	13,100	2,770E+1	0,000E+0	1,510E+2	1,514E+2	0,000E+0	1,757E-1	1,748E-1	0,000E+0	7	1111
77,019	15,300	13,700	2,900E+1	0,000E+0	1,516E+2	1,514E+2	0,000E+0	1,813E-1	1,806E-1	0,000E+0	7	1111
78,021	15,900	14,200	3,010E+1	0,000E+0	1,517E+2	1,517E+2	0,000E+0	1,877E-1	1,867E-1	0,000E+0	7	1111
79,020	16,700	15,000	3,170E+1	0,000E+0	1,516E+2	1,520E+2	0,000E+0	1,965E-1	1,955E-1	0,000E+0	7	1111
80,021	18,100	16,200	3,430E+1	0,000E+0	1,521E+2	1,523E+2	0,000E+0	2,113E-1	2,086E-1	0,000E+0	7	1111
81,021	18,100	16,200	3,430E+1	0,000E+0	1,521E+2	1,523E+2	0,000E+0	2,113E-1	2,086E-1	0,000E+0	7	1111
82,020	18,400	16,800	3,520E+1	0,000E+0	1,521E+2	1,523E+2	0,000E+0	2,142E-1	2,153E-1	0,000E+0	7	1111
83,021	20,500	19,000	3,950E+1	0,000E+0	1,529E+2	1,532E+2	0,000E+0	2,358E-1	2,365E-1	0,000E+0	7	1111
84,020	22,300	21,300	4,360E+1	0,000E+0	1,536E+2	1,540E+2	0,000E+0	2,571E-1	2,581E-1	0,000E+0	7	1111
85,021	23,700	22,600	4,630E+1	0,000E+0	1,541E+2	1,543E+2	0,000E+0	2,720E-1	2,726E-1	0,000E+0	7	1111
86,020	24,800	23,800	4,860E+1	0,000E+0	1,546E+2	1,547E+2	0,000E+0	2,840E-1	2,838E-1	0,000E+0	7	1111
87,021	26,400	25,400	5,180E+1	0,000E+0	1,549E+2	1,551E+2	0,000E+0	3,027E-1	3,017E-1	0,000E+0	7	1111
88,021	26,400	25,400	5,180E+1	0,000E+0	1,549E+2	1,551E+2	0,000E+0	3,027E-1	3,017E-1	0,000E+0	7	1111
89,020	29,400	28,700	5,810E+1	0,000E+0	1,559E+2	1,561E+2	0,000E+0	3,374E-1	3,342E-1	0,000E+0	7	1111
90,022	30,800	30,700	6,150E+1	0,000E+0	1,564E+2	1,562E+2	0,000E+0	3,555E-1	3,557E-1	0,000E+0	7	1111
91,021	31,300	31,200	6,250E+1	0,000E+0	1,563E+2	1,565E+2	0,000E+0	3,611E-1	3,605E-1	0,000E+0	7	1111
92,022	32,100	32,300	6,440E+1	0,000E+0	1,566E+2	1,568E+2	0,000E+0	3,709E-1	3,696E-1	0,000E+0	7	1111
93,021	32,900	33,500	6,640E+1	0,000E+0	1,569E+2	1,572E+2	0,000E+0	3,812E-1	3,815E-1	0,000E+0	7	1111
94,022	33,800	34,400	6,820E+1	0,000E+0	1,571E+2	1,572E+2	0,000E+0	3,922E-1	3,913E-1	0,000E+0	7	1111
95,022	33,800	34,400	6,820E+1	0,000E+0	1,571E+2	1,572E+2	0,000E+0	3,922E-1	3,913E-1	0,000E+0	7	1111
96,022	34,500	35,100	6,960E+1	0,000E+0	1,571E+2	1,576E+2	0,000E+0	4,015E-1	3,995E-1	0,000E+0	7	1111
97,023	35,700	36,800	7,250E+1	0,000E+0	1,578E+2	1,577E+2	0,000E+0	4,154E-1	4,150E-1	0,000E+0	7	1111
98,023	35,700	36,800	7,250E+1	0,000E+0	1,578E+2	1,577E+2	0,000E+0	4,154E-1	4,150E-1	0,000E+0	7	1111
99,024	35,800	37,000	7,280E+1	0,000E+0	1,575E+2	1,576E+2	0,000E+0	4,163E-1	4,169E-1	0,000E+0	7	1111
100,024	36,300	37,700	7,400E+1	0,000E+0	1,574E+2	1,578E+2	0,000E+0	4,235E-1	4,234E-1	0,000E+0	7	1111
101,023	36,700	38,100	7,480E+1	0,000E+0	1,576E+2	1,577E+2	0,000E+0	4,267E-1	4,271E-1	0,000E+0	7	1111
102,025	37,000	38,200	7,520E+1	0,000E+0	1,580E+2	1,577E+2	0,000E+0	4,315E-1	4,297E-1	0,000E+0	7	1111
103,025	37,200	38,500	7,570E+1	0,000E+0	1,578E+2	1,577E+2	0,000E+0	4,345E-1	4,325E-1	0,000E+0	7	1111
104,026	37,400	38,900	7,630E+1	0,000E+0	1,577E+2	1,578E+2	0,000E+0	4,353E-1	4,350E-1	0,000E+0	7	1111
105,026	37,400	38,900	7,630E+1	0,000E+0	1,577E+2	1,578E+2	0,000E+0	4,353E-1	4,350E-1	0,000E+0	7	1111
106,025	37,600	39,300	7,690E+1	0,000E+0	1,581E+2	1,582E+2	0,000E+0	4,407E-1	4,387E-1	0,000E+0	7	1111
107,027	27,900	27,700	5,560E+1	0,000E+0	1,570E+2	1,571E+2	0,000E+0	3,453E-1	3,413E-1	0,000E+0	7	1111
108,026	10,100	9,000	1,910E+1	0,000E+0	1,499E+2	1,501E+2	0,000E+0	1,247E-1	1,244E-1	0,000E+0	7	1111
109,027	1,900	1,400	3,300E+0	0,000E+0	1,115E+2	1,118E+2	0,000E+0	4,140E-2	4,150E-2	0,000E+0	7	1111
