t	PL(A)	PL(B)	PL(T)	PL(E)	V(A)	V(B)	V(E)	I(A)	I(B)	I(E)	n_bracos	n_res
0,000	0,000	0,000	0,000E+0	0,000E+0	0,000E+0	0,000E+0	0,000E+0	0,000E+0	0,000E+0	0,000E+0	7	0001
0,002	0,000	0,000	0,000E+0	0,000E+0	0,000E+0	0,000E+0	0,000E+0	0,000E+0	0,000E+0	0,000E+0	7	0001
1,001	0,000	0,000	0,000E+0	0,000E+0	0,000E+0	0,000E+0	0,000E+0	0,000E+0	0,000E+0	0,000E+0	7	0001
2,002	0,000	0,000	0,000E+0	0,000E+0	0,000E+0	0,000E+0	0,000E+0	0,000E+0	0,000E+0	0,000E+0	7	0001
3,002	0,000	0,000	0,000E+0	0,000E+0	0,000E+0	0,000E+0	0,000E+0	0,000E+0	0,000E+0	0,000E+0	7	0001
4,002	0,000	0,000	0,000E+0	0,000E+0	0,000E+0	0,000E+0	0,000E+0	0,000E+0	0,000E+0	0,000E+0	7	0001
5,002	0,000	0,000	0,000E+0	0,000E+0	0,000E+0	0,000E+0	0,000E+0	0,000E+0	0,000E+0	0,000E+0	7	0001
6,001	0,000	0,000	0,000E+0	0,000E+0	0,000E+0	0,000E+0	0,000E+0	0,000E+0	0,000E+0	0,000E+0	7	0001
7,002	0,000	0,000	0,000E+0	0,000E+0	0,000E+0	0,000E+0	0,000E+0	0,000E+0	0,000E+0	0,000E+0	7	0001
8,001	0,000	0,000	0,000E+0	0,000E+0	0,000E+0	0,000E+0	0,000E+0	0,000E+0	0,000E+0	0,000E+0	7	0001
9,002	0,000	0,000	0,000E+0	0,000E+0	0,000E+0	0,000E+0	0,000E+0	0,000E+0	0,000E+0	0,000E+0	7	0001
10,002	0,000	0,000	0,000E+0	0,000E+0	0,000E+0	0,000E+0	0,000E+0	0,000E+0	0,000E+0	0,000E+0	7	0001
11,002	0,000	0,000	0,000E+0	0,000E+0	0,000E+0	0,000E+0	0,000E+0	0,000E+0	0,000E+0	0,000E+0	7	0001
12,003	0,000	0,000	0,000E+0	0,000E+0	0,000E+0	0,000E+0	0,000E+0	0,000E+0	0,000E+0	0,000E+0	7	0001
13,003	0,000	0,000	0,000E+0	0,000E+0	0,000E+0	0,000E+0	0,000E+0	0,000E+0	0,000E+0	0,000E+0	7	0001
14,005	0,000	0,000	0,000E+0	0,000E+0	0,000E+0	0,000E+0	0,000E+0	0,000E+0	0,000E+0	0,000E+0	7	0001
15,004	0,000	0,000	0,000E+0	0,000E+0	0,000E+0	0,000E+0	0,000E+0	0,000E+0	0,000E+0	0,000E+0	7	0001
16,005	0,000	0,000	0,000E+0	0,000E+0	0,000E+0	0,000E+0	0,000E+0	0,000E+0	0,000E+0	0,000E+0	7	0001
17,005	0,000	0,000	0,000E+0	0,000E+0	0,000E+0	0,000E+0	0,000E+0	0,000E+0	0,000E+0	0,000E+0	7	0001
18,006	0,000	0,000	0,000E+0	0,000E+0	0,000E+0	0,000E+0	0,000E+0	0,000E+0	0,000E+0	0,000E+0	7	0001
19,006	0,000	0,000	0,000E+0	0,000E+0	0,000E+0	0,000E+0	0,000E+0	0,000E+0	0,000E+0	0,000E+0	7	0001
20,005	0,000	0,000	0,000E+0	0,000E+0	0,000E+0	0,000E+0	0,000E+0	0,000E+0	0,000E+0	0,000E+0	7	0001
21,007	0,000	0,000	0,000E+0	0,000E+0	0,000E+0	0,000E+0	0,000E+0	0,000E+0	0,000E+0	0,000E+0	7	0001
22,007	0,000	0,000	0,000E+0	0,000E+0	0,000E+0	0,000E+0	0,000E+0	0,000E+0	0,000E+0	0,000E+0	7	0001
23,007	4,000	1,900	5,900E+0	0,000E+0	3,456E+1	1,088E+1	0,000E+0	1,363E+0	9,086E-1	0,000E+0	7	0001
24,007	45,700	47,800	9,350E+1	0,000E+0	5,412E+1	3,744E+1	0,000E+0	4,808E+0	4,813E+0	0,000E+0	7	0001
25,008	35,400	4,300	3,970E+1	0,000E+0	4,817E+1	4,115E+1	0,000E+0	4,140E+0	7,601E-1	0,000E+0	7	0001
26,009	0,000	0,000	0,000E+0	0,000E+0	1,553E+1	1,490E+1	0,000E+0	0,000E+0	0,000E+0	0,000E+0	7	0001
27,009	0,000	0,000	0,000E+0	0,000E+0	7,420E+0	9,730E+0	0,000E+0	0,000E+0	0,000E+0	0,000E+0	7	0001
28,010	0,000	2,400	2,400E+0	0,000E+0	3,197E+1	2,723E+1	0,000E+0	0,000E+0	7,295E-1	0,000E+0	7	0001
29,010	0,100	87,900	8,800E+1	0,000E+0	5,307E+1	7,989E+1	0,000E+0	0,000E+0	4,651E+0	0,000E+0	7	0001
30,010	6,800	17,000	2,380E+1	0,000E+0	7,446E+1	9,614E+1	0,000E+0	8,090E-1	1,154E+0	0,000E+0	7	0001
31,011	46,600	58,000	1,046E+2	0,000E+0	1,602E+2	1,598E+2	0,000E+0	6,470E-1	6,402E-1	0,000E+0	7	0001
32,011	12,000	11,500	2,350E+1	0,000E+0	1,767E+2	1,766E+2	0,000E+0	1,157E-1	1,143E-1	0,000E+0	7	0001
33,012	12,000	11,500	2,350E+1	0,000E+0	1,767E+2	1,766E+2	0,000E+0	1,157E-1	1,143E-1	0,000E+0	7	0001
34,013	13,200	12,300	2,550E+1	0,000E+0	1,652E+2	1,652E+2	0,000E+0	1,396E-1	1,384E-1	0,000E+0	7	0001
35,012	19,200	18,000	3,720E+1	0,000E+0	1,714E+2	1,715E+2	0,000E+0	1,838E-1	1,809E-1	0,000E+0	7	0001
36,013	14,900	14,000	2,890E+1	0,000E+0	1,721E+2	1,721E+2	0,000E+0	1,454E-1	1,441E-1	0,000E+0	7	0001
37,013	14,300	13,300	2,760E+1	0,000E+0	1,711E+2	1,707E+2	0,000E+0	1,416E-1	1,397E-1	0,000E+0	7	0001
38,013	14,300	13,300	2,760E+1	0,000E+0	1,711E+2	1,707E+2	0,000E+0	1,416E-1	1,397E-1	0,000E+0	7	0001
39,013	15,400	14,400	2,980E+1	0,000E+0	1,713E+2	1,712E+2	0,000E+0	1,512E-1	1,490E-1	0,000E+0	7	0001
40,013	14,900	14,000	2,890E+1	0,000E+0	1,716E+2	1,716E+2	0,000E+0	1,465E-1	1,448E-1	0,000E+0	7	0001
41,013	14,700	13,700	2,840E+1	0,000E+0	1,712E+2	1,709E+2	0,000E+0	1,451E-1	1,428E-1	0,000E+0	7	0001
42,013	15,200	14,100	2,930E+1	0,000E+0	1,714E+2	1,712E+2	0,000E+0	1,484E-1	1,464E-1	0,000E+0	7	0001
43,014	15,100	14,000	2,910E+1	0,000E+0	1,714E+2	1,712E+2	0,000E+0	1,482E-1	1,454E-1	0,000E+0	7	0001
44,015	14,900	14,000	2,890E+1	0,000E+0	1,715E+2	1,714E+2	0,000E+0	1,465E-1	1,447E-1	0,000E+0	7	0001
45,016	14,900	14,000	2,890E+1	0,000E+0	1,715E+2	1,714E+2	0,000E+0	1,465E-1	1,447E-1	0,000E+0	7	0001
46,016	14,900	14,000	2,890E+1	0,000E+0	1,715E+2	1,714E+2	0,000E+0	1,465E-1	1,447E-1	0,000E+0	7	0001
47,016	14,900	14,000	2,890E+1	0,000E+0	1,715E+2	1,714E+2	0,000E+0	1,465E-1	1,447E-1	0,000E+0	7	0001
48,017	15,100	14,200	2,930E+1	0,000E+0	1,717E+2	1,714E+2	0,000E+0	1,479E-1	1,464E-1	0,000E+0	7	0001
49,016	14,200	13,300	2,750E+1	0,000E+0	1,706E+2	1,704E+2	0,000E+0	1,415E-1	1,395E-1	0,000E+0	7	0001
50,018	6,800	6,000	1,280E+1	0,000E+0	1,519E+2	1,522E+2	0,000E+0	8,380E-2	8,350E-2	0,000E+0	7	0001
51,019	6,800	6,000	1,280E+1	0,000E+0	1,519E+2	1,522E+2	0,000E+0	8,380E-2	8,350E-2	0,000E+0	7	0001
52,019	11,200	10,100	2,130E+1	0,000E+0	1,500E+2	1,499E+2	0,000E+0	1,400E-1	1,391E-1	0,000E+0	7	0001
53,019	16,200	14,700	3,090E+1	0,000E+0	1,580E+2	1,583E+2	0,000E+0	1,807E-1	1,797E-1	0,000E+0	7	0001
54,019	16,200	14,700	3,090E+1	0,000E+0	1,580E+2	1,583E+2	0,000E+0	1,807E-1	1,797E-1	0,000E+0	7	0001
55,019	12,900	11,800	2,470E+1	0,000E+0	1,594E+2	1,596E+2	0,000E+0	1,438E-1	1,424E-1	0,000E+0	7	0001
56,018	11,300	10,200	2,150E+1	0,000E+0	1,569E+2	1,568E+2	0,000E+0	1,310E-1	1,293E-1	0,000E+0	7	0001
57,020	12,000	11,000	2,300E+1	0,000E+0	1,569E+2	1,569E+2	0,000E+0	1,385E-1	1,379E-1	0,000E+0	7	0001
58,021	12,500	11,400	2,390E+1	0,000E+0	1,579E+2	1,580E+2	0,000E+0	1,425E-1	1,414E-1	0,000E+0	7	0001
59,020	11,900	11,000	2,290E+1	0,000E+0	1,575E+2	1,580E+2	0,000E+0	1,370E-1	1,365E-1	0,000E+0	7	0001
60,022	11,900	10,800	2,270E+1	0,000E+0	1,571E+2	1,571E+2	0,000E+0	1,374E-1	1,358E-1	0,000E+0	7	0001
61,022	11,900	10,800	2,270E+1	0,000E+0	1,571E+2	1,571E+2	0,000E+0	1,374E-1	1,358E-1	0,000E+0	7	0001
62,022	12,200	11,100	2,330E+1	0,000E+0	1,576E+2	1,574E+2	0,000E+0	1,389E-1	1,381E-1	0,000E+0	7	0001
63,023	12,000	10,900	2,290E+1	0,000E+0	1,576E+2	1,576E+2	0,000E+0	1,372E-1	1,364E-1	0,000E+0	7	0001
64,024	12,000	10,900	2,290E+1	0,000E+0	1,576E+2	1,576E+2	0,000E+0	1,372E-1	1,364E-1	0,000E+0	7	0001
65,024	11,900	11,000	2,290E+1	0,000E+0	1,578E+2	1,575E+2	0,000E+0	1,366E-1	1,358E-1	0,000E+0	7	0001
66,023	12,100	10,900	2,300E+1	0,000E+0	1,581E+2	1,579E+2	0,000E+0	1,384E-1	1,370E-1	0,000E+0	7	0001
67,024	11,900	10,700	2,260E+1	0,000E+0	1,573E+2	1,571E+2	0,000E+0	1,371E-1	1,349E-1	0,000E+0	7	0001
68,025	12,100	11,100	2,320E+1	0,000E+0	1,575E+2	1,578E+2	0,000E+0	1,386E-1	1,378E-1	0,000E+0	7	0001
69,025	12,300	11,200	2,350E+1	0,000E+0	1,578E+2	1,581E+2	0,000E+0	1,402E-1	1,395E-1	0,000E+0	7	0001
70,025	12,300	11,000	2,330E+1	0,000E+0	1,580E+2	1,579E+2	0,000E+0	1,402E-1	1,383E-1	0,000E+0	7	0001
71,025	12,300	11,300	2,360E+1	0,000E+0	1,576E+2	1,581E+2	0,000E+0	1,405E-1	1,405E-1	0,000E+0	7	0001
72,026	12,300	11,300	2,360E+1	0,000E+0	1,576E+2	1,581E+2	0,000E+0	1,405E-1	1,405E-1	0,000E+0	7	0001
73,026	12,000	11,000	2,300E+1	0,000E+0	1,571E+2	1,576E+2	0,000E+0	1,386E-1	1,374E-1	0,000E+0	7	0001
74,027	12,200	11,200	2,340E+1	0,000E+0	1,576E+2	1,577E+2	0,000E+0	1,399E-1	1,403E-1	0,000E+0	7	0001
75,028	12,200	11,100	2,330E+1	0,000E+0	1,579E+2	1,578E+2	0,000E+0	1,394E-1	1,381E-1	0,000E+0	7	0001
76,029	12,000	10,900	2,290E+1	0,000E+0	1,575E+2	1,575E+2	0,000E+0	1,372E-1	1,361E-1	0,000E+0	7	0001
77,029	11,900	10,900	2,280E+1	0,000E+0	1,574E+2	1,573E+2	0,000E+0	1,363E-1	1,357E-1	0,000E+0	7	0001
78,030	11,900	10,900	2,280E+1	0,000E+0	1,574E+2	1,573E+2	0,000E+0	1,363E-1	1,357E-1	0,000E+0	7	0001
79,031	12,300	11,000	2,330E+1	0,000E+0	1,579E+2	1,577E+2	0,000E+0	1,403E-1	1,370E-1	0,000E+0	7	0001
80,032	12,100	10,900	2,300E+1	0,000E+0	1,576E+2	1,575E+2	0,000E+0	1,386E-1	1,367E-1	0,000E+0	7	0001
81,033	11,900	10,700	2,260E+1	0,000E+0	1,574E+2	1,572E+2	0,000E+0	1,370E-1	1,355E-1	0,000E+0	7	0001
82,033	12,000	11,000	2,300E+1	0,000E+0	1,572E+2	1,575E+2	0,000E+0	1,375E-1	1,372E-1	0,000E+0	7	0001
83,034	12,200	11,200	2,340E+1	0,000E+0	1,574E+2	1,579E+2	0,000E+0	1,401E-1	1,405E-1	0,000E+0	7	0001
84,034	12,300	11,200	2,350E+1	0,000E+0	1,576E+2	1,577E+2	0,000E+0	1,407E-1	1,394E-1	0,000E+0	7	0001
85,034	12,600	11,300	2,390E+1	0,000E+0	1,573E+2	1,579E+2	0,000E+0	1,442E-1	1,423E-1	0,000E+0	7	0001
86,035	12,800	11,500	2,430E+1	0,000E+0	1,579E+2	1,581E+2	0,000E+0	1,448E-1	1,426E-1	0,000E+0	7	0001
87,036	12,900	11,600	2,450E+1	0,000E+0	1,580E+2	1,585E+2	0,000E+0	1,467E-1	1,434E-1	0,000E+0	7	0001
88,036	13,000	11,700	2,470E+1	0,000E+0	1,586E+2	1,581E+2	0,000E+0	1,468E-1	1,433E-1	0,000E+0	7	0001
89,036	13,300	12,000	2,530E+1	0,000E+0	1,586E+2	1,583E+2	0,000E+0	1,497E-1	1,476E-1	0,000E+0	7	0001
90,037	13,700	12,500	2,620E+1	0,000E+0	1,586E+2	1,588E+2	0,000E+0	1,541E-1	1,526E-1	0,000E+0	7	0001
91,037	14,000	12,800	2,680E+1	0,000E+0	1,590E+2	1,590E+2	0,000E+0	1,565E-1	1,563E-1	0,000E+0	7	0001
92,038	14,000	13,200	2,720E+1	0,000E+0	1,592E+2	1,592E+2	0,000E+0	1,560E-1	1,586E-1	0,000E+0	7	0001
93,038	14,000	13,200	2,720E+1	0,000E+0	1,592E+2	1,592E+2	0,000E+0	1,560E-1	1,586E-1	0,000E+0	3	0001
94,038	14,600	13,200	2,780E+1	0,000E+0	1,599E+2	1,593E+2	0,000E+0	1,619E-1	1,593E-1	0,000E+0	3	0001
95,037	15,300	13,900	2,920E+1	0,000E+0	1,597E+2	1,595E+2	0,000E+0	1,687E-1	1,665E-1	0,000E+0	3	0001
96,038	15,900	14,400	3,030E+1	0,000E+0	1,597E+2	1,600E+2	0,000E+0	1,744E-1	1,718E-1	0,000E+0	3	0001
97,039	16,600	15,100	3,170E+1	0,000E+0	1,603E+2	1,601E+2	0,000E+0	1,790E-1	1,768E-1	0,000E+0	3	0001
98,039	17,200	15,500	3,270E+1	0,000E+0	1,601E+2	1,601E+2	0,000E+0	1,854E-1	1,823E-1	0,000E+0	3	0001
99,039	17,200	15,500	3,270E+1	0,000E+0	1,601E+2	1,601E+2	0,000E+0	1,854E-1	1,823E-1	0,000E+0	3	0001
100,038	19,900	17,900	3,780E+1	0,000E+0	1,610E+2	1,607E+2	0,000E+0	2,088E-1	2,050E-1	0,000E+0	3	0001
101,040	19,900	17,900	3,780E+1	0,000E+0	1,610E+2	1,607E+2	0,000E+0	2,088E-1	2,050E-1	0,000E+0	3	0001
102,041	22,000	21,100	4,310E+1	0,000E+0	1,617E+2	1,618E+2	0,000E+0	2,316E-1	2,322E-1	0,000E+0	3	0001
103,042	23,800	22,000	4,580E+1	0,000E+0	1,622E+2	1,619E+2	0,000E+0	2,493E-1	2,427E-1	0,000E+0	3	0001
104,043	23,800	22,000	4,580E+1	0,000E+0	1,622E+2	1,619E+2	0,000E+0	2,493E-1	2,427E-1	0,000E+0	3	0001
105,043	25,400	23,500	4,890E+1	0,000E+0	1,632E+2	1,622E+2	0,000E+0	2,624E-1	2,547E-1	0,000E+0	3	0001
106,043	26,700	26,100	5,280E+1	0,000E+0	1,634E+2	1,631E+2	0,000E+0	2,774E-1	2,781E-1	0,000E+0	3	0001
107,042	28,600	26,900	5,550E+1	0,000E+0	1,641E+2	1,629E+2	0,000E+0	2,950E-1	2,862E-1	0,000E+0	3	0001
108,043	29,200	28,600	5,780E+1	0,000E+0	1,641E+2	1,638E+2	0,000E+0	3,033E-1	2,995E-1	0,000E+0	3	0001
109,043	30,300	30,100	6,040E+1	0,000E+0	1,645E+2	1,641E+2	0,000E+0	3,154E-1	3,133E-1	0,000E+0	3	0001
110,043	31,300	30,500	6,180E+1	0,000E+0	1,647E+2	1,637E+2	0,000E+0	3,256E-1	3,195E-1	0,000E+0	3	0001
111,043	31,300	30,500	6,180E+1	0,000E+0	1,647E+2	1,637E+2	0,000E+0	3,256E-1	3,195E-1	0,000E+0	3	0001
112,044	7,500	6,400	1,390E+1	0,000E+0	1,011E+2	1,017E+2	0,000E+0	2,131E-1	2,329E-1	0,000E+0	3	0001
113,045	4,900	3,800	8,700E+0	0,000E+0	1,027E+2	1,029E+2	0,000E+0	2,506E-1	2,811E-1	0,000E+0	3	0001
114,044	0,800	3,300	4,100E+0	0,000E+0	4,689E+1	4,718E+1	0,000E+0	4,197E-1	4,485E-1	0,000E+0	3	0001
115,045	0,000	0,000	0,000E+0	0,000E+0	1,296E+1	1,191E+1	0,000E+0	0,000E+0	0,000E+0	0,000E+0	3	0001
116,046	0,000	0,000	0,000E+0	0,000E+0	4,920E+0	4,840E+0	0,000E+0	0,000E+0	0,000E+0	0,000E+0	3	0001
117,046	0,000	0,000	0,000E+0	0,000E+0	4,920E+0	4,840E+0	0,000E+0	0,000E+0	0,000E+0	0,000E+0	3	0001
118,046	0,000	0,000	0,000E+0	0,000E+0	0,000E+0	0,000E+0	0,000E+0	0,000E+0	0,000E+0	0,000E+0	3	0001
