t	PL(A)	PL(B)	PL(T)	PL(E)	V(A)	V(B)	V(E)	I(A)	I(B)	I(E)	n_bracos	n_res
0,000	0,000	0,000	0,000E+0	0,000E+0	0,000E+0	0,000E+0	0,000E+0	0,000E+0	0,000E+0	0,000E+0	3	1000
0,010	0,000	0,000	0,000E+0	0,000E+0	0,000E+0	0,000E+0	0,000E+0	0,000E+0	0,000E+0	0,000E+0	3	1000
1,009	0,000	0,000	0,000E+0	0,000E+0	0,000E+0	0,000E+0	0,000E+0	0,000E+0	0,000E+0	0,000E+0	3	1000
2,009	0,000	0,000	0,000E+0	0,000E+0	0,000E+0	0,000E+0	0,000E+0	0,000E+0	0,000E+0	0,000E+0	3	1000
3,010	0,000	0,000	0,000E+0	0,000E+0	0,000E+0	0,000E+0	0,000E+0	0,000E+0	0,000E+0	0,000E+0	3	1000
4,009	0,000	0,000	0,000E+0	0,000E+0	0,000E+0	0,000E+0	0,000E+0	0,000E+0	0,000E+0	0,000E+0	3	1000
5,010	0,000	0,000	0,000E+0	0,000E+0	0,000E+0	0,000E+0	0,000E+0	0,000E+0	0,000E+0	0,000E+0	3	1000
6,010	0,000	0,000	0,000E+0	0,000E+0	0,000E+0	0,000E+0	0,000E+0	0,000E+0	0,000E+0	0,000E+0	3	1000
7,011	0,000	0,000	0,000E+0	0,000E+0	0,000E+0	0,000E+0	0,000E+0	0,000E+0	0,000E+0	0,000E+0	3	1000
8,011	0,000	0,000	0,000E+0	0,000E+0	0,000E+0	0,000E+0	0,000E+0	0,000E+0	0,000E+0	0,000E+0	3	1000
9,011	0,000	0,000	0,000E+0	0,000E+0	0,000E+0	0,000E+0	0,000E+0	0,000E+0	0,000E+0	0,000E+0	3	1000
10,012	0,000	0,000	0,000E+0	0,000E+0	0,000E+0	0,000E+0	0,000E+0	0,000E+0	0,000E+0	0,000E+0	3	1000
11,011	0,000	0,000	0,000E+0	0,000E+0	0,000E+0	0,000E+0	0,000E+0	0,000E+0	0,000E+0	0,000E+0	3	1000
12,012	0,000	0,000	0,000E+0	0,000E+0	0,000E+0	0,000E+0	0,000E+0	0,000E+0	0,000E+0	0,000E+0	3	1000
13,011	0,000	0,000	0,000E+0	0,000E+0	0,000E+0	0,000E+0	0,000E+0	0,000E+0	0,000E+0	0,000E+0	3	1000
14,012	0,000	0,000	0,000E+0	0,000E+0	0,000E+0	0,000E+0	0,000E+0	0,000E+0	0,000E+0	0,000E+0	3	1000
15,012	0,000	0,000	0,000E+0	0,000E+0	0,000E+0	0,000E+0	0,000E+0	0,000E+0	0,000E+0	0,000E+0	3	1000
16,011	0,000	0,000	0,000E+0	0,000E+0	0,000E+0	0,000E+0	0,000E+0	0,000E+0	0,000E+0	0,000E+0	3	1000
17,012	0,000	0,000	0,000E+0	0,000E+0	0,000E+0	0,000E+0	0,000E+0	0,000E+0	0,000E+0	0,000E+0	3	1000
18,011	0,000	0,000	0,000E+0	0,000E+0	0,000E+0	0,000E+0	0,000E+0	0,000E+0	0,000E+0	0,000E+0	3	1000
19,012	0,000	0,000	0,000E+0	0,000E+0	0,000E+0	0,000E+0	0,000E+0	0,000E+0	0,000E+0	0,000E+0	3	1000
20,011	0,000	0,000	0,000E+0	0,000E+0	0,000E+0	0,000E+0	0,000E+0	0,000E+0	0,000E+0	0,000E+0	3	1000
21,012	0,000	0,000	0,000E+0	0,000E+0	0,000E+0	0,000E+0	0,000E+0	0,000E+0	0,000E+0	0,000E+0	3	1000
22,013	0,000	0,000	0,000E+0	0,000E+0	0,000E+0	0,000E+0	0,000E+0	0,000E+0	0,000E+0	0,000E+0	3	1000
23,012	0,000	0,000	0,000E+0	0,000E+0	0,000E+0	0,000E+0	0,000E+0	0,000E+0	0,000E+0	0,000E+0	3	1000
24,013	0,000	0,000	0,000E+0	0,000E+0	0,000E+0	0,000E+0	0,000E+0	0,000E+0	0,000E+0	0,000E+0	3	1000
25,012	0,000	0,000	0,000E+0	0,000E+0	0,000E+0	0,000E+0	0,000E+0	0,000E+0	0,000E+0	0,000E+0	3	1000
26,013	0,000	0,000	0,000E+0	0,000E+0	0,000E+0	0,000E+0	0,000E+0	0,000E+0	0,000E+0	0,000E+0	3	1000
27,013	0,000	7,900	7,900E+0	0,000E+0	1,368E+1	3,807E+1	0,000E+0	0,000E+0	1,337E+0	0,000E+0	3	1000
28,014	0,000	122,900	1,229E+2	0,000E+0	4,266E+1	8,780E+1	0,000E+0	0,000E+0	5,397E+0	0,000E+0	3	1000
29,015	2,900	2,000	4,900E+0	0,000E+0	2,997E+1	2,677E+1	0,000E+0	8,647E-1	7,429E-1	0,000E+0	3	1000
30,015	0,000	0,000	0,000E+0	0,000E+0	1,221E+1	1,227E+1	0,000E+0	0,000E+0	0,000E+0	0,000E+0	3	1000
31,016	0,000	0,000	0,000E+0	0,000E+0	3,440E+0	3,420E+0	0,000E+0	0,000E+0	0,000E+0	0,000E+0	3	1000
32,015	14,300	0,000	1,430E+1	0,000E+0	4,556E+1	1,792E+1	0,000E+0	1,811E+0	0,000E+0	0,000E+0	3	1000
33,017	14,300	0,000	1,430E+1	0,000E+0	4,556E+1	1,792E+1	0,000E+0	1,811E+0	0,000E+0	0,000E+0	3	1000
34,016	14,300	0,000	1,430E+1	0,000E+0	4,556E+1	1,792E+1	0,000E+0	1,811E+0	0,000E+0	0,000E+0	3	1000
35,016	0,000	0,000	0,000E+0	0,000E+0	1,541E+1	1,516E+1	0,000E+0	0,000E+0	0,000E+0	0,000E+0	3	1000
36,017	0,000	0,000	0,000E+0	0,000E+0	5,820E+0	5,890E+0	0,000E+0	0,000E+0	0,000E+0	0,000E+0	3	1000
37,016	0,700	0,200	9,000E-1	0,000E+0	2,356E+1	5,860E+0	0,000E+0	5,544E-1	2,495E-1	0,000E+0	3	1000
38,017	33,800	34,700	6,850E+1	0,000E+0	5,150E+1	3,302E+1	0,000E+0	4,011E+0	4,019E+0	0,000E+0	3	1000
39,016	52,600	7,800	6,040E+1	0,000E+0	5,562E+1	5,770E+1	0,000E+0	4,941E+0	1,087E+0	0,000E+0	3	1000
40,017	0,000	0,000	0,000E+0	0,000E+0	1,457E+1	1,356E+1	0,000E+0	0,000E+0	0,000E+0	0,000E+0	3	1000
41,018	0,000	0,000	0,000E+0	0,000E+0	5,160E+0	5,050E+0	0,000E+0	0,000E+0	0,000E+0	0,000E+0	3	1000
42,017	0,000	1,200	1,200E+0	0,000E+0	2,814E+1	2,318E+1	0,000E+0	0,000E+0	4,875E-1	0,000E+0	3	1000
43,018	0,100	82,000	8,210E+1	0,000E+0	5,320E+1	7,881E+1	0,000E+0	0,000E+0	4,391E+0	0,000E+0	3	1000
44,017	6,400	18,800	2,520E+1	0,000E+0	7,191E+1	9,426E+1	0,000E+0	8,171E-1	1,294E+0	0,000E+0	3	1000
45,019	6,400	18,800	2,520E+1	0,000E+0	7,191E+1	9,426E+1	0,000E+0	8,171E-1	1,294E+0	0,000E+0	3	1000
46,018	41,300	52,100	9,340E+1	0,000E+0	1,785E+2	1,781E+2	0,000E+0	5,724E-1	5,621E-1	0,000E+0	3	1000
47,019	9,900	9,200	1,910E+1	0,000E+0	1,700E+2	1,697E+2	0,000E+0	1,024E-1	1,010E-1	0,000E+0	3	1000
48,020	10,200	9,300	1,950E+1	0,000E+0	1,627E+2	1,626E+2	0,000E+0	1,123E-1	1,106E-1	0,000E+0	3	1000
49,019	18,400	17,100	3,550E+1	0,000E+0	1,670E+2	1,666E+2	0,000E+0	1,859E-1	1,836E-1	0,000E+0	3	1000
50,020	10,600	9,700	2,030E+1	0,000E+0	1,617E+2	1,617E+2	0,000E+0	1,172E-1	1,164E-1	0,000E+0	3	1000
51,019	8,100	7,000	1,510E+1	0,000E+0	1,477E+2	1,476E+2	0,000E+0	1,033E-1	1,019E-1	0,000E+0	3	1000
52,020	12,800	11,400	2,420E+1	0,000E+0	1,510E+2	1,511E+2	0,000E+0	1,560E-1	1,548E-1	0,000E+0	3	1000
53,020	16,300	14,800	3,110E+1	0,000E+0	1,574E+2	1,575E+2	0,000E+0	1,814E-1	1,810E-1	0,000E+0	3	1000
54,021	13,100	11,900	2,500E+1	0,000E+0	1,575E+2	1,576E+2	0,000E+0	1,486E-1	1,476E-1	0,000E+0	3	1000
55,020	12,600	11,400	2,400E+1	0,000E+0	1,561E+2	1,562E+2	0,000E+0	1,457E-1	1,445E-1	0,000E+0	3	1000
56,021	13,700	12,200	2,590E+1	0,000E+0	1,571E+2	1,572E+2	0,000E+0	1,550E-1	1,524E-1	0,000E+0	3	1000
57,022	13,700	12,200	2,590E+1	0,000E+0	1,571E+2	1,572E+2	0,000E+0	1,550E-1	1,524E-1	0,000E+0	3	1000
58,022	13,200	12,100	2,530E+1	0,000E+0	1,566E+2	1,569E+2	0,000E+0	1,511E-1	1,518E-1	0,000E+0	3	1000
59,024	13,300	11,800	2,510E+1	0,000E+0	1,571E+2	1,567E+2	0,000E+0	1,509E-1	1,486E-1	0,000E+0	3	1000
60,023	13,300	11,800	2,510E+1	0,000E+0	1,571E+2	1,567E+2	0,000E+0	1,509E-1	1,486E-1	0,000E+0	3	1000
61,024	13,200	11,900	2,510E+1	0,000E+0	1,566E+2	1,569E+2	0,000E+0	1,504E-1	1,493E-1	0,000E+0	3	1000
62,024	13,300	11,800	2,510E+1	0,000E+0	1,571E+2	1,567E+2	0,000E+0	1,504E-1	1,478E-1	0,000E+0	3	1000
63,025	13,300	11,900	2,520E+1	0,000E+0	1,570E+2	1,566E+2	0,000E+0	1,515E-1	1,480E-1	0,000E+0	3	1000
64,026	13,400	11,800	2,520E+1	0,000E+0	1,567E+2	1,568E+2	0,000E+0	1,532E-1	1,508E-1	0,000E+0	3	1000
65,025	13,200	11,800	2,500E+1	0,000E+0	1,569E+2	1,567E+2	0,000E+0	1,502E-1	1,478E-1	0,000E+0	3	1000
66,026	13,200	11,800	2,500E+1	0,000E+0	1,569E+2	1,567E+2	0,000E+0	1,502E-1	1,478E-1	0,000E+0	3	1000
67,025	13,200	12,000	2,520E+1	0,000E+0	1,569E+2	1,568E+2	0,000E+0	1,507E-1	1,496E-1	0,000E+0	3	1000
68,027	13,200	11,900	2,510E+1	0,000E+0	1,566E+2	1,570E+2	0,000E+0	1,503E-1	1,491E-1	0,000E+0	3	1000
69,026	13,400	11,900	2,530E+1	0,000E+0	1,571E+2	1,567E+2	0,000E+0	1,519E-1	1,492E-1	0,000E+0	3	1000
70,026	13,100	11,900	2,500E+1	0,000E+0	1,564E+2	1,569E+2	0,000E+0	1,491E-1	1,504E-1	0,000E+0	3	1000
71,028	13,200	12,000	2,520E+1	0,000E+0	1,568E+2	1,568E+2	0,000E+0	1,509E-1	1,495E-1	0,000E+0	3	1000
72,027	13,200	12,000	2,520E+1	0,000E+0	1,568E+2	1,568E+2	0,000E+0	1,509E-1	1,495E-1	0,000E+0	3	1000
73,028	13,200	12,100	2,530E+1	0,000E+0	1,569E+2	1,569E+2	0,000E+0	1,510E-1	1,503E-1	0,000E+0	3	1000
74,027	13,400	11,700	2,510E+1	0,000E+0	1,575E+2	1,562E+2	0,000E+0	1,512E-1	1,459E-1	0,000E+0	3	1000
75,028	13,500	11,600	2,510E+1	0,000E+0	1,577E+2	1,563E+2	0,000E+0	1,517E-1	1,450E-1	0,000E+0	3	1000
76,027	13,300	11,900	2,520E+1	0,000E+0	1,569E+2	1,568E+2	0,000E+0	1,512E-1	1,489E-1	0,000E+0	3	1000
77,028	13,200	11,800	2,500E+1	0,000E+0	1,565E+2	1,566E+2	0,000E+0	1,515E-1	1,489E-1	0,000E+0	3	1000
78,028	13,300	11,800	2,510E+1	0,000E+0	1,570E+2	1,565E+2	0,000E+0	1,519E-1	1,484E-1	0,000E+0	3	1000
79,027	13,300	11,800	2,510E+1	0,000E+0	1,570E+2	1,565E+2	0,000E+0	1,519E-1	1,484E-1	0,000E+0	3	1000
80,029	13,500	12,000	2,550E+1	0,000E+0	1,567E+2	1,567E+2	0,000E+0	1,533E-1	1,515E-1	0,000E+0	3	1000
81,028	13,500	12,000	2,550E+1	0,000E+0	1,567E+2	1,567E+2	0,000E+0	1,533E-1	1,515E-1	0,000E+0	3	1000
82,029	13,900	12,100	2,600E+1	0,000E+0	1,576E+2	1,568E+2	0,000E+0	1,564E-1	1,490E-1	0,000E+0	3	1000
83,028	13,900	12,600	2,650E+1	0,000E+0	1,572E+2	1,571E+2	0,000E+0	1,579E-1	1,569E-1	0,000E+0	3	1000
84,028	14,500	13,200	2,770E+1	0,000E+0	1,574E+2	1,577E+2	0,000E+0	1,640E-1	1,628E-1	0,000E+0	3	1000
85,029	14,600	13,600	2,820E+1	0,000E+0	1,578E+2	1,576E+2	0,000E+0	1,632E-1	1,647E-1	0,000E+0	3	1000
86,028	15,300	13,900	2,920E+1	0,000E+0	1,577E+2	1,578E+2	0,000E+0	1,713E-1	1,696E-1	0,000E+0	3	1000
87,029	16,800	15,100	3,190E+1	0,000E+0	1,580E+2	1,580E+2	0,000E+0	1,850E-1	1,828E-1	0,000E+0	3	1000
88,028	20,000	17,400	3,740E+1	0,000E+0	1,588E+2	1,584E+2	0,000E+0	2,128E-1	2,089E-1	0,000E+0	3	1000
89,030	23,800	22,400	4,620E+1	0,000E+0	1,601E+2	1,602E+2	0,000E+0	2,543E-1	2,523E-1	0,000E+0	3	1000
90,030	23,800	22,400	4,620E+1	0,000E+0	1,601E+2	1,602E+2	0,000E+0	2,543E-1	2,523E-1	0,000E+0	3	1000
91,029	41,400	44,000	8,540E+1	0,000E+0	1,651E+2	1,648E+2	0,000E+0	4,510E-1	4,499E-1	0,000E+0	3	1000
92,030	43,900	46,700	9,060E+1	0,000E+0	1,658E+2	1,656E+2	0,000E+0	4,778E-1	4,732E-1	0,000E+0	3	1000
93,029	43,900	46,700	9,060E+1	0,000E+0	1,658E+2	1,656E+2	0,000E+0	4,778E-1	4,732E-1	0,000E+0	3	1000
94,031	47,700	52,000	9,970E+1	0,000E+0	1,665E+2	1,663E+2	0,000E+0	5,259E-1	5,201E-1	0,000E+0	3	1000
95,030	52,200	58,800	1,110E+2	0,000E+0	1,674E+2	1,674E+2	0,000E+0	5,843E-1	5,790E-1	0,000E+0	3	1000
96,031	56,700	66,400	1,231E+2	0,000E+0	1,688E+2	1,692E+2	0,000E+0	6,423E-1	6,398E-1	0,000E+0	3	1000
97,031	57,700	67,600	1,253E+2	0,000E+0	1,691E+2	1,692E+2	0,000E+0	6,551E-1	6,507E-1	0,000E+0	3	1000
98,031	58,500	69,200	1,277E+2	0,000E+0	1,694E+2	1,697E+2	0,000E+0	6,654E-1	6,627E-1	0,000E+0	3	1000
99,032	60,600	72,400	1,330E+2	0,000E+0	1,700E+2	1,706E+2	0,000E+0	6,907E-1	6,885E-1	0,000E+0	3	1000
100,032	61,400	74,400	1,358E+2	0,000E+0	1,702E+2	1,708E+2	0,000E+0	7,060E-1	7,060E-1	0,000E+0	3	1000
101,033	62,100	76,000	1,381E+2	0,000E+0	1,704E+2	1,714E+2	0,000E+0	7,147E-1	7,167E-1	0,000E+0	3	1000
102,032	63,100	76,600	1,397E+2	0,000E+0	1,709E+2	1,707E+2	0,000E+0	7,266E-1	7,227E-1	0,000E+0	3	1000
103,033	62,700	78,900	1,416E+2	0,000E+0	1,702E+2	1,718E+2	0,000E+0	7,279E-1	7,390E-1	0,000E+0	3	1000
104,032	65,100	78,700	1,438E+2	0,000E+0	1,715E+2	1,712E+2	0,000E+0	7,500E-1	7,381E-1	0,000E+0	3	1000
105,033	65,100	78,700	1,438E+2	0,000E+0	1,715E+2	1,712E+2	0,000E+0	7,500E-1	7,381E-1	0,000E+0	3	1000
106,033	65,400	78,700	1,441E+2	0,000E+0	1,717E+2	1,712E+2	0,000E+0	7,519E-1	7,381E-1	0,000E+0	3	1000
107,034	65,300	80,700	1,460E+2	0,000E+0	1,715E+2	1,719E+2	0,000E+0	7,547E-1	7,522E-1	0,000E+0	3	1000
108,034	65,700	80,700	1,464E+2	0,000E+0	1,716E+2	1,716E+2	0,000E+0	7,591E-1	7,547E-1	0,000E+0	3	1000
109,033	66,900	79,500	1,464E+2	0,000E+0	1,724E+2	1,714E+2	0,000E+0	7,651E-1	7,439E-1	0,000E+0	3	1000
110,033	66,000	80,800	1,468E+2	0,000E+0	1,719E+2	1,715E+2	0,000E+0	7,653E-1	7,564E-1	0,000E+0	3	1000
111,035	66,000	80,800	1,468E+2	0,000E+0	1,719E+2	1,715E+2	0,000E+0	7,653E-1	7,564E-1	0,000E+0	3	1000
112,035	65,400	82,000	1,474E+2	0,000E+0	1,714E+2	1,717E+2	0,000E+0	7,662E-1	7,665E-1	0,000E+0	3	1000
113,035	66,700	81,200	1,479E+2	0,000E+0	1,723E+2	1,714E+2	0,000E+0	7,728E-1	7,587E-1	0,000E+0	3	1000
114,036	66,300	81,900	1,482E+2	0,000E+0	1,717E+2	1,718E+2	0,000E+0	7,693E-1	7,653E-1	0,000E+0	3	1000
115,036	66,700	81,300	1,480E+2	0,000E+0	1,723E+2	1,714E+2	0,000E+0	7,740E-1	7,611E-1	0,000E+0	3	1000
116,037	66,800	81,400	1,482E+2	0,000E+0	1,724E+2	1,714E+2	0,000E+0	7,743E-1	7,605E-1	0,000E+0	3	1000
117,036	66,800	81,800	1,486E+2	0,000E+0	1,722E+2	1,717E+2	0,000E+0	7,755E-1	7,641E-1	0,000E+0	3	1000
118,038	66,300	82,700	1,490E+2	0,000E+0	1,717E+2	1,719E+2	0,000E+0	7,732E-1	7,707E-1	0,000E+0	3	1000
119,038	66,200	82,600	1,488E+2	0,000E+0	1,718E+2	1,720E+2	0,000E+0	7,718E-1	7,697E-1	0,000E+0	3	1000
120,038	66,100	82,800	1,489E+2	0,000E+0	1,716E+2	1,724E+2	0,000E+0	7,693E-1	7,700E-1	0,000E+0	3	1000
121,037	66,000	82,900	1,489E+2	0,000E+0	1,714E+2	1,721E+2	0,000E+0	7,715E-1	7,706E-1	0,000E+0	3	1000
122,039	66,000	82,900	1,489E+2	0,000E+0	1,714E+2	1,721E+2	0,000E+0	7,715E-1	7,706E-1	0,000E+0	3	1000
123,038	66,500	82,800	1,493E+2	0,000E+0	1,719E+2	1,720E+2	0,000E+0	7,750E-1	7,712E-1	0,000E+0	3	1000
124,039	66,300	82,900	1,492E+2	0,000E+0	1,718E+2	1,719E+2	0,000E+0	7,755E-1	7,735E-1	0,000E+0	3	1000
125,039	66,500	83,000	1,495E+2	0,000E+0	1,718E+2	1,719E+2	0,000E+0	7,755E-1	7,745E-1	0,000E+0	3	1000
126,040	67,000	82,500	1,495E+2	0,000E+0	1,725E+2	1,714E+2	0,000E+0	7,786E-1	7,718E-1	0,000E+0	3	1000
127,040	67,100	82,300	1,494E+2	0,000E+0	1,722E+2	1,720E+2	0,000E+0	7,778E-1	7,663E-1	0,000E+0	3	1000
128,039	66,700	82,800	1,495E+2	0,000E+0	1,719E+2	1,718E+2	0,000E+0	7,782E-1	7,729E-1	0,000E+0	3	1000
129,040	66,100	83,500	1,496E+2	0,000E+0	1,716E+2	1,720E+2	0,000E+0	7,761E-1	7,771E-1	0,000E+0	3	1000
130,039	66,300	83,300	1,496E+2	0,000E+0	1,719E+2	1,725E+2	0,000E+0	7,727E-1	7,741E-1	0,000E+0	3	1000
131,040	67,000	82,200	1,492E+2	0,000E+0	1,722E+2	1,717E+2	0,000E+0	7,796E-1	7,677E-1	0,000E+0	3	1000
132,039	66,700	82,900	1,496E+2	0,000E+0	1,719E+2	1,714E+2	0,000E+0	7,838E-1	7,752E-1	0,000E+0	3	1000
133,040	66,700	82,900	1,496E+2	0,000E+0	1,719E+2	1,714E+2	0,000E+0	7,838E-1	7,752E-1	0,000E+0	3	1000
134,040	66,900	83,200	1,501E+2	0,000E+0	1,719E+2	1,722E+2	0,000E+0	7,798E-1	7,742E-1	0,000E+0	3	1000
135,040	67,100	82,800	1,499E+2	0,000E+0	1,724E+2	1,718E+2	0,000E+0	7,803E-1	7,709E-1	0,000E+0	3	1000
136,041	67,300	82,200	1,495E+2	0,000E+0	1,726E+2	1,717E+2	0,000E+0	7,823E-1	7,666E-1	0,000E+0	3	1000
137,040	67,300	82,400	1,497E+2	0,000E+0	1,725E+2	1,714E+2	0,000E+0	7,820E-1	7,700E-1	0,000E+0	3	1000
138,041	67,200	82,400	1,496E+2	0,000E+0	1,722E+2	1,716E+2	0,000E+0	7,823E-1	7,703E-1	0,000E+0	3	1101
139,040	66,800	82,800	1,496E+2	0,000E+0	1,721E+2	1,720E+2	0,000E+0	7,787E-1	7,720E-1	0,000E+0	3	1101
140,040	66,800	82,800	1,496E+2	0,000E+0	1,721E+2	1,720E+2	0,000E+0	7,787E-1	7,720E-1	0,000E+0	3	1101
141,041	67,900	82,500	1,504E+2	0,000E+0	1,728E+2	1,717E+2	0,000E+0	7,865E-1	7,688E-1	0,000E+0	3	1101
142,040	66,900	82,600	1,495E+2	0,000E+0	1,727E+2	1,722E+2	0,000E+0	7,796E-1	7,707E-1	0,000E+0	3	1101
143,041	66,400	83,200	1,496E+2	0,000E+0	1,722E+2	1,729E+2	0,000E+0	7,730E-1	7,734E-1	0,000E+0	3	1101
144,041	66,900	83,000	1,499E+2	0,000E+0	1,727E+2	1,725E+2	0,000E+0	7,774E-1	7,706E-1	0,000E+0	3	1101
145,043	66,900	83,000	1,499E+2	0,000E+0	1,727E+2	1,725E+2	0,000E+0	7,774E-1	7,706E-1	0,000E+0	3	1101
146,042	68,000	82,000	1,500E+2	0,000E+0	1,731E+2	1,726E+2	0,000E+0	7,858E-1	7,611E-1	0,000E+0	3	1101
147,043	68,000	82,000	1,500E+2	0,000E+0	1,731E+2	1,726E+2	0,000E+0	7,858E-1	7,611E-1	0,000E+0	3	1101
148,044	68,000	82,000	1,500E+2	0,000E+0	1,731E+2	1,726E+2	0,000E+0	7,858E-1	7,611E-1	0,000E+0	3	1101
149,043	68,000	82,000	1,500E+2	0,000E+0	1,731E+2	1,726E+2	0,000E+0	7,858E-1	7,611E-1	0,000E+0	3	1101
150,044	66,600	83,100	1,497E+2	0,000E+0	1,724E+2	1,720E+2	0,000E+0	7,815E-1	7,773E-1	0,000E+0	3	1101
151,043	66,600	83,100	1,497E+2	0,000E+0	1,724E+2	1,720E+2	0,000E+0	7,815E-1	7,773E-1	0,000E+0	3	1101
152,045	67,500	82,200	1,497E+2	0,000E+0	1,732E+2	1,722E+2	0,000E+0	7,801E-1	7,641E-1	0,000E+0	3	1101
153,045	67,500	82,200	1,497E+2	0,000E+0	1,732E+2	1,722E+2	0,000E+0	7,801E-1	7,641E-1	0,000E+0	3	1101
154,045	67,500	82,200	1,497E+2	0,000E+0	1,732E+2	1,722E+2	0,000E+0	7,801E-1	7,641E-1	0,000E+0	3	1101
155,046	67,500	82,200	1,497E+2	0,000E+0	1,732E+2	1,722E+2	0,000E+0	7,801E-1	7,641E-1	0,000E+0	3	1101
156,045	67,100	82,300	1,494E+2	0,000E+0	1,728E+2	1,722E+2	0,000E+0	7,805E-1	7,676E-1	0,000E+0	3	1101
157,046	67,100	82,300	1,494E+2	0,000E+0	1,728E+2	1,722E+2	0,000E+0	7,805E-1	7,676E-1	0,000E+0	3	1101
158,045	66,800	82,900	1,497E+2	0,000E+0	1,727E+2	1,723E+2	0,000E+0	7,772E-1	7,716E-1	0,000E+0	3	1101
159,046	66,800	82,900	1,497E+2	0,000E+0	1,727E+2	1,723E+2	0,000E+0	7,772E-1	7,716E-1	0,000E+0	3	1101
160,046	66,100	83,300	1,494E+2	0,000E+0	1,721E+2	1,727E+2	0,000E+0	7,721E-1	7,741E-1	0,000E+0	3	1101
161,045	67,000	82,800	1,498E+2	0,000E+0	1,729E+2	1,727E+2	0,000E+0	7,786E-1	7,686E-1	0,000E+0	3	1101
162,046	67,200	82,500	1,497E+2	0,000E+0	1,729E+2	1,724E+2	0,000E+0	7,787E-1	7,684E-1	0,000E+0	4	1101
163,045	67,300	82,600	1,499E+2	0,000E+0	1,729E+2	1,724E+2	0,000E+0	7,835E-1	7,703E-1	0,000E+0	4	1101
164,046	67,100	82,700	1,498E+2	0,000E+0	1,729E+2	1,724E+2	0,000E+0	7,830E-1	7,686E-1	0,000E+0	4	1101
165,045	67,100	82,700	1,498E+2	0,000E+0	1,729E+2	1,724E+2	0,000E+0	7,830E-1	7,686E-1	0,000E+0	4	1101
166,045	68,100	82,000	1,501E+2	0,000E+0	1,734E+2	1,721E+2	0,000E+0	7,845E-1	7,638E-1	0,000E+0	4	1101
167,046	68,100	82,000	1,501E+2	0,000E+0	1,734E+2	1,721E+2	0,000E+0	7,845E-1	7,638E-1	0,000E+0	4	1101
168,046	68,100	82,000	1,501E+2	0,000E+0	1,734E+2	1,721E+2	0,000E+0	7,845E-1	7,638E-1	0,000E+0	4	1101
169,047	67,100	82,700	1,498E+2	0,000E+0	1,728E+2	1,723E+2	0,000E+0	7,806E-1	7,692E-1	0,000E+0	4	1101
170,047	67,100	82,700	1,498E+2	0,000E+0	1,728E+2	1,723E+2	0,000E+0	7,806E-1	7,692E-1	0,000E+0	4	1101
171,046	66,700	83,100	1,498E+2	0,000E+0	1,724E+2	1,726E+2	0,000E+0	7,742E-1	7,725E-1	0,000E+0	4	1101
172,047	66,700	83,100	1,498E+2	0,000E+0	1,724E+2	1,726E+2	0,000E+0	7,742E-1	7,725E-1	0,000E+0	4	1101
173,046	66,700	83,100	1,498E+2	0,000E+0	1,724E+2	1,726E+2	0,000E+0	7,742E-1	7,725E-1	0,000E+0	4	1101
174,048	67,100	82,800	1,499E+2	0,000E+0	1,726E+2	1,720E+2	0,000E+0	7,818E-1	7,741E-1	0,000E+0	4	1101
175,047	67,100	82,800	1,499E+2	0,000E+0	1,726E+2	1,720E+2	0,000E+0	7,818E-1	7,741E-1	0,000E+0	4	1101
176,049	67,100	82,800	1,499E+2	0,000E+0	1,726E+2	1,720E+2	0,000E+0	7,818E-1	7,741E-1	0,000E+0	4	1101
177,049	66,900	82,800	1,497E+2	0,000E+0	1,726E+2	1,724E+2	0,000E+0	7,811E-1	7,724E-1	0,000E+0	4	1101
178,048	67,400	82,100	1,495E+2	0,000E+0	1,730E+2	1,723E+2	0,000E+0	7,789E-1	7,649E-1	0,000E+0	5	1101
179,050	66,800	82,800	1,496E+2	0,000E+0	1,724E+2	1,720E+2	0,000E+0	7,801E-1	7,737E-1	0,000E+0	5	1101
180,049	67,000	82,700	1,497E+2	0,000E+0	1,727E+2	1,725E+2	0,000E+0	7,785E-1	7,689E-1	0,000E+0	5	1101
181,050	66,500	83,500	1,500E+2	0,000E+0	1,722E+2	1,726E+2	0,000E+0	7,791E-1	7,776E-1	0,000E+0	5	1101
182,050	66,500	83,500	1,500E+2	0,000E+0	1,722E+2	1,726E+2	0,000E+0	7,791E-1	7,776E-1	0,000E+0	5	1101
183,050	66,500	83,500	1,500E+2	0,000E+0	1,722E+2	1,726E+2	0,000E+0	7,791E-1	7,776E-1	0,000E+0	5	1101
184,052	66,500	83,500	1,500E+2	0,000E+0	1,722E+2	1,726E+2	0,000E+0	7,791E-1	7,776E-1	0,000E+0	5	1101
185,051	66,800	82,600	1,494E+2	0,000E+0	1,726E+2	1,721E+2	0,000E+0	7,780E-1	7,703E-1	0,000E+0	5	1101
186,053	66,800	82,600	1,494E+2	0,000E+0	1,726E+2	1,721E+2	0,000E+0	7,780E-1	7,703E-1	0,000E+0	5	1101
187,052	66,800	82,600	1,494E+2	0,000E+0	1,726E+2	1,721E+2	0,000E+0	7,780E-1	7,703E-1	0,000E+0	5	1101
188,054	66,800	82,600	1,494E+2	0,000E+0	1,726E+2	1,721E+2	0,000E+0	7,780E-1	7,703E-1	0,000E+0	5	1101
189,053	67,700	81,800	1,495E+2	0,000E+0	1,729E+2	1,721E+2	0,000E+0	7,818E-1	7,640E-1	0,000E+0	5	1101
190,053	67,700	81,800	1,495E+2	0,000E+0	1,729E+2	1,721E+2	0,000E+0	7,818E-1	7,640E-1	0,000E+0	5	1101
191,054	67,700	81,800	1,495E+2	0,000E+0	1,729E+2	1,721E+2	0,000E+0	7,818E-1	7,640E-1	0,000E+0	5	1101
192,053	66,300	83,600	1,499E+2	0,000E+0	1,721E+2	1,726E+2	0,000E+0	7,775E-1	7,779E-1	0,000E+0	5	1101
193,054	66,300	83,600	1,499E+2	0,000E+0	1,721E+2	1,726E+2	0,000E+0	7,775E-1	7,779E-1	0,000E+0	5	1101
194,053	66,700	83,300	1,500E+2	0,000E+0	1,724E+2	1,725E+2	0,000E+0	7,759E-1	7,735E-1	0,000E+0	5	1101
195,054	66,900	82,800	1,497E+2	0,000E+0	1,724E+2	1,725E+2	0,000E+0	7,773E-1	7,717E-1	0,000E+0	6	1101
196,053	66,800	82,900	1,497E+2	0,000E+0	1,724E+2	1,723E+2	0,000E+0	7,780E-1	7,727E-1	0,000E+0	6	1101
197,053	66,800	82,900	1,497E+2	0,000E+0	1,724E+2	1,723E+2	0,000E+0	7,780E-1	7,727E-1	0,000E+0	6	1101
198,054	67,300	82,400	1,497E+2	0,000E+0	1,729E+2	1,722E+2	0,000E+0	7,808E-1	7,679E-1	0,000E+0	6	1101
199,053	67,600	82,300	1,499E+2	0,000E+0	1,731E+2	1,721E+2	0,000E+0	7,827E-1	7,670E-1	0,000E+0	6	1101
200,054	67,600	82,300	1,499E+2	0,000E+0	1,731E+2	1,721E+2	0,000E+0	7,827E-1	7,670E-1	0,000E+0	6	1101
201,053	67,600	82,300	1,499E+2	0,000E+0	1,731E+2	1,721E+2	0,000E+0	7,827E-1	7,670E-1	0,000E+0	6	1101
202,054	67,600	82,300	1,499E+2	0,000E+0	1,731E+2	1,721E+2	0,000E+0	7,827E-1	7,670E-1	0,000E+0	6	1101
203,054	67,600	82,300	1,499E+2	0,000E+0	1,731E+2	1,721E+2	0,000E+0	7,827E-1	7,670E-1	0,000E+0	6	1101
204,053	67,600	82,300	1,499E+2	0,000E+0	1,731E+2	1,721E+2	0,000E+0	7,827E-1	7,670E-1	0,000E+0	6	1101
205,054	67,200	82,600	1,498E+2	0,000E+0	1,727E+2	1,721E+2	0,000E+0	7,805E-1	7,697E-1	0,000E+0	6	1101
206,053	67,200	82,600	1,498E+2	0,000E+0	1,727E+2	1,721E+2	0,000E+0	7,805E-1	7,697E-1	0,000E+0	6	1101
207,054	67,200	82,600	1,498E+2	0,000E+0	1,727E+2	1,721E+2	0,000E+0	7,805E-1	7,697E-1	0,000E+0	6	1101
208,054	67,400	82,400	1,498E+2	0,000E+0	1,734E+2	1,729E+2	0,000E+0	7,800E-1	7,672E-1	0,000E+0	6	1101
209,053	67,400	82,400	1,498E+2	0,000E+0	1,734E+2	1,729E+2	0,000E+0	7,800E-1	7,672E-1	0,000E+0	6	1101
210,055	67,300	82,700	1,500E+2	0,000E+0	1,730E+2	1,729E+2	0,000E+0	7,796E-1	7,685E-1	0,000E+0	6	1101
211,054	67,300	82,700	1,500E+2	0,000E+0	1,730E+2	1,729E+2	0,000E+0	7,796E-1	7,685E-1	0,000E+0	6	1101
212,055	66,800	83,200	1,500E+2	0,000E+0	1,727E+2	1,726E+2	0,000E+0	7,810E-1	7,758E-1	0,000E+0	6	1101
213,055	67,500	82,300	1,498E+2	0,000E+0	1,732E+2	1,724E+2	0,000E+0	7,809E-1	7,691E-1	0,000E+0	6	1101
214,054	66,400	83,000	1,494E+2	0,000E+0	1,722E+2	1,726E+2	0,000E+0	7,755E-1	7,742E-1	0,000E+0	6	1101
215,055	68,100	81,800	1,499E+2	0,000E+0	1,733E+2	1,718E+2	0,000E+0	7,858E-1	7,629E-1	0,000E+0	6	1101
216,054	66,700	83,400	1,501E+2	0,000E+0	1,724E+2	1,723E+2	0,000E+0	7,798E-1	7,775E-1	0,000E+0	6	1101
217,055	67,000	83,000	1,500E+2	0,000E+0	1,729E+2	1,723E+2	0,000E+0	7,809E-1	7,714E-1	0,000E+0	6	1101
218,055	67,000	83,000	1,500E+2	0,000E+0	1,729E+2	1,723E+2	0,000E+0	7,809E-1	7,714E-1	0,000E+0	6	1101
219,054	68,000	82,100	1,501E+2	0,000E+0	1,732E+2	1,719E+2	0,000E+0	7,857E-1	7,683E-1	0,000E+0	6	1101
220,055	67,800	82,100	1,499E+2	0,000E+0	1,731E+2	1,720E+2	0,000E+0	7,825E-1	7,641E-1	0,000E+0	6	1101
221,054	67,000	82,800	1,498E+2	0,000E+0	1,724E+2	1,723E+2	0,000E+0	7,791E-1	7,714E-1	0,000E+0	6	1101
222,055	66,500	83,500	1,500E+2	0,000E+0	1,725E+2	1,728E+2	0,000E+0	7,757E-1	7,755E-1	0,000E+0	6	1101
223,054	67,800	82,000	1,498E+2	0,000E+0	1,732E+2	1,720E+2	0,000E+0	7,837E-1	7,634E-1	0,000E+0	6	1101
224,055	67,500	82,400	1,499E+2	0,000E+0	1,729E+2	1,721E+2	0,000E+0	7,824E-1	7,688E-1	0,000E+0	7	1101
225,055	67,300	82,600	1,499E+2	0,000E+0	1,728E+2	1,722E+2	0,000E+0	7,797E-1	7,696E-1	0,000E+0	7	1101
226,055	67,900	82,000	1,499E+2	0,000E+0	1,731E+2	1,723E+2	0,000E+0	7,824E-1	7,634E-1	0,000E+0	7	1101
227,056	67,000	82,900	1,499E+2	0,000E+0	1,725E+2	1,726E+2	0,000E+0	7,790E-1	7,713E-1	0,000E+0	7	1101
228,055	67,000	82,900	1,499E+2	0,000E+0	1,725E+2	1,726E+2	0,000E+0	7,790E-1	7,713E-1	0,000E+0	7	1101
229,057	67,000	82,900	1,499E+2	0,000E+0	1,725E+2	1,726E+2	0,000E+0	7,790E-1	7,713E-1	0,000E+0	7	1101
230,056	67,000	82,900	1,499E+2	0,000E+0	1,725E+2	1,726E+2	0,000E+0	7,790E-1	7,713E-1	0,000E+0	7	1101
231,056	67,000	82,900	1,499E+2	0,000E+0	1,725E+2	1,726E+2	0,000E+0	7,790E-1	7,713E-1	0,000E+0	7	1101
232,058	67,300	82,500	1,498E+2	0,000E+0	1,728E+2	1,722E+2	0,000E+0	7,802E-1	7,691E-1	0,000E+0	7	1101
233,057	67,300	82,500	1,498E+2	0,000E+0	1,728E+2	1,722E+2	0,000E+0	7,802E-1	7,691E-1	0,000E+0	7	1101
234,058	67,300	82,500	1,498E+2	0,000E+0	1,728E+2	1,722E+2	0,000E+0	7,802E-1	7,691E-1	0,000E+0	7	1101
235,057	67,300	82,500	1,498E+2	0,000E+0	1,728E+2	1,722E+2	0,000E+0	7,802E-1	7,691E-1	0,000E+0	7	1101
236,058	67,500	82,100	1,496E+2	0,000E+0	1,732E+2	1,719E+2	0,000E+0	7,839E-1	7,661E-1	0,000E+0	7	1101
237,057	67,100	82,900	1,500E+2	0,000E+0	1,728E+2	1,723E+2	0,000E+0	7,816E-1	7,724E-1	0,000E+0	7	1101
238,057	67,100	82,900	1,500E+2	0,000E+0	1,728E+2	1,723E+2	0,000E+0	7,816E-1	7,724E-1	0,000E+0	7	1101
239,059	67,200	82,400	1,496E+2	0,000E+0	1,728E+2	1,726E+2	0,000E+0	7,783E-1	7,690E-1	0,000E+0	7	1101
240,058	67,000	82,900	1,499E+2	0,000E+0	1,722E+2	1,723E+2	0,000E+0	7,846E-1	7,729E-1	0,000E+0	7	1101
241,059	67,100	83,000	1,501E+2	0,000E+0	1,728E+2	1,720E+2	0,000E+0	7,835E-1	7,743E-1	0,000E+0	7	1101
242,058	66,800	83,100	1,499E+2	0,000E+0	1,726E+2	1,717E+2	0,000E+0	7,856E-1	7,789E-1	0,000E+0	7	1101
243,059	66,200	83,500	1,497E+2	0,000E+0	1,721E+2	1,727E+2	0,000E+0	7,735E-1	7,771E-1	0,000E+0	7	1101
244,060	67,900	82,000	1,499E+2	0,000E+0	1,731E+2	1,720E+2	0,000E+0	7,830E-1	7,645E-1	0,000E+0	7	1101
245,059	67,200	82,900	1,501E+2	0,000E+0	1,726E+2	1,724E+2	0,000E+0	7,818E-1	7,728E-1	0,000E+0	7	1101
246,060	66,800	83,200	1,500E+2	0,000E+0	1,723E+2	1,723E+2	0,000E+0	7,826E-1	7,761E-1	0,000E+0	7	1101
247,059	67,700	82,200	1,499E+2	0,000E+0	1,730E+2	1,721E+2	0,000E+0	7,826E-1	7,665E-1	0,000E+0	7	1101
248,060	66,800	83,200	1,500E+2	0,000E+0	1,724E+2	1,719E+2	0,000E+0	7,833E-1	7,786E-1	0,000E+0	7	1101
249,059	67,400	82,600	1,500E+2	0,000E+0	1,728E+2	1,722E+2	0,000E+0	7,798E-1	7,698E-1	0,000E+0	7	1101
250,060	66,600	83,400	1,500E+2	0,000E+0	1,721E+2	1,726E+2	0,000E+0	7,764E-1	7,759E-1	0,000E+0	7	1101
251,060	66,600	83,400	1,500E+2	0,000E+0	1,721E+2	1,726E+2	0,000E+0	7,764E-1	7,759E-1	0,000E+0	7	1101
252,059	66,800	83,200	1,500E+2	0,000E+0	1,725E+2	1,726E+2	0,000E+0	7,769E-1	7,734E-1	0,000E+0	7	1101
253,060	67,000	82,700	1,497E+2	0,000E+0	1,725E+2	1,719E+2	0,000E+0	7,818E-1	7,731E-1	0,000E+0	7	1101
254,059	66,900	83,100	1,500E+2	0,000E+0	1,725E+2	1,724E+2	0,000E+0	7,804E-1	7,721E-1	0,000E+0	7	1101
255,060	67,500	82,400	1,499E+2	0,000E+0	1,730E+2	1,722E+2	0,000E+0	7,809E-1	7,667E-1	0,000E+0	7	1101
256,059	67,300	82,500	1,498E+2	0,000E+0	1,728E+2	1,720E+2	0,000E+0	7,848E-1	7,698E-1	0,000E+0	7	1101
257,060	66,900	83,300	1,502E+2	0,000E+0	1,726E+2	1,723E+2	0,000E+0	7,817E-1	7,782E-1	0,000E+0	7	1101
258,060	66,900	82,900	1,498E+2	0,000E+0	1,728E+2	1,723E+2	0,000E+0	7,798E-1	7,713E-1	0,000E+0	7	1101
259,059	68,200	81,800	1,500E+2	0,000E+0	1,734E+2	1,718E+2	0,000E+0	7,884E-1	7,648E-1	0,000E+0	7	1101
260,060	67,200	82,800	1,500E+2	0,000E+0	1,729E+2	1,721E+2	0,000E+0	7,815E-1	7,730E-1	0,000E+0	7	1101
261,059	67,200	82,800	1,500E+2	0,000E+0	1,729E+2	1,721E+2	0,000E+0	7,815E-1	7,730E-1	0,000E+0	7	1101
262,059	67,300	82,500	1,498E+2	0,000E+0	1,728E+2	1,722E+2	0,000E+0	7,817E-1	7,696E-1	0,000E+0	7	1101
263,059	67,400	82,400	1,498E+2	0,000E+0	1,730E+2	1,722E+2	0,000E+0	7,812E-1	7,677E-1	0,000E+0	7	1101
264,061	67,500	82,600	1,501E+2	0,000E+0	1,730E+2	1,723E+2	0,000E+0	7,827E-1	7,694E-1	0,000E+0	7	1101
265,061	67,000	83,000	1,500E+2	0,000E+0	1,725E+2	1,721E+2	0,000E+0	7,829E-1	7,750E-1	0,000E+0	7	1101
266,062	68,400	81,700	1,501E+2	0,000E+0	1,734E+2	1,718E+2	0,000E+0	7,880E-1	7,638E-1	0,000E+0	7	1101
267,061	68,000	82,000	1,500E+2	0,000E+0	1,734E+2	1,719E+2	0,000E+0	7,868E-1	7,650E-1	0,000E+0	7	1101
268,062	67,300	82,500	1,498E+2	0,000E+0	1,729E+2	1,720E+2	0,000E+0	7,837E-1	7,703E-1	0,000E+0	7	1101
269,062	67,900	82,100	1,500E+2	0,000E+0	1,733E+2	1,722E+2	0,000E+0	7,844E-1	7,655E-1	0,000E+0	7	1101
270,061	67,100	82,900	1,500E+2	0,000E+0	1,728E+2	1,726E+2	0,000E+0	7,774E-1	7,703E-1	0,000E+0	7	1101
271,062	67,600	82,300	1,499E+2	0,000E+0	1,729E+2	1,721E+2	0,000E+0	7,825E-1	7,681E-1	0,000E+0	7	1101
272,061	67,600	82,300	1,499E+2	0,000E+0	1,729E+2	1,721E+2	0,000E+0	7,825E-1	7,681E-1	0,000E+0	7	1101
273,063	67,600	82,300	1,499E+2	0,000E+0	1,729E+2	1,721E+2	0,000E+0	7,825E-1	7,681E-1	0,000E+0	7	1101
274,062	67,600	82,300	1,499E+2	0,000E+0	1,729E+2	1,721E+2	0,000E+0	7,825E-1	7,681E-1	0,000E+0	7	1101
275,063	67,600	82,300	1,499E+2	0,000E+0	1,729E+2	1,721E+2	0,000E+0	7,825E-1	7,681E-1	0,000E+0	7	1101
276,063	67,600	82,300	1,499E+2	0,000E+0	1,729E+2	1,721E+2	0,000E+0	7,825E-1	7,681E-1	0,000E+0	7	1101
277,063	67,300	82,900	1,502E+2	0,000E+0	1,728E+2	1,719E+2	0,000E+0	7,839E-1	7,747E-1	0,000E+0	7	1101
278,064	67,700	82,100	1,498E+2	0,000E+0	1,730E+2	1,723E+2	0,000E+0	7,826E-1	7,648E-1	0,000E+0	7	1101
279,063	66,800	83,000	1,498E+2	0,000E+0	1,724E+2	1,726E+2	0,000E+0	7,771E-1	7,719E-1	0,000E+0	7	1101
280,064	67,300	83,000	1,503E+2	0,000E+0	1,728E+2	1,723E+2	0,000E+0	7,842E-1	7,725E-1	0,000E+0	7	1101
281,064	66,900	83,100	1,500E+2	0,000E+0	1,725E+2	1,721E+2	0,000E+0	7,819E-1	7,758E-1	0,000E+0	7	1101
282,065	67,100	82,700	1,498E+2	0,000E+0	1,725E+2	1,727E+2	0,000E+0	7,754E-1	7,678E-1	0,000E+0	7	1101
283,066	67,100	82,900	1,500E+2	0,000E+0	1,725E+2	1,722E+2	0,000E+0	7,841E-1	7,733E-1	0,000E+0	7	1101
284,065	67,100	82,900	1,500E+2	0,000E+0	1,725E+2	1,722E+2	0,000E+0	7,841E-1	7,733E-1	0,000E+0	7	1110
285,067	67,900	82,000	1,499E+2	0,000E+0	1,731E+2	1,721E+2	0,000E+0	7,832E-1	7,641E-1	0,000E+0	7	1110
286,066	67,300	82,700	1,500E+2	0,000E+0	1,730E+2	1,722E+2	0,000E+0	7,827E-1	7,708E-1	0,000E+0	7	1110
287,067	68,000	82,100	1,501E+2	0,000E+0	1,731E+2	1,722E+2	0,000E+0	7,833E-1	7,644E-1	0,000E+0	7	1110
288,066	66,700	83,100	1,498E+2	0,000E+0	1,725E+2	1,724E+2	0,000E+0	7,780E-1	7,749E-1	0,000E+0	7	1110
289,067	66,700	83,100	1,498E+2	0,000E+0	1,725E+2	1,724E+2	0,000E+0	7,780E-1	7,749E-1	0,000E+0	7	1110
290,068	66,600	83,300	1,499E+2	0,000E+0	1,722E+2	1,724E+2	0,000E+0	7,782E-1	7,763E-1	0,000E+0	7	1110
291,068	67,400	82,500	1,499E+2	0,000E+0	1,728E+2	1,723E+2	0,000E+0	7,808E-1	7,669E-1	0,000E+0	7	1110
292,069	67,600	82,700	1,503E+2	0,000E+0	1,728E+2	1,722E+2	0,000E+0	7,833E-1	7,683E-1	0,000E+0	7	1110
293,069	66,600	83,300	1,499E+2	0,000E+0	1,723E+2	1,722E+2	0,000E+0	7,812E-1	7,791E-1	0,000E+0	7	1110
294,068	67,500	82,300	1,498E+2	0,000E+0	1,730E+2	1,719E+2	0,000E+0	7,850E-1	7,703E-1	0,000E+0	7	1110
295,070	67,500	82,600	1,501E+2	0,000E+0	1,729E+2	1,719E+2	0,000E+0	7,855E-1	7,735E-1	0,000E+0	7	1110
296,070	67,100	82,700	1,498E+2	0,000E+0	1,726E+2	1,724E+2	0,000E+0	7,799E-1	7,699E-1	0,000E+0	7	1110
297,071	67,500	82,500	1,500E+2	0,000E+0	1,730E+2	1,722E+2	0,000E+0	7,844E-1	7,685E-1	0,000E+0	7	1110
298,070	66,700	83,300	1,500E+2	0,000E+0	1,724E+2	1,723E+2	0,000E+0	7,805E-1	7,774E-1	0,000E+0	7	1110
299,070	67,200	82,700	1,499E+2	0,000E+0	1,727E+2	1,720E+2	0,000E+0	7,832E-1	7,733E-1	0,000E+0	7	1110
300,071	67,200	82,700	1,499E+2	0,000E+0	1,727E+2	1,720E+2	0,000E+0	7,832E-1	7,733E-1	0,000E+0	7	1110
301,070	67,200	82,700	1,499E+2	0,000E+0	1,727E+2	1,720E+2	0,000E+0	7,832E-1	7,733E-1	0,000E+0	7	1110
302,071	67,200	82,700	1,499E+2	0,000E+0	1,727E+2	1,720E+2	0,000E+0	7,832E-1	7,733E-1	0,000E+0	7	1110
303,070	67,300	82,800	1,501E+2	0,000E+0	1,728E+2	1,727E+2	0,000E+0	7,780E-1	7,686E-1	0,000E+0	7	1110
304,071	67,300	82,800	1,501E+2	0,000E+0	1,728E+2	1,727E+2	0,000E+0	7,780E-1	7,686E-1	0,000E+0	7	1110
305,072	67,300	82,800	1,501E+2	0,000E+0	1,728E+2	1,727E+2	0,000E+0	7,780E-1	7,686E-1	0,000E+0	7	1110
306,071	66,800	83,100	1,499E+2	0,000E+0	1,724E+2	1,721E+2	0,000E+0	7,824E-1	7,754E-1	0,000E+0	7	1110
307,073	66,800	83,100	1,499E+2	0,000E+0	1,724E+2	1,721E+2	0,000E+0	7,824E-1	7,754E-1	0,000E+0	7	1110
308,072	66,600	83,300	1,499E+2	0,000E+0	1,721E+2	1,725E+2	0,000E+0	7,773E-1	7,768E-1	0,000E+0	7	1110
309,073	66,600	83,300	1,499E+2	0,000E+0	1,721E+2	1,725E+2	0,000E+0	7,773E-1	7,768E-1	0,000E+0	7	1110
310,072	66,600	83,200	1,498E+2	0,000E+0	1,723E+2	1,719E+2	0,000E+0	7,841E-1	7,778E-1	0,000E+0	7	1110
311,073	66,600	83,200	1,498E+2	0,000E+0	1,723E+2	1,719E+2	0,000E+0	7,841E-1	7,778E-1	0,000E+0	7	1110
312,073	66,900	83,100	1,500E+2	0,000E+0	1,724E+2	1,726E+2	0,000E+0	7,765E-1	7,730E-1	0,000E+0	7	1110
313,072	67,600	82,400	1,500E+2	0,000E+0	1,729E+2	1,726E+2	0,000E+0	7,810E-1	7,659E-1	0,000E+0	7	1110
314,073	66,800	83,400	1,502E+2	0,000E+0	1,723E+2	1,719E+2	0,000E+0	7,861E-1	7,804E-1	0,000E+0	7	1110
315,073	67,500	82,300	1,498E+2	0,000E+0	1,730E+2	1,720E+2	0,000E+0	7,816E-1	7,690E-1	0,000E+0	7	1110
316,073	66,500	83,300	1,498E+2	0,000E+0	1,717E+2	1,716E+2	0,000E+0	7,801E-1	7,748E-1	0,000E+0	7	1110
317,074	66,500	83,300	1,498E+2	0,000E+0	1,717E+2	1,716E+2	0,000E+0	7,801E-1	7,748E-1	0,000E+0	7	1110
318,074	66,900	82,900	1,498E+2	0,000E+0	1,723E+2	1,719E+2	0,000E+0	7,835E-1	7,770E-1	0,000E+0	7	1110
319,075	67,000	83,300	1,503E+2	0,000E+0	1,724E+2	1,725E+2	0,000E+0	7,834E-1	7,761E-1	0,000E+0	7	1110
320,074	67,000	82,900	1,499E+2	0,000E+0	1,726E+2	1,724E+2	0,000E+0	7,804E-1	7,717E-1	0,000E+0	7	1110
321,075	66,600	83,300	1,499E+2	0,000E+0	1,722E+2	1,726E+2	0,000E+0	7,786E-1	7,756E-1	0,000E+0	7	1110
322,075	67,800	82,200	1,500E+2	0,000E+0	1,732E+2	1,721E+2	0,000E+0	7,840E-1	7,661E-1	0,000E+0	7	1110
323,075	66,200	83,600	1,498E+2	0,000E+0	1,720E+2	1,729E+2	0,000E+0	7,719E-1	7,751E-1	0,000E+0	7	1110
324,076	66,200	83,600	1,498E+2	0,000E+0	1,720E+2	1,729E+2	0,000E+0	7,719E-1	7,751E-1	0,000E+0	7	1110
325,076	68,000	82,000	1,500E+2	0,000E+0	1,732E+2	1,721E+2	0,000E+0	7,848E-1	7,625E-1	0,000E+0	7	1110
326,077	68,000	82,400	1,504E+2	0,000E+0	1,732E+2	1,721E+2	0,000E+0	7,853E-1	7,667E-1	0,000E+0	7	1110
327,076	67,200	82,600	1,498E+2	0,000E+0	1,728E+2	1,720E+2	0,000E+0	7,828E-1	7,713E-1	0,000E+0	7	1110
328,077	67,100	83,000	1,501E+2	0,000E+0	1,726E+2	1,724E+2	0,000E+0	7,774E-1	7,723E-1	0,000E+0	7	1110
329,077	67,300	82,600	1,499E+2	0,000E+0	1,730E+2	1,719E+2	0,000E+0	7,818E-1	7,706E-1	0,000E+0	7	1110
330,077	66,400	83,600	1,500E+2	0,000E+0	1,721E+2	1,729E+2	0,000E+0	7,740E-1	7,770E-1	0,000E+0	7	1110
331,077	67,200	82,900	1,501E+2	0,000E+0	1,726E+2	1,719E+2	0,000E+0	7,855E-1	7,753E-1	0,000E+0	7	1110
332,078	67,000	83,100	1,501E+2	0,000E+0	1,725E+2	1,723E+2	0,000E+0	7,807E-1	7,740E-1	0,000E+0	7	1110
333,077	68,000	81,900	1,499E+2	0,000E+0	1,734E+2	1,721E+2	0,000E+0	7,835E-1	7,624E-1	0,000E+0	7	1110
334,079	68,000	81,900	1,499E+2	0,000E+0	1,734E+2	1,721E+2	0,000E+0	7,835E-1	7,624E-1	0,000E+0	7	1110
335,080	67,700	82,100	1,498E+2	0,000E+0	1,731E+2	1,723E+2	0,000E+0	7,823E-1	7,643E-1	0,000E+0	7	1110
336,079	67,400	82,700	1,501E+2	0,000E+0	1,727E+2	1,721E+2	0,000E+0	7,838E-1	7,717E-1	0,000E+0	7	1110
337,081	66,800	83,100	1,499E+2	0,000E+0	1,723E+2	1,722E+2	0,000E+0	7,787E-1	7,752E-1	0,000E+0	7	1110
338,080	67,400	82,500	1,499E+2	0,000E+0	1,726E+2	1,722E+2	0,000E+0	7,799E-1	7,688E-1	0,000E+0	7	1110
339,081	67,300	82,600	1,499E+2	0,000E+0	1,726E+2	1,722E+2	0,000E+0	7,804E-1	7,709E-1	0,000E+0	7	1110
340,081	67,200	82,800	1,500E+2	0,000E+0	1,725E+2	1,720E+2	0,000E+0	7,822E-1	7,727E-1	0,000E+0	7	1110
341,081	66,800	82,800	1,496E+2	0,000E+0	1,724E+2	1,724E+2	0,000E+0	7,769E-1	7,715E-1	0,000E+0	6	1110
342,083	67,100	83,200	1,503E+2	0,000E+0	1,724E+2	1,720E+2	0,000E+0	7,840E-1	7,760E-1	0,000E+0	6	1110
343,082	67,100	83,200	1,503E+2	0,000E+0	1,726E+2	1,722E+2	0,000E+0	7,809E-1	7,737E-1	0,000E+0	6	1110
344,083	67,300	82,600	1,499E+2	0,000E+0	1,728E+2	1,721E+2	0,000E+0	7,796E-1	7,711E-1	0,000E+0	6	1110
345,082	67,300	82,600	1,499E+2	0,000E+0	1,728E+2	1,721E+2	0,000E+0	7,796E-1	7,711E-1	0,000E+0	6	1110
346,083	67,300	82,600	1,499E+2	0,000E+0	1,728E+2	1,721E+2	0,000E+0	7,796E-1	7,711E-1	0,000E+0	6	1110
347,083	67,300	82,600	1,499E+2	0,000E+0	1,728E+2	1,721E+2	0,000E+0	7,796E-1	7,711E-1	0,000E+0	6	1110
348,083	67,300	82,600	1,499E+2	0,000E+0	1,728E+2	1,721E+2	0,000E+0	7,796E-1	7,711E-1	0,000E+0	6	1110
349,082	67,400	82,800	1,502E+2	0,000E+0	1,729E+2	1,726E+2	0,000E+0	7,828E-1	7,696E-1	0,000E+0	6	1110
350,084	67,400	82,800	1,502E+2	0,000E+0	1,729E+2	1,726E+2	0,000E+0	7,828E-1	7,696E-1	0,000E+0	6	1110
351,083	67,400	82,800	1,502E+2	0,000E+0	1,729E+2	1,726E+2	0,000E+0	7,828E-1	7,696E-1	0,000E+0	6	1110
352,084	67,400	82,800	1,502E+2	0,000E+0	1,729E+2	1,726E+2	0,000E+0	7,828E-1	7,696E-1	0,000E+0	6	1110
353,084	66,900	83,200	1,501E+2	0,000E+0	1,725E+2	1,721E+2	0,000E+0	7,827E-1	7,761E-1	0,000E+0	6	1110
354,085	67,300	82,600	1,499E+2	0,000E+0	1,726E+2	1,721E+2	0,000E+0	7,826E-1	7,695E-1	0,000E+0	6	1110
355,085	67,300	82,600	1,499E+2	0,000E+0	1,726E+2	1,721E+2	0,000E+0	7,826E-1	7,695E-1	0,000E+0	6	1110
356,084	66,900	82,900	1,498E+2	0,000E+0	1,724E+2	1,720E+2	0,000E+0	7,826E-1	7,748E-1	0,000E+0	6	1110
357,086	67,400	82,300	1,497E+2	0,000E+0	1,727E+2	1,723E+2	0,000E+0	7,781E-1	7,663E-1	0,000E+0	6	1110
358,086	67,700	82,300	1,500E+2	0,000E+0	1,729E+2	1,718E+2	0,000E+0	7,851E-1	7,671E-1	0,000E+0	6	1110
359,087	66,600	83,500	1,501E+2	0,000E+0	1,720E+2	1,726E+2	0,000E+0	7,776E-1	7,768E-1	0,000E+0	6	1110
360,086	66,800	83,400	1,502E+2	0,000E+0	1,723E+2	1,725E+2	0,000E+0	7,768E-1	7,737E-1	0,000E+0	6	1110
361,087	67,100	83,000	1,501E+2	0,000E+0	1,722E+2	1,720E+2	0,000E+0	7,819E-1	7,737E-1	0,000E+0	6	1110
362,088	67,200	82,600	1,498E+2	0,000E+0	1,723E+2	1,721E+2	0,000E+0	7,795E-1	7,702E-1	0,000E+0	6	1110
363,087	66,500	83,400	1,499E+2	0,000E+0	1,719E+2	1,721E+2	0,000E+0	7,792E-1	7,778E-1	0,000E+0	6	1110
364,088	66,700	83,000	1,497E+2	0,000E+0	1,722E+2	1,724E+2	0,000E+0	7,783E-1	7,723E-1	0,000E+0	6	1110
365,087	67,800	82,700	1,505E+2	0,000E+0	1,729E+2	1,722E+2	0,000E+0	7,833E-1	7,683E-1	0,000E+0	6	1110
366,088	67,300	82,600	1,499E+2	0,000E+0	1,727E+2	1,720E+2	0,000E+0	7,829E-1	7,701E-1	0,000E+0	6	1110
367,088	67,600	82,400	1,500E+2	0,000E+0	1,728E+2	1,719E+2	0,000E+0	7,824E-1	7,700E-1	0,000E+0	6	1110
368,088	67,600	82,400	1,500E+2	0,000E+0	1,728E+2	1,719E+2	0,000E+0	7,824E-1	7,700E-1	0,000E+0	6	1110
369,090	67,100	82,900	1,500E+2	0,000E+0	1,725E+2	1,719E+2	0,000E+0	7,840E-1	7,732E-1	0,000E+0	5	1110
370,089	67,500	82,500	1,500E+2	0,000E+0	1,729E+2	1,720E+2	0,000E+0	7,841E-1	7,689E-1	0,000E+0	5	1110
371,091	68,200	82,000	1,502E+2	0,000E+0	1,733E+2	1,718E+2	0,000E+0	7,867E-1	7,642E-1	0,000E+0	5	1110
372,090	66,400	83,400	1,498E+2	0,000E+0	1,723E+2	1,726E+2	0,000E+0	7,763E-1	7,754E-1	0,000E+0	5	1110
373,091	68,100	82,000	1,501E+2	0,000E+0	1,733E+2	1,718E+2	0,000E+0	7,868E-1	7,649E-1	0,000E+0	5	1110
374,091	68,100	82,000	1,501E+2	0,000E+0	1,733E+2	1,718E+2	0,000E+0	7,868E-1	7,649E-1	0,000E+0	5	1110
375,091	68,100	82,000	1,501E+2	0,000E+0	1,733E+2	1,718E+2	0,000E+0	7,868E-1	7,649E-1	0,000E+0	5	1110
376,092	68,100	82,000	1,501E+2	0,000E+0	1,733E+2	1,718E+2	0,000E+0	7,868E-1	7,649E-1	0,000E+0	5	1110
377,092	66,800	83,300	1,501E+2	0,000E+0	1,722E+2	1,727E+2	0,000E+0	7,770E-1	7,741E-1	0,000E+0	5	1110
378,094	66,800	83,300	1,501E+2	0,000E+0	1,722E+2	1,727E+2	0,000E+0	7,770E-1	7,741E-1	0,000E+0	5	1110
379,093	67,400	82,700	1,501E+2	0,000E+0	1,728E+2	1,722E+2	0,000E+0	7,816E-1	7,691E-1	0,000E+0	5	1110
380,094	67,400	82,700	1,501E+2	0,000E+0	1,728E+2	1,722E+2	0,000E+0	7,816E-1	7,691E-1	0,000E+0	5	1110
381,094	67,400	82,700	1,501E+2	0,000E+0	1,728E+2	1,722E+2	0,000E+0	7,816E-1	7,691E-1	0,000E+0	5	1110
382,093	67,400	82,700	1,501E+2	0,000E+0	1,728E+2	1,722E+2	0,000E+0	7,816E-1	7,691E-1	0,000E+0	5	1110
383,094	67,300	82,500	1,498E+2	0,000E+0	1,728E+2	1,724E+2	0,000E+0	7,813E-1	7,674E-1	0,000E+0	5	1110
384,093	67,300	82,500	1,498E+2	0,000E+0	1,728E+2	1,724E+2	0,000E+0	7,813E-1	7,674E-1	0,000E+0	5	1110
385,093	67,500	82,400	1,499E+2	0,000E+0	1,728E+2	1,721E+2	0,000E+0	7,819E-1	7,684E-1	0,000E+0	5	1110
386,094	67,500	82,400	1,499E+2	0,000E+0	1,728E+2	1,721E+2	0,000E+0	7,819E-1	7,684E-1	0,000E+0	5	1110
387,093	66,600	83,300	1,499E+2	0,000E+0	1,722E+2	1,722E+2	0,000E+0	7,789E-1	7,774E-1	0,000E+0	5	1110
388,094	66,600	83,300	1,499E+2	0,000E+0	1,722E+2	1,722E+2	0,000E+0	7,789E-1	7,774E-1	0,000E+0	5	1110
389,093	67,700	82,400	1,501E+2	0,000E+0	1,731E+2	1,718E+2	0,000E+0	7,865E-1	7,698E-1	0,000E+0	5	1110
390,095	67,900	82,200	1,501E+2	0,000E+0	1,730E+2	1,719E+2	0,000E+0	7,839E-1	7,675E-1	0,000E+0	5	1110
391,096	67,000	82,800	1,498E+2	0,000E+0	1,723E+2	1,723E+2	0,000E+0	7,792E-1	7,720E-1	0,000E+0	5	1110
392,096	66,300	83,700	1,500E+2	0,000E+0	1,718E+2	1,729E+2	0,000E+0	7,712E-1	7,764E-1	0,000E+0	5	1110
393,098	67,800	82,200	1,500E+2	0,000E+0	1,730E+2	1,722E+2	0,000E+0	7,834E-1	7,648E-1	0,000E+0	5	1110
394,098	67,800	82,200	1,500E+2	0,000E+0	1,730E+2	1,722E+2	0,000E+0	7,834E-1	7,648E-1	0,000E+0	5	1110
395,100	67,000	83,000	1,500E+2	0,000E+0	1,724E+2	1,723E+2	0,000E+0	7,812E-1	7,730E-1	0,000E+0	5	1110
396,099	67,600	82,400	1,500E+2	0,000E+0	1,727E+2	1,720E+2	0,000E+0	7,834E-1	7,696E-1	0,000E+0	5	1110
397,100	66,700	83,100	1,498E+2	0,000E+0	1,724E+2	1,721E+2	0,000E+0	7,829E-1	7,768E-1	0,000E+0	5	1110
398,101	67,000	83,100	1,501E+2	0,000E+0	1,725E+2	1,722E+2	0,000E+0	7,822E-1	7,750E-1	0,000E+0	5	1110
399,100	67,900	82,200	1,501E+2	0,000E+0	1,731E+2	1,720E+2	0,000E+0	7,858E-1	7,669E-1	0,000E+0	5	1110
400,101	66,800	83,600	1,504E+2	0,000E+0	1,725E+2	1,720E+2	0,000E+0	7,858E-1	7,810E-1	0,000E+0	5	1110
401,100	66,800	82,900	1,497E+2	0,000E+0	1,724E+2	1,723E+2	0,000E+0	7,809E-1	7,753E-1	0,000E+0	4	1110
402,102	67,700	82,200	1,499E+2	0,000E+0	1,732E+2	1,724E+2	0,000E+0	7,805E-1	7,661E-1	0,000E+0	4	1110
403,101	67,400	82,700	1,501E+2	0,000E+0	1,732E+2	1,725E+2	0,000E+0	7,817E-1	7,726E-1	0,000E+0	4	1110
404,101	67,400	82,700	1,501E+2	0,000E+0	1,732E+2	1,725E+2	0,000E+0	7,817E-1	7,726E-1	0,000E+0	4	1110
405,102	66,700	82,800	1,495E+2	0,000E+0	1,727E+2	1,727E+2	0,000E+0	7,780E-1	7,719E-1	0,000E+0	4	1110
406,102	66,700	82,800	1,495E+2	0,000E+0	1,727E+2	1,727E+2	0,000E+0	7,780E-1	7,719E-1	0,000E+0	4	1110
407,104	66,700	82,800	1,495E+2	0,000E+0	1,727E+2	1,727E+2	0,000E+0	7,780E-1	7,719E-1	0,000E+0	4	1110
408,104	67,700	82,500	1,502E+2	0,000E+0	1,732E+2	1,724E+2	0,000E+0	7,820E-1	7,735E-1	0,000E+0	4	1110
409,105	67,700	82,500	1,502E+2	0,000E+0	1,732E+2	1,724E+2	0,000E+0	7,820E-1	7,735E-1	0,000E+0	4	1110
410,104	66,600	83,500	1,501E+2	0,000E+0	1,724E+2	1,728E+2	0,000E+0	7,789E-1	7,767E-1	0,000E+0	4	1110
411,104	66,600	83,500	1,501E+2	0,000E+0	1,724E+2	1,728E+2	0,000E+0	7,789E-1	7,767E-1	0,000E+0	4	1110
412,105	66,600	83,500	1,501E+2	0,000E+0	1,724E+2	1,728E+2	0,000E+0	7,789E-1	7,767E-1	0,000E+0	4	1110
413,105	66,600	83,800	1,504E+2	0,000E+0	1,720E+2	1,729E+2	0,000E+0	7,776E-1	7,780E-1	0,000E+0	4	1110
414,104	66,600	83,800	1,504E+2	0,000E+0	1,720E+2	1,729E+2	0,000E+0	7,776E-1	7,780E-1	0,000E+0	4	1110
415,104	66,600	83,800	1,504E+2	0,000E+0	1,720E+2	1,729E+2	0,000E+0	7,776E-1	7,780E-1	0,000E+0	4	1110
416,105	67,400	82,200	1,496E+2	0,000E+0	1,729E+2	1,721E+2	0,000E+0	7,811E-1	7,666E-1	0,000E+0	4	1110
417,104	67,700	82,300	1,500E+2	0,000E+0	1,731E+2	1,720E+2	0,000E+0	7,830E-1	7,655E-1	0,000E+0	3	1110
418,105	67,400	82,800	1,502E+2	0,000E+0	1,728E+2	1,723E+2	0,000E+0	7,806E-1	7,709E-1	0,000E+0	3	1110
419,106	67,500	82,400	1,499E+2	0,000E+0	1,729E+2	1,721E+2	0,000E+0	7,819E-1	7,697E-1	0,000E+0	3	1110
420,105	67,400	82,300	1,497E+2	0,000E+0	1,729E+2	1,720E+2	0,000E+0	7,832E-1	7,671E-1	0,000E+0	3	1110
421,106	67,400	82,300	1,497E+2	0,000E+0	1,729E+2	1,720E+2	0,000E+0	7,832E-1	7,671E-1	0,000E+0	3	1110
422,105	67,400	82,300	1,497E+2	0,000E+0	1,729E+2	1,720E+2	0,000E+0	7,832E-1	7,671E-1	0,000E+0	3	1110
423,106	67,400	82,300	1,497E+2	0,000E+0	1,729E+2	1,720E+2	0,000E+0	7,832E-1	7,671E-1	0,000E+0	3	1110
424,105	66,800	83,300	1,501E+2	0,000E+0	1,721E+2	1,724E+2	0,000E+0	7,811E-1	7,746E-1	0,000E+0	3	1110
425,105	66,800	83,300	1,501E+2	0,000E+0	1,721E+2	1,724E+2	0,000E+0	7,811E-1	7,746E-1	0,000E+0	3	1110
426,107	66,800	83,300	1,501E+2	0,000E+0	1,721E+2	1,724E+2	0,000E+0	7,811E-1	7,746E-1	0,000E+0	3	1110
427,106	67,200	83,000	1,502E+2	0,000E+0	1,724E+2	1,718E+2	0,000E+0	7,858E-1	7,767E-1	0,000E+0	3	1110
428,107	67,200	83,000	1,502E+2	0,000E+0	1,724E+2	1,718E+2	0,000E+0	7,858E-1	7,767E-1	0,000E+0	3	1110
429,106	67,200	83,000	1,502E+2	0,000E+0	1,724E+2	1,718E+2	0,000E+0	7,858E-1	7,767E-1	0,000E+0	3	1110
430,108	67,200	83,000	1,502E+2	0,000E+0	1,724E+2	1,718E+2	0,000E+0	7,858E-1	7,767E-1	0,000E+0	3	1110
431,107	66,700	83,100	1,498E+2	0,000E+0	1,721E+2	1,728E+2	0,000E+0	7,738E-1	7,726E-1	0,000E+0	3	1110
432,108	66,700	83,100	1,498E+2	0,000E+0	1,721E+2	1,728E+2	0,000E+0	7,738E-1	7,726E-1	0,000E+0	3	1110
433,108	66,900	83,200	1,501E+2	0,000E+0	1,723E+2	1,721E+2	0,000E+0	7,842E-1	7,769E-1	0,000E+0	3	1110
434,107	66,900	83,200	1,501E+2	0,000E+0	1,723E+2	1,721E+2	0,000E+0	7,842E-1	7,769E-1	0,000E+0	3	1110
435,109	66,700	83,100	1,498E+2	0,000E+0	1,725E+2	1,722E+2	0,000E+0	7,801E-1	7,752E-1	0,000E+0	3	1110
436,109	67,200	82,800	1,500E+2	0,000E+0	1,728E+2	1,719E+2	0,000E+0	7,854E-1	7,730E-1	0,000E+0	3	1110
437,109	67,000	82,900	1,499E+2	0,000E+0	1,723E+2	1,721E+2	0,000E+0	7,809E-1	7,744E-1	0,000E+0	3	1110
438,110	66,400	83,500	1,499E+2	0,000E+0	1,720E+2	1,724E+2	0,000E+0	7,765E-1	7,756E-1	0,000E+0	3	1110
439,109	67,300	82,700	1,500E+2	0,000E+0	1,728E+2	1,724E+2	0,000E+0	7,822E-1	7,698E-1	0,000E+0	3	1110
440,110	66,400	83,500	1,499E+2	0,000E+0	1,719E+2	1,726E+2	0,000E+0	7,767E-1	7,766E-1	0,000E+0	3	1110
441,109	67,000	83,100	1,501E+2	0,000E+0	1,725E+2	1,721E+2	0,000E+0	7,822E-1	7,764E-1	0,000E+0	3	1110
442,111	66,700	83,100	1,498E+2	0,000E+0	1,722E+2	1,724E+2	0,000E+0	7,781E-1	7,737E-1	0,000E+0	3	1110
443,110	67,000	83,100	1,501E+2	0,000E+0	1,725E+2	1,727E+2	0,000E+0	7,790E-1	7,719E-1	0,000E+0	3	1110
444,111	67,300	83,000	1,503E+2	0,000E+0	1,725E+2	1,722E+2	0,000E+0	7,862E-1	7,740E-1	0,000E+0	3	1110
445,111	66,900	83,100	1,500E+2	0,000E+0	1,722E+2	1,725E+2	0,000E+0	7,765E-1	7,722E-1	0,000E+0	3	1110
446,110	66,900	83,100	1,500E+2	0,000E+0	1,722E+2	1,725E+2	0,000E+0	7,765E-1	7,722E-1	0,000E+0	3	1110
447,112	66,900	83,000	1,499E+2	0,000E+0	1,723E+2	1,720E+2	0,000E+0	7,849E-1	7,782E-1	0,000E+0	3	1110
448,112	66,800	83,200	1,500E+2	0,000E+0	1,724E+2	1,727E+2	0,000E+0	7,777E-1	7,734E-1	0,000E+0	3	1110
449,113	67,400	82,900	1,503E+2	0,000E+0	1,727E+2	1,721E+2	0,000E+0	7,820E-1	7,723E-1	0,000E+0	3	1110
450,113	66,700	83,100	1,498E+2	0,000E+0	1,723E+2	1,721E+2	0,000E+0	7,816E-1	7,770E-1	0,000E+0	3	1110
451,114	66,600	83,300	1,499E+2	0,000E+0	1,722E+2	1,727E+2	0,000E+0	7,759E-1	7,744E-1	0,000E+0	3	1110
452,114	67,200	82,900	1,501E+2	0,000E+0	1,725E+2	1,720E+2	0,000E+0	7,843E-1	7,753E-1	0,000E+0	3	1110
453,113	67,600	82,400	1,500E+2	0,000E+0	1,730E+2	1,721E+2	0,000E+0	7,802E-1	7,666E-1	0,000E+0	3	1110
454,114	67,200	82,700	1,499E+2	0,000E+0	1,724E+2	1,720E+2	0,000E+0	7,805E-1	7,705E-1	0,000E+0	3	1110
455,113	66,900	83,100	1,500E+2	0,000E+0	1,722E+2	1,723E+2	0,000E+0	7,782E-1	7,719E-1	0,000E+0	3	1110
456,115	66,900	83,100	1,500E+2	0,000E+0	1,722E+2	1,723E+2	0,000E+0	7,782E-1	7,719E-1	0,000E+0	3	1110
457,115	66,400	83,500	1,499E+2	0,000E+0	1,719E+2	1,723E+2	0,000E+0	7,777E-1	7,791E-1	0,000E+0	3	1110
458,114	67,100	83,000	1,501E+2	0,000E+0	1,725E+2	1,721E+2	0,000E+0	7,829E-1	7,746E-1	0,000E+0	3	1110
459,115	67,900	82,400	1,503E+2	0,000E+0	1,730E+2	1,720E+2	0,000E+0	7,859E-1	7,674E-1	0,000E+0	3	1110
460,114	66,700	83,200	1,499E+2	0,000E+0	1,723E+2	1,721E+2	0,000E+0	7,807E-1	7,763E-1	0,000E+0	3	1110
461,115	67,200	82,800	1,500E+2	0,000E+0	1,727E+2	1,721E+2	0,000E+0	7,842E-1	7,735E-1	0,000E+0	3	1110
462,114	67,200	82,900	1,501E+2	0,000E+0	1,727E+2	1,725E+2	0,000E+0	7,826E-1	7,729E-1	0,000E+0	3	1110
463,116	66,900	83,200	1,501E+2	0,000E+0	1,723E+2	1,716E+2	0,000E+0	7,869E-1	7,811E-1	0,000E+0	3	1110
464,117	67,600	82,200	1,498E+2	0,000E+0	1,731E+2	1,720E+2	0,000E+0	7,820E-1	7,668E-1	0,000E+0	3	1110
465,117	66,700	83,200	1,499E+2	0,000E+0	1,722E+2	1,717E+2	0,000E+0	7,860E-1	7,802E-1	0,000E+0	3	1110
466,118	67,100	83,000	1,501E+2	0,000E+0	1,726E+2	1,723E+2	0,000E+0	7,814E-1	7,712E-1	0,000E+0	3	1110
467,117	67,100	83,000	1,501E+2	0,000E+0	1,726E+2	1,723E+2	0,000E+0	7,814E-1	7,712E-1	0,000E+0	3	1110
468,119	67,500	82,500	1,500E+2	0,000E+0	1,729E+2	1,723E+2	0,000E+0	7,812E-1	7,671E-1	0,000E+0	3	1110
469,119	67,100	82,700	1,498E+2	0,000E+0	1,726E+2	1,724E+2	0,000E+0	7,787E-1	7,691E-1	0,000E+0	3	1110
470,118	67,800	82,200	1,500E+2	0,000E+0	1,729E+2	1,718E+2	0,000E+0	7,868E-1	7,679E-1	0,000E+0	3	1110
471,120	67,500	82,400	1,499E+2	0,000E+0	1,727E+2	1,718E+2	0,000E+0	7,840E-1	7,710E-1	0,000E+0	3	1110
472,119	66,900	83,100	1,500E+2	0,000E+0	1,725E+2	1,726E+2	0,000E+0	7,811E-1	7,723E-1	0,000E+0	3	1110
473,120	66,700	83,500	1,502E+2	0,000E+0	1,722E+2	1,722E+2	0,000E+0	7,851E-1	7,798E-1	0,000E+0	3	1110
474,119	66,600	83,400	1,500E+2	0,000E+0	1,724E+2	1,724E+2	0,000E+0	7,802E-1	7,767E-1	0,000E+0	3	1110
475,120	66,600	83,500	1,501E+2	0,000E+0	1,724E+2	1,722E+2	0,000E+0	7,822E-1	7,793E-1	0,000E+0	3	1110
476,120	67,900	81,900	1,498E+2	0,000E+0	1,732E+2	1,719E+2	0,000E+0	7,833E-1	7,628E-1	0,000E+0	3	1110
477,121	67,000	83,000	1,500E+2	0,000E+0	1,724E+2	1,719E+2	0,000E+0	7,866E-1	7,778E-1	0,000E+0	3	1110
478,122	67,000	83,000	1,500E+2	0,000E+0	1,724E+2	1,719E+2	0,000E+0	7,866E-1	7,778E-1	0,000E+0	3	1110
479,122	67,500	82,600	1,501E+2	0,000E+0	1,729E+2	1,719E+2	0,000E+0	7,861E-1	7,706E-1	0,000E+0	3	1110
480,122	66,800	83,200	1,500E+2	0,000E+0	1,725E+2	1,729E+2	0,000E+0	7,766E-1	7,717E-1	0,000E+0	3	1110
481,123	67,200	82,700	1,499E+2	0,000E+0	1,729E+2	1,719E+2	0,000E+0	7,828E-1	7,714E-1	0,000E+0	3	1110
482,123	67,500	82,600	1,501E+2	0,000E+0	1,730E+2	1,720E+2	0,000E+0	7,834E-1	7,711E-1	0,000E+0	3	1110
483,125	66,600	83,300	1,499E+2	0,000E+0	1,724E+2	1,726E+2	0,000E+0	7,776E-1	7,739E-1	0,000E+0	3	1110
484,125	67,900	82,100	1,500E+2	0,000E+0	1,731E+2	1,721E+2	0,000E+0	7,852E-1	7,649E-1	0,000E+0	3	1110
485,125	67,900	82,100	1,500E+2	0,000E+0	1,731E+2	1,721E+2	0,000E+0	7,852E-1	7,649E-1	0,000E+0	3	1110
486,126	67,300	82,600	1,499E+2	0,000E+0	1,728E+2	1,722E+2	0,000E+0	7,819E-1	7,699E-1	0,000E+0	3	1110
487,126	67,200	82,700	1,499E+2	0,000E+0	1,727E+2	1,720E+2	0,000E+0	7,858E-1	7,744E-1	0,000E+0	3	1110
488,127	66,500	83,600	1,501E+2	0,000E+0	1,721E+2	1,726E+2	0,000E+0	7,773E-1	7,802E-1	0,000E+0	3	1110
489,126	66,800	83,100	1,499E+2	0,000E+0	1,727E+2	1,726E+2	0,000E+0	7,801E-1	7,753E-1	0,000E+0	2	1110
490,128	67,300	82,500	1,498E+2	0,000E+0	1,727E+2	1,724E+2	0,000E+0	7,820E-1	7,690E-1	0,000E+0	2	1110
491,128	66,900	83,300	1,502E+2	0,000E+0	1,724E+2	1,722E+2	0,000E+0	7,805E-1	7,756E-1	0,000E+0	2	1110
492,128	67,400	82,500	1,499E+2	0,000E+0	1,727E+2	1,719E+2	0,000E+0	7,830E-1	7,700E-1	0,000E+0	2	1110
493,130	67,400	82,500	1,499E+2	0,000E+0	1,727E+2	1,719E+2	0,000E+0	7,830E-1	7,700E-1	0,000E+0	2	1110
494,129	67,400	82,500	1,499E+2	0,000E+0	1,727E+2	1,719E+2	0,000E+0	7,830E-1	7,700E-1	0,000E+0	2	1110
495,130	67,400	82,500	1,499E+2	0,000E+0	1,727E+2	1,719E+2	0,000E+0	7,830E-1	7,700E-1	0,000E+0	2	1110
496,130	67,400	82,500	1,499E+2	0,000E+0	1,727E+2	1,719E+2	0,000E+0	7,830E-1	7,700E-1	0,000E+0	2	1110
497,131	67,400	82,500	1,499E+2	0,000E+0	1,727E+2	1,719E+2	0,000E+0	7,830E-1	7,700E-1	0,000E+0	2	1110
498,131	67,400	82,500	1,499E+2	0,000E+0	1,727E+2	1,719E+2	0,000E+0	7,830E-1	7,700E-1	0,000E+0	2	1110
499,130	67,400	82,500	1,499E+2	0,000E+0	1,727E+2	1,719E+2	0,000E+0	7,830E-1	7,700E-1	0,000E+0	2	1110
500,131	67,400	82,500	1,499E+2	0,000E+0	1,727E+2	1,719E+2	0,000E+0	7,830E-1	7,700E-1	0,000E+0	2	1110
501,130	66,500	83,600	1,501E+2	0,000E+0	1,718E+2	1,718E+2	0,000E+0	7,815E-1	7,820E-1	0,000E+0	2	1110
502,131	66,600	83,300	1,499E+2	0,000E+0	1,719E+2	1,720E+2	0,000E+0	7,801E-1	7,778E-1	0,000E+0	2	1110
503,130	66,600	83,300	1,499E+2	0,000E+0	1,719E+2	1,720E+2	0,000E+0	7,801E-1	7,778E-1	0,000E+0	2	1110
504,131	66,600	83,300	1,499E+2	0,000E+0	1,721E+2	1,723E+2	0,000E+0	7,785E-1	7,751E-1	0,000E+0	2	1110
505,130	67,200	82,700	1,499E+2	0,000E+0	1,725E+2	1,722E+2	0,000E+0	7,789E-1	7,693E-1	0,000E+0	2	1110
506,131	67,200	82,800	1,500E+2	0,000E+0	1,726E+2	1,722E+2	0,000E+0	7,805E-1	7,706E-1	0,000E+0	2	1110
507,131	67,600	82,600	1,502E+2	0,000E+0	1,729E+2	1,721E+2	0,000E+0	7,863E-1	7,691E-1	0,000E+0	2	1110
508,130	66,800	83,200	1,500E+2	0,000E+0	1,722E+2	1,721E+2	0,000E+0	7,811E-1	7,756E-1	0,000E+0	1	1110
509,131	66,800	83,200	1,500E+2	0,000E+0	1,726E+2	1,722E+2	0,000E+0	7,830E-1	7,770E-1	0,000E+0	1	1110
510,131	66,900	82,900	1,498E+2	0,000E+0	1,723E+2	1,722E+2	0,000E+0	7,810E-1	7,745E-1	0,000E+0	1	1110
511,132	66,900	83,200	1,501E+2	0,000E+0	1,723E+2	1,719E+2	0,000E+0	7,827E-1	7,779E-1	0,000E+0	1	1110
512,134	66,900	83,200	1,501E+2	0,000E+0	1,723E+2	1,719E+2	0,000E+0	7,827E-1	7,779E-1	0,000E+0	1	1110
513,133	66,500	83,400	1,499E+2	0,000E+0	1,720E+2	1,721E+2	0,000E+0	7,832E-1	7,798E-1	0,000E+0	1	1110
514,134	66,500	83,400	1,499E+2	0,000E+0	1,720E+2	1,721E+2	0,000E+0	7,832E-1	7,798E-1	0,000E+0	1	1110
515,134	66,200	83,700	1,499E+2	0,000E+0	1,717E+2	1,724E+2	0,000E+0	7,770E-1	7,779E-1	0,000E+0	1	1110
516,135	66,200	83,700	1,499E+2	0,000E+0	1,717E+2	1,724E+2	0,000E+0	7,770E-1	7,779E-1	0,000E+0	1	1110
517,134	66,200	83,700	1,499E+2	0,000E+0	1,717E+2	1,724E+2	0,000E+0	7,770E-1	7,779E-1	0,000E+0	1	1110
518,135	66,400	83,600	1,500E+2	0,000E+0	1,720E+2	1,724E+2	0,000E+0	7,775E-1	7,781E-1	0,000E+0	1	1110
519,134	66,400	83,600	1,500E+2	0,000E+0	1,720E+2	1,724E+2	0,000E+0	7,775E-1	7,781E-1	0,000E+0	1	1110
520,136	66,400	83,600	1,500E+2	0,000E+0	1,720E+2	1,724E+2	0,000E+0	7,775E-1	7,781E-1	0,000E+0	1	1110
521,135	66,400	83,600	1,500E+2	0,000E+0	1,720E+2	1,724E+2	0,000E+0	7,775E-1	7,781E-1	0,000E+0	1	1110
522,135	67,400	82,700	1,501E+2	0,000E+0	1,723E+2	1,722E+2	0,000E+0	7,836E-1	7,698E-1	0,000E+0	1	1110
523,136	67,400	82,700	1,501E+2	0,000E+0	1,723E+2	1,722E+2	0,000E+0	7,836E-1	7,698E-1	0,000E+0	1	1110
524,136	67,300	82,900	1,502E+2	0,000E+0	1,726E+2	1,719E+2	0,000E+0	7,849E-1	7,717E-1	0,000E+0	0	1110
525,138	67,300	82,900	1,502E+2	0,000E+0	1,726E+2	1,719E+2	0,000E+0	7,849E-1	7,717E-1	0,000E+0	0	1110
526,137	66,600	83,000	1,496E+2	0,000E+0	1,719E+2	1,716E+2	0,000E+0	7,816E-1	7,761E-1	0,000E+0	0	1110
527,138	66,800	83,300	1,501E+2	0,000E+0	1,718E+2	1,719E+2	0,000E+0	7,793E-1	7,753E-1	0,000E+0	0	1110
528,138	67,100	83,000	1,501E+2	0,000E+0	1,718E+2	1,719E+2	0,000E+0	7,801E-1	7,730E-1	0,000E+0	0	1110
529,137	67,100	83,000	1,501E+2	0,000E+0	1,718E+2	1,719E+2	0,000E+0	7,801E-1	7,730E-1	0,000E+0	0	1110
530,139	67,100	83,000	1,501E+2	0,000E+0	1,718E+2	1,719E+2	0,000E+0	7,801E-1	7,730E-1	0,000E+0	0	1110
531,138	67,100	83,000	1,501E+2	0,000E+0	1,718E+2	1,719E+2	0,000E+0	7,801E-1	7,730E-1	0,000E+0	0	1110
532,139	67,100	83,000	1,501E+2	0,000E+0	1,718E+2	1,719E+2	0,000E+0	7,801E-1	7,730E-1	0,000E+0	0	1110
533,138	67,100	83,000	1,501E+2	0,000E+0	1,722E+2	1,718E+2	0,000E+0	7,815E-1	7,721E-1	0,000E+0	0	1110
534,139	67,100	83,000	1,501E+2	0,000E+0	1,722E+2	1,718E+2	0,000E+0	7,815E-1	7,721E-1	0,000E+0	0	1110
535,139	67,100	83,000	1,501E+2	0,000E+0	1,722E+2	1,718E+2	0,000E+0	7,815E-1	7,721E-1	0,000E+0	0	1110
536,138	67,100	83,000	1,501E+2	0,000E+0	1,722E+2	1,718E+2	0,000E+0	7,815E-1	7,721E-1	0,000E+0	0	1110
537,140	67,100	82,800	1,499E+2	0,000E+0	1,722E+2	1,716E+2	0,000E+0	7,827E-1	7,729E-1	0,000E+0	0	1110
538,139	67,500	82,400	1,499E+2	0,000E+0	1,721E+2	1,716E+2	0,000E+0	7,822E-1	7,673E-1	0,000E+0	0	1110
539,141	67,500	82,400	1,499E+2	0,000E+0	1,721E+2	1,716E+2	0,000E+0	7,822E-1	7,673E-1	0,000E+0	0	1110
540,140	66,600	83,600	1,502E+2	0,000E+0	1,716E+2	1,721E+2	0,000E+0	7,775E-1	7,766E-1	0,000E+0	0	1110
541,140	67,000	82,900	1,499E+2	0,000E+0	1,721E+2	1,715E+2	0,000E+0	7,839E-1	7,726E-1	0,000E+0	0	1110
542,141	67,100	82,800	1,499E+2	0,000E+0	1,721E+2	1,718E+2	0,000E+0	7,815E-1	7,712E-1	0,000E+0	0	1110
543,141	66,300	83,700	1,500E+2	0,000E+0	1,716E+2	1,719E+2	0,000E+0	7,787E-1	7,794E-1	0,000E+0	0	1110
544,141	68,300	82,000	1,503E+2	0,000E+0	1,728E+2	1,711E+2	0,000E+0	7,893E-1	7,668E-1	0,000E+0	0	1110
545,140	67,400	82,300	1,497E+2	0,000E+0	1,722E+2	1,714E+2	0,000E+0	7,823E-1	7,687E-1	0,000E+0	0	1110
546,142	67,300	82,700	1,500E+2	0,000E+0	1,721E+2	1,714E+2	0,000E+0	7,866E-1	7,724E-1	0,000E+0	0	1110
547,143	67,200	83,000	1,502E+2	0,000E+0	1,723E+2	1,718E+2	0,000E+0	7,845E-1	7,718E-1	0,000E+0	0	1110
548,143	68,100	82,000	1,501E+2	0,000E+0	1,729E+2	1,712E+2	0,000E+0	7,876E-1	7,649E-1	0,000E+0	0	1110
549,144	68,000	81,800	1,498E+2	0,000E+0	1,726E+2	1,715E+2	0,000E+0	7,857E-1	7,633E-1	0,000E+0	0	1110
550,143	67,500	82,400	1,499E+2	0,000E+0	1,724E+2	1,713E+2	0,000E+0	7,868E-1	7,723E-1	0,000E+0	0	1110
551,144	67,500	82,400	1,499E+2	0,000E+0	1,713E+2	1,721E+2	0,000E+0	7,778E-1	7,768E-1	0,000E+0	0	1110
552,144	66,600	83,400	1,500E+2	0,000E+0	1,713E+2	1,721E+2	0,000E+0	7,778E-1	7,768E-1	0,000E+0	0	1110
553,146	67,300	83,000	1,503E+2	0,000E+0	1,720E+2	1,719E+2	0,000E+0	7,843E-1	7,701E-1	0,000E+0	0	1110
554,146	67,100	82,900	1,500E+2	0,000E+0	1,723E+2	1,712E+2	0,000E+0	7,842E-1	7,747E-1	0,000E+0	0	1110
555,145	66,800	83,100	1,499E+2	0,000E+0	1,717E+2	1,720E+2	0,000E+0	7,781E-1	7,734E-1	0,000E+0	0	1110
556,146	67,800	82,200	1,500E+2	0,000E+0	1,725E+2	1,714E+2	0,000E+0	7,853E-1	7,634E-1	0,000E+0	0	1110
557,145	67,000	83,000	1,500E+2	0,000E+0	1,719E+2	1,718E+2	0,000E+0	7,818E-1	7,729E-1	0,000E+0	0	1110
558,146	66,600	83,400	1,500E+2	0,000E+0	1,716E+2	1,719E+2	0,000E+0	7,779E-1	7,765E-1	0,000E+0	0	1110
559,145	67,600	82,500	1,501E+2	0,000E+0	1,725E+2	1,713E+2	0,000E+0	7,858E-1	7,692E-1	0,000E+0	0	1110
560,147	67,800	82,300	1,501E+2	0,000E+0	1,725E+2	1,715E+2	0,000E+0	7,840E-1	7,677E-1	0,000E+0	0	1110
561,147	67,000	82,900	1,499E+2	0,000E+0	1,721E+2	1,717E+2	0,000E+0	7,800E-1	7,739E-1	0,000E+0	0	1110
562,146	66,100	83,600	1,497E+2	0,000E+0	1,714E+2	1,718E+2	0,000E+0	7,786E-1	7,818E-1	0,000E+0	0	1110
563,147	66,100	83,600	1,497E+2	0,000E+0	1,714E+2	1,718E+2	0,000E+0	7,786E-1	7,818E-1	0,000E+0	0	1110
564,146	66,700	83,400	1,501E+2	0,000E+0	1,719E+2	1,714E+2	0,000E+0	7,859E-1	7,799E-1	0,000E+0	0	1110
565,147	67,500	82,500	1,500E+2	0,000E+0	1,725E+2	1,718E+2	0,000E+0	7,844E-1	7,689E-1	0,000E+0	0	1110
566,146	67,400	82,600	1,500E+2	0,000E+0	1,721E+2	1,717E+2	0,000E+0	7,813E-1	7,695E-1	0,000E+0	0	1110
567,147	67,100	82,900	1,500E+2	0,000E+0	1,721E+2	1,715E+2	0,000E+0	7,823E-1	7,744E-1	0,000E+0	0	1110
568,148	67,500	82,100	1,496E+2	0,000E+0	1,721E+2	1,714E+2	0,000E+0	7,812E-1	7,695E-1	0,000E+0	0	1110
569,147	67,500	82,100	1,496E+2	0,000E+0	1,721E+2	1,714E+2	0,000E+0	7,812E-1	7,695E-1	0,000E+0	0	1110
570,148	67,700	82,700	1,504E+2	0,000E+0	1,723E+2	1,713E+2	0,000E+0	7,866E-1	7,733E-1	0,000E+0	0	1110
571,148	67,500	82,500	1,500E+2	0,000E+0	1,724E+2	1,714E+2	0,000E+0	7,838E-1	7,695E-1	0,000E+0	0	1111
572,149	66,900	83,400	1,503E+2	0,000E+0	1,717E+2	1,717E+2	0,000E+0	7,815E-1	7,777E-1	0,000E+0	0	1111
573,148	67,100	83,100	1,502E+2	0,000E+0	1,720E+2	1,719E+2	0,000E+0	7,803E-1	7,726E-1	0,000E+0	0	1111
574,149	67,100	82,700	1,498E+2	0,000E+0	1,718E+2	1,717E+2	0,000E+0	7,817E-1	7,716E-1	0,000E+0	0	1111
575,149	67,300	82,700	1,500E+2	0,000E+0	1,721E+2	1,719E+2	0,000E+0	7,832E-1	7,689E-1	0,000E+0	0	1111
576,149	67,300	82,700	1,500E+2	0,000E+0	1,721E+2	1,719E+2	0,000E+0	7,832E-1	7,689E-1	0,000E+0	0	1111
577,150	67,300	82,700	1,500E+2	0,000E+0	1,721E+2	1,719E+2	0,000E+0	7,832E-1	7,689E-1	0,000E+0	0	1111
578,149	66,700	83,500	1,502E+2	0,000E+0	1,717E+2	1,713E+2	0,000E+0	7,869E-1	7,829E-1	0,000E+0	0	1111
579,150	66,700	83,500	1,502E+2	0,000E+0	1,717E+2	1,713E+2	0,000E+0	7,869E-1	7,829E-1	0,000E+0	0	1111
580,149	66,700	83,500	1,502E+2	0,000E+0	1,717E+2	1,713E+2	0,000E+0	7,869E-1	7,829E-1	0,000E+0	0	1111
581,150	67,000	82,900	1,499E+2	0,000E+0	1,721E+2	1,720E+2	0,000E+0	7,795E-1	7,747E-1	0,000E+0	0	1111
582,150	67,000	82,900	1,499E+2	0,000E+0	1,721E+2	1,720E+2	0,000E+0	7,795E-1	7,747E-1	0,000E+0	0	1111
583,149	67,000	82,900	1,499E+2	0,000E+0	1,721E+2	1,720E+2	0,000E+0	7,795E-1	7,747E-1	0,000E+0	0	1111
584,150	67,000	82,900	1,499E+2	0,000E+0	1,721E+2	1,720E+2	0,000E+0	7,795E-1	7,747E-1	0,000E+0	0	1111
585,149	67,000	82,800	1,498E+2	0,000E+0	1,717E+2	1,711E+2	0,000E+0	7,868E-1	7,737E-1	0,000E+0	0	1111
586,150	67,000	82,800	1,498E+2	0,000E+0	1,717E+2	1,711E+2	0,000E+0	7,868E-1	7,737E-1	0,000E+0	0	1111
587,149	66,600	83,700	1,503E+2	0,000E+0	1,717E+2	1,721E+2	0,000E+0	7,770E-1	7,758E-1	0,000E+0	0	1111
588,149	66,600	83,700	1,503E+2	0,000E+0	1,717E+2	1,721E+2	0,000E+0	7,770E-1	7,758E-1	0,000E+0	0	1111
589,150	67,100	82,800	1,499E+2	0,000E+0	1,720E+2	1,715E+2	0,000E+0	7,830E-1	7,720E-1	0,000E+0	0	1111
590,150	66,800	82,900	1,497E+2	0,000E+0	1,718E+2	1,714E+2	0,000E+0	7,819E-1	7,743E-1	0,000E+0	1	1111
591,151	66,700	83,500	1,502E+2	0,000E+0	1,720E+2	1,724E+2	0,000E+0	7,791E-1	7,753E-1	0,000E+0	1	1111
592,151	66,100	83,800	1,499E+2	0,000E+0	1,714E+2	1,717E+2	0,000E+0	7,814E-1	7,839E-1	0,000E+0	1	1111
593,153	66,700	83,300	1,500E+2	0,000E+0	1,719E+2	1,723E+2	0,000E+0	7,769E-1	7,758E-1	0,000E+0	1	1111
594,153	67,300	82,900	1,502E+2	0,000E+0	1,723E+2	1,720E+2	0,000E+0	7,809E-1	7,707E-1	0,000E+0	1	1111
595,152	67,300	82,900	1,502E+2	0,000E+0	1,723E+2	1,720E+2	0,000E+0	7,809E-1	7,707E-1	0,000E+0	1	1111
596,153	67,300	82,900	1,502E+2	0,000E+0	1,723E+2	1,720E+2	0,000E+0	7,809E-1	7,707E-1	0,000E+0	1	1111
597,152	67,300	82,900	1,502E+2	0,000E+0	1,723E+2	1,720E+2	0,000E+0	7,809E-1	7,707E-1	0,000E+0	1	1111
598,154	67,300	82,900	1,502E+2	0,000E+0	1,723E+2	1,720E+2	0,000E+0	7,809E-1	7,707E-1	0,000E+0	1	1111
599,153	66,800	83,000	1,498E+2	0,000E+0	1,721E+2	1,718E+2	0,000E+0	7,810E-1	7,753E-1	0,000E+0	1	1111
600,154	66,800	83,000	1,498E+2	0,000E+0	1,721E+2	1,718E+2	0,000E+0	7,810E-1	7,753E-1	0,000E+0	1	1111
601,155	66,800	83,000	1,498E+2	0,000E+0	1,721E+2	1,718E+2	0,000E+0	7,810E-1	7,753E-1	0,000E+0	1	1111
602,154	66,500	83,400	1,499E+2	0,000E+0	1,719E+2	1,718E+2	0,000E+0	7,826E-1	7,788E-1	0,000E+0	1	1111
603,156	66,500	83,400	1,499E+2	0,000E+0	1,719E+2	1,718E+2	0,000E+0	7,826E-1	7,788E-1	0,000E+0	1	1111
604,156	66,500	83,400	1,499E+2	0,000E+0	1,719E+2	1,718E+2	0,000E+0	7,826E-1	7,788E-1	0,000E+0	1	1111
605,157	66,500	83,400	1,499E+2	0,000E+0	1,719E+2	1,718E+2	0,000E+0	7,826E-1	7,788E-1	0,000E+0	1	1111
606,156	67,400	82,700	1,501E+2	0,000E+0	1,725E+2	1,719E+2	0,000E+0	7,830E-1	7,717E-1	0,000E+0	1	1111
607,157	67,200	82,700	1,499E+2	0,000E+0	1,723E+2	1,717E+2	0,000E+0	7,842E-1	7,737E-1	0,000E+0	2	1111
608,158	67,000	83,100	1,501E+2	0,000E+0	1,722E+2	1,717E+2	0,000E+0	7,842E-1	7,767E-1	0,000E+0	2	1111
609,158	67,700	82,200	1,499E+2	0,000E+0	1,724E+2	1,719E+2	0,000E+0	7,834E-1	7,683E-1	0,000E+0	2	1111
610,159	67,700	82,200	1,499E+2	0,000E+0	1,724E+2	1,719E+2	0,000E+0	7,834E-1	7,683E-1	0,000E+0	2	1111
611,158	67,700	82,200	1,499E+2	0,000E+0	1,724E+2	1,719E+2	0,000E+0	7,834E-1	7,683E-1	0,000E+0	2	1111
612,159	67,700	82,200	1,499E+2	0,000E+0	1,724E+2	1,719E+2	0,000E+0	7,834E-1	7,683E-1	0,000E+0	2	1111
613,158	67,700	82,200	1,499E+2	0,000E+0	1,724E+2	1,719E+2	0,000E+0	7,834E-1	7,683E-1	0,000E+0	2	1111
614,158	67,700	82,200	1,499E+2	0,000E+0	1,724E+2	1,719E+2	0,000E+0	7,834E-1	7,683E-1	0,000E+0	2	1111
615,159	67,000	83,200	1,502E+2	0,000E+0	1,721E+2	1,720E+2	0,000E+0	7,830E-1	7,763E-1	0,000E+0	2	1111
616,159	67,000	83,200	1,502E+2	0,000E+0	1,721E+2	1,720E+2	0,000E+0	7,830E-1	7,763E-1	0,000E+0	2	1111
617,160	66,700	83,300	1,500E+2	0,000E+0	1,722E+2	1,723E+2	0,000E+0	7,801E-1	7,748E-1	0,000E+0	2	1111
618,160	66,700	83,300	1,500E+2	0,000E+0	1,722E+2	1,723E+2	0,000E+0	7,801E-1	7,748E-1	0,000E+0	2	1111
619,161	66,700	83,300	1,500E+2	0,000E+0	1,722E+2	1,723E+2	0,000E+0	7,801E-1	7,748E-1	0,000E+0	2	1111
620,160	66,900	83,000	1,499E+2	0,000E+0	1,723E+2	1,723E+2	0,000E+0	7,790E-1	7,744E-1	0,000E+0	2	1111
621,161	66,900	83,000	1,499E+2	0,000E+0	1,723E+2	1,723E+2	0,000E+0	7,790E-1	7,744E-1	0,000E+0	2	1111
622,161	67,200	83,100	1,503E+2	0,000E+0	1,726E+2	1,726E+2	0,000E+0	7,861E-1	7,720E-1	0,000E+0	3	1111
623,160	66,700	83,300	1,500E+2	0,000E+0	1,725E+2	1,726E+2	0,000E+0	7,796E-1	7,759E-1	0,000E+0	3	1111
624,161	66,600	83,200	1,498E+2	0,000E+0	1,723E+2	1,720E+2	0,000E+0	7,832E-1	7,806E-1	0,000E+0	3	1111
625,160	67,000	83,100	1,501E+2	0,000E+0	1,721E+2	1,721E+2	0,000E+0	7,838E-1	7,791E-1	0,000E+0	3	1111
626,161	67,100	83,000	1,501E+2	0,000E+0	1,724E+2	1,721E+2	0,000E+0	7,827E-1	7,749E-1	0,000E+0	3	1111
627,161	66,600	83,300	1,499E+2	0,000E+0	1,721E+2	1,725E+2	0,000E+0	7,785E-1	7,769E-1	0,000E+0	3	1111
628,160	66,600	83,300	1,499E+2	0,000E+0	1,721E+2	1,725E+2	0,000E+0	7,785E-1	7,769E-1	0,000E+0	3	1111
629,161	66,600	83,300	1,499E+2	0,000E+0	1,721E+2	1,725E+2	0,000E+0	7,785E-1	7,769E-1	0,000E+0	3	1111
630,160	66,600	83,300	1,499E+2	0,000E+0	1,721E+2	1,725E+2	0,000E+0	7,785E-1	7,769E-1	0,000E+0	3	1111
631,161	67,300	82,600	1,499E+2	0,000E+0	1,725E+2	1,722E+2	0,000E+0	7,780E-1	7,689E-1	0,000E+0	3	1111
632,160	67,300	82,600	1,499E+2	0,000E+0	1,725E+2	1,722E+2	0,000E+0	7,780E-1	7,689E-1	0,000E+0	3	1111
633,161	67,300	82,600	1,499E+2	0,000E+0	1,725E+2	1,722E+2	0,000E+0	7,780E-1	7,689E-1	0,000E+0	3	1111
634,161	67,300	82,600	1,499E+2	0,000E+0	1,725E+2	1,722E+2	0,000E+0	7,780E-1	7,689E-1	0,000E+0	3	1111
635,160	66,900	83,100	1,500E+2	0,000E+0	1,723E+2	1,722E+2	0,000E+0	7,819E-1	7,729E-1	0,000E+0	3	1111
636,161	66,900	83,100	1,500E+2	0,000E+0	1,723E+2	1,722E+2	0,000E+0	7,819E-1	7,729E-1	0,000E+0	3	1111
637,161	67,700	82,300	1,500E+2	0,000E+0	1,730E+2	1,721E+2	0,000E+0	7,833E-1	7,664E-1	0,000E+0	3	1111
638,162	67,700	82,300	1,500E+2	0,000E+0	1,730E+2	1,721E+2	0,000E+0	7,833E-1	7,664E-1	0,000E+0	3	1111
639,161	67,000	83,100	1,501E+2	0,000E+0	1,723E+2	1,724E+2	0,000E+0	7,805E-1	7,732E-1	0,000E+0	3	1111
640,163	67,300	82,600	1,499E+2	0,000E+0	1,726E+2	1,719E+2	0,000E+0	7,833E-1	7,704E-1	0,000E+0	4	1111
641,163	67,200	83,200	1,504E+2	0,000E+0	1,723E+2	1,717E+2	0,000E+0	7,858E-1	7,793E-1	0,000E+0	4	1111
642,162	66,300	83,300	1,496E+2	0,000E+0	1,718E+2	1,724E+2	0,000E+0	7,750E-1	7,764E-1	0,000E+0	4	1111
643,163	68,300	81,600	1,499E+2	0,000E+0	1,733E+2	1,718E+2	0,000E+0	7,869E-1	7,605E-1	0,000E+0	4	1111
644,162	67,500	82,500	1,500E+2	0,000E+0	1,728E+2	1,720E+2	0,000E+0	7,849E-1	7,688E-1	0,000E+0	4	1111
645,164	67,500	82,500	1,500E+2	0,000E+0	1,728E+2	1,720E+2	0,000E+0	7,849E-1	7,688E-1	0,000E+0	4	1111
646,163	67,500	82,500	1,500E+2	0,000E+0	1,728E+2	1,720E+2	0,000E+0	7,849E-1	7,688E-1	0,000E+0	4	1111
647,164	67,500	82,500	1,500E+2	0,000E+0	1,728E+2	1,720E+2	0,000E+0	7,849E-1	7,688E-1	0,000E+0	4	1111
648,164	67,400	82,600	1,500E+2	0,000E+0	1,725E+2	1,718E+2	0,000E+0	7,849E-1	7,719E-1	0,000E+0	4	1111
649,163	67,400	82,600	1,500E+2	0,000E+0	1,725E+2	1,718E+2	0,000E+0	7,849E-1	7,719E-1	0,000E+0	4	1111
650,164	67,400	82,600	1,500E+2	0,000E+0	1,725E+2	1,718E+2	0,000E+0	7,849E-1	7,719E-1	0,000E+0	4	1111
651,163	67,800	82,200	1,500E+2	0,000E+0	1,730E+2	1,720E+2	0,000E+0	7,853E-1	7,669E-1	0,000E+0	4	1111
652,165	67,800	82,200	1,500E+2	0,000E+0	1,730E+2	1,720E+2	0,000E+0	7,853E-1	7,669E-1	0,000E+0	4	1111
653,165	67,800	82,200	1,500E+2	0,000E+0	1,730E+2	1,720E+2	0,000E+0	7,853E-1	7,669E-1	0,000E+0	4	1111
654,165	67,800	82,200	1,500E+2	0,000E+0	1,730E+2	1,720E+2	0,000E+0	7,853E-1	7,669E-1	0,000E+0	4	1111
655,166	67,300	82,700	1,500E+2	0,000E+0	1,727E+2	1,716E+2	0,000E+0	7,875E-1	7,745E-1	0,000E+0	4	1111
656,165	67,300	82,700	1,500E+2	0,000E+0	1,727E+2	1,716E+2	0,000E+0	7,875E-1	7,745E-1	0,000E+0	4	1111
657,166	68,000	82,000	1,500E+2	0,000E+0	1,730E+2	1,717E+2	0,000E+0	7,862E-1	7,648E-1	0,000E+0	5	1111
658,166	67,700	82,100	1,498E+2	0,000E+0	1,728E+2	1,719E+2	0,000E+0	7,839E-1	7,670E-1	0,000E+0	5	1111
659,165	67,700	82,100	1,498E+2	0,000E+0	1,728E+2	1,719E+2	0,000E+0	7,839E-1	7,670E-1	0,000E+0	5	1111
660,166	66,900	83,300	1,502E+2	0,000E+0	1,723E+2	1,725E+2	0,000E+0	7,798E-1	7,730E-1	0,000E+0	5	1111
661,165	66,600	83,600	1,502E+2	0,000E+0	1,720E+2	1,726E+2	0,000E+0	7,775E-1	7,759E-1	0,000E+0	5	1111
662,166	66,600	83,600	1,502E+2	0,000E+0	1,720E+2	1,726E+2	0,000E+0	7,775E-1	7,759E-1	0,000E+0	5	1111
663,165	66,600	83,600	1,502E+2	0,000E+0	1,720E+2	1,726E+2	0,000E+0	7,775E-1	7,759E-1	0,000E+0	5	1111
664,166	66,600	83,600	1,502E+2	0,000E+0	1,720E+2	1,726E+2	0,000E+0	7,775E-1	7,759E-1	0,000E+0	5	1111
665,166	66,600	83,600	1,502E+2	0,000E+0	1,720E+2	1,726E+2	0,000E+0	7,775E-1	7,759E-1	0,000E+0	5	1111
666,165	66,600	83,100	1,497E+2	0,000E+0	1,721E+2	1,721E+2	0,000E+0	7,797E-1	7,754E-1	0,000E+0	5	1111
667,166	66,600	83,100	1,497E+2	0,000E+0	1,721E+2	1,721E+2	0,000E+0	7,797E-1	7,754E-1	0,000E+0	5	1111
668,166	66,600	83,100	1,497E+2	0,000E+0	1,721E+2	1,721E+2	0,000E+0	7,797E-1	7,754E-1	0,000E+0	5	1111
669,168	67,000	82,700	1,497E+2	0,000E+0	1,724E+2	1,723E+2	0,000E+0	7,787E-1	7,705E-1	0,000E+0	5	1111
670,168	67,000	82,700	1,497E+2	0,000E+0	1,724E+2	1,723E+2	0,000E+0	7,787E-1	7,705E-1	0,000E+0	5	1111
671,170	67,600	82,600	1,502E+2	0,000E+0	1,727E+2	1,719E+2	0,000E+0	7,852E-1	7,715E-1	0,000E+0	5	1111
672,171	67,600	82,600	1,502E+2	0,000E+0	1,727E+2	1,719E+2	0,000E+0	7,852E-1	7,715E-1	0,000E+0	5	1111
673,170	67,100	83,000	1,501E+2	0,000E+0	1,723E+2	1,720E+2	0,000E+0	7,835E-1	7,741E-1	0,000E+0	5	1111
674,171	67,100	83,000	1,501E+2	0,000E+0	1,723E+2	1,720E+2	0,000E+0	7,835E-1	7,741E-1	0,000E+0	5	1111
675,171	67,400	82,600	1,500E+2	0,000E+0	1,724E+2	1,721E+2	0,000E+0	7,810E-1	7,723E-1	0,000E+0	5	1111
676,173	67,400	82,600	1,500E+2	0,000E+0	1,724E+2	1,721E+2	0,000E+0	7,810E-1	7,723E-1	0,000E+0	5	1111
677,172	67,800	82,100	1,499E+2	0,000E+0	1,727E+2	1,716E+2	0,000E+0	7,882E-1	7,692E-1	0,000E+0	5	1111
678,173	66,900	83,000	1,499E+2	0,000E+0	1,721E+2	1,723E+2	0,000E+0	7,782E-1	7,715E-1	0,000E+0	5	1111
679,173	67,000	83,300	1,503E+2	0,000E+0	1,723E+2	1,721E+2	0,000E+0	7,830E-1	7,772E-1	0,000E+0	6	1111
680,172	67,000	82,800	1,498E+2	0,000E+0	1,725E+2	1,725E+2	0,000E+0	7,779E-1	7,705E-1	0,000E+0	6	1111
681,173	66,900	83,000	1,499E+2	0,000E+0	1,727E+2	1,727E+2	0,000E+0	7,796E-1	7,720E-1	0,000E+0	6	1111
682,173	66,900	83,000	1,499E+2	0,000E+0	1,727E+2	1,727E+2	0,000E+0	7,796E-1	7,720E-1	0,000E+0	6	1111
683,174	67,100	83,000	1,501E+2	0,000E+0	1,723E+2	1,722E+2	0,000E+0	7,802E-1	7,749E-1	0,000E+0	6	1111
684,173	67,100	83,000	1,501E+2	0,000E+0	1,723E+2	1,722E+2	0,000E+0	7,802E-1	7,749E-1	0,000E+0	6	1111
685,174	67,100	83,000	1,501E+2	0,000E+0	1,723E+2	1,722E+2	0,000E+0	7,802E-1	7,749E-1	0,000E+0	6	1111
686,174	67,100	83,000	1,501E+2	0,000E+0	1,723E+2	1,722E+2	0,000E+0	7,802E-1	7,749E-1	0,000E+0	6	1111
687,173	67,700	82,000	1,497E+2	0,000E+0	1,729E+2	1,719E+2	0,000E+0	7,833E-1	7,650E-1	0,000E+0	6	1111
688,174	67,700	82,000	1,497E+2	0,000E+0	1,729E+2	1,719E+2	0,000E+0	7,833E-1	7,650E-1	0,000E+0	6	1111
689,173	67,700	82,000	1,497E+2	0,000E+0	1,729E+2	1,719E+2	0,000E+0	7,833E-1	7,650E-1	0,000E+0	6	1111
690,174	67,700	82,000	1,497E+2	0,000E+0	1,729E+2	1,719E+2	0,000E+0	7,833E-1	7,650E-1	0,000E+0	6	1111
691,173	66,900	82,700	1,496E+2	0,000E+0	1,722E+2	1,717E+2	0,000E+0	7,832E-1	7,742E-1	0,000E+0	6	1111
692,173	66,900	82,700	1,496E+2	0,000E+0	1,722E+2	1,717E+2	0,000E+0	7,832E-1	7,742E-1	0,000E+0	6	1111
693,174	66,700	83,300	1,500E+2	0,000E+0	1,721E+2	1,722E+2	0,000E+0	7,785E-1	7,758E-1	0,000E+0	6	1111
694,173	66,700	83,300	1,500E+2	0,000E+0	1,721E+2	1,722E+2	0,000E+0	7,785E-1	7,758E-1	0,000E+0	6	1111
695,174	67,800	82,500	1,503E+2	0,000E+0	1,728E+2	1,718E+2	0,000E+0	7,873E-1	7,714E-1	0,000E+0	6	1111
696,174	67,100	82,900	1,500E+2	0,000E+0	1,724E+2	1,719E+2	0,000E+0	7,849E-1	7,753E-1	0,000E+0	6	1111
697,175	66,600	83,200	1,498E+2	0,000E+0	1,721E+2	1,725E+2	0,000E+0	7,770E-1	7,739E-1	0,000E+0	6	1111
698,174	66,400	83,700	1,501E+2	0,000E+0	1,720E+2	1,720E+2	0,000E+0	7,842E-1	7,839E-1	0,000E+0	6	1111
699,175	67,000	83,100	1,501E+2	0,000E+0	1,728E+2	1,726E+2	0,000E+0	7,811E-1	7,735E-1	0,000E+0	6	1111
700,175	67,900	82,000	1,499E+2	0,000E+0	1,735E+2	1,721E+2	0,000E+0	7,837E-1	7,639E-1	0,000E+0	7	1111
701,174	67,900	82,000	1,499E+2	0,000E+0	1,735E+2	1,721E+2	0,000E+0	7,837E-1	7,639E-1	0,000E+0	7	1111
702,175	66,900	82,900	1,498E+2	0,000E+0	1,724E+2	1,720E+2	0,000E+0	7,820E-1	7,748E-1	0,000E+0	7	1111
703,174	67,500	82,500	1,500E+2	0,000E+0	1,729E+2	1,720E+2	0,000E+0	7,823E-1	7,711E-1	0,000E+0	7	1111
704,176	67,100	83,000	1,501E+2	0,000E+0	1,721E+2	1,721E+2	0,000E+0	7,830E-1	7,751E-1	0,000E+0	7	1111
705,175	67,100	83,000	1,501E+2	0,000E+0	1,721E+2	1,721E+2	0,000E+0	7,830E-1	7,751E-1	0,000E+0	7	1111
706,176	67,100	83,000	1,501E+2	0,000E+0	1,721E+2	1,721E+2	0,000E+0	7,830E-1	7,751E-1	0,000E+0	7	1111
707,178	67,100	83,000	1,501E+2	0,000E+0	1,721E+2	1,721E+2	0,000E+0	7,830E-1	7,751E-1	0,000E+0	7	1111
708,177	67,100	83,000	1,501E+2	0,000E+0	1,721E+2	1,721E+2	0,000E+0	7,830E-1	7,751E-1	0,000E+0	7	1111
709,179	67,000	82,900	1,499E+2	0,000E+0	1,723E+2	1,723E+2	0,000E+0	7,814E-1	7,729E-1	0,000E+0	7	1111
710,178	67,000	82,900	1,499E+2	0,000E+0	1,723E+2	1,723E+2	0,000E+0	7,814E-1	7,729E-1	0,000E+0	7	1111
711,179	67,000	82,900	1,499E+2	0,000E+0	1,723E+2	1,723E+2	0,000E+0	7,814E-1	7,729E-1	0,000E+0	7	1111
712,180	67,100	82,800	1,499E+2	0,000E+0	1,722E+2	1,717E+2	0,000E+0	7,830E-1	7,737E-1	0,000E+0	7	1111
713,179	67,100	82,800	1,499E+2	0,000E+0	1,722E+2	1,717E+2	0,000E+0	7,830E-1	7,737E-1	0,000E+0	7	1111
714,180	66,500	83,300	1,498E+2	0,000E+0	1,720E+2	1,722E+2	0,000E+0	7,776E-1	7,781E-1	0,000E+0	7	1111
715,180	66,500	83,300	1,498E+2	0,000E+0	1,720E+2	1,722E+2	0,000E+0	7,776E-1	7,781E-1	0,000E+0	7	1111
716,180	66,700	83,400	1,501E+2	0,000E+0	1,723E+2	1,724E+2	0,000E+0	7,796E-1	7,754E-1	0,000E+0	7	1111
717,179	66,700	83,400	1,501E+2	0,000E+0	1,723E+2	1,724E+2	0,000E+0	7,796E-1	7,754E-1	0,000E+0	7	1111
718,180	66,600	83,100	1,497E+2	0,000E+0	1,720E+2	1,720E+2	0,000E+0	7,785E-1	7,748E-1	0,000E+0	7	1111
719,179	66,600	83,100	1,497E+2	0,000E+0	1,720E+2	1,720E+2	0,000E+0	7,785E-1	7,748E-1	0,000E+0	7	1111
720,180	67,600	82,300	1,499E+2	0,000E+0	1,728E+2	1,722E+2	0,000E+0	7,828E-1	7,651E-1	0,000E+0	7	1111
721,179	67,100	83,000	1,501E+2	0,000E+0	1,723E+2	1,719E+2	0,000E+0	7,838E-1	7,740E-1	0,000E+0	7	1111
722,180	67,100	82,800	1,499E+2	0,000E+0	1,722E+2	1,718E+2	0,000E+0	7,820E-1	7,738E-1	0,000E+0	7	1111
723,180	68,300	81,700	1,500E+2	0,000E+0	1,732E+2	1,715E+2	0,000E+0	7,875E-1	7,617E-1	0,000E+0	7	1111
724,180	67,700	82,200	1,499E+2	0,000E+0	1,728E+2	1,718E+2	0,000E+0	7,854E-1	7,682E-1	0,000E+0	7	1111
725,181	67,000	83,100	1,501E+2	0,000E+0	1,723E+2	1,715E+2	0,000E+0	7,835E-1	7,780E-1	0,000E+0	7	1111
726,180	66,600	83,300	1,499E+2	0,000E+0	1,719E+2	1,715E+2	0,000E+0	7,850E-1	7,795E-1	0,000E+0	7	1111
727,181	66,900	83,200	1,501E+2	0,000E+0	1,723E+2	1,722E+2	0,000E+0	7,788E-1	7,730E-1	0,000E+0	7	1111
728,181	66,900	83,200	1,501E+2	0,000E+0	1,723E+2	1,722E+2	0,000E+0	7,788E-1	7,730E-1	0,000E+0	7	1111
729,181	67,300	82,900	1,502E+2	0,000E+0	1,723E+2	1,717E+2	0,000E+0	7,853E-1	7,759E-1	0,000E+0	7	1111
730,183	67,600	82,300	1,499E+2	0,000E+0	1,725E+2	1,717E+2	0,000E+0	7,841E-1	7,683E-1	0,000E+0	7	1111
731,182	68,200	81,900	1,501E+2	0,000E+0	1,731E+2	1,717E+2	0,000E+0	7,889E-1	7,642E-1	0,000E+0	7	1111
732,183	67,200	82,800	1,500E+2	0,000E+0	1,722E+2	1,723E+2	0,000E+0	7,801E-1	7,699E-1	0,000E+0	7	1111
733,182	67,500	82,700	1,502E+2	0,000E+0	1,727E+2	1,719E+2	0,000E+0	7,848E-1	7,697E-1	0,000E+0	7	1111
734,184	66,800	82,800	1,496E+2	0,000E+0	1,724E+2	1,721E+2	0,000E+0	7,784E-1	7,717E-1	0,000E+0	7	1111
735,183	67,400	82,700	1,501E+2	0,000E+0	1,726E+2	1,720E+2	0,000E+0	7,834E-1	7,697E-1	0,000E+0	7	1111
736,183	67,300	82,700	1,500E+2	0,000E+0	1,727E+2	1,722E+2	0,000E+0	7,809E-1	7,697E-1	0,000E+0	7	1111
737,184	66,700	83,200	1,499E+2	0,000E+0	1,721E+2	1,719E+2	0,000E+0	7,825E-1	7,763E-1	0,000E+0	7	1111
738,183	66,700	83,200	1,499E+2	0,000E+0	1,721E+2	1,719E+2	0,000E+0	7,825E-1	7,763E-1	0,000E+0	7	1111
739,184	67,400	82,700	1,501E+2	0,000E+0	1,725E+2	1,720E+2	0,000E+0	7,836E-1	7,717E-1	0,000E+0	7	1111
740,184	66,800	83,100	1,499E+2	0,000E+0	1,720E+2	1,721E+2	0,000E+0	7,793E-1	7,753E-1	0,000E+0	7	1111
741,183	67,100	82,800	1,499E+2	0,000E+0	1,724E+2	1,720E+2	0,000E+0	7,790E-1	7,722E-1	0,000E+0	7	1111
742,184	65,600	84,400	1,500E+2	0,000E+0	1,714E+2	1,729E+2	0,000E+0	7,699E-1	7,823E-1	0,000E+0	7	1111
743,184	58,200	69,900	1,281E+2	0,000E+0	1,714E+2	1,710E+2	0,000E+0	6,977E-1	6,883E-1	0,000E+0	7	1111
744,183	48,400	59,500	1,079E+2	0,000E+0	1,679E+2	1,681E+2	0,000E+0	6,839E-1	6,796E-1	0,000E+0	7	1111
745,184	4,400	3,800	8,200E+0	0,000E+0	1,418E+2	1,419E+2	0,000E+0	6,630E-2	6,610E-2	0,000E+0	7	1111
746,183	0,100	0,100	2,000E-1	0,000E+0	1,008E+2	1,008E+2	0,000E+0	0,000E+0	0,000E+0	0,000E+0	7	1111
747,184	0,100	0,200	3,000E-1	0,000E+0	8,362E+1	8,355E+1	0,000E+0	0,000E+0	0,000E+0	0,000E+0	7	1111
748,184	0,200	0,200	4,000E-1	0,000E+0	6,846E+1	6,841E+1	0,000E+0	0,000E+0	0,000E+0	0,000E+0	7	1111
749,183	0,200	0,200	4,000E-1	0,000E+0	5,502E+1	5,500E+1	0,000E+0	0,000E+0	0,000E+0	0,000E+0	7	1111
750,184	0,200	0,200	4,000E-1	0,000E+0	5,502E+1	5,500E+1	0,000E+0	0,000E+0	0,000E+0	0,000E+0	7	1111
751,184	0,000	0,000	0,000E+0	0,000E+0	3,389E+1	3,392E+1	0,000E+0	0,000E+0	0,000E+0	0,000E+0	7	1111
752,185	0,000	0,000	0,000E+0	0,000E+0	2,477E+1	2,485E+1	0,000E+0	0,000E+0	0,000E+0	0,000E+0	7	1111
753,184	0,000	0,000	0,000E+0	0,000E+0	1,697E+1	1,705E+1	0,000E+0	0,000E+0	0,000E+0	0,000E+0	7	1111
754,186	0,000	0,000	0,000E+0	0,000E+0	1,183E+1	1,193E+1	0,000E+0	0,000E+0	0,000E+0	0,000E+0	7	1111
755,186	0,000	0,000	0,000E+0	0,000E+0	5,470E+0	5,330E+0	0,000E+0	0,000E+0	0,000E+0	0,000E+0	7	1111
756,185	0,000	0,000	0,000E+0	0,000E+0	0,000E+0	0,000E+0	0,000E+0	0,000E+0	0,000E+0	0,000E+0	7	1111
