t	IF	IR	VF	VR	VelSP	VelRE
365,080	0,000	0,100	3,000E-1	2,400E+1	0,000E+0	1,868E+3
0,005	0,000	0,100	3,000E-1	2,400E+1	0,000E+0	0,000E+0
1,005	0,000	0,100	3,000E-1	2,400E+1	0,000E+0	0,000E+0
2,005	0,000	0,100	3,000E-1	2,400E+1	0,000E+0	0,000E+0
3,006	0,000	0,100	3,000E-1	2,400E+1	0,000E+0	0,000E+0
4,005	0,000	0,100	3,000E-1	2,400E+1	0,000E+0	0,000E+0
5,005	0,000	0,100	3,000E-1	2,400E+1	0,000E+0	0,000E+0
6,005	0,000	0,100	3,000E-1	2,400E+1	0,000E+0	0,000E+0
7,005	0,000	0,100	3,000E-1	2,400E+1	0,000E+0	0,000E+0
8,006	0,000	0,100	3,000E-1	2,400E+1	0,000E+0	0,000E+0
9,007	0,000	0,100	3,000E-1	2,400E+1	0,000E+0	0,000E+0
10,007	0,000	0,100	3,000E-1	2,400E+1	0,000E+0	0,000E+0
11,007	0,000	0,100	3,000E-1	2,400E+1	0,000E+0	0,000E+0
12,007	0,000	0,100	3,000E-1	2,400E+1	0,000E+0	0,000E+0
13,007	0,000	0,100	3,000E-1	2,400E+1	0,000E+0	0,000E+0
14,007	0,000	0,100	3,000E-1	2,400E+1	0,000E+0	0,000E+0
15,007	0,000	0,100	3,000E-1	2,400E+1	0,000E+0	0,000E+0
16,008	0,000	0,100	3,000E-1	2,400E+1	0,000E+0	0,000E+0
17,008	0,000	0,100	3,000E-1	2,400E+1	0,000E+0	0,000E+0
18,008	0,000	0,100	3,000E-1	2,400E+1	3,500E+3	0,000E+0
19,008	0,000	0,100	3,000E-1	2,400E+1	3,500E+3	0,000E+0
20,008	0,000	0,100	3,000E-1	2,400E+1	3,500E+3	0,000E+0
21,008	0,000	0,100	3,000E-1	2,400E+1	3,500E+3	0,000E+0
22,009	0,000	0,100	3,000E-1	2,400E+1	3,500E+3	0,000E+0
23,009	0,000	0,100	3,000E-1	2,400E+1	3,500E+3	0,000E+0
24,009	0,000	0,100	3,000E-1	2,400E+1	3,500E+3	0,000E+0
25,009	0,000	0,100	3,000E-1	2,400E+1	3,500E+3	0,000E+0
26,009	0,000	0,100	3,000E-1	2,400E+1	3,500E+3	0,000E+0
27,009	0,000	0,100	3,000E-1	2,400E+1	3,500E+3	2,048E+3
28,009	0,000	0,100	3,000E-1	2,400E+1	3,500E+3	3,892E+3
29,010	0,000	0,100	3,000E-1	2,400E+1	3,500E+3	3,601E+3
30,010	0,000	0,100	3,000E-1	2,400E+1	3,500E+3	3,350E+3
31,011	0,000	0,100	3,000E-1	2,400E+1	3,500E+3	3,293E+3
32,012	0,000	0,100	3,000E-1	2,400E+1	3,500E+3	3,522E+3
33,013	0,000	0,100	3,000E-1	2,400E+1	2,700E+3	3,470E+3
34,014	0,000	0,100	3,000E-1	2,400E+1	2,700E+3	3,019E+3
35,014	0,000	0,100	3,000E-1	2,400E+1	2,700E+3	2,541E+3
36,015	0,000	0,100	3,000E-1	2,400E+1	2,700E+3	2,184E+3
37,014	0,000	0,100	3,000E-1	2,400E+1	2,700E+3	2,264E+3
38,015	0,000	0,100	3,000E-1	2,400E+1	2,700E+3	2,722E+3
39,016	0,000	0,100	3,000E-1	2,400E+1	2,700E+3	2,784E+3
40,017	0,000	0,100	3,000E-1	2,400E+1	2,700E+3	2,732E+3
41,017	0,000	0,100	3,000E-1	2,400E+1	2,700E+3	2,674E+3
42,018	0,000	0,100	3,000E-1	2,400E+1	2,700E+3	2,671E+3
43,020	0,000	0,100	3,000E-1	2,400E+1	2,700E+3	2,706E+3
44,019	0,000	0,100	3,000E-1	2,400E+1	2,700E+3	2,724E+3
45,019	0,000	0,100	3,000E-1	2,400E+1	2,700E+3	2,703E+3
46,019	0,000	0,100	3,000E-1	2,400E+1	2,700E+3	2,687E+3
47,019	0,000	0,100	3,000E-1	2,400E+1	2,700E+3	2,700E+3
48,020	0,000	0,100	3,000E-1	2,400E+1	2,700E+3	2,708E+3
49,020	0,000	0,100	3,000E-1	2,400E+1	2,700E+3	2,711E+3
50,021	0,000	0,100	3,000E-1	2,400E+1	2,700E+3	2,685E+3
51,021	0,103	0,100	3,000E-1	2,400E+1	2,700E+3	2,650E+3
52,021	0,103	0,100	5,990E+0	2,400E+1	2,700E+3	2,695E+3
53,021	0,107	0,100	6,070E+0	2,400E+1	2,700E+3	2,705E+3
54,021	0,107	0,100	6,070E+0	2,400E+1	2,700E+3	2,698E+3
55,021	0,112	0,100	6,480E+0	2,400E+1	2,700E+3	2,697E+3
56,023	0,117	0,100	6,760E+0	2,400E+1	2,700E+3	2,701E+3
57,022	0,121	0,100	6,760E+0	2,400E+1	2,700E+3	2,708E+3
58,023	0,121	0,100	6,970E+0	2,400E+1	2,700E+3	2,697E+3
59,023	0,126	0,100	7,140E+0	2,400E+1	2,700E+3	2,706E+3
60,023	0,126	0,100	7,140E+0	2,400E+1	2,700E+3	2,703E+3
61,023	0,128	0,100	7,340E+0	2,400E+1	2,700E+3	2,706E+3
62,023	0,131	0,100	7,480E+0	2,400E+1	2,700E+3	2,698E+3
63,024	0,131	0,100	7,480E+0	2,400E+1	2,700E+3	2,693E+3
64,023	0,133	0,100	7,620E+0	2,400E+1	2,700E+3	2,706E+3
65,023	0,135	0,100	7,620E+0	2,400E+1	2,700E+3	2,701E+3
66,023	0,136	0,100	7,620E+0	2,400E+1	2,700E+3	2,688E+3
67,024	0,136	0,100	7,740E+0	2,400E+1	2,700E+3	2,700E+3
68,025	0,138	0,100	7,790E+0	2,400E+1	2,700E+3	2,699E+3
69,025	0,139	0,100	7,790E+0	2,400E+1	2,700E+3	2,701E+3
70,025	0,139	0,100	7,880E+0	2,400E+1	2,700E+3	2,706E+3
71,025	0,139	0,100	7,910E+0	2,400E+1	2,700E+3	2,707E+3
72,026	0,139	0,100	7,910E+0	2,400E+1	2,700E+3	2,703E+3
73,026	0,140	0,100	7,950E+0	2,400E+1	2,700E+3	2,700E+3
74,026	0,141	0,100	8,000E+0	2,400E+1	2,700E+3	2,705E+3
75,026	0,141	0,100	8,000E+0	2,400E+1	2,700E+3	2,698E+3
76,026	0,141	0,100	8,020E+0	2,400E+1	2,700E+3	2,696E+3
77,026	0,142	0,100	8,040E+0	2,400E+1	2,700E+3	2,699E+3
78,026	0,142	0,100	8,040E+0	2,400E+1	2,700E+3	2,698E+3
79,028	0,142	0,100	8,060E+0	2,400E+1	2,700E+3	2,699E+3
80,028	0,142	0,100	8,070E+0	2,400E+1	2,700E+3	2,700E+3
81,029	0,142	0,100	8,070E+0	2,400E+1	2,700E+3	2,705E+3
82,029	0,143	0,100	8,090E+0	2,400E+1	2,700E+3	2,705E+3
83,030	0,143	0,100	8,100E+0	2,400E+1	2,700E+3	2,698E+3
84,030	0,143	0,100	8,100E+0	2,400E+1	2,700E+3	2,702E+3
85,030	0,143	0,100	8,130E+0	2,400E+1	2,700E+3	2,697E+3
86,030	0,144	0,100	8,130E+0	2,400E+1	2,700E+3	2,703E+3
87,030	0,144	0,100	8,130E+0	2,400E+1	2,700E+3	2,703E+3
88,030	0,144	0,100	8,140E+0	2,400E+1	2,700E+3	2,709E+3
89,031	0,144	0,100	8,150E+0	2,400E+1	2,700E+3	2,702E+3
90,031	0,144	0,100	8,150E+0	2,400E+1	2,700E+3	2,704E+3
91,032	0,144	0,100	8,160E+0	2,400E+1	2,700E+3	2,705E+3
92,032	0,144	0,100	8,160E+0	2,400E+1	2,700E+3	2,705E+3
93,032	0,144	0,100	8,160E+0	2,400E+1	2,700E+3	2,704E+3
94,032	0,144	0,100	8,170E+0	2,400E+1	2,700E+3	2,705E+3
95,032	0,144	0,100	8,170E+0	2,400E+1	2,700E+3	2,704E+3
96,032	0,144	0,100	8,170E+0	2,400E+1	2,700E+3	2,707E+3
97,032	0,144	0,100	8,180E+0	2,400E+1	2,700E+3	2,698E+3
98,033	0,144	0,100	8,180E+0	2,400E+1	2,700E+3	2,699E+3
99,034	0,144	0,100	8,180E+0	2,400E+1	2,700E+3	2,700E+3
100,033	0,145	0,100	8,190E+0	2,400E+1	2,700E+3	2,705E+3
101,034	0,145	0,100	8,200E+0	2,400E+1	2,700E+3	2,699E+3
102,034	0,145	0,100	8,200E+0	2,400E+1	2,700E+3	2,700E+3
103,034	0,145	0,100	8,200E+0	2,400E+1	2,700E+3	2,698E+3
104,034	0,145	0,100	8,200E+0	2,400E+1	2,700E+3	2,705E+3
105,034	0,145	0,100	8,200E+0	2,400E+1	2,700E+3	2,695E+3
106,034	0,145	0,100	8,200E+0	2,400E+1	2,700E+3	2,706E+3
107,034	0,145	0,100	8,190E+0	2,400E+1	2,700E+3	2,698E+3
108,034	0,145	0,100	8,190E+0	2,400E+1	2,700E+3	2,700E+3
109,035	0,145	0,100	8,190E+0	2,400E+1	2,700E+3	2,699E+3
110,034	0,145	0,100	8,190E+0	2,400E+1	2,700E+3	2,699E+3
111,035	0,145	0,100	8,200E+0	2,400E+1	2,700E+3	2,703E+3
112,036	0,145	0,100	8,190E+0	2,400E+1	2,700E+3	2,695E+3
113,035	0,145	0,100	8,190E+0	2,400E+1	2,700E+3	2,691E+3
114,035	0,145	0,100	8,190E+0	2,400E+1	2,700E+3	2,692E+3
115,035	0,145	0,100	8,190E+0	2,400E+1	2,700E+3	2,702E+3
116,036	0,145	0,100	8,210E+0	2,400E+1	2,700E+3	2,700E+3
117,036	0,145	0,100	8,210E+0	2,400E+1	2,700E+3	2,703E+3
118,037	0,145	0,100	8,210E+0	2,400E+1	2,700E+3	2,697E+3
119,038	0,145	0,100	8,210E+0	2,400E+1	2,700E+3	2,704E+3
120,037	0,145	0,100	8,210E+0	2,400E+1	2,700E+3	2,704E+3
121,037	0,145	0,100	8,210E+0	2,400E+1	2,700E+3	2,688E+3
122,037	0,145	0,100	8,210E+0	2,400E+1	2,700E+3	2,706E+3
123,037	0,145	0,100	8,210E+0	2,400E+1	2,700E+3	2,705E+3
124,037	0,145	0,100	8,220E+0	2,400E+1	2,700E+3	2,693E+3
125,037	0,145	0,100	8,220E+0	2,400E+1	2,700E+3	2,704E+3
126,038	0,145	0,100	8,220E+0	2,400E+1	2,700E+3	2,699E+3
127,037	0,145	0,100	8,220E+0	2,400E+1	2,700E+3	2,706E+3
128,037	0,145	0,100	8,220E+0	2,400E+1	2,700E+3	2,702E+3
129,037	0,145	0,100	8,220E+0	2,400E+1	2,700E+3	2,699E+3
130,037	0,145	0,100	8,220E+0	2,400E+1	2,700E+3	2,705E+3
131,038	0,145	0,100	8,210E+0	2,400E+1	2,700E+3	2,701E+3
132,038	0,145	0,100	8,210E+0	2,400E+1	2,700E+3	2,706E+3
133,039	0,145	0,100	8,220E+0	2,400E+1	2,700E+3	2,704E+3
134,039	0,145	0,100	8,220E+0	2,400E+1	2,700E+3	2,692E+3
135,039	0,145	0,100	8,220E+0	2,400E+1	2,700E+3	2,704E+3
136,039	0,145	0,100	8,230E+0	2,400E+1	2,700E+3	2,705E+3
137,039	0,145	0,100	8,230E+0	2,400E+1	2,700E+3	2,702E+3
138,041	0,145	0,100	8,220E+0	2,400E+1	2,700E+3	2,703E+3
139,041	0,145	0,100	8,220E+0	2,400E+1	2,700E+3	2,698E+3
140,041	0,145	0,100	8,220E+0	2,400E+1	2,700E+3	2,703E+3
141,041	0,145	0,100	8,230E+0	2,400E+1	2,700E+3	2,712E+3
142,042	0,145	0,100	8,230E+0	2,400E+1	2,700E+3	2,700E+3
143,042	0,145	0,100	8,230E+0	2,400E+1	2,700E+3	2,703E+3
144,042	0,145	0,100	8,230E+0	2,400E+1	2,700E+3	2,694E+3
145,042	0,145	0,100	8,230E+0	2,400E+1	2,700E+3	2,701E+3
146,042	0,145	0,100	8,230E+0	2,400E+1	2,700E+3	2,707E+3
147,043	0,145	0,100	8,230E+0	2,400E+1	2,700E+3	2,699E+3
148,043	0,145	0,100	8,230E+0	2,400E+1	2,700E+3	2,699E+3
149,043	0,145	0,100	8,230E+0	2,400E+1	2,700E+3	2,702E+3
150,044	0,145	0,100	8,230E+0	2,400E+1	2,700E+3	2,698E+3
151,044	0,145	0,100	8,240E+0	2,400E+1	2,700E+3	2,704E+3
152,044	0,145	0,100	8,240E+0	2,400E+1	2,700E+3	2,701E+3
153,046	0,145	0,100	8,240E+0	2,400E+1	2,700E+3	2,702E+3
154,045	0,145	0,100	8,240E+0	2,400E+1	2,700E+3	2,698E+3
155,046	0,145	0,100	8,240E+0	2,400E+1	2,700E+3	2,698E+3
156,046	0,146	0,100	8,240E+0	2,400E+1	2,700E+3	2,703E+3
157,047	0,145	0,100	8,240E+0	2,400E+1	2,700E+3	2,713E+3
158,048	0,145	0,100	8,240E+0	2,400E+1	2,700E+3	2,695E+3
159,048	0,146	0,100	8,250E+0	2,400E+1	2,700E+3	2,694E+3
160,048	0,146	0,100	8,250E+0	2,400E+1	2,700E+3	2,707E+3
161,048	0,146	0,100	8,250E+0	2,400E+1	2,700E+3	2,710E+3
162,048	0,146	0,100	8,250E+0	2,400E+1	2,700E+3	2,704E+3
163,049	0,146	0,100	8,240E+0	2,400E+1	2,700E+3	2,704E+3
164,049	0,146	0,100	8,240E+0	2,400E+1	2,700E+3	2,695E+3
165,050	0,146	0,100	8,240E+0	2,400E+1	2,700E+3	2,696E+3
166,050	0,146	0,100	8,240E+0	2,400E+1	2,700E+3	2,707E+3
167,050	0,146	0,100	8,240E+0	2,400E+1	2,700E+3	2,707E+3
168,050	0,146	0,100	8,240E+0	2,400E+1	2,700E+3	2,707E+3
169,050	0,146	0,100	8,240E+0	2,400E+1	2,700E+3	2,705E+3
170,051	0,146	0,100	8,240E+0	2,400E+1	2,700E+3	2,698E+3
171,051	0,146	0,100	8,240E+0	2,400E+1	2,700E+3	2,695E+3
172,052	0,146	0,100	8,240E+0	2,400E+1	2,700E+3	2,703E+3
173,051	0,146	0,100	8,250E+0	2,400E+1	2,700E+3	2,693E+3
174,051	0,146	0,100	8,250E+0	2,400E+1	2,700E+3	2,705E+3
175,051	0,146	0,100	8,250E+0	2,400E+1	2,700E+3	2,703E+3
176,051	0,146	0,100	8,250E+0	2,400E+1	2,700E+3	2,705E+3
177,051	0,146	0,100	8,250E+0	2,400E+1	2,700E+3	2,703E+3
178,052	0,146	0,100	8,250E+0	2,400E+1	2,700E+3	2,716E+3
179,053	0,146	0,100	8,250E+0	2,400E+1	2,700E+3	2,699E+3
180,052	0,146	0,100	8,250E+0	2,400E+1	2,700E+3	2,701E+3
181,053	0,146	0,100	8,250E+0	2,400E+1	2,700E+3	2,690E+3
182,052	0,146	0,100	8,250E+0	2,400E+1	2,700E+3	2,694E+3
183,052	0,146	0,100	8,250E+0	2,400E+1	2,700E+3	2,701E+3
184,052	0,146	0,100	8,250E+0	2,400E+1	2,700E+3	2,700E+3
185,052	0,146	0,100	8,250E+0	2,400E+1	2,700E+3	2,700E+3
186,053	0,146	0,100	8,250E+0	2,400E+1	2,700E+3	2,697E+3
187,054	0,146	0,100	8,250E+0	2,400E+1	2,700E+3	2,706E+3
188,054	0,146	0,100	8,250E+0	2,400E+1	2,700E+3	2,704E+3
189,054	0,146	0,100	8,250E+0	2,400E+1	2,700E+3	2,703E+3
190,055	0,146	0,100	8,250E+0	2,400E+1	2,700E+3	2,701E+3
191,055	0,146	0,100	8,250E+0	2,400E+1	2,700E+3	2,705E+3
192,055	0,146	0,100	8,250E+0	2,400E+1	2,700E+3	2,700E+3
193,055	0,146	0,100	8,250E+0	2,400E+1	2,700E+3	2,700E+3
194,055	0,146	0,100	8,250E+0	2,400E+1	2,700E+3	2,698E+3
195,056	0,146	0,100	8,250E+0	2,400E+1	2,700E+3	2,695E+3
196,057	0,146	0,100	8,250E+0	2,400E+1	2,700E+3	2,701E+3
197,057	0,146	0,100	8,250E+0	2,400E+1	2,700E+3	2,696E+3
198,058	0,146	0,100	8,250E+0	2,400E+1	2,700E+3	2,702E+3
199,059	0,146	0,100	8,250E+0	2,400E+1	2,700E+3	2,698E+3
200,059	0,146	0,100	8,250E+0	2,400E+1	2,700E+3	2,695E+3
201,060	0,146	0,100	8,250E+0	2,400E+1	2,700E+3	2,697E+3
202,061	0,146	0,100	8,250E+0	2,400E+1	2,700E+3	2,706E+3
203,061	0,146	0,100	8,250E+0	2,400E+1	2,700E+3	2,701E+3
204,061	0,146	0,100	8,250E+0	2,400E+1	2,700E+3	2,702E+3
205,062	0,146	0,100	8,250E+0	2,400E+1	2,700E+3	2,705E+3
206,062	0,146	0,100	8,250E+0	2,400E+1	2,700E+3	2,705E+3
207,062	0,146	0,100	8,250E+0	2,400E+1	2,700E+3	2,693E+3
208,062	0,146	0,100	8,250E+0	2,400E+1	2,700E+3	2,698E+3
209,062	0,146	0,100	8,250E+0	2,400E+1	2,700E+3	2,701E+3
210,063	0,146	0,100	8,260E+0	2,400E+1	2,700E+3	2,695E+3
211,063	0,146	0,100	8,260E+0	2,400E+1	2,700E+3	2,704E+3
212,063	0,146	0,100	8,260E+0	2,400E+1	2,700E+3	2,701E+3
213,063	0,146	0,100	8,260E+0	2,400E+1	2,700E+3	2,694E+3
214,063	0,146	0,100	8,260E+0	2,400E+1	2,700E+3	2,698E+3
215,063	0,146	0,100	8,260E+0	2,400E+1	2,700E+3	2,714E+3
216,063	0,146	0,100	8,260E+0	2,400E+1	2,700E+3	2,706E+3
217,063	0,146	0,100	8,260E+0	2,400E+1	2,700E+3	2,701E+3
218,063	0,146	0,100	8,260E+0	2,400E+1	2,700E+3	2,695E+3
219,063	0,146	0,100	8,250E+0	2,400E+1	2,700E+3	2,699E+3
220,063	0,146	0,100	8,260E+0	2,400E+1	2,700E+3	2,705E+3
221,065	0,146	0,100	8,260E+0	2,400E+1	2,700E+3	2,706E+3
222,065	0,146	0,100	8,260E+0	2,400E+1	2,700E+3	2,697E+3
223,065	0,146	0,100	8,260E+0	2,400E+1	2,700E+3	2,699E+3
224,065	0,146	0,100	8,260E+0	2,400E+1	2,700E+3	2,700E+3
225,066	0,146	0,100	8,250E+0	2,400E+1	2,700E+3	2,705E+3
226,066	0,146	0,100	8,250E+0	2,400E+1	2,700E+3	2,704E+3
227,066	0,146	0,100	8,260E+0	2,400E+1	2,700E+3	2,704E+3
228,067	0,146	0,100	8,260E+0	2,400E+1	2,700E+3	2,702E+3
229,067	0,146	0,100	8,260E+0	2,400E+1	2,700E+3	2,700E+3
230,067	0,146	0,100	8,260E+0	2,400E+1	2,700E+3	2,699E+3
231,067	0,146	0,100	8,260E+0	2,400E+1	2,700E+3	2,705E+3
232,067	0,146	0,100	8,260E+0	2,400E+1	2,700E+3	2,706E+3
233,067	0,146	0,100	8,260E+0	2,400E+1	2,700E+3	2,705E+3
234,067	0,146	0,100	8,260E+0	2,400E+1	2,700E+3	2,700E+3
235,067	0,146	0,100	8,260E+0	2,400E+1	2,700E+3	2,695E+3
236,068	0,146	0,100	8,260E+0	2,400E+1	2,700E+3	2,704E+3
237,067	0,146	0,100	8,260E+0	2,400E+1	2,700E+3	2,709E+3
238,067	0,146	0,100	8,260E+0	2,400E+1	2,700E+3	2,704E+3
239,067	0,146	0,100	8,260E+0	2,400E+1	2,700E+3	2,706E+3
240,067	0,146	0,100	8,260E+0	2,400E+1	2,700E+3	2,702E+3
241,067	0,146	0,100	8,260E+0	2,400E+1	2,700E+3	2,705E+3
242,067	0,146	0,100	8,260E+0	2,400E+1	2,700E+3	2,697E+3
243,067	0,146	0,100	8,260E+0	2,400E+1	2,700E+3	2,704E+3
244,068	0,146	0,100	8,260E+0	2,400E+1	2,700E+3	2,699E+3
245,068	0,146	0,100	8,260E+0	2,400E+1	2,700E+3	2,699E+3
246,068	0,146	0,100	8,260E+0	2,400E+1	2,700E+3	2,697E+3
247,068	0,146	0,100	8,260E+0	2,400E+1	2,700E+3	2,705E+3
248,069	0,146	0,100	8,250E+0	2,400E+1	2,700E+3	2,689E+3
249,069	0,146	0,100	8,250E+0	2,400E+1	2,700E+3	2,708E+3
250,069	0,146	0,100	8,250E+0	2,400E+1	2,700E+3	2,701E+3
251,070	0,146	0,100	8,250E+0	2,400E+1	2,700E+3	2,700E+3
252,069	0,146	0,100	8,260E+0	2,400E+1	2,700E+3	2,698E+3
253,069	0,146	0,100	8,260E+0	2,400E+1	2,700E+3	2,706E+3
254,069	0,146	0,100	8,260E+0	2,400E+1	2,700E+3	2,707E+3
255,070	0,146	0,100	8,260E+0	2,400E+1	2,700E+3	2,690E+3
256,070	0,146	0,100	8,260E+0	2,400E+1	2,700E+3	2,703E+3
257,070	0,146	0,100	8,260E+0	2,400E+1	2,700E+3	2,698E+3
258,071	0,146	0,100	8,260E+0	2,400E+1	2,700E+3	2,703E+3
259,070	0,146	0,100	8,260E+0	2,400E+1	2,700E+3	2,698E+3
260,070	0,146	0,100	8,260E+0	2,400E+1	2,700E+3	2,692E+3
261,070	0,146	0,100	8,260E+0	2,400E+1	2,700E+3	2,708E+3
262,070	0,146	0,100	8,260E+0	2,400E+1	2,700E+3	2,699E+3
263,071	0,146	0,100	8,260E+0	2,400E+1	2,700E+3	2,704E+3
264,071	0,146	0,100	8,260E+0	2,400E+1	2,700E+3	2,705E+3
265,072	0,146	0,100	8,260E+0	2,400E+1	2,700E+3	2,697E+3
266,072	0,146	0,100	8,260E+0	2,400E+1	2,700E+3	2,697E+3
267,072	0,146	0,100	8,260E+0	2,400E+1	2,700E+3	2,708E+3
268,072	0,146	0,100	8,260E+0	2,400E+1	2,700E+3	2,698E+3
269,073	0,146	0,100	8,260E+0	2,400E+1	2,700E+3	2,703E+3
270,072	0,146	0,100	8,260E+0	2,400E+1	2,700E+3	2,700E+3
271,073	0,146	0,100	8,260E+0	2,400E+1	2,700E+3	2,698E+3
272,073	0,146	0,100	8,260E+0	2,400E+1	2,700E+3	2,690E+3
273,073	0,146	0,100	8,260E+0	2,400E+1	2,700E+3	2,704E+3
274,074	0,146	0,100	8,260E+0	2,400E+1	2,700E+3	2,702E+3
275,075	0,146	0,100	8,260E+0	2,400E+1	2,700E+3	2,698E+3
276,076	0,146	0,100	8,260E+0	2,400E+1	2,700E+3	2,701E+3
277,076	0,146	0,100	8,260E+0	2,400E+1	2,700E+3	2,702E+3
278,076	0,146	0,100	8,260E+0	2,400E+1	2,700E+3	2,687E+3
279,076	0,146	0,100	8,260E+0	2,400E+1	2,700E+3	2,707E+3
280,076	0,146	0,100	8,260E+0	2,400E+1	2,700E+3	2,692E+3
281,076	0,146	0,100	8,260E+0	2,400E+1	2,700E+3	2,701E+3
282,076	0,146	0,100	8,260E+0	2,400E+1	2,700E+3	2,696E+3
283,077	0,146	0,100	8,250E+0	2,400E+1	2,700E+3	2,700E+3
284,077	0,146	0,100	8,250E+0	2,400E+1	2,700E+3	2,696E+3
285,077	0,146	0,100	8,260E+0	2,400E+1	2,700E+3	2,692E+3
286,078	0,146	0,100	8,260E+0	2,400E+1	2,700E+3	2,702E+3
287,078	0,146	0,100	8,260E+0	2,400E+1	2,700E+3	2,700E+3
288,078	0,146	0,100	8,260E+0	2,400E+1	2,700E+3	2,701E+3
289,078	0,146	0,100	8,260E+0	2,400E+1	2,700E+3	2,705E+3
290,079	0,146	0,100	8,260E+0	2,400E+1	2,700E+3	2,703E+3
291,078	0,146	0,100	8,260E+0	2,400E+1	2,700E+3	2,700E+3
292,078	0,146	0,100	8,260E+0	2,400E+1	2,700E+3	2,711E+3
293,079	0,146	0,100	8,260E+0	2,400E+1	2,700E+3	2,695E+3
294,079	0,146	0,100	8,270E+0	2,400E+1	2,700E+3	2,704E+3
295,080	0,146	0,100	8,260E+0	2,400E+1	2,700E+3	2,707E+3
296,080	0,146	0,100	8,260E+0	2,400E+1	2,700E+3	2,710E+3
297,081	0,146	0,100	8,260E+0	2,400E+1	2,700E+3	2,708E+3
298,082	0,146	0,100	8,260E+0	2,400E+1	2,700E+3	2,692E+3
299,081	0,146	0,100	8,260E+0	2,400E+1	2,700E+3	2,708E+3
300,081	0,146	0,100	8,260E+0	2,400E+1	2,700E+3	2,706E+3
301,081	0,146	0,100	8,260E+0	2,400E+1	2,700E+3	2,695E+3
302,082	0,146	0,100	8,260E+0	2,400E+1	2,700E+3	2,701E+3
303,082	0,146	0,100	8,260E+0	2,400E+1	2,700E+3	2,695E+3
304,082	0,146	0,100	8,260E+0	2,400E+1	2,700E+3	2,695E+3
305,083	0,146	0,100	8,260E+0	2,400E+1	2,700E+3	2,703E+3
306,082	0,146	0,100	8,270E+0	2,400E+1	2,700E+3	2,703E+3
307,082	0,146	0,100	8,270E+0	2,400E+1	2,700E+3	2,706E+3
308,082	0,146	0,100	8,260E+0	2,400E+1	2,700E+3	2,706E+3
309,082	0,146	0,100	8,260E+0	2,400E+1	2,700E+3	2,701E+3
310,082	0,146	0,100	8,260E+0	2,400E+1	2,700E+3	2,709E+3
311,083	0,146	0,100	8,270E+0	2,400E+1	2,700E+3	2,697E+3
312,084	0,146	0,100	8,270E+0	2,400E+1	2,700E+3	2,700E+3
313,083	0,146	0,100	8,260E+0	2,400E+1	2,700E+3	2,703E+3
314,084	0,146	0,100	8,260E+0	2,400E+1	2,700E+3	2,701E+3
315,084	0,146	0,100	8,270E+0	2,400E+1	2,700E+3	2,695E+3
316,084	0,146	0,100	8,260E+0	2,400E+1	2,700E+3	2,698E+3
317,085	0,146	0,100	8,260E+0	2,400E+1	2,700E+3	2,701E+3
318,086	0,146	0,100	8,260E+0	2,400E+1	2,700E+3	2,702E+3
319,087	0,146	0,100	8,260E+0	2,400E+1	2,700E+3	2,706E+3
320,086	0,146	0,100	8,260E+0	2,400E+1	2,700E+3	2,698E+3
321,086	0,146	0,100	8,260E+0	2,400E+1	2,700E+3	2,699E+3
322,087	0,146	0,100	8,260E+0	2,400E+1	2,700E+3	2,702E+3
323,087	0,146	0,100	8,260E+0	2,400E+1	2,700E+3	2,702E+3
324,088	0,146	0,100	8,260E+0	2,400E+1	2,700E+3	2,704E+3
325,088	0,146	0,100	8,260E+0	2,400E+1	2,700E+3	2,698E+3
326,089	0,146	0,100	8,260E+0	2,400E+1	2,700E+3	2,703E+3
327,089	0,146	0,100	8,270E+0	2,400E+1	2,700E+3	2,708E+3
328,090	0,146	0,100	8,270E+0	2,400E+1	2,700E+3	2,705E+3
329,090	0,146	0,100	8,270E+0	2,400E+1	2,700E+3	2,703E+3
330,090	0,146	0,100	8,270E+0	2,400E+1	2,700E+3	2,700E+3
331,090	0,146	0,100	8,260E+0	2,400E+1	2,700E+3	2,700E+3
332,090	0,146	0,100	8,270E+0	2,400E+1	2,700E+3	2,709E+3
333,091	0,146	0,100	8,270E+0	2,400E+1	2,700E+3	2,708E+3
334,090	0,146	0,100	8,270E+0	2,400E+1	2,700E+3	2,700E+3
335,091	0,146	0,100	8,270E+0	2,400E+1	2,700E+3	2,704E+3
336,091	0,146	0,100	8,270E+0	2,400E+1	2,700E+3	2,708E+3
337,091	0,146	0,100	8,260E+0	2,400E+1	2,700E+3	2,695E+3
338,092	0,146	0,100	8,260E+0	2,400E+1	2,700E+3	2,695E+3
339,092	0,146	0,100	8,260E+0	2,400E+1	2,700E+3	2,701E+3
340,093	0,146	0,100	8,260E+0	2,400E+1	2,700E+3	2,700E+3
341,092	0,146	0,100	8,260E+0	2,400E+1	2,700E+3	2,700E+3
342,092	0,146	0,100	8,260E+0	2,400E+1	2,700E+3	2,702E+3
343,092	0,146	0,100	8,260E+0	2,400E+1	2,700E+3	2,705E+3
344,092	0,146	0,100	8,270E+0	2,400E+1	2,700E+3	2,704E+3
345,092	0,146	0,100	8,270E+0	2,400E+1	2,700E+3	2,698E+3
346,092	0,146	0,100	8,270E+0	2,400E+1	2,700E+3	2,703E+3
347,092	0,146	0,100	8,270E+0	2,400E+1	2,700E+3	2,695E+3
348,093	0,146	0,100	8,270E+0	2,400E+1	2,700E+3	2,703E+3
349,093	0,146	0,100	8,270E+0	2,400E+1	2,700E+3	2,686E+3
350,093	0,146	0,100	8,270E+0	2,400E+1	2,700E+3	2,696E+3
351,093	0,146	0,100	8,270E+0	2,400E+1	2,700E+3	2,694E+3
352,093	0,146	0,100	8,270E+0	2,400E+1	2,700E+3	2,697E+3
353,093	0,146	0,100	8,270E+0	2,400E+1	2,700E+3	2,703E+3
354,093	0,146	0,100	8,270E+0	2,400E+1	2,700E+3	2,705E+3
355,094	0,146	0,100	8,270E+0	2,400E+1	2,700E+3	2,704E+3
356,094	0,146	0,100	8,270E+0	2,400E+1	2,700E+3	2,711E+3
357,094	0,146	0,100	8,270E+0	2,400E+1	2,700E+3	2,706E+3
358,094	0,146	0,100	8,270E+0	2,400E+1	2,700E+3	2,703E+3
359,094	0,146	0,100	8,270E+0	2,400E+1	2,700E+3	2,701E+3
360,094	0,146	0,100	8,270E+0	2,400E+1	2,700E+3	2,703E+3
361,094	0,146	0,100	8,260E+0	2,400E+1	2,700E+3	2,705E+3
362,094	0,146	0,100	8,270E+0	2,400E+1	2,700E+3	2,703E+3
363,095	0,146	0,100	8,270E+0	2,400E+1	2,700E+3	2,701E+3
364,095	0,146	0,100	8,270E+0	2,400E+1	2,700E+3	2,702E+3
365,095	0,146	0,100	8,270E+0	2,400E+1	2,700E+3	2,712E+3
366,095	0,146	0,100	8,270E+0	2,400E+1	2,700E+3	2,698E+3
367,096	0,146	0,100	8,270E+0	2,400E+1	2,700E+3	2,706E+3
368,096	0,146	0,100	8,270E+0	2,400E+1	2,700E+3	2,694E+3
369,096	0,146	0,100	8,270E+0	2,400E+1	2,700E+3	2,696E+3
370,096	0,146	0,100	8,270E+0	2,400E+1	2,700E+3	2,699E+3
371,096	0,146	0,100	8,270E+0	2,400E+1	2,700E+3	2,702E+3
372,096	0,146	0,100	8,260E+0	2,400E+1	2,700E+3	2,702E+3
373,096	0,146	0,100	8,270E+0	2,400E+1	2,700E+3	2,697E+3
374,097	0,146	0,100	8,270E+0	2,400E+1	2,700E+3	2,703E+3
375,096	0,146	0,100	8,270E+0	2,400E+1	2,700E+3	2,700E+3
376,097	0,146	0,100	8,270E+0	2,400E+1	2,700E+3	2,702E+3
377,097	0,146	0,100	8,270E+0	2,400E+1	2,700E+3	2,704E+3
378,098	0,146	0,100	8,270E+0	2,400E+1	2,700E+3	2,701E+3
379,098	0,146	0,100	8,270E+0	2,400E+1	2,700E+3	2,703E+3
380,098	0,146	0,100	8,270E+0	2,400E+1	2,700E+3	2,696E+3
381,098	0,146	0,100	8,270E+0	2,400E+1	2,700E+3	2,700E+3
382,098	0,146	0,100	8,270E+0	2,400E+1	2,700E+3	2,696E+3
383,099	0,146	0,100	8,270E+0	2,400E+1	2,700E+3	2,696E+3
384,099	0,146	0,100	8,270E+0	2,400E+1	2,700E+3	2,700E+3
385,099	0,146	0,100	8,270E+0	2,400E+1	2,700E+3	2,703E+3
386,099	0,146	0,100	8,270E+0	2,400E+1	2,700E+3	2,705E+3
387,099	0,146	0,100	8,270E+0	2,400E+1	2,700E+3	2,704E+3
388,100	0,146	0,100	8,270E+0	2,400E+1	2,700E+3	2,699E+3
389,099	0,146	0,100	8,270E+0	2,400E+1	2,700E+3	2,698E+3
390,100	0,146	0,100	8,270E+0	2,400E+1	2,700E+3	2,702E+3
391,100	0,146	0,100	8,270E+0	2,400E+1	2,700E+3	2,705E+3
392,100	0,146	0,100	8,270E+0	2,400E+1	2,700E+3	2,699E+3
393,100	0,146	0,100	8,270E+0	2,400E+1	2,700E+3	2,700E+3
394,100	0,146	0,100	8,270E+0	2,400E+1	2,700E+3	2,699E+3
395,101	0,146	0,100	8,280E+0	2,400E+1	2,700E+3	2,702E+3
396,100	0,146	0,100	8,280E+0	2,400E+1	2,700E+3	2,697E+3
397,100	0,146	0,100	8,280E+0	2,400E+1	2,700E+3	2,700E+3
398,100	0,146	0,100	8,270E+0	2,400E+1	2,700E+3	2,705E+3
399,100	0,146	0,100	8,270E+0	2,400E+1	2,700E+3	2,699E+3
400,100	0,146	0,100	8,270E+0	2,400E+1	2,700E+3	2,702E+3
401,101	0,146	0,100	8,270E+0	2,400E+1	2,700E+3	2,695E+3
402,101	0,146	0,100	8,270E+0	2,400E+1	2,700E+3	2,696E+3
403,101	0,146	0,100	8,270E+0	2,400E+1	2,700E+3	2,712E+3
404,101	0,146	0,100	8,270E+0	2,400E+1	2,700E+3	2,705E+3
405,101	0,146	0,100	8,270E+0	2,400E+1	2,700E+3	2,702E+3
406,101	0,146	0,100	8,270E+0	2,400E+1	2,700E+3	2,703E+3
407,101	0,146	0,100	8,270E+0	2,400E+1	2,700E+3	2,707E+3
408,101	0,146	0,100	8,270E+0	2,400E+1	2,700E+3	2,706E+3
409,101	0,146	0,100	8,270E+0	2,400E+1	2,700E+3	2,703E+3
410,101	0,146	0,100	8,270E+0	2,400E+1	2,700E+3	2,703E+3
411,101	0,146	0,100	8,270E+0	2,400E+1	2,700E+3	2,702E+3
412,101	0,146	0,100	8,280E+0	2,400E+1	2,700E+3	2,706E+3
413,102	0,146	0,100	8,280E+0	2,400E+1	2,700E+3	2,698E+3
414,104	0,146	0,100	8,280E+0	2,400E+1	2,700E+3	2,703E+3
415,104	0,146	0,100	8,280E+0	2,400E+1	2,700E+3	2,694E+3
416,105	0,146	0,100	8,270E+0	2,400E+1	2,700E+3	2,708E+3
417,105	0,146	0,100	8,270E+0	2,400E+1	2,700E+3	2,706E+3
418,105	0,146	0,100	8,280E+0	2,400E+1	2,700E+3	2,918E+3
419,105	0,000	0,100	3,000E-1	2,400E+1	0,000E+0	2,772E+3
420,105	0,000	0,100	3,000E-1	2,400E+1	0,000E+0	2,283E+3
421,105	0,000	0,100	3,000E-1	2,400E+1	0,000E+0	2,188E+3
