t	IF	IR	VF	VR	VelSP	VelRE
0,000	0,000	0,000	0,000E+0	2,400E+1	0,000E+0
0,010	0,000	0,000	0,000E+0	2,400E+1	0,000E+0	0,000E+0
1,009	0,000	0,000	3,000E-1	2,400E+1	0,000E+0	0,000E+0
2,009	0,000	0,000	3,000E-1	2,400E+1	0,000E+0	0,000E+0
3,010	0,000	0,000	3,000E-1	2,400E+1	0,000E+0	0,000E+0
4,009	0,000	0,000	3,000E-1	2,400E+1	0,000E+0	0,000E+0
5,010	0,000	0,000	3,000E-1	2,400E+1	0,000E+0	0,000E+0
6,010	0,000	0,000	3,000E-1	2,400E+1	0,000E+0	0,000E+0
7,011	0,000	0,000	3,000E-1	2,400E+1	0,000E+0	0,000E+0
8,011	0,000	0,000	3,000E-1	2,400E+1	0,000E+0	0,000E+0
9,011	0,000	0,000	3,000E-1	2,400E+1	0,000E+0	0,000E+0
10,012	0,000	0,000	3,000E-1	2,400E+1	0,000E+0	0,000E+0
11,011	0,000	0,000	3,000E-1	2,400E+1	0,000E+0	0,000E+0
12,012	0,000	0,000	3,000E-1	2,400E+1	0,000E+0	0,000E+0
13,011	0,000	0,000	3,000E-1	2,400E+1	0,000E+0	0,000E+0
14,012	0,000	0,000	3,000E-1	2,400E+1	0,000E+0	0,000E+0
15,012	0,000	0,000	3,000E-1	2,400E+1	0,000E+0	0,000E+0
16,011	0,000	0,000	3,000E-1	2,400E+1	0,000E+0	0,000E+0
17,012	0,000	0,000	3,000E-1	2,400E+1	0,000E+0	0,000E+0
18,011	0,000	0,000	3,000E-1	2,400E+1	0,000E+0	0,000E+0
19,012	0,000	0,000	3,000E-1	2,400E+1	0,000E+0	0,000E+0
20,011	0,000	0,000	3,000E-1	2,400E+1	0,000E+0	0,000E+0
21,012	0,000	0,000	3,000E-1	2,400E+1	0,000E+0	0,000E+0
22,013	0,000	0,000	3,000E-1	2,400E+1	0,000E+0	0,000E+0
23,012	0,000	0,000	3,000E-1	2,400E+1	0,000E+0	0,000E+0
24,013	0,000	0,000	3,000E-1	2,400E+1	0,000E+0	0,000E+0
25,012	0,000	0,000	3,000E-1	2,400E+1	3,500E+3	0,000E+0
26,013	0,000	0,000	3,000E-1	2,400E+1	3,500E+3	0,000E+0
27,013	0,000	0,000	3,000E-1	2,400E+1	3,500E+3	0,000E+0
28,014	0,000	0,000	3,000E-1	2,400E+1	3,500E+3	0,000E+0
29,015	0,000	0,000	3,000E-1	2,400E+1	3,500E+3	0,000E+0
30,015	0,000	0,000	3,000E-1	2,400E+1	3,500E+3	0,000E+0
31,016	0,000	0,000	3,000E-1	2,400E+1	3,500E+3	0,000E+0
32,015	0,000	0,000	3,000E-1	2,400E+1	3,500E+3	0,000E+0
33,017	0,000	0,000	3,000E-1	2,400E+1	3,500E+3	0,000E+0
34,016	0,000	0,000	3,000E-1	2,400E+1	3,500E+3	0,000E+0
35,016	0,000	0,000	3,000E-1	2,400E+1	3,500E+3	0,000E+0
36,017	0,000	0,000	3,000E-1	2,400E+1	3,500E+3	0,000E+0
37,016	0,000	0,000	3,000E-1	2,400E+1	3,500E+3	0,000E+0
38,017	0,000	0,000	3,000E-1	2,400E+1	3,500E+3	0,000E+0
39,016	0,000	0,000	3,000E-1	2,400E+1	3,500E+3	0,000E+0
40,017	0,000	0,000	3,000E-1	2,400E+1	3,500E+3	0,000E+0
41,018	0,000	0,000	3,000E-1	2,400E+1	3,500E+3	0,000E+0
42,017	0,000	0,000	3,000E-1	2,400E+1	3,500E+3	0,000E+0
43,018	0,000	0,000	3,000E-1	2,400E+1	3,500E+3	0,000E+0
44,017	0,000	0,000	3,000E-1	2,400E+1	3,500E+3	2,112E+3
45,019	0,000	0,000	3,000E-1	2,400E+1	3,500E+3	3,902E+3
46,018	0,000	0,000	3,000E-1	2,400E+1	3,500E+3	3,555E+3
47,019	0,000	0,000	3,000E-1	2,400E+1	3,500E+3	3,290E+3
48,020	0,000	0,000	3,000E-1	2,400E+1	3,000E+3	3,443E+3
49,019	0,000	0,000	3,000E-1	2,400E+1	3,000E+3	3,224E+3
50,020	0,000	0,000	3,000E-1	2,400E+1	3,000E+3	2,914E+3
51,019	0,000	0,000	3,000E-1	2,400E+1	3,000E+3	2,779E+3
52,020	0,000	0,000	3,000E-1	2,400E+1	3,000E+3	3,006E+3
53,020	0,000	0,000	3,000E-1	2,400E+1	3,000E+3	3,034E+3
54,021	0,000	0,000	3,000E-1	2,400E+1	3,000E+3	2,994E+3
55,020	0,000	0,000	3,000E-1	2,400E+1	3,000E+3	2,993E+3
56,021	0,000	0,000	3,000E-1	2,400E+1	3,000E+3	3,010E+3
57,022	0,000	0,000	3,000E-1	2,400E+1	3,000E+3	2,993E+3
58,022	0,000	0,000	3,000E-1	2,400E+1	3,000E+3	3,001E+3
59,024	0,000	0,000	3,000E-1	2,400E+1	3,000E+3	3,015E+3
60,023	0,000	0,000	3,000E-1	2,400E+1	3,000E+3	3,003E+3
61,024	0,000	0,000	3,000E-1	2,400E+1	3,000E+3	3,002E+3
62,024	0,000	0,000	3,000E-1	2,400E+1	3,000E+3	2,994E+3
63,025	0,000	0,000	3,000E-1	2,400E+1	3,000E+3	2,996E+3
64,026	0,000	0,000	3,000E-1	2,400E+1	3,000E+3	3,007E+3
65,025	0,000	0,000	3,000E-1	2,400E+1	3,000E+3	3,003E+3
66,026	0,000	0,000	3,000E-1	2,400E+1	3,000E+3	2,994E+3
67,025	0,000	0,000	3,000E-1	2,400E+1	3,000E+3	2,995E+3
68,027	0,000	0,000	3,000E-1	2,400E+1	3,000E+3	3,000E+3
69,026	0,000	0,000	3,000E-1	2,400E+1	3,000E+3	3,000E+3
70,026	0,000	0,000	3,000E-1	2,400E+1	3,000E+3	3,001E+3
71,028	0,000	0,000	3,000E-1	2,400E+1	3,000E+3	2,997E+3
72,027	0,000	0,000	3,000E-1	2,400E+1	3,000E+3	3,009E+3
73,028	0,000	0,000	3,000E-1	2,400E+1	3,000E+3	3,000E+3
74,027	0,000	0,000	3,000E-1	2,400E+1	3,000E+3	3,002E+3
75,028	0,000	0,000	3,000E-1	2,400E+1	3,000E+3	3,000E+3
76,027	0,000	0,000	3,000E-1	2,400E+1	3,000E+3	3,011E+3
77,028	0,000	0,000	3,000E-1	2,400E+1	3,000E+3	3,003E+3
78,028	0,000	0,000	3,000E-1	2,400E+1	3,000E+3	3,003E+3
79,027	0,000	0,000	3,000E-1	2,400E+1	3,000E+3	3,000E+3
80,029	0,008	0,000	9,800E-1	2,400E+1	3,000E+3	3,001E+3
81,028	0,030	0,000	9,800E-1	2,400E+1	3,000E+3	2,997E+3
82,029	0,030	0,000	2,270E+0	2,400E+1	3,000E+3	2,992E+3
83,028	0,048	0,000	3,300E+0	2,400E+1	3,000E+3	2,994E+3
84,028	0,063	0,000	3,300E+0	2,400E+1	3,000E+3	2,995E+3
85,029	0,063	0,000	4,100E+0	2,400E+1	3,000E+3	2,998E+3
86,028	0,084	0,000	5,380E+0	2,400E+1	3,000E+3	2,992E+3
87,029	0,103	0,000	5,380E+0	2,400E+1	3,000E+3	2,983E+3
88,028	0,103	0,000	6,410E+0	2,400E+1	3,000E+3	2,982E+3
89,030	0,122	0,000	7,540E+0	2,400E+1	3,000E+3	2,977E+3
90,030	0,135	0,000	7,540E+0	2,400E+1	3,000E+3	2,973E+3
91,029	0,135	0,000	8,290E+0	2,400E+1	3,000E+3	2,997E+3
92,030	0,141	0,000	8,530E+0	2,400E+1	3,000E+3	3,003E+3
93,029	0,150	0,000	8,530E+0	2,400E+1	3,000E+3	2,977E+3
94,031	0,150	0,000	9,040E+0	2,400E+1	3,000E+3	2,988E+3
95,030	0,157	0,000	9,270E+0	2,400E+1	3,000E+3	2,998E+3
96,031	0,157	0,000	9,270E+0	2,400E+1	3,000E+3	3,007E+3
97,031	0,157	0,000	9,360E+0	2,400E+1	3,000E+3	2,999E+3
98,031	0,160	0,000	9,560E+0	2,400E+1	3,000E+3	3,008E+3
99,032	0,162	0,000	9,560E+0	2,400E+1	3,000E+3	3,007E+3
100,032	0,162	0,000	9,620E+0	2,400E+1	3,000E+3	3,002E+3
101,033	0,164	0,000	9,710E+0	2,400E+1	3,000E+3	2,995E+3
102,032	0,165	0,000	9,710E+0	2,400E+1	3,000E+3	3,004E+3
103,033	0,165	0,000	9,800E+0	2,400E+1	3,000E+3	3,001E+3
104,032	0,167	0,000	9,820E+0	2,400E+1	3,000E+3	2,997E+3
105,033	0,167	0,000	9,820E+0	2,400E+1	3,000E+3	2,995E+3
106,033	0,167	0,000	9,880E+0	2,400E+1	3,000E+3	3,000E+3
107,034	0,168	0,000	9,930E+0	2,400E+1	3,000E+3	2,993E+3
108,034	0,168	0,000	9,930E+0	2,400E+1	3,000E+3	3,005E+3
109,033	0,168	0,000	9,940E+0	2,400E+1	3,000E+3	2,989E+3
110,033	0,168	0,000	9,960E+0	2,400E+1	3,000E+3	2,999E+3
111,035	0,168	0,000	9,960E+0	2,400E+1	3,000E+3	2,997E+3
112,035	0,169	0,000	9,980E+0	2,400E+1	3,000E+3	2,997E+3
113,035	0,169	0,000	9,990E+0	2,400E+1	3,000E+3	3,009E+3
114,036	0,169	0,000	9,990E+0	2,400E+1	3,000E+3	2,997E+3
115,036	0,169	0,000	1,000E+1	2,400E+1	3,000E+3	2,993E+3
116,037	0,170	0,000	1,002E+1	2,400E+1	3,000E+3	3,006E+3
117,036	0,170	0,000	1,002E+1	2,400E+1	3,000E+3	3,000E+3
118,038	0,170	0,000	1,003E+1	2,400E+1	3,000E+3	3,004E+3
119,038	0,170	0,000	1,003E+1	2,400E+1	3,000E+3	3,000E+3
120,038	0,170	0,000	1,003E+1	2,400E+1	3,000E+3	2,991E+3
121,037	0,170	0,000	1,005E+1	2,400E+1	3,000E+3	3,012E+3
122,039	0,170	0,000	1,006E+1	2,400E+1	3,000E+3	3,006E+3
123,038	0,170	0,000	1,006E+1	2,400E+1	3,000E+3	3,004E+3
124,039	0,170	0,000	1,006E+1	2,400E+1	3,000E+3	2,998E+3
125,039	0,171	0,000	1,007E+1	2,400E+1	3,000E+3	2,998E+3
126,040	0,171	0,000	1,007E+1	2,400E+1	3,000E+3	2,987E+3
127,040	0,171	0,000	1,007E+1	2,400E+1	3,000E+3	3,013E+3
128,039	0,171	0,000	1,008E+1	2,400E+1	3,000E+3	3,002E+3
129,040	0,171	0,000	1,008E+1	2,400E+1	3,000E+3	3,003E+3
130,039	0,171	0,000	1,008E+1	2,400E+1	3,000E+3	3,002E+3
131,040	0,171	0,000	1,008E+1	2,400E+1	3,000E+3	3,001E+3
132,039	0,171	0,000	1,008E+1	2,400E+1	3,000E+3	2,999E+3
133,040	0,171	0,000	1,009E+1	2,400E+1	3,000E+3	3,000E+3
134,040	0,171	0,000	1,007E+1	2,400E+1	3,000E+3	3,003E+3
135,040	0,171	0,000	1,007E+1	2,400E+1	3,000E+3	2,998E+3
136,041	0,171	0,000	1,009E+1	2,400E+1	3,000E+3	3,013E+3
137,040	0,171	0,000	1,009E+1	2,400E+1	3,000E+3	3,001E+3
138,041	0,171	0,000	1,009E+1	2,400E+1	3,000E+3	3,008E+3
139,040	0,171	0,000	1,009E+1	2,400E+1	3,000E+3	3,004E+3
140,040	0,171	0,000	1,010E+1	2,400E+1	3,000E+3	2,997E+3
141,041	0,171	0,000	1,010E+1	2,400E+1	3,000E+3	3,009E+3
142,040	0,171	0,000	1,010E+1	2,400E+1	3,000E+3	3,005E+3
143,041	0,171	0,000	1,011E+1	2,400E+1	3,000E+3	3,004E+3
144,041	0,171	0,000	1,011E+1	2,400E+1	3,000E+3	3,004E+3
145,043	0,171	0,000	1,010E+1	2,400E+1	3,000E+3	3,005E+3
146,042	0,171	0,000	1,009E+1	2,400E+1	3,000E+3	3,018E+3
147,043	0,171	0,000	1,009E+1	2,400E+1	3,000E+3	3,004E+3
148,044	0,171	0,000	1,009E+1	2,400E+1	3,000E+3	2,995E+3
149,043	0,171	0,000	1,010E+1	2,400E+1	3,000E+3	2,998E+3
150,044	0,171	0,000	1,010E+1	2,400E+1	3,000E+3	2,998E+3
151,043	0,171	0,000	1,010E+1	2,400E+1	3,000E+3	2,992E+3
152,045	0,171	0,000	1,009E+1	2,400E+1	3,000E+3	3,001E+3
153,045	0,171	0,000	1,009E+1	2,400E+1	3,000E+3	3,002E+3
154,045	0,171	0,000	1,010E+1	2,400E+1	3,000E+3	3,004E+3
155,046	0,171	0,000	1,010E+1	2,400E+1	3,000E+3	2,992E+3
156,045	0,171	0,000	1,010E+1	2,400E+1	3,000E+3	3,000E+3
157,046	0,171	0,000	1,010E+1	2,400E+1	3,000E+3	3,007E+3
158,045	0,171	0,000	1,010E+1	2,400E+1	3,000E+3	3,004E+3
159,046	0,171	0,000	1,010E+1	2,400E+1	3,000E+3	3,003E+3
160,046	0,171	0,000	1,010E+1	2,400E+1	3,000E+3	2,996E+3
161,045	0,171	0,000	1,011E+1	2,400E+1	3,000E+3	3,002E+3
162,046	0,171	0,000	1,011E+1	2,400E+1	3,000E+3	2,993E+3
163,045	0,171	0,000	1,011E+1	2,400E+1	3,000E+3	3,004E+3
164,046	0,171	0,000	1,010E+1	2,400E+1	3,000E+3	2,998E+3
165,045	0,171	0,000	1,010E+1	2,400E+1	3,000E+3	2,992E+3
166,045	0,171	0,000	1,012E+1	2,400E+1	3,000E+3	2,998E+3
167,046	0,171	0,000	1,012E+1	2,400E+1	3,000E+3	3,004E+3
168,046	0,171	0,000	1,012E+1	2,400E+1	3,000E+3	2,992E+3
169,047	0,171	0,000	1,010E+1	2,400E+1	3,000E+3	2,998E+3
170,047	0,171	0,000	1,010E+1	2,400E+1	3,000E+3	2,992E+3
171,046	0,171	0,000	1,010E+1	2,400E+1	3,000E+3	3,004E+3
172,047	0,171	0,000	1,011E+1	2,400E+1	3,000E+3	3,007E+3
173,046	0,171	0,000	1,011E+1	2,400E+1	3,000E+3	2,996E+3
174,048	0,171	0,000	1,011E+1	2,400E+1	3,000E+3	3,006E+3
175,047	0,171	0,000	1,011E+1	2,400E+1	3,000E+3	2,995E+3
176,049	0,171	0,000	1,011E+1	2,400E+1	3,000E+3	3,009E+3
177,049	0,171	0,000	1,011E+1	2,400E+1	3,000E+3	3,004E+3
178,048	0,171	0,000	1,010E+1	2,400E+1	3,000E+3	3,009E+3
179,050	0,172	0,000	1,010E+1	2,400E+1	3,000E+3	2,998E+3
180,049	0,172	0,000	1,012E+1	2,400E+1	3,000E+3	3,000E+3
181,050	0,172	0,000	1,012E+1	2,400E+1	3,000E+3	2,998E+3
182,050	0,172	0,000	1,012E+1	2,400E+1	3,000E+3	3,010E+3
183,050	0,172	0,000	1,011E+1	2,400E+1	3,000E+3	3,008E+3
184,052	0,172	0,000	1,011E+1	2,400E+1	3,000E+3	3,004E+3
185,051	0,172	0,000	1,011E+1	2,400E+1	3,000E+3	3,003E+3
186,053	0,172	0,000	1,011E+1	2,400E+1	3,000E+3	2,998E+3
187,052	0,172	0,000	1,011E+1	2,400E+1	3,000E+3	3,004E+3
188,054	0,172	0,000	1,011E+1	2,400E+1	3,000E+3	3,001E+3
189,053	0,172	0,000	1,012E+1	2,400E+1	3,000E+3	2,997E+3
190,053	0,172	0,000	1,012E+1	2,400E+1	3,000E+3	3,005E+3
191,054	0,172	0,000	1,012E+1	2,400E+1	3,000E+3	2,991E+3
192,053	0,172	0,000	1,012E+1	2,400E+1	3,000E+3	3,003E+3
193,054	0,172	0,000	1,011E+1	2,400E+1	3,000E+3	2,998E+3
194,053	0,172	0,000	1,012E+1	2,400E+1	3,000E+3	3,001E+3
195,054	0,172	0,000	1,010E+1	2,400E+1	3,000E+3	3,002E+3
196,053	0,172	0,000	1,011E+1	2,400E+1	3,000E+3	2,994E+3
197,053	0,172	0,000	1,012E+1	2,400E+1	3,000E+3	3,007E+3
198,054	0,172	0,000	1,012E+1	2,400E+1	3,000E+3	2,983E+3
199,053	0,172	0,000	1,012E+1	2,400E+1	3,000E+3	3,001E+3
200,054	0,172	0,000	1,012E+1	2,400E+1	3,000E+3	3,000E+3
201,053	0,172	0,000	1,012E+1	2,400E+1	3,000E+3	2,997E+3
202,054	0,172	0,000	1,012E+1	2,400E+1	3,000E+3	3,000E+3
203,054	0,172	0,000	1,012E+1	2,400E+1	3,000E+3	2,993E+3
204,053	0,172	0,000	1,012E+1	2,400E+1	3,000E+3	2,997E+3
205,054	0,172	0,000	1,012E+1	2,400E+1	3,000E+3	3,007E+3
206,053	0,172	0,000	1,012E+1	2,400E+1	3,000E+3	3,018E+3
207,054	0,172	0,000	1,012E+1	2,400E+1	3,000E+3	2,998E+3
208,054	0,172	0,000	1,012E+1	2,400E+1	3,000E+3	3,005E+3
209,053	0,172	0,000	1,012E+1	2,400E+1	3,000E+3	3,003E+3
210,055	0,172	0,000	1,012E+1	2,400E+1	3,000E+3	3,007E+3
211,054	0,172	0,000	1,012E+1	2,400E+1	3,000E+3	3,004E+3
212,055	0,172	0,000	1,012E+1	2,400E+1	3,000E+3	2,998E+3
213,055	0,172	0,000	1,012E+1	2,400E+1	3,000E+3	2,995E+3
214,054	0,172	0,000	1,012E+1	2,400E+1	3,000E+3	3,001E+3
215,055	0,172	0,000	1,013E+1	2,400E+1	3,000E+3	2,997E+3
216,054	0,172	0,000	1,013E+1	2,400E+1	3,000E+3	3,003E+3
217,055	0,172	0,000	1,013E+1	2,400E+1	3,000E+3	2,993E+3
218,055	0,172	0,000	1,012E+1	2,400E+1	3,000E+3	3,021E+3
219,054	0,172	0,000	1,012E+1	2,400E+1	3,000E+3	3,002E+3
220,055	0,172	0,000	1,012E+1	2,400E+1	3,000E+3	3,003E+3
221,054	0,172	0,000	1,012E+1	2,400E+1	3,000E+3	3,006E+3
222,055	0,172	0,000	1,012E+1	2,400E+1	3,000E+3	3,007E+3
223,054	0,172	0,000	1,012E+1	2,400E+1	3,000E+3	3,002E+3
224,055	0,172	0,000	1,013E+1	2,400E+1	3,000E+3	3,003E+3
225,055	0,172	0,000	1,013E+1	2,400E+1	3,000E+3	3,001E+3
226,055	0,172	0,000	1,013E+1	2,400E+1	3,000E+3	2,998E+3
227,056	0,172	0,000	1,013E+1	2,400E+1	3,000E+3	2,998E+3
228,055	0,172	0,000	1,013E+1	2,400E+1	3,000E+3	3,012E+3
229,057	0,172	0,000	1,013E+1	2,400E+1	3,000E+3	3,003E+3
230,056	0,172	0,000	1,013E+1	2,400E+1	3,000E+3	2,997E+3
231,056	0,172	0,000	1,013E+1	2,400E+1	3,000E+3	3,001E+3
232,058	0,172	0,000	1,013E+1	2,400E+1	3,000E+3	3,001E+3
233,057	0,172	0,000	1,013E+1	2,400E+1	3,000E+3	3,014E+3
234,058	0,172	0,000	1,013E+1	2,400E+1	3,000E+3	2,998E+3
235,057	0,172	0,000	1,013E+1	2,400E+1	3,000E+3	3,010E+3
236,058	0,172	0,000	1,013E+1	2,400E+1	3,000E+3	3,001E+3
237,057	0,172	0,000	1,013E+1	2,400E+1	3,000E+3	3,003E+3
238,057	0,172	0,000	1,013E+1	2,400E+1	3,000E+3	3,004E+3
239,059	0,172	0,000	1,013E+1	2,400E+1	3,000E+3	3,002E+3
240,058	0,172	0,000	1,013E+1	2,400E+1	3,000E+3	2,998E+3
241,059	0,172	0,000	1,013E+1	2,400E+1	3,000E+3	2,988E+3
242,058	0,172	0,000	1,013E+1	2,400E+1	3,000E+3	3,006E+3
243,059	0,172	0,000	1,013E+1	2,400E+1	3,000E+3	2,995E+3
244,060	0,172	0,000	1,013E+1	2,400E+1	3,000E+3	2,997E+3
245,059	0,172	0,000	1,013E+1	2,400E+1	3,000E+3	3,008E+3
246,060	0,172	0,000	1,013E+1	2,400E+1	3,000E+3	3,001E+3
247,059	0,172	0,000	1,013E+1	2,400E+1	3,000E+3	3,001E+3
248,060	0,172	0,000	1,013E+1	2,400E+1	3,000E+3	2,994E+3
249,059	0,172	0,000	1,014E+1	2,400E+1	3,000E+3	3,009E+3
250,060	0,172	0,000	1,013E+1	2,400E+1	3,000E+3	2,998E+3
251,060	0,172	0,000	1,013E+1	2,400E+1	3,000E+3	2,998E+3
252,059	0,172	0,000	1,013E+1	2,400E+1	3,000E+3	2,986E+3
253,060	0,172	0,000	1,013E+1	2,400E+1	3,000E+3	2,999E+3
254,059	0,172	0,000	1,013E+1	2,400E+1	3,000E+3	2,998E+3
255,060	0,172	0,000	1,013E+1	2,400E+1	3,000E+3	3,009E+3
256,059	0,172	0,000	1,014E+1	2,400E+1	3,000E+3	3,000E+3
257,060	0,172	0,000	1,014E+1	2,400E+1	3,000E+3	3,004E+3
258,060	0,172	0,000	1,014E+1	2,400E+1	3,000E+3	3,006E+3
259,059	0,172	0,000	1,014E+1	2,400E+1	3,000E+3	2,998E+3
260,060	0,172	0,000	1,014E+1	2,400E+1	3,000E+3	3,001E+3
261,059	0,172	0,000	1,013E+1	2,400E+1	3,000E+3	2,994E+3
262,059	0,172	0,000	1,014E+1	2,400E+1	3,000E+3	2,999E+3
263,059	0,172	0,000	1,014E+1	2,400E+1	3,000E+3	3,005E+3
264,061	0,172	0,000	1,014E+1	2,400E+1	3,000E+3	3,003E+3
265,061	0,172	0,000	1,014E+1	2,400E+1	3,000E+3	3,001E+3
266,062	0,172	0,000	1,014E+1	2,400E+1	3,000E+3	2,999E+3
267,061	0,172	0,000	1,013E+1	2,400E+1	3,000E+3	3,006E+3
268,062	0,172	0,000	1,014E+1	2,400E+1	3,000E+3	3,009E+3
269,062	0,172	0,000	1,014E+1	2,400E+1	3,000E+3	3,000E+3
270,061	0,172	0,000	1,015E+1	2,400E+1	3,000E+3	3,004E+3
271,062	0,172	0,000	1,014E+1	2,400E+1	3,000E+3	3,009E+3
272,061	0,172	0,000	1,014E+1	2,400E+1	3,000E+3	3,000E+3
273,063	0,172	0,000	1,014E+1	2,400E+1	3,000E+3	3,001E+3
274,062	0,172	0,000	1,014E+1	2,400E+1	3,000E+3	3,006E+3
275,063	0,172	0,000	1,014E+1	2,400E+1	3,000E+3	3,000E+3
276,063	0,172	0,000	1,014E+1	2,400E+1	3,000E+3	3,002E+3
277,063	0,172	0,000	1,014E+1	2,400E+1	3,000E+3	3,003E+3
278,064	0,172	0,000	1,014E+1	2,400E+1	3,000E+3	2,992E+3
279,063	0,172	0,000	1,014E+1	2,400E+1	3,000E+3	3,003E+3
280,064	0,172	0,000	1,014E+1	2,400E+1	3,000E+3	3,003E+3
281,064	0,172	0,000	1,014E+1	2,400E+1	3,000E+3	2,993E+3
282,065	0,172	0,000	1,013E+1	2,400E+1	3,000E+3	3,001E+3
283,066	0,172	0,000	1,014E+1	2,400E+1	3,000E+3	3,005E+3
284,065	0,172	0,000	1,014E+1	2,400E+1	3,000E+3	3,001E+3
285,067	0,172	0,000	1,014E+1	2,400E+1	3,000E+3	3,012E+3
286,066	0,172	0,000	1,014E+1	2,400E+1	3,000E+3	3,003E+3
287,067	0,172	0,000	1,014E+1	2,400E+1	3,000E+3	3,001E+3
288,066	0,172	0,000	1,014E+1	2,400E+1	3,000E+3	3,009E+3
289,067	0,172	0,000	1,015E+1	2,400E+1	3,000E+3	3,004E+3
290,068	0,172	0,000	1,015E+1	2,400E+1	3,000E+3	2,992E+3
291,068	0,172	0,000	1,015E+1	2,400E+1	3,000E+3	3,002E+3
292,069	0,172	0,000	1,013E+1	2,400E+1	3,000E+3	2,995E+3
293,069	0,172	0,000	1,013E+1	2,400E+1	3,000E+3	2,991E+3
294,068	0,172	0,000	1,014E+1	2,400E+1	3,000E+3	2,994E+3
295,070	0,172	0,000	1,014E+1	2,400E+1	3,000E+3	3,011E+3
296,070	0,172	0,000	1,014E+1	2,400E+1	3,000E+3	3,001E+3
297,071	0,172	0,000	1,014E+1	2,400E+1	3,000E+3	3,001E+3
298,070	0,172	0,000	1,014E+1	2,400E+1	3,000E+3	2,997E+3
299,070	0,172	0,000	1,014E+1	2,400E+1	3,000E+3	3,003E+3
300,071	0,172	0,000	1,015E+1	2,400E+1	3,000E+3	3,000E+3
301,070	0,172	0,000	1,015E+1	2,400E+1	3,000E+3	3,000E+3
302,071	0,172	0,000	1,015E+1	2,400E+1	3,000E+3	3,004E+3
303,070	0,172	0,000	1,015E+1	2,400E+1	3,000E+3	3,004E+3
304,071	0,172	0,000	1,015E+1	2,400E+1	3,000E+3	3,004E+3
305,072	0,172	0,000	1,014E+1	2,400E+1	3,000E+3	3,003E+3
306,071	0,172	0,000	1,014E+1	2,400E+1	3,000E+3	2,997E+3
307,073	0,172	0,000	1,015E+1	2,400E+1	3,000E+3	2,989E+3
308,072	0,172	0,000	1,014E+1	2,400E+1	3,000E+3	3,001E+3
309,073	0,172	0,000	1,014E+1	2,400E+1	3,000E+3	3,005E+3
310,072	0,172	0,000	1,015E+1	2,400E+1	3,000E+3	3,000E+3
311,073	0,172	0,000	1,015E+1	2,400E+1	3,000E+3	3,000E+3
312,073	0,172	0,000	1,015E+1	2,400E+1	3,000E+3	3,003E+3
313,072	0,172	0,000	1,015E+1	2,400E+1	3,000E+3	3,000E+3
314,073	0,172	0,000	1,015E+1	2,400E+1	3,000E+3	2,999E+3
315,073	0,172	0,000	1,014E+1	2,400E+1	3,000E+3	2,999E+3
316,073	0,172	0,000	1,014E+1	2,400E+1	3,000E+3	3,003E+3
317,074	0,172	0,000	1,015E+1	2,400E+1	3,000E+3	3,000E+3
318,074	0,172	0,000	1,015E+1	2,400E+1	3,000E+3	3,007E+3
319,075	0,172	0,000	1,015E+1	2,400E+1	3,000E+3	3,008E+3
320,074	0,172	0,000	1,014E+1	2,400E+1	3,000E+3	3,018E+3
321,075	0,172	0,000	1,015E+1	2,400E+1	3,000E+3	2,998E+3
322,075	0,172	0,000	1,015E+1	2,400E+1	3,000E+3	2,997E+3
323,075	0,172	0,000	1,015E+1	2,400E+1	3,000E+3	3,008E+3
324,076	0,172	0,000	1,015E+1	2,400E+1	3,000E+3	2,988E+3
325,076	0,172	0,000	1,015E+1	2,400E+1	3,000E+3	3,005E+3
326,077	0,172	0,000	1,015E+1	2,400E+1	3,000E+3	3,001E+3
327,076	0,172	0,000	1,016E+1	2,400E+1	3,000E+3	3,004E+3
328,077	0,172	0,000	1,016E+1	2,400E+1	3,000E+3	2,998E+3
329,077	0,172	0,000	1,015E+1	2,400E+1	3,000E+3	3,002E+3
330,077	0,172	0,000	1,015E+1	2,400E+1	3,000E+3	2,982E+3
331,077	0,172	0,000	1,015E+1	2,400E+1	3,000E+3	2,999E+3
332,078	0,172	0,000	1,015E+1	2,400E+1	3,000E+3	2,989E+3
333,077	0,172	0,000	1,015E+1	2,400E+1	3,000E+3	2,997E+3
334,079	0,172	0,000	1,015E+1	2,400E+1	3,000E+3	2,993E+3
335,080	0,172	0,000	1,015E+1	2,400E+1	3,000E+3	3,008E+3
336,079	0,172	0,000	1,015E+1	2,400E+1	3,000E+3	3,000E+3
337,081	0,172	0,000	1,015E+1	2,400E+1	3,000E+3	3,001E+3
338,080	0,172	0,000	1,016E+1	2,400E+1	3,000E+3	2,998E+3
339,081	0,172	0,000	1,015E+1	2,400E+1	3,000E+3	2,998E+3
340,081	0,172	0,000	1,015E+1	2,400E+1	3,000E+3	2,997E+3
341,081	0,172	0,000	1,015E+1	2,400E+1	3,000E+3	2,997E+3
342,083	0,172	0,000	1,016E+1	2,400E+1	3,000E+3	2,997E+3
343,082	0,172	0,000	1,016E+1	2,400E+1	3,000E+3	3,005E+3
344,083	0,172	0,000	1,015E+1	2,400E+1	3,000E+3	2,996E+3
345,082	0,172	0,000	1,015E+1	2,400E+1	3,000E+3	3,001E+3
346,083	0,172	0,000	1,015E+1	2,400E+1	3,000E+3	2,992E+3
347,083	0,172	0,000	1,015E+1	2,400E+1	3,000E+3	3,002E+3
348,083	0,172	0,000	1,015E+1	2,400E+1	3,000E+3	3,000E+3
349,082	0,172	0,000	1,015E+1	2,400E+1	3,000E+3	2,997E+3
350,084	0,172	0,000	1,015E+1	2,400E+1	3,000E+3	2,999E+3
351,083	0,172	0,000	1,015E+1	2,400E+1	3,000E+3	2,991E+3
352,084	0,172	0,000	1,015E+1	2,400E+1	3,000E+3	3,003E+3
353,084	0,172	0,000	1,015E+1	2,400E+1	3,000E+3	3,000E+3
354,085	0,172	0,000	1,015E+1	2,400E+1	3,000E+3	3,002E+3
355,085	0,172	0,000	1,015E+1	2,400E+1	3,000E+3	3,001E+3
356,084	0,172	0,000	1,015E+1	2,400E+1	3,000E+3	2,998E+3
357,086	0,172	0,000	1,016E+1	2,400E+1	3,000E+3	3,001E+3
358,086	0,172	0,000	1,016E+1	2,400E+1	3,000E+3	2,996E+3
359,087	0,172	0,000	1,016E+1	2,400E+1	3,000E+3	2,991E+3
360,086	0,172	0,000	1,016E+1	2,400E+1	3,000E+3	2,997E+3
361,087	0,172	0,000	1,015E+1	2,400E+1	3,000E+3	3,001E+3
362,088	0,172	0,000	1,015E+1	2,400E+1	3,000E+3	3,006E+3
363,087	0,172	0,000	1,016E+1	2,400E+1	3,000E+3	3,002E+3
364,088	0,172	0,000	1,016E+1	2,400E+1	3,000E+3	3,016E+3
365,087	0,172	0,000	1,016E+1	2,400E+1	3,000E+3	3,004E+3
366,088	0,172	0,000	1,016E+1	2,400E+1	3,000E+3	2,992E+3
367,088	0,172	0,000	1,016E+1	2,400E+1	3,000E+3	2,997E+3
368,088	0,172	0,000	1,016E+1	2,400E+1	3,000E+3	2,997E+3
369,090	0,172	0,000	1,016E+1	2,400E+1	3,000E+3	2,997E+3
370,089	0,172	0,000	1,016E+1	2,400E+1	3,000E+3	2,998E+3
371,091	0,172	0,000	1,016E+1	2,400E+1	3,000E+3	3,002E+3
372,090	0,172	0,000	1,016E+1	2,400E+1	3,000E+3	2,996E+3
373,091	0,172	0,000	1,016E+1	2,400E+1	3,000E+3	2,991E+3
374,091	0,172	0,000	1,016E+1	2,400E+1	3,000E+3	3,003E+3
375,091	0,172	0,000	1,016E+1	2,400E+1	3,000E+3	2,999E+3
376,092	0,172	0,000	1,016E+1	2,400E+1	3,000E+3	3,006E+3
377,092	0,172	0,000	1,016E+1	2,400E+1	3,000E+3	3,000E+3
378,094	0,172	0,000	1,016E+1	2,400E+1	3,000E+3	2,997E+3
379,093	0,172	0,000	1,016E+1	2,400E+1	3,000E+3	2,995E+3
380,094	0,172	0,000	1,016E+1	2,400E+1	3,000E+3	2,997E+3
381,094	0,172	0,000	1,016E+1	2,400E+1	3,000E+3	3,006E+3
382,093	0,172	0,000	1,016E+1	2,400E+1	3,000E+3	3,002E+3
383,094	0,172	0,000	1,016E+1	2,400E+1	3,000E+3	2,994E+3
384,093	0,172	0,000	1,016E+1	2,400E+1	3,000E+3	2,992E+3
385,093	0,172	0,000	1,017E+1	2,400E+1	3,000E+3	3,005E+3
386,094	0,172	0,000	1,017E+1	2,400E+1	3,000E+3	3,000E+3
387,093	0,172	0,000	1,016E+1	2,400E+1	3,000E+3	3,001E+3
388,094	0,172	0,000	1,016E+1	2,400E+1	3,000E+3	3,000E+3
389,093	0,172	0,000	1,017E+1	2,400E+1	3,000E+3	3,012E+3
390,095	0,172	0,000	1,017E+1	2,400E+1	3,000E+3	3,001E+3
391,096	0,172	0,000	1,016E+1	2,400E+1	3,000E+3	2,995E+3
392,096	0,172	0,000	1,016E+1	2,400E+1	3,000E+3	2,992E+3
393,098	0,172	0,000	1,017E+1	2,400E+1	3,000E+3	2,997E+3
394,098	0,172	0,000	1,017E+1	2,400E+1	3,000E+3	3,004E+3
395,100	0,172	0,000	1,017E+1	2,400E+1	3,000E+3	3,005E+3
396,099	0,172	0,000	1,016E+1	2,400E+1	3,000E+3	3,001E+3
397,100	0,172	0,000	1,017E+1	2,400E+1	3,000E+3	3,003E+3
398,101	0,172	0,000	1,017E+1	2,400E+1	3,000E+3	3,009E+3
399,100	0,172	0,000	1,017E+1	2,400E+1	3,000E+3	2,996E+3
400,101	0,172	0,000	1,016E+1	2,400E+1	3,000E+3	2,995E+3
401,100	0,172	0,000	1,016E+1	2,400E+1	3,000E+3	3,000E+3
402,102	0,172	0,000	1,016E+1	2,400E+1	3,000E+3	3,003E+3
403,101	0,172	0,000	1,017E+1	2,400E+1	3,000E+3	2,994E+3
404,101	0,172	0,000	1,016E+1	2,400E+1	3,000E+3	3,001E+3
405,102	0,172	0,000	1,016E+1	2,400E+1	3,000E+3	3,006E+3
406,102	0,172	0,000	1,016E+1	2,400E+1	3,000E+3	2,999E+3
407,104	0,172	0,000	1,016E+1	2,400E+1	3,000E+3	3,000E+3
408,104	0,172	0,000	1,018E+1	2,400E+1	3,000E+3	3,003E+3
409,105	0,172	0,000	1,018E+1	2,400E+1	3,000E+3	3,000E+3
410,104	0,172	0,000	1,017E+1	2,400E+1	3,000E+3	3,001E+3
411,104	0,172	0,000	1,017E+1	2,400E+1	3,000E+3	2,998E+3
412,105	0,172	0,000	1,017E+1	2,400E+1	3,000E+3	2,993E+3
413,105	0,172	0,000	1,017E+1	2,400E+1	3,000E+3	3,001E+3
414,104	0,172	0,000	1,017E+1	2,400E+1	3,000E+3	2,998E+3
415,104	0,172	0,000	1,017E+1	2,400E+1	3,000E+3	3,003E+3
416,105	0,172	0,000	1,017E+1	2,400E+1	3,000E+3	2,988E+3
417,104	0,172	0,000	1,017E+1	2,400E+1	3,000E+3	3,001E+3
418,105	0,172	0,000	1,016E+1	2,400E+1	3,000E+3	2,998E+3
419,106	0,172	0,000	1,016E+1	2,400E+1	3,000E+3	3,015E+3
420,105	0,172	0,000	1,017E+1	2,400E+1	3,000E+3	3,003E+3
421,106	0,172	0,000	1,017E+1	2,400E+1	3,000E+3	2,998E+3
422,105	0,172	0,000	1,018E+1	2,400E+1	3,000E+3	2,992E+3
423,106	0,172	0,000	1,018E+1	2,400E+1	3,000E+3	3,001E+3
424,105	0,172	0,000	1,018E+1	2,400E+1	3,000E+3	3,000E+3
425,105	0,172	0,000	1,018E+1	2,400E+1	3,000E+3	3,002E+3
426,107	0,172	0,000	1,018E+1	2,400E+1	3,000E+3	2,999E+3
427,106	0,172	0,000	1,018E+1	2,400E+1	3,000E+3	3,002E+3
428,107	0,172	0,000	1,017E+1	2,400E+1	3,000E+3	2,998E+3
429,106	0,172	0,000	1,017E+1	2,400E+1	3,000E+3	3,007E+3
430,108	0,172	0,000	1,017E+1	2,400E+1	3,000E+3	3,003E+3
431,107	0,172	0,000	1,017E+1	2,400E+1	3,000E+3	2,995E+3
432,108	0,172	0,000	1,017E+1	2,400E+1	3,000E+3	3,000E+3
433,108	0,172	0,000	1,017E+1	2,400E+1	3,000E+3	2,997E+3
434,107	0,172	0,000	1,017E+1	2,400E+1	3,000E+3	3,002E+3
435,109	0,172	0,000	1,017E+1	2,400E+1	3,000E+3	2,989E+3
436,109	0,172	0,000	1,018E+1	2,400E+1	3,000E+3	3,004E+3
437,109	0,172	0,000	1,017E+1	2,400E+1	3,000E+3	2,995E+3
438,110	0,172	0,000	1,017E+1	2,400E+1	3,000E+3	3,007E+3
439,109	0,172	0,000	1,018E+1	2,400E+1	3,000E+3	2,999E+3
440,110	0,172	0,000	1,018E+1	2,400E+1	3,000E+3	2,995E+3
441,109	0,172	0,000	1,018E+1	2,400E+1	3,000E+3	2,999E+3
442,111	0,172	0,000	1,018E+1	2,400E+1	3,000E+3	3,009E+3
443,110	0,172	0,000	1,018E+1	2,400E+1	3,000E+3	3,013E+3
444,111	0,172	0,000	1,018E+1	2,400E+1	3,000E+3	2,998E+3
445,111	0,172	0,000	1,017E+1	2,400E+1	3,000E+3	3,008E+3
446,110	0,172	0,000	1,018E+1	2,400E+1	3,000E+3	2,997E+3
447,112	0,172	0,000	1,018E+1	2,400E+1	3,000E+3	3,013E+3
448,112	0,172	0,000	1,018E+1	2,400E+1	3,000E+3	3,001E+3
449,113	0,172	0,000	1,018E+1	2,400E+1	3,000E+3	3,013E+3
450,113	0,172	0,000	1,018E+1	2,400E+1	3,000E+3	2,992E+3
451,114	0,172	0,000	1,018E+1	2,400E+1	3,000E+3	2,995E+3
452,114	0,172	0,000	1,018E+1	2,400E+1	3,000E+3	3,001E+3
453,113	0,172	0,000	1,018E+1	2,400E+1	3,000E+3	2,981E+3
454,114	0,172	0,000	1,018E+1	2,400E+1	3,000E+3	2,998E+3
455,113	0,172	0,000	1,018E+1	2,400E+1	3,000E+3	3,003E+3
456,115	0,172	0,000	1,018E+1	2,400E+1	3,000E+3	3,000E+3
457,115	0,172	0,000	1,018E+1	2,400E+1	3,000E+3	3,000E+3
458,114	0,172	0,000	1,018E+1	2,400E+1	3,000E+3	3,002E+3
459,115	0,172	0,000	1,018E+1	2,400E+1	3,000E+3	3,000E+3
460,114	0,172	0,000	1,018E+1	2,400E+1	3,000E+3	3,004E+3
461,115	0,172	0,000	1,018E+1	2,400E+1	3,000E+3	3,003E+3
462,114	0,172	0,000	1,018E+1	2,400E+1	3,000E+3	3,003E+3
463,116	0,172	0,000	1,018E+1	2,400E+1	3,000E+3	3,000E+3
464,117	0,172	0,000	1,018E+1	2,400E+1	3,000E+3	2,998E+3
465,117	0,172	0,000	1,018E+1	2,400E+1	3,000E+3	3,023E+3
466,118	0,172	0,000	1,018E+1	2,400E+1	3,000E+3	2,999E+3
467,117	0,172	0,000	1,018E+1	2,400E+1	3,000E+3	3,007E+3
468,119	0,172	0,000	1,018E+1	2,400E+1	3,000E+3	2,995E+3
469,119	0,172	0,000	1,018E+1	2,400E+1	3,000E+3	2,997E+3
470,118	0,172	0,000	1,018E+1	2,400E+1	3,000E+3	2,995E+3
471,120	0,172	0,000	1,018E+1	2,400E+1	3,000E+3	2,998E+3
472,119	0,172	0,000	1,019E+1	2,400E+1	3,000E+3	3,003E+3
473,120	0,172	0,000	1,019E+1	2,400E+1	3,000E+3	3,015E+3
474,119	0,172	0,000	1,019E+1	2,400E+1	3,000E+3	2,998E+3
475,120	0,172	0,000	1,018E+1	2,400E+1	3,000E+3	2,999E+3
476,120	0,172	0,000	1,018E+1	2,400E+1	3,000E+3	3,000E+3
477,121	0,172	0,000	1,018E+1	2,400E+1	3,000E+3	2,978E+3
478,122	0,172	0,000	1,019E+1	2,400E+1	3,000E+3	3,001E+3
479,122	0,172	0,000	1,018E+1	2,400E+1	3,000E+3	3,001E+3
480,122	0,172	0,000	1,018E+1	2,400E+1	3,000E+3	2,998E+3
481,123	0,172	0,000	1,019E+1	2,400E+1	3,000E+3	3,003E+3
482,123	0,172	0,000	1,018E+1	2,400E+1	3,000E+3	3,000E+3
483,125	0,172	0,000	1,018E+1	2,400E+1	3,000E+3	2,994E+3
484,125	0,172	0,000	1,019E+1	2,400E+1	3,000E+3	3,018E+3
485,125	0,172	0,000	1,019E+1	2,400E+1	3,000E+3	2,990E+3
486,126	0,172	0,000	1,019E+1	2,400E+1	3,000E+3	3,004E+3
487,126	0,172	0,000	1,019E+1	2,400E+1	3,000E+3	2,999E+3
488,127	0,172	0,000	1,019E+1	2,400E+1	3,000E+3	2,997E+3
489,126	0,172	0,000	1,019E+1	2,400E+1	3,000E+3	3,003E+3
490,128	0,172	0,000	1,019E+1	2,400E+1	3,000E+3	2,995E+3
491,128	0,172	0,000	1,020E+1	2,400E+1	3,000E+3	2,992E+3
492,128	0,172	0,000	1,020E+1	2,400E+1	3,000E+3	2,992E+3
493,130	0,172	0,000	1,019E+1	2,400E+1	3,000E+3	2,989E+3
494,129	0,172	0,000	1,019E+1	2,400E+1	3,000E+3	2,994E+3
495,130	0,172	0,000	1,019E+1	2,400E+1	3,000E+3	2,991E+3
496,130	0,172	0,000	1,019E+1	2,400E+1	3,000E+3	2,993E+3
497,131	0,172	0,000	1,019E+1	2,400E+1	3,000E+3	2,993E+3
498,131	0,172	0,000	1,019E+1	2,400E+1	3,000E+3	2,992E+3
499,130	0,172	0,000	1,019E+1	2,400E+1	3,000E+3	3,006E+3
500,131	0,172	0,000	1,019E+1	2,400E+1	3,000E+3	3,007E+3
501,130	0,172	0,000	1,019E+1	2,400E+1	3,000E+3	2,997E+3
502,131	0,172	0,000	1,019E+1	2,400E+1	3,000E+3	2,998E+3
503,130	0,172	0,000	1,019E+1	2,400E+1	3,000E+3	2,998E+3
504,131	0,172	0,000	1,019E+1	2,400E+1	3,000E+3	2,992E+3
505,130	0,172	0,000	1,019E+1	2,400E+1	3,000E+3	3,000E+3
506,131	0,172	0,000	1,020E+1	2,400E+1	3,000E+3	2,993E+3
507,131	0,172	0,000	1,020E+1	2,400E+1	3,000E+3	3,005E+3
508,130	0,172	0,000	1,019E+1	2,400E+1	3,000E+3	3,000E+3
509,131	0,172	0,000	1,019E+1	2,400E+1	3,000E+3	3,013E+3
510,131	0,172	0,000	1,019E+1	2,400E+1	3,000E+3	3,000E+3
511,132	0,172	0,000	1,020E+1	2,400E+1	3,000E+3	2,998E+3
512,134	0,172	0,000	1,019E+1	2,400E+1	3,000E+3	2,995E+3
513,133	0,172	0,000	1,019E+1	2,400E+1	3,000E+3	2,989E+3
514,134	0,172	0,000	1,019E+1	2,400E+1	3,000E+3	2,988E+3
515,134	0,172	0,000	1,019E+1	2,400E+1	3,000E+3	2,997E+3
516,135	0,172	0,000	1,019E+1	2,400E+1	3,000E+3	3,001E+3
517,134	0,172	0,000	1,020E+1	2,400E+1	3,000E+3	2,995E+3
518,135	0,172	0,000	1,020E+1	2,400E+1	3,000E+3	2,998E+3
519,134	0,172	0,000	1,020E+1	2,400E+1	3,000E+3	2,996E+3
520,136	0,172	0,000	1,020E+1	2,400E+1	3,000E+3	2,998E+3
521,135	0,172	0,000	1,020E+1	2,400E+1	3,000E+3	2,978E+3
522,135	0,172	0,000	1,020E+1	2,400E+1	3,000E+3	2,994E+3
523,136	0,172	0,000	1,020E+1	2,400E+1	3,000E+3	2,996E+3
524,136	0,172	0,000	1,019E+1	2,400E+1	3,000E+3	3,007E+3
525,138	0,172	0,000	1,019E+1	2,400E+1	3,000E+3	2,992E+3
526,137	0,172	0,000	1,019E+1	2,400E+1	3,000E+3	2,998E+3
527,138	0,173	0,000	1,020E+1	2,400E+1	3,000E+3	2,999E+3
528,138	0,173	0,000	1,020E+1	2,400E+1	3,000E+3	3,003E+3
529,137	0,172	0,000	1,019E+1	2,400E+1	3,000E+3	2,994E+3
530,139	0,172	0,000	1,019E+1	2,400E+1	3,000E+3	2,992E+3
531,138	0,172	0,000	1,020E+1	2,400E+1	3,000E+3	2,991E+3
532,139	0,172	0,000	1,020E+1	2,400E+1	3,000E+3	2,997E+3
533,138	0,172	0,000	1,020E+1	2,400E+1	3,000E+3	3,006E+3
534,139	0,172	0,000	1,020E+1	2,400E+1	3,000E+3	2,993E+3
535,139	0,172	0,000	1,020E+1	2,400E+1	3,000E+3	2,997E+3
536,138	0,172	0,000	1,020E+1	2,400E+1	3,000E+3	2,995E+3
537,140	0,172	0,000	1,020E+1	2,400E+1	3,000E+3	3,004E+3
538,139	0,172	0,000	1,020E+1	2,400E+1	3,000E+3	3,002E+3
539,141	0,172	0,000	1,020E+1	2,400E+1	3,000E+3	3,004E+3
540,140	0,172	0,000	1,020E+1	2,400E+1	3,000E+3	2,992E+3
541,140	0,172	0,000	1,020E+1	2,400E+1	3,000E+3	2,995E+3
542,141	0,172	0,000	1,020E+1	2,400E+1	3,000E+3	3,001E+3
543,141	0,172	0,000	1,020E+1	2,400E+1	3,000E+3	2,995E+3
544,141	0,172	0,000	1,020E+1	2,400E+1	3,000E+3	2,997E+3
545,140	0,172	0,000	1,019E+1	2,400E+1	3,000E+3	2,991E+3
546,142	0,173	0,000	1,020E+1	2,400E+1	3,000E+3	2,996E+3
547,143	0,173	0,000	1,020E+1	2,400E+1	3,000E+3	3,000E+3
548,143	0,172	0,000	1,020E+1	2,400E+1	3,000E+3	3,002E+3
549,144	0,172	0,000	1,020E+1	2,400E+1	3,000E+3	3,010E+3
550,143	0,172	0,000	1,020E+1	2,400E+1	3,000E+3	3,004E+3
551,144	0,172	0,000	1,020E+1	2,400E+1	3,000E+3	2,995E+3
552,144	0,172	0,000	1,020E+1	2,400E+1	3,000E+3	3,004E+3
553,146	0,172	0,000	1,020E+1	2,400E+1	3,000E+3	3,002E+3
554,146	0,172	0,000	1,019E+1	2,400E+1	3,000E+3	2,998E+3
555,145	0,172	0,000	1,020E+1	2,400E+1	3,000E+3	2,987E+3
556,146	0,172	0,000	1,020E+1	2,400E+1	3,000E+3	2,998E+3
557,145	0,172	0,000	1,020E+1	2,400E+1	3,000E+3	3,003E+3
558,146	0,172	0,000	1,020E+1	2,400E+1	3,000E+3	2,998E+3
559,145	0,172	0,000	1,020E+1	2,400E+1	3,000E+3	3,001E+3
560,147	0,172	0,000	1,020E+1	2,400E+1	3,000E+3	3,003E+3
561,147	0,172	0,000	1,020E+1	2,400E+1	3,000E+3	3,003E+3
562,146	0,172	0,000	1,020E+1	2,400E+1	3,000E+3	2,995E+3
563,147	0,172	0,000	1,021E+1	2,400E+1	3,000E+3	2,998E+3
564,146	0,172	0,000	1,020E+1	2,400E+1	3,000E+3	2,998E+3
565,147	0,172	0,000	1,020E+1	2,400E+1	3,000E+3	2,993E+3
566,146	0,172	0,000	1,020E+1	2,400E+1	3,000E+3	2,999E+3
567,147	0,172	0,000	1,021E+1	2,400E+1	3,000E+3	2,992E+3
568,148	0,172	0,000	1,021E+1	2,400E+1	3,000E+3	2,999E+3
569,147	0,173	0,000	1,021E+1	2,400E+1	3,000E+3	3,007E+3
570,148	0,172	0,000	1,021E+1	2,400E+1	3,000E+3	3,000E+3
571,148	0,172	0,000	1,021E+1	2,400E+1	3,000E+3	3,013E+3
572,149	0,172	0,000	1,021E+1	2,400E+1	3,000E+3	3,001E+3
573,148	0,172	0,000	1,020E+1	2,400E+1	3,000E+3	2,998E+3
574,149	0,172	0,000	1,020E+1	2,400E+1	3,000E+3	2,993E+3
575,149	0,172	0,000	1,021E+1	2,400E+1	3,000E+3	3,001E+3
576,149	0,172	0,000	1,021E+1	2,400E+1	3,000E+3	3,001E+3
577,150	0,172	0,000	1,021E+1	2,400E+1	3,000E+3	2,995E+3
578,149	0,172	0,000	1,021E+1	2,400E+1	3,000E+3	2,986E+3
579,150	0,172	0,000	1,021E+1	2,400E+1	3,000E+3	2,998E+3
580,149	0,172	0,000	1,021E+1	2,400E+1	3,000E+3	3,002E+3
581,150	0,172	0,000	1,020E+1	2,400E+1	3,000E+3	3,008E+3
582,150	0,172	0,000	1,020E+1	2,400E+1	3,000E+3	3,002E+3
583,149	0,172	0,000	1,021E+1	2,400E+1	3,000E+3	3,001E+3
584,150	0,172	0,000	1,021E+1	2,400E+1	3,000E+3	3,009E+3
585,149	0,172	0,000	1,021E+1	2,400E+1	3,000E+3	3,006E+3
586,150	0,172	0,000	1,021E+1	2,400E+1	3,000E+3	2,999E+3
587,149	0,172	0,000	1,022E+1	2,400E+1	3,000E+3	2,998E+3
588,149	0,172	0,000	1,022E+1	2,400E+1	3,000E+3	3,000E+3
589,150	0,172	0,000	1,020E+1	2,400E+1	3,000E+3	2,998E+3
590,150	0,172	0,000	1,021E+1	2,400E+1	3,000E+3	2,993E+3
591,151	0,172	0,000	1,021E+1	2,400E+1	3,000E+3	3,007E+3
592,151	0,172	0,000	1,021E+1	2,400E+1	3,000E+3	3,000E+3
593,153	0,172	0,000	1,021E+1	2,400E+1	3,000E+3	3,004E+3
594,153	0,172	0,000	1,021E+1	2,400E+1	3,000E+3	2,998E+3
595,152	0,172	0,000	1,021E+1	2,400E+1	3,000E+3	2,995E+3
596,153	0,172	0,000	1,021E+1	2,400E+1	3,000E+3	2,995E+3
597,152	0,172	0,000	1,021E+1	2,400E+1	3,000E+3	2,998E+3
598,154	0,172	0,000	1,021E+1	2,400E+1	3,000E+3	2,998E+3
599,153	0,172	0,000	1,021E+1	2,400E+1	3,000E+3	3,005E+3
600,154	0,172	0,000	1,021E+1	2,400E+1	3,000E+3	2,998E+3
601,155	0,172	0,000	1,021E+1	2,400E+1	3,000E+3	2,997E+3
602,154	0,172	0,000	1,021E+1	2,400E+1	3,000E+3	2,999E+3
603,156	0,172	0,000	1,022E+1	2,400E+1	3,000E+3	2,992E+3
604,156	0,172	0,000	1,021E+1	2,400E+1	3,000E+3	3,000E+3
605,157	0,172	0,000	1,021E+1	2,400E+1	3,000E+3	2,998E+3
606,156	0,172	0,000	1,021E+1	2,400E+1	3,000E+3	2,999E+3
607,157	0,172	0,000	1,021E+1	2,400E+1	3,000E+3	3,001E+3
608,158	0,172	0,000	1,022E+1	2,400E+1	3,000E+3	3,000E+3
609,158	0,172	0,000	1,021E+1	2,400E+1	3,000E+3	2,992E+3
610,159	0,172	0,000	1,021E+1	2,400E+1	3,000E+3	3,005E+3
611,158	0,172	0,000	1,021E+1	2,400E+1	3,000E+3	3,021E+3
612,159	0,172	0,000	1,021E+1	2,400E+1	3,000E+3	3,003E+3
613,158	0,172	0,000	1,022E+1	2,400E+1	3,000E+3	3,001E+3
614,158	0,172	0,000	1,022E+1	2,400E+1	3,000E+3	2,998E+3
615,159	0,172	0,000	1,021E+1	2,400E+1	3,000E+3	3,007E+3
616,159	0,172	0,000	1,021E+1	2,400E+1	3,000E+3	2,991E+3
617,160	0,172	0,000	1,021E+1	2,400E+1	3,000E+3	3,005E+3
618,160	0,172	0,000	1,021E+1	2,400E+1	3,000E+3	2,997E+3
619,161	0,172	0,000	1,021E+1	2,400E+1	3,000E+3	3,005E+3
620,160	0,172	0,000	1,021E+1	2,400E+1	3,000E+3	2,998E+3
621,161	0,172	0,000	1,021E+1	2,400E+1	3,000E+3	3,012E+3
622,161	0,172	0,000	1,022E+1	2,400E+1	3,000E+3	3,000E+3
623,160	0,172	0,000	1,022E+1	2,400E+1	3,000E+3	2,993E+3
624,161	0,172	0,000	1,022E+1	2,400E+1	3,000E+3	2,991E+3
625,160	0,172	0,000	1,022E+1	2,400E+1	3,000E+3	2,999E+3
626,161	0,172	0,000	1,022E+1	2,400E+1	3,000E+3	2,995E+3
627,161	0,172	0,000	1,022E+1	2,400E+1	3,000E+3	3,003E+3
628,160	0,172	0,000	1,022E+1	2,400E+1	3,000E+3	2,990E+3
629,161	0,172	0,000	1,022E+1	2,400E+1	3,000E+3	2,998E+3
630,160	0,172	0,000	1,022E+1	2,400E+1	3,000E+3	2,997E+3
631,161	0,172	0,000	1,022E+1	2,400E+1	3,000E+3	3,000E+3
632,160	0,172	0,000	1,022E+1	2,400E+1	3,000E+3	2,994E+3
633,161	0,172	0,000	1,022E+1	2,400E+1	3,000E+3	2,998E+3
634,161	0,172	0,000	1,022E+1	2,400E+1	3,000E+3	3,009E+3
635,160	0,172	0,000	1,022E+1	2,400E+1	3,000E+3	3,000E+3
636,161	0,172	0,000	1,022E+1	2,400E+1	3,000E+3	2,994E+3
637,161	0,172	0,000	1,022E+1	2,400E+1	3,000E+3	3,001E+3
638,162	0,172	0,000	1,022E+1	2,400E+1	3,000E+3	2,992E+3
639,161	0,172	0,000	1,022E+1	2,400E+1	3,000E+3	2,991E+3
640,163	0,172	0,000	1,022E+1	2,400E+1	3,000E+3	3,010E+3
641,163	0,172	0,000	1,022E+1	2,400E+1	3,000E+3	3,000E+3
642,162	0,172	0,000	1,021E+1	2,400E+1	3,000E+3	3,002E+3
643,163	0,173	0,000	1,022E+1	2,400E+1	3,000E+3	3,004E+3
644,162	0,173	0,000	1,022E+1	2,400E+1	3,000E+3	2,994E+3
645,164	0,172	0,000	1,022E+1	2,400E+1	3,000E+3	2,996E+3
646,163	0,172	0,000	1,022E+1	2,400E+1	3,000E+3	2,995E+3
647,164	0,172	0,000	1,022E+1	2,400E+1	3,000E+3	2,992E+3
648,164	0,172	0,000	1,022E+1	2,400E+1	3,000E+3	3,013E+3
649,163	0,172	0,000	1,022E+1	2,400E+1	3,000E+3	3,004E+3
650,164	0,172	0,000	1,023E+1	2,400E+1	3,000E+3	3,004E+3
651,163	0,172	0,000	1,022E+1	2,400E+1	3,000E+3	3,012E+3
652,165	0,172	0,000	1,022E+1	2,400E+1	3,000E+3	2,999E+3
653,165	0,172	0,000	1,022E+1	2,400E+1	3,000E+3	3,003E+3
654,165	0,172	0,000	1,022E+1	2,400E+1	3,000E+3	3,000E+3
655,166	0,172	0,000	1,022E+1	2,400E+1	3,000E+3	3,021E+3
656,165	0,172	0,000	1,022E+1	2,400E+1	3,000E+3	3,000E+3
657,166	0,172	0,000	1,022E+1	2,400E+1	3,000E+3	2,995E+3
658,166	0,172	0,000	1,022E+1	2,400E+1	3,000E+3	3,004E+3
659,165	0,172	0,000	1,022E+1	2,400E+1	3,000E+3	2,994E+3
660,166	0,173	0,000	1,023E+1	2,400E+1	3,000E+3	3,008E+3
661,165	0,173	0,000	1,023E+1	2,400E+1	3,000E+3	3,001E+3
662,166	0,172	0,000	1,022E+1	2,400E+1	3,000E+3	3,000E+3
663,165	0,172	0,000	1,022E+1	2,400E+1	3,000E+3	3,010E+3
664,166	0,172	0,000	1,022E+1	2,400E+1	3,000E+3	3,004E+3
665,166	0,172	0,000	1,022E+1	2,400E+1	3,000E+3	2,997E+3
666,165	0,172	0,000	1,022E+1	2,400E+1	3,000E+3	2,995E+3
667,166	0,172	0,000	1,022E+1	2,400E+1	3,000E+3	3,001E+3
668,166	0,172	0,000	1,022E+1	2,400E+1	3,000E+3	3,006E+3
669,168	0,173	0,000	1,022E+1	2,400E+1	3,000E+3	2,997E+3
670,168	0,173	0,000	1,022E+1	2,400E+1	3,000E+3	2,998E+3
671,170	0,173	0,000	1,023E+1	2,400E+1	3,000E+3	3,009E+3
672,171	0,173	0,000	1,023E+1	2,400E+1	3,000E+3	2,998E+3
673,170	0,173	0,000	1,023E+1	2,400E+1	3,000E+3	3,004E+3
674,171	0,172	0,000	1,023E+1	2,400E+1	3,000E+3	2,997E+3
675,171	0,172	0,000	1,023E+1	2,400E+1	3,000E+3	2,991E+3
676,173	0,172	0,000	1,023E+1	2,400E+1	3,000E+3	2,992E+3
677,172	0,172	0,000	1,023E+1	2,400E+1	3,000E+3	3,001E+3
678,173	0,172	0,000	1,023E+1	2,400E+1	3,000E+3	2,998E+3
679,173	0,172	0,000	1,022E+1	2,400E+1	3,000E+3	3,001E+3
680,172	0,172	0,000	1,022E+1	2,400E+1	3,000E+3	2,989E+3
681,173	0,172	0,000	1,022E+1	2,400E+1	3,000E+3	3,006E+3
682,173	0,172	0,000	1,023E+1	2,400E+1	3,000E+3	3,000E+3
683,174	0,172	0,000	1,023E+1	2,400E+1	3,000E+3	3,004E+3
684,173	0,172	0,000	1,023E+1	2,400E+1	3,000E+3	3,000E+3
685,174	0,172	0,000	1,023E+1	2,400E+1	3,000E+3	2,992E+3
686,174	0,172	0,000	1,022E+1	2,400E+1	3,000E+3	3,003E+3
687,173	0,172	0,000	1,022E+1	2,400E+1	3,000E+3	3,000E+3
688,174	0,172	0,000	1,023E+1	2,400E+1	3,000E+3	2,992E+3
689,173	0,172	0,000	1,023E+1	2,400E+1	3,000E+3	2,996E+3
690,174	0,172	0,000	1,023E+1	2,400E+1	3,000E+3	3,000E+3
691,173	0,173	0,000	1,023E+1	2,400E+1	3,000E+3	3,010E+3
692,173	0,173	0,000	1,023E+1	2,400E+1	3,000E+3	2,998E+3
693,174	0,173	0,000	1,023E+1	2,400E+1	3,000E+3	3,000E+3
694,173	0,173	0,000	1,023E+1	2,400E+1	3,000E+3	3,005E+3
695,174	0,173	0,000	1,023E+1	2,400E+1	3,000E+3	3,000E+3
696,174	0,172	0,000	1,023E+1	2,400E+1	3,000E+3	3,011E+3
697,175	0,172	0,000	1,023E+1	2,400E+1	3,000E+3	2,997E+3
698,174	0,172	0,000	1,023E+1	2,400E+1	3,000E+3	3,004E+3
699,175	0,172	0,000	1,023E+1	2,400E+1	3,000E+3	3,006E+3
700,175	0,172	0,000	1,023E+1	2,400E+1	3,000E+3	3,006E+3
701,174	0,172	0,000	1,023E+1	2,400E+1	3,000E+3	2,992E+3
702,175	0,172	0,000	1,023E+1	2,400E+1	3,000E+3	3,001E+3
703,174	0,172	0,000	1,023E+1	2,400E+1	3,000E+3	3,012E+3
704,176	0,172	0,000	1,023E+1	2,400E+1	3,000E+3	2,997E+3
705,175	0,172	0,000	1,023E+1	2,400E+1	3,000E+3	3,000E+3
706,176	0,172	0,000	1,023E+1	2,400E+1	3,000E+3	3,001E+3
707,178	0,172	0,000	1,023E+1	2,400E+1	3,000E+3	2,993E+3
708,177	0,172	0,000	1,023E+1	2,400E+1	3,000E+3	3,003E+3
709,179	0,172	0,000	1,023E+1	2,400E+1	3,000E+3	2,995E+3
710,178	0,172	0,000	1,023E+1	2,400E+1	3,000E+3	3,005E+3
711,179	0,172	0,000	1,023E+1	2,400E+1	3,000E+3	2,995E+3
712,180	0,172	0,000	1,023E+1	2,400E+1	3,000E+3	2,997E+3
713,179	0,172	0,000	1,023E+1	2,400E+1	3,000E+3	2,989E+3
714,180	0,172	0,000	1,023E+1	2,400E+1	3,000E+3	3,002E+3
715,180	0,172	0,000	1,023E+1	2,400E+1	3,000E+3	3,003E+3
716,180	0,172	0,000	1,024E+1	2,400E+1	3,000E+3	3,010E+3
717,179	0,172	0,000	1,024E+1	2,400E+1	3,000E+3	3,001E+3
718,180	0,172	0,000	1,023E+1	2,400E+1	3,000E+3	2,997E+3
719,179	0,172	0,000	1,024E+1	2,400E+1	3,000E+3	2,999E+3
720,180	0,172	0,000	1,024E+1	2,400E+1	3,000E+3	3,004E+3
721,179	0,172	0,000	1,024E+1	2,400E+1	3,000E+3	3,006E+3
722,180	0,172	0,000	1,024E+1	2,400E+1	3,000E+3	3,004E+3
723,180	0,172	0,000	1,024E+1	2,400E+1	3,000E+3	3,004E+3
724,180	0,172	0,000	1,024E+1	2,400E+1	3,000E+3	2,997E+3
725,181	0,172	0,000	1,024E+1	2,400E+1	3,000E+3	3,001E+3
726,180	0,172	0,000	1,024E+1	2,400E+1	3,000E+3	2,997E+3
727,181	0,172	0,000	1,024E+1	2,400E+1	3,000E+3	2,994E+3
728,181	0,172	0,000	1,024E+1	2,400E+1	3,000E+3	3,010E+3
729,181	0,172	0,000	1,024E+1	2,400E+1	3,000E+3	3,004E+3
730,183	0,172	0,000	1,024E+1	2,400E+1	3,000E+3	2,999E+3
731,182	0,172	0,000	1,024E+1	2,400E+1	3,000E+3	3,010E+3
732,183	0,172	0,000	1,024E+1	2,400E+1	3,000E+3	2,998E+3
733,182	0,172	0,000	1,024E+1	2,400E+1	3,000E+3	3,035E+3
734,184	0,172	0,000	1,023E+1	2,400E+1	3,000E+3	3,003E+3
735,183	0,172	0,000	1,023E+1	2,400E+1	3,000E+3	2,993E+3
736,183	0,173	0,000	1,024E+1	2,400E+1	3,000E+3	3,000E+3
737,184	0,172	0,000	1,024E+1	2,400E+1	3,000E+3	2,998E+3
738,183	0,172	0,000	1,024E+1	2,400E+1	3,000E+3	2,998E+3
739,184	0,172	0,000	1,024E+1	2,400E+1	3,000E+3	3,000E+3
740,184	0,172	0,000	1,024E+1	2,400E+1	3,000E+3	3,002E+3
741,183	0,172	0,000	1,024E+1	2,400E+1	3,000E+3	3,007E+3
742,184	0,172	0,000	1,024E+1	2,400E+1	3,000E+3	3,321E+3
743,184	0,173	0,000	1,085E+1	2,400E+1	3,000E+3	3,348E+3
744,183	0,173	0,000	1,085E+1	2,400E+1	0,000E+0	3,171E+3
745,184	0,000	0,000	3,000E-1	2,400E+1	0,000E+0	2,694E+3
746,183	0,000	0,000	3,000E-1	2,400E+1	0,000E+0	2,236E+3
747,184	0,000	0,000	3,000E-1	2,400E+1	0,000E+0	1,824E+3
748,184	0,000	0,000	3,000E-1	2,400E+1	0,000E+0	1,470E+3
749,183	0,000	0,000	3,000E-1	2,400E+1	0,000E+0	0,000E+0
750,184	0,000	0,000	3,000E-1	2,400E+1	0,000E+0	0,000E+0
751,184	0,000	0,000	3,000E-1	2,400E+1	0,000E+0	0,000E+0
752,185	0,000	0,000	3,000E-1	2,400E+1	0,000E+0	0,000E+0
753,184	0,000	0,000	3,000E-1	2,400E+1	0,000E+0	0,000E+0
754,186	0,000	0,000	3,000E-1	2,400E+1	0,000E+0	0,000E+0
755,186	0,000	0,000	3,000E-1	2,400E+1	0,000E+0	0,000E+0
756,185	0,000	0,000	3,000E-1	2,400E+1	0,000E+0	0,000E+0
