t	IF	IR	VF	VR	VelSP	VelRE
1898,567	0,000	0,000	3,000E-1	2,400E+1	3,000E+3	3,047E+3
0,003	0,000	0,000	3,000E-1	2,400E+1	3,000E+3	2,995E+3
1,003	0,000	0,000	3,000E-1	2,400E+1	3,000E+3	3,001E+3
2,003	0,000	0,000	3,000E-1	2,400E+1	3,000E+3	2,999E+3
3,004	0,000	0,000	3,000E-1	2,400E+1	3,000E+3	2,998E+3
4,003	0,000	0,000	3,000E-1	2,400E+1	3,000E+3	3,006E+3
5,004	0,000	0,000	3,000E-1	2,400E+1	0,000E+0	2,745E+3
6,003	0,000	0,000	3,000E-1	2,400E+1	0,000E+0	2,298E+3
7,005	0,000	0,000	3,000E-1	2,400E+1	0,000E+0	1,898E+3
8,006	0,000	0,000	3,000E-1	2,400E+1	0,000E+0	1,544E+3
9,005	0,000	0,000	3,000E-1	2,400E+1	0,000E+0	0,000E+0
10,006	0,000	0,000	3,000E-1	2,400E+1	0,000E+0	0,000E+0
11,005	0,000	0,000	3,000E-1	2,400E+1	0,000E+0	0,000E+0
12,007	0,000	0,000	3,000E-1	2,400E+1	0,000E+0	0,000E+0
13,007	0,000	0,000	3,000E-1	2,400E+1	0,000E+0	0,000E+0
14,008	0,000	0,000	3,000E-1	2,400E+1	0,000E+0	0,000E+0
15,008	0,000	0,000	3,000E-1	2,400E+1	0,000E+0	0,000E+0
16,007	0,000	0,000	3,000E-1	2,400E+1	0,000E+0	0,000E+0
17,009	0,000	0,000	3,000E-1	2,400E+1	0,000E+0	0,000E+0
18,009	0,000	0,000	3,000E-1	2,400E+1	0,000E+0	0,000E+0
19,010	0,000	0,000	3,000E-1	2,400E+1	0,000E+0	0,000E+0
20,010	0,000	0,000	3,000E-1	2,400E+1	0,000E+0	0,000E+0
21,010	0,000	0,000	3,000E-1	2,400E+1	0,000E+0	0,000E+0
