902,211502	210,000000	210,000000	1,931675E-1
0,009448	210,000000	210,000000	1,931675E-1
0,009448	210,000000	210,000000	1,931675E-1
0,009448	210,000000	210,000000	1,931675E-1
0,009448	210,000000	210,000000	1,931675E-1
0,009448	210,000000	210,000000	1,931675E-1
0,009448	210,000000	210,000000	1,931675E-1
0,009448	210,200012	210,000000	1,931675E-1
0,009448	210,200012	210,000000	0,000000E+0
0,009448	210,200012	210,000000	0,000000E+0
0,009448	210,200012	210,000000	0,000000E+0
1,008667	210,200012	210,000000	0,000000E+0
1,008667	210,200012	210,000000	0,000000E+0
1,008667	210,300003	210,000000	0,000000E+0
1,008667	210,300003	210,000000	0,000000E+0
1,008667	210,300003	210,000000	0,000000E+0
1,008667	210,300003	210,000000	0,000000E+0
1,008667	210,300003	210,000000	0,000000E+0
1,008667	210,300003	210,000000	0,000000E+0
1,008667	210,300003	210,000000	0,000000E+0
1,008667	210,300003	210,000000	0,000000E+0
2,009061	210,300003	210,000000	0,000000E+0
2,009061	210,300003	210,000000	0,000000E+0
2,009061	210,300003	210,000000	0,000000E+0
2,009061	210,300003	210,000000	0,000000E+0
2,009061	14,900000	210,000000	0,000000E+0
2,009061	14,900000	210,000000	0,000000E+0
2,009061	14,900000	210,000000	5,236721E-2
2,009061	14,900000	210,000000	5,549845E-2
2,009061	14,900000	210,000000	5,862968E-2
2,009061	14,900000	210,000000	6,176091E-2
3,008495	14,900000	210,000000	6,176091E-2
3,008495	14,900000	210,000000	6,489215E-2
3,008495	14,900000	210,000000	6,489215E-2
3,008495	14,900000	210,000000	6,489215E-2
3,008495	8,600000	210,000000	6,802338E-2
3,008495	8,600000	210,000000	7,284317E-2
3,008495	8,600000	210,000000	7,284317E-2
3,008495	8,600000	210,000000	7,607552E-2
3,008495	8,600000	210,000000	7,607552E-2
3,008495	8,600000	210,000000	7,930786E-2
4,008920	8,600000	210,000000	7,930786E-2
4,008920	8,600000	210,000000	8,254021E-2
4,008920	8,600000	210,000000	8,577256E-2
4,008920	9,700001	210,000000	8,871007E-2
4,008920	9,700001	210,000000	9,192477E-2
4,008920	9,700001	210,000000	9,192477E-2
4,008920	9,700001	210,000000	9,513946E-2
4,008920	9,700001	210,000000	9,835415E-2
4,008920	9,700001	210,000000	9,835415E-2
4,008920	9,700001	210,000000	1,015688E-1
5,009331	9,700001	210,000000	1,047835E-1
5,009331	9,700001	210,000000	1,079982E-1
5,009331	9,700001	210,000000	1,112129E-1
5,009331	9,700001	210,000000	1,112129E-1
5,009331	16,500000	210,000000	1,144276E-1
5,009331	16,500000	210,000000	1,144276E-1
5,009331	16,500000	210,000000	1,158197E-1
5,009331	16,500000	210,000000	1,189253E-1
5,009331	16,500000	210,000000	1,220308E-1
5,009331	16,500000	210,000000	1,251364E-1
6,008768	16,500000	210,000000	1,282420E-1
6,008768	16,500000	210,000000	1,313475E-1
6,008768	16,500000	210,000000	1,344531E-1
6,008768	16,500000	210,000000	1,375586E-1
6,008768	16,500000	210,000000	1,406642E-1
6,008768	16,500000	210,000000	1,406642E-1
6,008768	26,400002	210,000000	1,437697E-1
6,008768	26,400002	210,000000	1,442218E-1
6,008768	26,400002	210,000000	1,442218E-1
6,008768	26,400002	210,000000	1,442218E-1
7,009199	26,400002	210,000000	1,471685E-1
7,009199	26,400002	210,000000	1,471685E-1
7,009199	26,400002	210,000000	1,501152E-1
7,009199	26,400002	210,000000	1,530618E-1
7,009199	26,400002	210,000000	1,530618E-1
7,009199	26,400002	210,000000	1,560085E-1
7,009199	26,400002	210,000000	1,589552E-1
7,009199	21,299999	210,000000	1,619018E-1
7,009199	21,299999	210,000000	1,619018E-1
7,009199	21,299999	210,000000	1,662154E-1
8,008607	21,299999	210,000000	1,692440E-1
8,008607	21,299999	210,000000	1,692440E-1
8,008607	21,299999	210,000000	1,722725E-1
8,008607	21,299999	210,000000	1,722725E-1
8,008607	21,299999	210,000000	1,753010E-1
8,008607	21,299999	210,000000	1,753010E-1
8,008607	21,299999	210,000000	1,783295E-1
8,008607	17,700001	210,000000	1,813580E-1
8,008607	17,700001	210,000000	1,853514E-1
8,008607	17,700001	210,000000	1,853514E-1
9,010064	17,700001	210,000000	1,884377E-1
9,010064	17,700001	210,000000	1,915240E-1
9,010064	17,700001	210,000000	1,946103E-1
9,010064	17,700001	210,000000	1,946103E-1
9,010064	17,700001	210,000000	1,976966E-1
9,010064	17,700001	210,000000	2,007829E-1
9,010064	17,700001	210,000000	2,007829E-1
9,010064	16,700001	210,000000	2,038692E-1
9,010064	16,700001	210,000000	2,038692E-1
9,010064	16,700001	210,000000	2,072235E-1
10,009464	16,700001	210,000000	2,072235E-1
10,009464	16,700001	210,000000	2,103259E-1
10,009464	16,700001	210,000000	2,134282E-1
10,009464	16,700001	210,000000	2,165306E-1
10,009464	16,700001	210,000000	2,165306E-1
10,009464	16,700001	210,000000	2,196329E-1
10,009464	16,700001	210,000000	2,227353E-1
10,009464	16,700001	210,000000	2,258376E-1
10,009464	18,200001	210,000000	2,258376E-1
10,009464	18,200001	210,000000	2,285379E-1
11,009874	18,200001	210,000000	2,316162E-1
11,009874	18,200001	210,000000	2,316162E-1
11,009874	18,200001	210,000000	2,346945E-1
11,009874	18,200001	210,000000	2,346945E-1
11,009874	18,200001	210,000000	2,377727E-1
11,009874	18,200001	210,000000	2,377727E-1
11,009874	18,200001	210,000000	2,408510E-1
11,009874	18,200001	210,000000	2,439293E-1
11,009874	18,200001	210,000000	2,439293E-1
11,009874	18,200001	210,000000	2,470075E-1
12,010312	20,299999	210,000000	2,500858E-1
12,010312	20,299999	210,000000	2,526012E-1
12,010312	20,299999	210,000000	2,526012E-1
12,010312	20,299999	210,000000	2,556458E-1
12,010312	20,299999	210,000000	2,586904E-1
12,010312	20,299999	210,000000	2,586904E-1
12,010312	20,299999	210,000000	2,617349E-1
12,010312	20,299999	210,000000	2,647795E-1
12,010312	20,299999	210,000000	2,647795E-1
12,010312	20,299999	210,000000	2,678241E-1
13,009730	20,299999	210,000000	2,678241E-1
13,009730	20,100000	210,000000	2,709222E-1
13,009730	20,100000	210,000000	2,739700E-1
13,009730	20,100000	210,000000	2,739700E-1
13,009730	20,100000	210,000000	2,770178E-1
13,009730	20,100000	210,000000	2,800656E-1
13,009730	20,100000	210,000000	2,831134E-1
13,009730	20,100000	210,000000	2,831134E-1
13,009730	20,100000	210,000000	2,861611E-1
13,009730	20,100000	210,000000	2,892089E-1
14,010144	20,100000	210,000000	2,922567E-1
14,010144	18,799999	210,000000	2,953045E-1
14,010144	18,799999	210,000000	2,987007E-1
14,010144	18,799999	210,000000	2,987007E-1
14,010144	18,799999	210,000000	3,017693E-1
14,010144	18,799999	210,000000	3,017693E-1
14,010144	18,799999	210,000000	3,048380E-1
14,010144	18,799999	210,000000	3,079066E-1
14,010144	18,799999	210,000000	3,100000E-1
14,010144	18,799999	210,000000	3,100000E-1
15,009576	18,799999	210,000000	3,100000E-1
15,009576	18,500000	210,000000	3,100000E-1
15,009576	18,500000	210,000000	3,100000E-1
15,009576	18,500000	210,000000	3,100000E-1
15,009576	18,500000	210,000000	3,100000E-1
15,009576	18,500000	210,000000	3,100000E-1
15,009576	18,500000	210,000000	3,100000E-1
15,009576	18,500000	210,000000	3,100000E-1
15,009576	18,500000	210,000000	3,100000E-1
15,009576	18,500000	210,000000	3,100000E-1
16,009997	18,500000	210,000000	3,100000E-1
16,009997	19,200001	210,000000	3,100000E-1
16,009997	19,200001	210,000000	3,100000E-1
16,009997	19,200001	210,000000	3,100000E-1
16,009997	19,200001	210,000000	3,100000E-1
16,009997	19,200001	210,000000	3,100000E-1
16,009997	19,200001	210,000000	3,100000E-1
16,009997	19,200001	210,000000	3,100000E-1
16,009997	19,200001	210,000000	3,100000E-1
16,009997	19,200001	210,000000	3,100000E-1
17,009427	19,200001	210,000000	3,100000E-1
17,009427	19,200001	210,000000	3,100000E-1
17,009427	19,200001	210,000000	3,100000E-1
17,009427	19,200001	210,000000	3,100000E-1
17,009427	19,200001	210,000000	3,100000E-1
17,009427	19,700001	210,000000	3,100000E-1
17,009427	19,700001	210,000000	3,100000E-1
17,009427	19,700001	210,000000	3,100000E-1
17,009427	19,700001	210,000000	3,100000E-1
17,009427	19,700001	210,000000	3,100000E-1
18,009852	19,700001	210,000000	3,100000E-1
18,009852	19,700001	210,000000	3,100000E-1
18,009852	19,700001	210,000000	3,100000E-1
18,009852	19,700001	210,000000	3,100000E-1
18,009852	19,700001	210,000000	3,100000E-1
18,009852	19,700001	210,000000	3,100000E-1
18,009852	19,100000	210,000000	3,100000E-1
18,009852	19,100000	210,000000	3,100000E-1
18,009852	19,100000	210,000000	3,100000E-1
18,009852	19,100000	210,000000	3,100000E-1
19,010288	19,100000	210,000000	3,100000E-1
19,010288	19,100000	210,000000	3,100000E-1
19,010288	19,100000	210,000000	3,100000E-1
19,010288	19,100000	210,000000	3,100000E-1
19,010288	19,100000	210,000000	3,100000E-1
19,010288	19,100000	210,000000	3,100000E-1
19,010288	19,000000	210,000000	3,100000E-1
19,010288	19,000000	210,000000	3,100000E-1
19,010288	19,000000	210,000000	3,100000E-1
19,010288	19,000000	210,000000	3,100000E-1
20,009685	19,000000	210,000000	3,100000E-1
20,009685	19,000000	210,000000	3,100000E-1
20,009685	19,000000	210,000000	3,100000E-1
20,009685	19,000000	210,000000	3,100000E-1
20,009685	19,000000	210,000000	3,100000E-1
20,009685	19,000000	210,000000	3,100000E-1
20,009685	19,000000	210,000000	3,100000E-1
20,009685	19,400000	210,000000	3,100000E-1
20,009685	19,400000	210,000000	3,100000E-1
20,009685	19,400000	210,000000	3,100000E-1
21,010116	19,400000	210,000000	3,100000E-1
21,010116	19,400000	210,000000	3,100000E-1
21,010116	19,400000	210,000000	3,100000E-1
21,010116	19,400000	210,000000	3,100000E-1
21,010116	19,400000	210,000000	3,100000E-1
21,010116	19,400000	210,000000	3,100000E-1
21,010116	19,400000	210,000000	3,100000E-1
21,010116	19,500000	210,000000	3,100000E-1
21,010116	19,500000	210,000000	3,100000E-1
21,010116	19,500000	210,000000	3,100000E-1
22,009556	19,500000	210,000000	3,100000E-1
22,009556	19,500000	210,000000	3,100000E-1
22,009556	19,500000	210,000000	3,100000E-1
22,009556	19,500000	210,000000	3,100000E-1
22,009556	19,500000	210,000000	3,100000E-1
22,009556	19,500000	210,000000	3,100000E-1
22,009556	19,500000	210,000000	3,100000E-1
22,009556	19,500000	210,000000	3,100000E-1
22,009556	19,500000	210,000000	3,100000E-1
22,009556	19,299999	210,000000	3,100000E-1
23,009959	19,299999	210,000000	3,100000E-1
23,009959	19,299999	210,000000	3,100000E-1
23,009959	19,299999	210,000000	3,100000E-1
23,009959	19,299999	210,000000	3,100000E-1
23,009959	19,299999	210,000000	3,100000E-1
23,009959	19,299999	210,000000	3,100000E-1
23,009959	19,299999	210,000000	3,100000E-1
23,009959	19,299999	210,000000	3,100000E-1
23,009959	19,299999	210,000000	3,100000E-1
23,009959	19,299999	210,000000	3,100000E-1
24,010398	19,299999	210,000000	3,100000E-1
24,010398	19,299999	210,000000	3,100000E-1
24,010398	19,299999	210,000000	3,100000E-1
24,010398	19,299999	210,000000	3,100000E-1
24,010398	19,299999	210,000000	3,100000E-1
24,010398	19,200001	210,000000	3,100000E-1
24,010398	19,200001	210,000000	3,100000E-1
24,010398	19,200001	210,000000	3,100000E-1
24,010398	19,200001	210,000000	3,100000E-1
