t	PL(A)	PL(B)	PL(T)	PL(E)	V(A)	V(B)	V(E)	I(A)	I(B)	I(E)	n_bracos	n_res
0,000	0,000	0,000	0,000E+0	0,000E+0	0,000E+0	0,000E+0	0,000E+0	0,000E+0	0,000E+0	0,000E+0	7	1010
0,002	0,000	0,000	0,000E+0	0,000E+0	0,000E+0	0,000E+0	0,000E+0	0,000E+0	0,000E+0	0,000E+0	7	1010
1,002	0,000	0,000	0,000E+0	0,000E+0	0,000E+0	0,000E+0	0,000E+0	0,000E+0	0,000E+0	0,000E+0	7	1010
2,003	0,000	0,000	0,000E+0	0,000E+0	0,000E+0	0,000E+0	0,000E+0	0,000E+0	0,000E+0	0,000E+0	7	1010
3,003	0,000	0,000	0,000E+0	0,000E+0	0,000E+0	0,000E+0	0,000E+0	0,000E+0	0,000E+0	0,000E+0	7	1010
4,004	0,000	0,000	0,000E+0	0,000E+0	0,000E+0	0,000E+0	0,000E+0	0,000E+0	0,000E+0	0,000E+0	7	1010
5,003	0,000	0,000	0,000E+0	0,000E+0	0,000E+0	0,000E+0	0,000E+0	0,000E+0	0,000E+0	0,000E+0	7	1010
6,003	0,000	0,000	0,000E+0	0,000E+0	0,000E+0	0,000E+0	0,000E+0	0,000E+0	0,000E+0	0,000E+0	7	1010
7,003	0,000	0,000	0,000E+0	0,000E+0	0,000E+0	0,000E+0	0,000E+0	0,000E+0	0,000E+0	0,000E+0	7	1010
8,003	0,000	0,000	0,000E+0	0,000E+0	0,000E+0	0,000E+0	0,000E+0	0,000E+0	0,000E+0	0,000E+0	7	1010
9,004	0,000	0,000	0,000E+0	0,000E+0	0,000E+0	0,000E+0	0,000E+0	0,000E+0	0,000E+0	0,000E+0	7	1010
10,004	0,000	0,000	0,000E+0	0,000E+0	0,000E+0	0,000E+0	0,000E+0	0,000E+0	0,000E+0	0,000E+0	7	1010
11,005	0,000	0,000	0,000E+0	0,000E+0	0,000E+0	0,000E+0	0,000E+0	0,000E+0	0,000E+0	0,000E+0	7	1010
12,004	0,000	0,000	0,000E+0	0,000E+0	0,000E+0	0,000E+0	0,000E+0	0,000E+0	0,000E+0	0,000E+0	7	1010
13,004	0,000	0,000	0,000E+0	0,000E+0	0,000E+0	0,000E+0	0,000E+0	0,000E+0	0,000E+0	0,000E+0	7	1010
14,004	0,000	0,000	0,000E+0	0,000E+0	0,000E+0	0,000E+0	0,000E+0	0,000E+0	0,000E+0	0,000E+0	7	1010
15,004	0,000	0,000	0,000E+0	0,000E+0	0,000E+0	0,000E+0	0,000E+0	0,000E+0	0,000E+0	0,000E+0	7	1010
16,005	0,000	0,000	0,000E+0	0,000E+0	0,000E+0	0,000E+0	0,000E+0	0,000E+0	0,000E+0	0,000E+0	7	1010
17,005	0,000	0,000	0,000E+0	0,000E+0	0,000E+0	0,000E+0	0,000E+0	0,000E+0	0,000E+0	0,000E+0	7	1010
18,006	0,000	0,000	0,000E+0	0,000E+0	0,000E+0	0,000E+0	0,000E+0	0,000E+0	0,000E+0	0,000E+0	7	1010
19,005	0,000	0,000	0,000E+0	0,000E+0	0,000E+0	0,000E+0	0,000E+0	0,000E+0	0,000E+0	0,000E+0	7	1010
20,005	0,000	52,500	5,250E+1	0,000E+0	2,951E+1	6,817E+1	0,000E+0	0,000E+0	3,559E+0	0,000E+0	7	1010
21,005	31,700	23,700	5,540E+1	0,000E+0	8,307E+1	7,415E+1	0,000E+0	2,828E+0	2,524E+0	0,000E+0	7	1010
22,005	0,000	0,000	0,000E+0	0,000E+0	1,824E+1	1,832E+1	0,000E+0	0,000E+0	0,000E+0	0,000E+0	7	1010
23,005	0,000	0,000	0,000E+0	0,000E+0	1,287E+1	1,303E+1	0,000E+0	0,000E+0	0,000E+0	0,000E+0	7	1010
24,005	0,000	0,000	0,000E+0	0,000E+0	5,050E+0	5,140E+0	0,000E+0	0,000E+0	0,000E+0	0,000E+0	7	1010
25,006	21,600	0,000	2,160E+1	0,000E+0	5,136E+1	2,071E+1	0,000E+0	2,276E+0	0,000E+0	0,000E+0	7	1010
26,006	115,500	0,000	1,155E+2	0,000E+0	8,562E+1	4,207E+1	0,000E+0	5,334E+0	0,000E+0	0,000E+0	7	1010
27,006	20,500	25,100	4,560E+1	0,000E+0	1,119E+2	1,125E+2	0,000E+0	7,277E-1	9,733E-1	0,000E+0	7	1010
28,006	39,500	48,500	8,800E+1	0,000E+0	1,769E+2	1,766E+2	0,000E+0	5,460E-1	5,370E-1	0,000E+0	7	1010
29,006	9,200	8,600	1,780E+1	0,000E+0	1,704E+2	1,704E+2	0,000E+0	9,460E-2	9,350E-2	0,000E+0	7	1010
30,008	9,200	8,600	1,780E+1	0,000E+0	1,704E+2	1,704E+2	0,000E+0	9,460E-2	9,350E-2	0,000E+0	7	1010
31,007	8,500	7,600	1,610E+1	0,000E+0	1,600E+2	1,597E+2	0,000E+0	9,600E-2	9,490E-2	0,000E+0	7	1010
32,007	13,100	12,100	2,520E+1	0,000E+0	1,635E+2	1,634E+2	0,000E+0	1,397E-1	1,382E-1	0,000E+0	7	1010
33,007	17,600	16,300	3,390E+1	0,000E+0	1,701E+2	1,699E+2	0,000E+0	1,700E-1	1,679E-1	0,000E+0	7	1010
34,007	13,700	12,900	2,660E+1	0,000E+0	1,708E+2	1,706E+2	0,000E+0	1,362E-1	1,347E-1	0,000E+0	7	1010
35,007	12,500	11,700	2,420E+1	0,000E+0	1,689E+2	1,688E+2	0,000E+0	1,272E-1	1,255E-1	0,000E+0	7	1010
36,008	13,300	12,400	2,570E+1	0,000E+0	1,687E+2	1,686E+2	0,000E+0	1,352E-1	1,333E-1	0,000E+0	7	1010
37,009	8,100	7,300	1,540E+1	0,000E+0	1,581E+2	1,583E+2	0,000E+0	9,400E-2	9,290E-2	0,000E+0	7	1010
38,009	5,400	4,600	1,000E+1	0,000E+0	1,446E+2	1,447E+2	0,000E+0	7,280E-2	7,180E-2	0,000E+0	7	1010
39,009	6,700	5,700	1,240E+1	0,000E+0	1,416E+2	1,414E+2	0,000E+0	9,180E-2	9,060E-2	0,000E+0	7	1010
40,009	11,400	10,300	2,170E+1	0,000E+0	1,489E+2	1,491E+2	0,000E+0	1,431E-1	1,432E-1	0,000E+0	7	1010
41,009	13,500	12,200	2,570E+1	0,000E+0	1,581E+2	1,579E+2	0,000E+0	1,516E-1	1,487E-1	0,000E+0	7	1010
42,009	10,800	9,800	2,060E+1	0,000E+0	1,561E+2	1,564E+2	0,000E+0	1,250E-1	1,243E-1	0,000E+0	7	1010
43,009	9,900	9,000	1,890E+1	0,000E+0	1,536E+2	1,537E+2	0,000E+0	1,179E-1	1,171E-1	0,000E+0	7	1010
44,010	9,900	9,000	1,890E+1	0,000E+0	1,536E+2	1,537E+2	0,000E+0	1,179E-1	1,171E-1	0,000E+0	7	1010
45,009	10,400	9,500	1,990E+1	0,000E+0	1,534E+2	1,536E+2	0,000E+0	1,240E-1	1,237E-1	0,000E+0	7	1010
46,009	11,500	10,400	2,190E+1	0,000E+0	1,550E+2	1,551E+2	0,000E+0	1,343E-1	1,329E-1	0,000E+0	7	1010
47,010	11,200	9,900	2,110E+1	0,000E+0	1,560E+2	1,556E+2	0,000E+0	1,286E-1	1,280E-1	0,000E+0	7	1010
48,010	10,700	9,600	2,030E+1	0,000E+0	1,548E+2	1,546E+2	0,000E+0	1,252E-1	1,240E-1	0,000E+0	7	1010
49,011	10,900	9,700	2,060E+1	0,000E+0	1,547E+2	1,546E+2	0,000E+0	1,278E-1	1,258E-1	0,000E+0	7	1010
50,013	11,200	10,100	2,130E+1	0,000E+0	1,550E+2	1,552E+2	0,000E+0	1,307E-1	1,302E-1	0,000E+0	7	1010
51,013	11,200	10,100	2,130E+1	0,000E+0	1,554E+2	1,553E+2	0,000E+0	1,300E-1	1,288E-1	0,000E+0	7	1010
52,013	11,000	9,800	2,080E+1	0,000E+0	1,550E+2	1,548E+2	0,000E+0	1,289E-1	1,272E-1	0,000E+0	7	1010
53,013	11,200	10,100	2,130E+1	0,000E+0	1,549E+2	1,551E+2	0,000E+0	1,304E-1	1,295E-1	0,000E+0	7	1010
54,014	13,000	11,600	2,460E+1	0,000E+0	1,557E+2	1,556E+2	0,000E+0	1,495E-1	1,472E-1	0,000E+0	7	1010
55,015	15,800	14,100	2,990E+1	0,000E+0	1,576E+2	1,575E+2	0,000E+0	1,750E-1	1,717E-1	0,000E+0	7	1010
56,015	15,800	14,100	2,990E+1	0,000E+0	1,576E+2	1,575E+2	0,000E+0	1,750E-1	1,717E-1	0,000E+0	7	1010
57,015	19,400	17,400	3,680E+1	0,000E+0	1,591E+2	1,590E+2	0,000E+0	2,075E-1	2,029E-1	0,000E+0	7	1010
58,017	28,500	27,700	5,620E+1	0,000E+0	1,618E+2	1,618E+2	0,000E+0	3,029E-1	2,987E-1	0,000E+0	7	1010
59,016	37,400	39,000	7,640E+1	0,000E+0	1,637E+2	1,639E+2	0,000E+0	4,052E-1	4,023E-1	0,000E+0	7	1010
60,016	47,700	52,900	1,006E+2	0,000E+0	1,665E+2	1,666E+2	0,000E+0	5,260E-1	5,234E-1	0,000E+0	7	1010
61,016	54,400	62,500	1,169E+2	0,000E+0	1,685E+2	1,684E+2	0,000E+0	6,094E-1	6,053E-1	0,000E+0	7	1010
62,016	58,500	69,000	1,275E+2	0,000E+0	1,696E+2	1,698E+2	0,000E+0	6,620E-1	6,586E-1	0,000E+0	7	1010
63,016	58,500	69,000	1,275E+2	0,000E+0	1,696E+2	1,698E+2	0,000E+0	6,620E-1	6,586E-1	0,000E+0	7	1010
64,017	74,200	96,800	1,710E+2	0,000E+0	1,751E+2	1,747E+2	0,000E+0	8,825E-1	8,756E-1	0,000E+0	7	1010
65,018	74,200	96,800	1,710E+2	0,000E+0	1,751E+2	1,747E+2	0,000E+0	8,825E-1	8,756E-1	0,000E+0	7	1010
66,017	73,800	96,100	1,699E+2	0,000E+0	1,745E+2	1,746E+2	0,000E+0	8,736E-1	8,683E-1	0,000E+0	7	1010
67,018	75,200	99,100	1,743E+2	0,000E+0	1,751E+2	1,748E+2	0,000E+0	9,010E-1	8,931E-1	0,000E+0	7	1010
68,018	79,000	104,400	1,834E+2	0,000E+0	1,766E+2	1,759E+2	0,000E+0	9,468E-1	9,298E-1	0,000E+0	7	1010
69,018	79,000	104,400	1,834E+2	0,000E+0	1,766E+2	1,759E+2	0,000E+0	9,468E-1	9,298E-1	0,000E+0	7	1010
70,019	82,900	114,300	1,972E+2	0,000E+0	1,776E+2	1,773E+2	0,000E+0	1,013E+0	1,005E+0	0,000E+0	7	1010
71,019	82,900	114,300	1,972E+2	0,000E+0	1,776E+2	1,773E+2	0,000E+0	1,013E+0	1,005E+0	0,000E+0	7	1010
72,019	83,000	113,700	1,967E+2	0,000E+0	1,778E+2	1,774E+2	0,000E+0	1,007E+0	9,963E-1	0,000E+0	7	1010
73,019	83,100	114,300	1,974E+2	0,000E+0	1,779E+2	1,775E+2	0,000E+0	1,016E+0	1,003E+0	0,000E+0	7	1010
74,019	83,600	117,200	2,008E+2	0,000E+0	1,781E+2	1,781E+2	0,000E+0	1,026E+0	1,023E+0	0,000E+0	7	1010
75,019	83,600	117,200	2,008E+2	0,000E+0	1,781E+2	1,781E+2	0,000E+0	1,026E+0	1,023E+0	0,000E+0	7	1010
76,019	86,100	118,900	2,050E+2	0,000E+0	1,790E+2	1,782E+2	0,000E+0	1,059E+0	1,036E+0	0,000E+0	7	1010
77,019	85,300	119,300	2,046E+2	0,000E+0	1,786E+2	1,782E+2	0,000E+0	1,055E+0	1,041E+0	0,000E+0	7	1010
78,020	85,700	119,400	2,051E+2	0,000E+0	1,792E+2	1,786E+2	0,000E+0	1,053E+0	1,036E+0	0,000E+0	7	1010
79,020	85,700	119,400	2,051E+2	0,000E+0	1,792E+2	1,786E+2	0,000E+0	1,053E+0	1,036E+0	0,000E+0	7	1010
80,020	85,700	120,500	2,062E+2	0,000E+0	1,788E+2	1,784E+2	0,000E+0	1,058E+0	1,048E+0	0,000E+0	7	1010
81,022	86,600	121,000	2,076E+2	0,000E+0	1,791E+2	1,781E+2	0,000E+0	1,069E+0	1,056E+0	0,000E+0	7	1010
82,021	87,000	120,900	2,079E+2	0,000E+0	1,793E+2	1,787E+2	0,000E+0	1,068E+0	1,050E+0	0,000E+0	7	1010
83,021	86,600	120,700	2,073E+2	0,000E+0	1,790E+2	1,785E+2	0,000E+0	1,069E+0	1,049E+0	0,000E+0	7	1010
84,021	85,200	122,300	2,075E+2	0,000E+0	1,789E+2	1,791E+2	0,000E+0	1,056E+0	1,059E+0	0,000E+0	7	1010
85,021	86,200	122,500	2,087E+2	0,000E+0	1,794E+2	1,788E+2	0,000E+0	1,072E+0	1,063E+0	0,000E+0	7	1010
86,022	87,500	121,000	2,085E+2	0,000E+0	1,792E+2	1,791E+2	0,000E+0	1,074E+0	1,046E+0	0,000E+0	7	1010
87,021	86,600	121,900	2,085E+2	0,000E+0	1,794E+2	1,789E+2	0,000E+0	1,074E+0	1,058E+0	0,000E+0	7	1010
88,022	86,600	122,200	2,088E+2	0,000E+0	1,791E+2	1,789E+2	0,000E+0	1,071E+0	1,057E+0	0,000E+0	7	1010
89,022	86,100	122,900	2,090E+2	0,000E+0	1,790E+2	1,785E+2	0,000E+0	1,069E+0	1,067E+0	0,000E+0	7	1010
90,022	86,100	122,900	2,090E+2	0,000E+0	1,790E+2	1,785E+2	0,000E+0	1,069E+0	1,067E+0	0,000E+0	7	1010
91,023	86,700	122,400	2,091E+2	0,000E+0	1,790E+2	1,786E+2	0,000E+0	1,077E+0	1,062E+0	0,000E+0	7	1010
92,023	88,500	120,600	2,091E+2	0,000E+0	1,799E+2	1,786E+2	0,000E+0	1,082E+0	1,045E+0	0,000E+0	7	1010
93,023	86,500	122,700	2,092E+2	0,000E+0	1,791E+2	1,787E+2	0,000E+0	1,080E+0	1,066E+0	0,000E+0	7	1010
94,023	85,600	123,800	2,094E+2	0,000E+0	1,786E+2	1,791E+2	0,000E+0	1,068E+0	1,071E+0	0,000E+0	7	1010
95,023	86,400	123,200	2,096E+2	0,000E+0	1,794E+2	1,787E+2	0,000E+0	1,070E+0	1,065E+0	0,000E+0	7	1010
96,023	86,400	123,200	2,096E+2	0,000E+0	1,790E+2	1,788E+2	0,000E+0	1,079E+0	1,069E+0	0,000E+0	7	1010
97,023	85,800	123,800	2,096E+2	0,000E+0	1,787E+2	1,789E+2	0,000E+0	1,075E+0	1,074E+0	0,000E+0	7	1010
98,023	88,100	121,600	2,097E+2	0,000E+0	1,800E+2	1,787E+2	0,000E+0	1,081E+0	1,051E+0	0,000E+0	7	1010
99,023	87,700	121,900	2,096E+2	0,000E+0	1,798E+2	1,786E+2	0,000E+0	1,078E+0	1,056E+0	0,000E+0	7	1010
100,023	87,200	122,800	2,100E+2	0,000E+0	1,795E+2	1,787E+2	0,000E+0	1,082E+0	1,063E+0	0,000E+0	7	1010
101,023	88,200	121,700	2,099E+2	0,000E+0	1,799E+2	1,782E+2	0,000E+0	1,082E+0	1,062E+0	0,000E+0	7	1010
102,023	88,200	121,700	2,099E+2	0,000E+0	1,799E+2	1,782E+2	0,000E+0	1,082E+0	1,062E+0	0,000E+0	7	1010
103,023	86,800	122,800	2,096E+2	0,000E+0	1,795E+2	1,790E+2	0,000E+0	1,075E+0	1,064E+0	0,000E+0	7	1010
104,023	85,500	124,100	2,096E+2	0,000E+0	1,789E+2	1,784E+2	0,000E+0	1,068E+0	1,071E+0	0,000E+0	7	1010
105,024	88,100	122,100	2,102E+2	0,000E+0	1,799E+2	1,788E+2	0,000E+0	1,084E+0	1,058E+0	0,000E+0	7	1010
106,024	86,700	122,900	2,096E+2	0,000E+0	1,791E+2	1,787E+2	0,000E+0	1,078E+0	1,065E+0	0,000E+0	7	1010
107,025	87,600	122,300	2,099E+2	0,000E+0	1,796E+2	1,788E+2	0,000E+0	1,077E+0	1,059E+0	0,000E+0	7	1010
108,024	87,600	122,300	2,099E+2	0,000E+0	1,796E+2	1,788E+2	0,000E+0	1,077E+0	1,059E+0	0,000E+0	7	1010
109,024	87,600	122,300	2,099E+2	0,000E+0	1,796E+2	1,788E+2	0,000E+0	1,077E+0	1,059E+0	0,000E+0	7	1010
110,024	86,000	123,900	2,099E+2	0,000E+0	1,788E+2	1,796E+2	0,000E+0	1,076E+0	1,066E+0	0,000E+0	7	1010
111,024	86,300	123,400	2,097E+2	0,000E+0	1,789E+2	1,789E+2	0,000E+0	1,076E+0	1,070E+0	0,000E+0	7	1010
112,024	86,800	123,500	2,103E+2	0,000E+0	1,792E+2	1,789E+2	0,000E+0	1,080E+0	1,069E+0	0,000E+0	7	1010
113,024	87,700	122,300	2,100E+2	0,000E+0	1,796E+2	1,790E+2	0,000E+0	1,081E+0	1,060E+0	0,000E+0	7	1010
114,025	86,900	122,800	2,097E+2	0,000E+0	1,790E+2	1,787E+2	0,000E+0	1,087E+0	1,071E+0	0,000E+0	7	1010
115,024	87,300	122,500	2,098E+2	0,000E+0	1,793E+2	1,790E+2	0,000E+0	1,083E+0	1,061E+0	0,000E+0	7	1010
116,024	85,900	124,400	2,103E+2	0,000E+0	1,790E+2	1,792E+2	0,000E+0	1,074E+0	1,077E+0	0,000E+0	7	1010
117,024	85,900	124,400	2,103E+2	0,000E+0	1,790E+2	1,792E+2	0,000E+0	1,074E+0	1,077E+0	0,000E+0	7	1010
118,024	86,000	123,900	2,099E+2	0,000E+0	1,787E+2	1,791E+2	0,000E+0	1,069E+0	1,073E+0	0,000E+0	7	1010
119,024	86,000	123,900	2,099E+2	0,000E+0	1,787E+2	1,791E+2	0,000E+0	1,069E+0	1,073E+0	0,000E+0	7	1010
120,024	86,000	123,900	2,099E+2	0,000E+0	1,787E+2	1,791E+2	0,000E+0	1,069E+0	1,073E+0	0,000E+0	7	1010
121,025	86,000	123,900	2,099E+2	0,000E+0	1,787E+2	1,791E+2	0,000E+0	1,069E+0	1,073E+0	0,000E+0	7	1010
122,024	87,500	122,100	2,096E+2	0,000E+0	1,792E+2	1,785E+2	0,000E+0	1,084E+0	1,062E+0	0,000E+0	7	1010
123,024	87,500	122,100	2,096E+2	0,000E+0	1,792E+2	1,785E+2	0,000E+0	1,084E+0	1,062E+0	0,000E+0	7	1010
124,024	87,500	122,100	2,096E+2	0,000E+0	1,792E+2	1,785E+2	0,000E+0	1,084E+0	1,062E+0	0,000E+0	7	1010
125,024	87,200	123,000	2,102E+2	0,000E+0	1,793E+2	1,787E+2	0,000E+0	1,082E+0	1,067E+0	0,000E+0	7	1010
126,025	87,200	123,000	2,102E+2	0,000E+0	1,793E+2	1,787E+2	0,000E+0	1,082E+0	1,067E+0	0,000E+0	7	1010
127,025	86,000	124,300	2,103E+2	0,000E+0	1,789E+2	1,792E+2	0,000E+0	1,078E+0	1,078E+0	0,000E+0	7	1010
128,026	86,000	124,300	2,103E+2	0,000E+0	1,789E+2	1,792E+2	0,000E+0	1,078E+0	1,078E+0	0,000E+0	7	1010
129,033	87,400	123,600	2,110E+2	0,000E+0	1,792E+2	1,788E+2	0,000E+0	1,084E+0	1,071E+0	0,000E+0	7	1010
130,032	87,400	123,600	2,110E+2	0,000E+0	1,792E+2	1,788E+2	0,000E+0	1,084E+0	1,071E+0	0,000E+0	7	1010
131,032	88,000	121,600	2,096E+2	0,000E+0	1,798E+2	1,786E+2	0,000E+0	1,085E+0	1,055E+0	0,000E+0	7	1010
132,032	88,000	121,600	2,096E+2	0,000E+0	1,798E+2	1,786E+2	0,000E+0	1,085E+0	1,055E+0	0,000E+0	7	1010
133,033	88,000	121,600	2,096E+2	0,000E+0	1,798E+2	1,786E+2	0,000E+0	1,085E+0	1,055E+0	0,000E+0	7	1010
134,032	88,000	121,600	2,096E+2	0,000E+0	1,798E+2	1,786E+2	0,000E+0	1,085E+0	1,055E+0	0,000E+0	7	1010
135,034	87,100	123,300	2,104E+2	0,000E+0	1,792E+2	1,788E+2	0,000E+0	1,084E+0	1,070E+0	0,000E+0	7	1010
136,034	87,100	123,300	2,104E+2	0,000E+0	1,792E+2	1,788E+2	0,000E+0	1,084E+0	1,070E+0	0,000E+0	7	1010
137,034	87,100	123,300	2,104E+2	0,000E+0	1,792E+2	1,788E+2	0,000E+0	1,084E+0	1,070E+0	0,000E+0	7	1010
138,034	86,200	123,900	2,101E+2	0,000E+0	1,789E+2	1,790E+2	0,000E+0	1,073E+0	1,071E+0	0,000E+0	7	1010
139,034	86,200	123,900	2,101E+2	0,000E+0	1,789E+2	1,790E+2	0,000E+0	1,073E+0	1,071E+0	0,000E+0	7	1010
140,035	86,200	123,900	2,101E+2	0,000E+0	1,789E+2	1,790E+2	0,000E+0	1,073E+0	1,071E+0	0,000E+0	7	1010
141,034	86,200	123,900	2,101E+2	0,000E+0	1,789E+2	1,790E+2	0,000E+0	1,073E+0	1,071E+0	0,000E+0	7	1010
142,035	87,200	122,700	2,099E+2	0,000E+0	1,794E+2	1,789E+2	0,000E+0	1,075E+0	1,062E+0	0,000E+0	7	1010
143,034	88,000	121,900	2,099E+2	0,000E+0	1,797E+2	1,787E+2	0,000E+0	1,084E+0	1,056E+0	0,000E+0	7	1010
144,034	88,300	121,700	2,100E+2	0,000E+0	1,800E+2	1,786E+2	0,000E+0	1,083E+0	1,054E+0	0,000E+0	7	1010
145,034	87,000	123,100	2,101E+2	0,000E+0	1,790E+2	1,786E+2	0,000E+0	1,081E+0	1,068E+0	0,000E+0	7	1010
146,034	87,000	123,100	2,101E+2	0,000E+0	1,790E+2	1,786E+2	0,000E+0	1,081E+0	1,068E+0	0,000E+0	7	1010
147,034	87,300	122,600	2,099E+2	0,000E+0	1,794E+2	1,786E+2	0,000E+0	1,081E+0	1,064E+0	0,000E+0	7	1010
148,034	86,300	123,900	2,102E+2	0,000E+0	1,791E+2	1,791E+2	0,000E+0	1,082E+0	1,074E+0	0,000E+0	7	1010
149,035	86,200	123,900	2,101E+2	0,000E+0	1,789E+2	1,790E+2	0,000E+0	1,078E+0	1,073E+0	0,000E+0	7	1010
150,035	88,600	121,600	2,102E+2	0,000E+0	1,799E+2	1,784E+2	0,000E+0	1,083E+0	1,056E+0	0,000E+0	7	1010
151,035	86,500	123,300	2,098E+2	0,000E+0	1,788E+2	1,787E+2	0,000E+0	1,083E+0	1,072E+0	0,000E+0	7	1010
152,035	86,500	123,300	2,098E+2	0,000E+0	1,788E+2	1,787E+2	0,000E+0	1,083E+0	1,072E+0	0,000E+0	7	1010
153,036	87,700	122,300	2,100E+2	0,000E+0	1,794E+2	1,786E+2	0,000E+0	1,082E+0	1,060E+0	0,000E+0	7	1010
154,036	87,500	122,800	2,103E+2	0,000E+0	1,796E+2	1,789E+2	0,000E+0	1,081E+0	1,060E+0	0,000E+0	7	1010
155,037	87,100	122,700	2,098E+2	0,000E+0	1,793E+2	1,789E+2	0,000E+0	1,076E+0	1,062E+0	0,000E+0	7	1010
156,038	88,000	122,100	2,101E+2	0,000E+0	1,793E+2	1,785E+2	0,000E+0	1,086E+0	1,061E+0	0,000E+0	7	1010
157,037	86,300	123,700	2,100E+2	0,000E+0	1,789E+2	1,786E+2	0,000E+0	1,079E+0	1,071E+0	0,000E+0	7	1010
158,038	86,700	123,200	2,099E+2	0,000E+0	1,790E+2	1,786E+2	0,000E+0	1,083E+0	1,068E+0	0,000E+0	7	1010
159,037	86,000	124,200	2,102E+2	0,000E+0	1,790E+2	1,790E+2	0,000E+0	1,076E+0	1,075E+0	0,000E+0	7	1010
160,037	87,900	122,000	2,099E+2	0,000E+0	1,798E+2	1,786E+2	0,000E+0	1,082E+0	1,057E+0	0,000E+0	7	1010
161,037	86,200	123,700	2,099E+2	0,000E+0	1,790E+2	1,787E+2	0,000E+0	1,081E+0	1,072E+0	0,000E+0	7	1010
162,037	85,700	124,200	2,099E+2	0,000E+0	1,789E+2	1,792E+2	0,000E+0	1,068E+0	1,071E+0	0,000E+0	7	1010
163,039	86,100	124,000	2,101E+2	0,000E+0	1,789E+2	1,791E+2	0,000E+0	1,076E+0	1,071E+0	0,000E+0	7	1010
164,038	87,400	122,700	2,101E+2	0,000E+0	1,794E+2	1,784E+2	0,000E+0	1,081E+0	1,065E+0	0,000E+0	6	1010
165,038	86,500	123,500	2,100E+2	0,000E+0	1,792E+2	1,790E+2	0,000E+0	1,077E+0	1,068E+0	0,000E+0	6	1010
166,038	86,600	123,100	2,097E+2	0,000E+0	1,789E+2	1,787E+2	0,000E+0	1,084E+0	1,073E+0	0,000E+0	6	1010
167,038	86,800	123,400	2,102E+2	0,000E+0	1,790E+2	1,788E+2	0,000E+0	1,082E+0	1,069E+0	0,000E+0	6	1010
168,038	86,800	123,400	2,102E+2	0,000E+0	1,790E+2	1,788E+2	0,000E+0	1,082E+0	1,069E+0	0,000E+0	6	1010
169,038	87,200	122,900	2,101E+2	0,000E+0	1,794E+2	1,787E+2	0,000E+0	1,081E+0	1,065E+0	0,000E+0	6	1010
170,039	87,900	122,200	2,101E+2	0,000E+0	1,797E+2	1,786E+2	0,000E+0	1,083E+0	1,058E+0	0,000E+0	6	1010
171,038	87,900	122,200	2,101E+2	0,000E+0	1,797E+2	1,786E+2	0,000E+0	1,083E+0	1,058E+0	0,000E+0	6	1010
172,038	87,900	122,200	2,101E+2	0,000E+0	1,797E+2	1,786E+2	0,000E+0	1,083E+0	1,058E+0	0,000E+0	6	1010
173,038	86,800	123,200	2,100E+2	0,000E+0	1,791E+2	1,789E+2	0,000E+0	1,077E+0	1,066E+0	0,000E+0	6	1010
174,038	86,800	123,200	2,100E+2	0,000E+0	1,791E+2	1,789E+2	0,000E+0	1,077E+0	1,066E+0	0,000E+0	6	1010
175,038	86,800	123,200	2,100E+2	0,000E+0	1,791E+2	1,789E+2	0,000E+0	1,077E+0	1,066E+0	0,000E+0	6	1010
176,038	86,300	123,800	2,101E+2	0,000E+0	1,793E+2	1,789E+2	0,000E+0	1,077E+0	1,067E+0	0,000E+0	6	1010
177,039	86,300	123,800	2,101E+2	0,000E+0	1,793E+2	1,789E+2	0,000E+0	1,077E+0	1,067E+0	0,000E+0	6	1010
178,039	86,300	123,800	2,101E+2	0,000E+0	1,793E+2	1,789E+2	0,000E+0	1,077E+0	1,067E+0	0,000E+0	6	1010
179,039	86,300	123,800	2,101E+2	0,000E+0	1,793E+2	1,789E+2	0,000E+0	1,077E+0	1,067E+0	0,000E+0	6	1010
180,039	86,400	123,700	2,101E+2	0,000E+0	1,791E+2	1,789E+2	0,000E+0	1,077E+0	1,071E+0	0,000E+0	6	1010
181,039	86,400	123,700	2,101E+2	0,000E+0	1,791E+2	1,789E+2	0,000E+0	1,077E+0	1,071E+0	0,000E+0	6	1010
182,041	87,000	123,200	2,102E+2	0,000E+0	1,790E+2	1,788E+2	0,000E+0	1,083E+0	1,070E+0	0,000E+0	6	1010
183,040	87,000	123,200	2,102E+2	0,000E+0	1,790E+2	1,788E+2	0,000E+0	1,083E+0	1,070E+0	0,000E+0	6	1010
184,042	86,300	123,600	2,099E+2	0,000E+0	1,791E+2	1,789E+2	0,000E+0	1,075E+0	1,070E+0	0,000E+0	6	1010
185,041	86,100	123,800	2,099E+2	0,000E+0	1,788E+2	1,789E+2	0,000E+0	1,083E+0	1,077E+0	0,000E+0	5	1010
186,041	86,600	123,500	2,101E+2	0,000E+0	1,792E+2	1,788E+2	0,000E+0	1,082E+0	1,070E+0	0,000E+0	5	1010
187,041	87,100	123,000	2,101E+2	0,000E+0	1,792E+2	1,787E+2	0,000E+0	1,078E+0	1,066E+0	0,000E+0	5	1010
188,041	88,100	121,700	2,098E+2	0,000E+0	1,798E+2	1,784E+2	0,000E+0	1,081E+0	1,054E+0	0,000E+0	5	1010
189,043	86,900	123,100	2,100E+2	0,000E+0	1,790E+2	1,790E+2	0,000E+0	1,084E+0	1,066E+0	0,000E+0	5	1010
190,042	86,900	123,100	2,100E+2	0,000E+0	1,790E+2	1,790E+2	0,000E+0	1,084E+0	1,066E+0	0,000E+0	5	1010
191,042	86,900	123,100	2,100E+2	0,000E+0	1,790E+2	1,790E+2	0,000E+0	1,084E+0	1,066E+0	0,000E+0	5	1010
192,042	86,900	123,100	2,100E+2	0,000E+0	1,790E+2	1,790E+2	0,000E+0	1,084E+0	1,066E+0	0,000E+0	5	1010
193,042	86,800	123,100	2,099E+2	0,000E+0	1,793E+2	1,789E+2	0,000E+0	1,075E+0	1,066E+0	0,000E+0	5	1010
194,042	86,800	123,100	2,099E+2	0,000E+0	1,793E+2	1,789E+2	0,000E+0	1,075E+0	1,066E+0	0,000E+0	5	1010
195,042	87,100	122,900	2,100E+2	0,000E+0	1,793E+2	1,789E+2	0,000E+0	1,074E+0	1,063E+0	0,000E+0	5	1010
196,043	87,100	122,900	2,100E+2	0,000E+0	1,793E+2	1,789E+2	0,000E+0	1,074E+0	1,063E+0	0,000E+0	5	1010
197,042	87,100	122,900	2,100E+2	0,000E+0	1,793E+2	1,789E+2	0,000E+0	1,074E+0	1,063E+0	0,000E+0	5	1010
198,043	88,800	121,400	2,102E+2	0,000E+0	1,803E+2	1,783E+2	0,000E+0	1,083E+0	1,057E+0	0,000E+0	5	1010
199,042	88,800	121,400	2,102E+2	0,000E+0	1,803E+2	1,783E+2	0,000E+0	1,083E+0	1,057E+0	0,000E+0	5	1010
200,043	88,800	121,400	2,102E+2	0,000E+0	1,803E+2	1,783E+2	0,000E+0	1,083E+0	1,057E+0	0,000E+0	5	1010
201,043	88,800	121,400	2,102E+2	0,000E+0	1,803E+2	1,783E+2	0,000E+0	1,083E+0	1,057E+0	0,000E+0	5	1010
202,044	86,200	123,800	2,100E+2	0,000E+0	1,788E+2	1,787E+2	0,000E+0	1,087E+0	1,078E+0	0,000E+0	5	1010
203,045	86,200	123,800	2,100E+2	0,000E+0	1,788E+2	1,787E+2	0,000E+0	1,087E+0	1,078E+0	0,000E+0	5	1010
204,044	86,200	123,800	2,100E+2	0,000E+0	1,788E+2	1,787E+2	0,000E+0	1,087E+0	1,078E+0	0,000E+0	5	1010
205,044	86,200	123,800	2,100E+2	0,000E+0	1,788E+2	1,787E+2	0,000E+0	1,087E+0	1,078E+0	0,000E+0	5	1010
206,044	87,600	122,600	2,102E+2	0,000E+0	1,796E+2	1,789E+2	0,000E+0	1,079E+0	1,061E+0	0,000E+0	5	1010
207,045	87,600	122,600	2,102E+2	0,000E+0	1,796E+2	1,789E+2	0,000E+0	1,079E+0	1,061E+0	0,000E+0	5	1010
208,045	86,100	123,900	2,100E+2	0,000E+0	1,790E+2	1,789E+2	0,000E+0	1,074E+0	1,073E+0	0,000E+0	5	1010
209,045	86,800	123,500	2,103E+2	0,000E+0	1,793E+2	1,789E+2	0,000E+0	1,077E+0	1,071E+0	0,000E+0	4	1010
210,046	88,300	121,800	2,101E+2	0,000E+0	1,798E+2	1,788E+2	0,000E+0	1,086E+0	1,055E+0	0,000E+0	4	1010
211,045	86,300	123,700	2,100E+2	0,000E+0	1,790E+2	1,789E+2	0,000E+0	1,077E+0	1,072E+0	0,000E+0	4	1010
212,045	86,500	123,700	2,102E+2	0,000E+0	1,791E+2	1,791E+2	0,000E+0	1,073E+0	1,068E+0	0,000E+0	4	1010
213,045	86,500	123,700	2,102E+2	0,000E+0	1,791E+2	1,791E+2	0,000E+0	1,073E+0	1,068E+0	0,000E+0	4	1010
214,045	86,500	123,700	2,102E+2	0,000E+0	1,791E+2	1,791E+2	0,000E+0	1,073E+0	1,068E+0	0,000E+0	4	1010
215,045	86,500	123,700	2,102E+2	0,000E+0	1,791E+2	1,791E+2	0,000E+0	1,073E+0	1,068E+0	0,000E+0	4	1010
216,045	87,300	122,900	2,102E+2	0,000E+0	1,797E+2	1,787E+2	0,000E+0	1,080E+0	1,063E+0	0,000E+0	4	1010
217,046	86,900	122,900	2,098E+2	0,000E+0	1,793E+2	1,789E+2	0,000E+0	1,081E+0	1,065E+0	0,000E+0	4	1010
218,045	86,900	122,900	2,098E+2	0,000E+0	1,793E+2	1,789E+2	0,000E+0	1,081E+0	1,065E+0	0,000E+0	4	1010
219,045	87,600	122,200	2,098E+2	0,000E+0	1,796E+2	1,787E+2	0,000E+0	1,079E+0	1,057E+0	0,000E+0	4	1010
220,046	87,600	122,200	2,098E+2	0,000E+0	1,796E+2	1,787E+2	0,000E+0	1,079E+0	1,057E+0	0,000E+0	4	1010
221,045	87,600	122,200	2,098E+2	0,000E+0	1,796E+2	1,787E+2	0,000E+0	1,079E+0	1,057E+0	0,000E+0	4	1010
222,046	87,600	122,200	2,098E+2	0,000E+0	1,796E+2	1,787E+2	0,000E+0	1,079E+0	1,057E+0	0,000E+0	4	1010
223,046	87,400	122,900	2,103E+2	0,000E+0	1,797E+2	1,789E+2	0,000E+0	1,079E+0	1,064E+0	0,000E+0	4	1010
224,047	87,200	123,500	2,107E+2	0,000E+0	1,791E+2	1,786E+2	0,000E+0	1,087E+0	1,073E+0	0,000E+0	4	1010
225,047	87,900	122,500	2,104E+2	0,000E+0	1,794E+2	1,788E+2	0,000E+0	1,084E+0	1,062E+0	0,000E+0	4	1010
226,048	87,900	122,500	2,104E+2	0,000E+0	1,794E+2	1,788E+2	0,000E+0	1,084E+0	1,062E+0	0,000E+0	4	1010
227,048	87,000	122,500	2,095E+2	0,000E+0	1,791E+2	1,789E+2	0,000E+0	1,076E+0	1,064E+0	0,000E+0	4	1010
228,049	87,800	122,400	2,102E+2	0,000E+0	1,798E+2	1,792E+2	0,000E+0	1,084E+0	1,059E+0	0,000E+0	4	1010
229,048	87,000	123,500	2,105E+2	0,000E+0	1,795E+2	1,789E+2	0,000E+0	1,083E+0	1,072E+0	0,000E+0	4	1010
230,049	87,300	122,600	2,099E+2	0,000E+0	1,796E+2	1,789E+2	0,000E+0	1,078E+0	1,061E+0	0,000E+0	3	1010
231,050	87,100	122,900	2,100E+2	0,000E+0	1,792E+2	1,788E+2	0,000E+0	1,084E+0	1,068E+0	0,000E+0	3	1010
232,050	87,400	122,600	2,100E+2	0,000E+0	1,794E+2	1,788E+2	0,000E+0	1,082E+0	1,062E+0	0,000E+0	3	1010
233,050	87,400	122,800	2,102E+2	0,000E+0	1,797E+2	1,790E+2	0,000E+0	1,079E+0	1,061E+0	0,000E+0	3	1010
234,051	85,400	124,500	2,099E+2	0,000E+0	1,788E+2	1,794E+2	0,000E+0	1,062E+0	1,073E+0	0,000E+0	3	1010
235,052	85,400	124,500	2,099E+2	0,000E+0	1,788E+2	1,794E+2	0,000E+0	1,062E+0	1,073E+0	0,000E+0	3	1010
236,051	85,400	124,500	2,099E+2	0,000E+0	1,788E+2	1,794E+2	0,000E+0	1,062E+0	1,073E+0	0,000E+0	3	1010
237,051	87,800	122,300	2,101E+2	0,000E+0	1,798E+2	1,786E+2	0,000E+0	1,080E+0	1,060E+0	0,000E+0	3	1010
238,051	87,800	122,300	2,101E+2	0,000E+0	1,798E+2	1,786E+2	0,000E+0	1,080E+0	1,060E+0	0,000E+0	3	1010
239,052	87,800	122,300	2,101E+2	0,000E+0	1,798E+2	1,786E+2	0,000E+0	1,080E+0	1,060E+0	0,000E+0	3	1010
240,052	87,300	122,900	2,102E+2	0,000E+0	1,790E+2	1,788E+2	0,000E+0	1,087E+0	1,071E+0	0,000E+0	3	1010
241,052	87,300	122,900	2,102E+2	0,000E+0	1,790E+2	1,788E+2	0,000E+0	1,087E+0	1,071E+0	0,000E+0	3	1010
242,052	87,300	122,900	2,102E+2	0,000E+0	1,790E+2	1,788E+2	0,000E+0	1,087E+0	1,071E+0	0,000E+0	3	1010
243,053	87,300	122,900	2,102E+2	0,000E+0	1,790E+2	1,788E+2	0,000E+0	1,087E+0	1,071E+0	0,000E+0	3	1010
244,052	87,500	122,500	2,100E+2	0,000E+0	1,794E+2	1,787E+2	0,000E+0	1,083E+0	1,064E+0	0,000E+0	3	1010
245,053	87,500	122,500	2,100E+2	0,000E+0	1,794E+2	1,787E+2	0,000E+0	1,083E+0	1,064E+0	0,000E+0	3	1010
246,052	86,600	123,200	2,098E+2	0,000E+0	1,792E+2	1,783E+2	0,000E+0	1,082E+0	1,067E+0	0,000E+0	3	1010
247,052	87,400	122,900	2,103E+2	0,000E+0	1,795E+2	1,788E+2	0,000E+0	1,079E+0	1,064E+0	0,000E+0	3	1010
248,053	87,400	122,900	2,103E+2	0,000E+0	1,795E+2	1,788E+2	0,000E+0	1,079E+0	1,064E+0	0,000E+0	3	1010
249,053	87,900	122,200	2,101E+2	0,000E+0	1,796E+2	1,788E+2	0,000E+0	1,082E+0	1,058E+0	0,000E+0	3	1010
250,055	86,700	123,100	2,098E+2	0,000E+0	1,792E+2	1,790E+2	0,000E+0	1,080E+0	1,065E+0	0,000E+0	2	1010
251,054	86,100	124,000	2,101E+2	0,000E+0	1,787E+2	1,788E+2	0,000E+0	1,084E+0	1,077E+0	0,000E+0	2	1010
252,055	86,000	124,200	2,102E+2	0,000E+0	1,784E+2	1,786E+2	0,000E+0	1,083E+0	1,079E+0	0,000E+0	2	1010
253,056	88,100	121,800	2,099E+2	0,000E+0	1,798E+2	1,786E+2	0,000E+0	1,081E+0	1,056E+0	0,000E+0	2	1010
254,056	87,500	122,600	2,101E+2	0,000E+0	1,793E+2	1,787E+2	0,000E+0	1,080E+0	1,061E+0	0,000E+0	2	1010
255,056	87,500	122,600	2,101E+2	0,000E+0	1,793E+2	1,787E+2	0,000E+0	1,080E+0	1,061E+0	0,000E+0	2	1010
256,056	87,500	122,600	2,101E+2	0,000E+0	1,793E+2	1,787E+2	0,000E+0	1,080E+0	1,061E+0	0,000E+0	2	1010
257,057	86,600	123,500	2,101E+2	0,000E+0	1,792E+2	1,789E+2	0,000E+0	1,078E+0	1,068E+0	0,000E+0	2	1010
258,056	86,600	123,500	2,101E+2	0,000E+0	1,792E+2	1,789E+2	0,000E+0	1,078E+0	1,068E+0	0,000E+0	2	1010
259,056	86,600	123,500	2,101E+2	0,000E+0	1,792E+2	1,789E+2	0,000E+0	1,078E+0	1,068E+0	0,000E+0	2	1010
260,056	87,300	122,800	2,101E+2	0,000E+0	1,792E+2	1,785E+2	0,000E+0	1,082E+0	1,064E+0	0,000E+0	2	1010
261,056	87,300	122,800	2,101E+2	0,000E+0	1,792E+2	1,785E+2	0,000E+0	1,082E+0	1,064E+0	0,000E+0	2	1010
262,056	87,300	122,800	2,101E+2	0,000E+0	1,792E+2	1,785E+2	0,000E+0	1,082E+0	1,064E+0	0,000E+0	2	1010
263,057	87,300	122,800	2,101E+2	0,000E+0	1,792E+2	1,785E+2	0,000E+0	1,082E+0	1,064E+0	0,000E+0	2	1010
264,057	87,300	122,900	2,102E+2	0,000E+0	1,793E+2	1,787E+2	0,000E+0	1,079E+0	1,063E+0	0,000E+0	2	1010
265,058	87,300	122,900	2,102E+2	0,000E+0	1,793E+2	1,787E+2	0,000E+0	1,079E+0	1,063E+0	0,000E+0	2	1010
266,058	87,300	122,700	2,100E+2	0,000E+0	1,792E+2	1,787E+2	0,000E+0	1,084E+0	1,065E+0	0,000E+0	2	1010
267,059	87,300	122,700	2,100E+2	0,000E+0	1,792E+2	1,787E+2	0,000E+0	1,084E+0	1,065E+0	0,000E+0	2	1010
268,058	87,800	122,300	2,101E+2	0,000E+0	1,796E+2	1,786E+2	0,000E+0	1,083E+0	1,060E+0	0,000E+0	1	1010
269,060	88,100	121,900	2,100E+2	0,000E+0	1,795E+2	1,786E+2	0,000E+0	1,085E+0	1,056E+0	0,000E+0	1	1010
270,060	88,100	121,900	2,100E+2	0,000E+0	1,795E+2	1,786E+2	0,000E+0	1,085E+0	1,056E+0	0,000E+0	1	1010
271,059	88,300	121,500	2,098E+2	0,000E+0	1,795E+2	1,784E+2	0,000E+0	1,085E+0	1,053E+0	0,000E+0	1	1010
272,060	86,400	123,700	2,101E+2	0,000E+0	1,788E+2	1,787E+2	0,000E+0	1,083E+0	1,071E+0	0,000E+0	1	1010
273,059	86,400	123,700	2,101E+2	0,000E+0	1,788E+2	1,787E+2	0,000E+0	1,083E+0	1,071E+0	0,000E+0	1	1010
274,059	86,400	123,700	2,101E+2	0,000E+0	1,788E+2	1,787E+2	0,000E+0	1,083E+0	1,071E+0	0,000E+0	1	1010
275,059	86,400	123,700	2,101E+2	0,000E+0	1,788E+2	1,787E+2	0,000E+0	1,083E+0	1,071E+0	0,000E+0	1	1010
276,059	86,400	123,700	2,101E+2	0,000E+0	1,788E+2	1,787E+2	0,000E+0	1,083E+0	1,071E+0	0,000E+0	1	1010
277,060	87,700	122,400	2,101E+2	0,000E+0	1,794E+2	1,785E+2	0,000E+0	1,081E+0	1,062E+0	0,000E+0	1	1010
278,059	87,700	122,400	2,101E+2	0,000E+0	1,794E+2	1,785E+2	0,000E+0	1,081E+0	1,062E+0	0,000E+0	1	1010
279,060	87,700	122,400	2,101E+2	0,000E+0	1,794E+2	1,785E+2	0,000E+0	1,081E+0	1,062E+0	0,000E+0	1	1010
280,059	86,200	124,000	2,102E+2	0,000E+0	1,787E+2	1,786E+2	0,000E+0	1,075E+0	1,076E+0	0,000E+0	1	1010
281,059	86,200	124,000	2,102E+2	0,000E+0	1,787E+2	1,786E+2	0,000E+0	1,075E+0	1,076E+0	0,000E+0	1	1010
282,059	87,200	122,900	2,101E+2	0,000E+0	1,790E+2	1,788E+2	0,000E+0	1,077E+0	1,064E+0	0,000E+0	1	1010
283,059	87,200	122,900	2,101E+2	0,000E+0	1,790E+2	1,788E+2	0,000E+0	1,077E+0	1,064E+0	0,000E+0	1	1010
284,061	87,300	122,700	2,100E+2	0,000E+0	1,794E+2	1,785E+2	0,000E+0	1,079E+0	1,066E+0	0,000E+0	1	1010
285,060	87,400	122,900	2,103E+2	0,000E+0	1,790E+2	1,782E+2	0,000E+0	1,082E+0	1,069E+0	0,000E+0	1	1010
286,060	88,100	121,700	2,098E+2	0,000E+0	1,794E+2	1,784E+2	0,000E+0	1,081E+0	1,056E+0	0,000E+0	0	1010
287,061	86,100	123,600	2,097E+2	0,000E+0	1,785E+2	1,783E+2	0,000E+0	1,079E+0	1,071E+0	0,000E+0	0	1010
288,061	86,600	123,700	2,103E+2	0,000E+0	1,789E+2	1,785E+2	0,000E+0	1,077E+0	1,069E+0	0,000E+0	0	1010
289,061	87,600	122,700	2,103E+2	0,000E+0	1,789E+2	1,779E+2	0,000E+0	1,086E+0	1,064E+0	0,000E+0	0	1010
290,061	88,200	121,800	2,100E+2	0,000E+0	1,792E+2	1,779E+2	0,000E+0	1,081E+0	1,056E+0	0,000E+0	0	1010
291,061	88,200	121,800	2,100E+2	0,000E+0	1,792E+2	1,779E+2	0,000E+0	1,081E+0	1,056E+0	0,000E+0	0	1010
292,062	88,200	121,800	2,100E+2	0,000E+0	1,792E+2	1,779E+2	0,000E+0	1,081E+0	1,056E+0	0,000E+0	0	1010
293,061	87,200	122,900	2,101E+2	0,000E+0	1,784E+2	1,779E+2	0,000E+0	1,081E+0	1,070E+0	0,000E+0	0	1010
294,061	87,200	122,900	2,101E+2	0,000E+0	1,784E+2	1,779E+2	0,000E+0	1,081E+0	1,070E+0	0,000E+0	0	1010
295,061	86,300	123,900	2,102E+2	0,000E+0	1,781E+2	1,785E+2	0,000E+0	1,073E+0	1,071E+0	0,000E+0	0	1010
296,061	86,300	123,900	2,102E+2	0,000E+0	1,781E+2	1,785E+2	0,000E+0	1,073E+0	1,071E+0	0,000E+0	0	1010
297,061	86,300	123,900	2,102E+2	0,000E+0	1,781E+2	1,785E+2	0,000E+0	1,073E+0	1,071E+0	0,000E+0	0	1010
298,061	86,800	123,000	2,098E+2	0,000E+0	1,786E+2	1,781E+2	0,000E+0	1,083E+0	1,067E+0	0,000E+0	0	1010
299,062	86,800	123,000	2,098E+2	0,000E+0	1,786E+2	1,781E+2	0,000E+0	1,083E+0	1,067E+0	0,000E+0	0	1010
300,061	86,800	123,000	2,098E+2	0,000E+0	1,786E+2	1,781E+2	0,000E+0	1,083E+0	1,067E+0	0,000E+0	0	1010
301,061	86,800	123,000	2,098E+2	0,000E+0	1,786E+2	1,781E+2	0,000E+0	1,083E+0	1,067E+0	0,000E+0	0	1010
302,061	86,800	123,400	2,102E+2	0,000E+0	1,785E+2	1,783E+2	0,000E+0	1,083E+0	1,067E+0	0,000E+0	0	1010
303,061	87,100	123,300	2,104E+2	0,000E+0	1,786E+2	1,784E+2	0,000E+0	1,079E+0	1,066E+0	0,000E+0	0	1010
304,061	86,300	123,700	2,100E+2	0,000E+0	1,783E+2	1,782E+2	0,000E+0	1,076E+0	1,072E+0	0,000E+0	0	1010
305,061	87,000	123,100	2,101E+2	0,000E+0	1,782E+2	1,779E+2	0,000E+0	1,086E+0	1,071E+0	0,000E+0	0	1010
306,062	87,000	123,100	2,101E+2	0,000E+0	1,782E+2	1,779E+2	0,000E+0	1,086E+0	1,071E+0	0,000E+0	0	1010
307,062	87,500	122,500	2,100E+2	0,000E+0	1,788E+2	1,783E+2	0,000E+0	1,078E+0	1,070E+0	0,000E+0	0	1010
308,063	86,600	123,400	2,100E+2	0,000E+0	1,785E+2	1,783E+2	0,000E+0	1,083E+0	1,072E+0	0,000E+0	0	1010
309,063	86,600	123,200	2,098E+2	0,000E+0	1,784E+2	1,782E+2	0,000E+0	1,077E+0	1,068E+0	0,000E+0	0	1010
310,063	85,700	124,200	2,099E+2	0,000E+0	1,779E+2	1,775E+2	0,000E+0	1,077E+0	1,076E+0	0,000E+0	0	1010
311,064	86,600	123,500	2,101E+2	0,000E+0	1,783E+2	1,785E+2	0,000E+0	1,079E+0	1,071E+0	0,000E+0	0	1010
312,063	87,500	122,800	2,103E+2	0,000E+0	1,783E+2	1,780E+2	0,000E+0	1,088E+0	1,070E+0	0,000E+0	0	1010
313,063	86,300	123,600	2,099E+2	0,000E+0	1,784E+2	1,785E+2	0,000E+0	1,073E+0	1,070E+0	0,000E+0	0	1010
314,063	87,900	122,300	2,102E+2	0,000E+0	1,793E+2	1,772E+2	0,000E+0	1,081E+0	1,066E+0	0,000E+0	0	1010
315,063	86,500	123,500	2,100E+2	0,000E+0	1,788E+2	1,785E+2	0,000E+0	1,078E+0	1,069E+0	0,000E+0	0	1010
316,063	86,200	123,800	2,100E+2	0,000E+0	1,781E+2	1,786E+2	0,000E+0	1,078E+0	1,069E+0	0,000E+0	0	1010
317,063	86,200	123,800	2,100E+2	0,000E+0	1,781E+2	1,786E+2	0,000E+0	1,078E+0	1,069E+0	0,000E+0	0	1010
318,065	87,500	122,600	2,101E+2	0,000E+0	1,785E+2	1,777E+2	0,000E+0	1,087E+0	1,067E+0	0,000E+0	0	1010
319,065	85,600	124,400	2,100E+2	0,000E+0	1,781E+2	1,784E+2	0,000E+0	1,081E+0	1,079E+0	0,000E+0	0	1010
320,066	86,800	123,400	2,102E+2	0,000E+0	1,786E+2	1,781E+2	0,000E+0	1,085E+0	1,072E+0	0,000E+0	0	1010
321,066	86,900	123,100	2,100E+2	0,000E+0	1,786E+2	1,781E+2	0,000E+0	1,080E+0	1,070E+0	0,000E+0	0	1010
322,067	85,700	124,200	2,099E+2	0,000E+0	1,778E+2	1,785E+2	0,000E+0	1,071E+0	1,068E+0	0,000E+0	0	1010
323,066	85,700	124,200	2,099E+2	0,000E+0	1,778E+2	1,785E+2	0,000E+0	1,071E+0	1,068E+0	0,000E+0	0	1010
324,066	86,100	124,000	2,101E+2	0,000E+0	1,778E+2	1,786E+2	0,000E+0	1,085E+0	1,066E+0	0,000E+0	0	1010
325,066	86,700	123,400	2,101E+2	0,000E+0	1,788E+2	1,781E+2	0,000E+0	1,076E+0	1,068E+0	0,000E+0	0	1010
326,066	86,000	124,000	2,100E+2	0,000E+0	1,784E+2	1,787E+2	0,000E+0	1,071E+0	1,070E+0	0,000E+0	0	1010
327,067	87,000	123,000	2,100E+2	0,000E+0	1,788E+2	1,781E+2	0,000E+0	1,081E+0	1,066E+0	0,000E+0	0	1010
328,066	88,100	122,200	2,103E+2	0,000E+0	1,792E+2	1,780E+2	0,000E+0	1,087E+0	1,059E+0	0,000E+0	0	1010
329,066	88,100	122,200	2,103E+2	0,000E+0	1,792E+2	1,780E+2	0,000E+0	1,087E+0	1,059E+0	0,000E+0	0	1010
330,067	86,400	123,600	2,100E+2	0,000E+0	1,785E+2	1,785E+2	0,000E+0	1,082E+0	1,074E+0	0,000E+0	0	1010
331,067	86,700	123,100	2,098E+2	0,000E+0	1,783E+2	1,782E+2	0,000E+0	1,082E+0	1,064E+0	0,000E+0	0	1001
332,067	86,600	123,400	2,100E+2	0,000E+0	1,782E+2	1,780E+2	0,000E+0	1,080E+0	1,072E+0	0,000E+0	0	1001
333,067	86,600	123,100	2,097E+2	0,000E+0	1,784E+2	1,788E+2	0,000E+0	1,082E+0	1,066E+0	0,000E+0	0	1001
334,068	86,500	123,700	2,102E+2	0,000E+0	1,786E+2	1,784E+2	0,000E+0	1,081E+0	1,072E+0	0,000E+0	0	1001
335,067	87,500	122,600	2,101E+2	0,000E+0	1,789E+2	1,781E+2	0,000E+0	1,082E+0	1,063E+0	0,000E+0	0	1001
336,068	87,200	122,700	2,099E+2	0,000E+0	1,788E+2	1,783E+2	0,000E+0	1,081E+0	1,063E+0	0,000E+0	0	1001
337,069	87,000	123,100	2,101E+2	0,000E+0	1,784E+2	1,783E+2	0,000E+0	1,082E+0	1,061E+0	0,000E+0	0	1001
338,069	87,700	122,300	2,100E+2	0,000E+0	1,790E+2	1,779E+2	0,000E+0	1,084E+0	1,062E+0	0,000E+0	0	1001
339,070	87,700	122,300	2,100E+2	0,000E+0	1,790E+2	1,779E+2	0,000E+0	1,084E+0	1,062E+0	0,000E+0	0	1001
340,070	87,700	122,300	2,100E+2	0,000E+0	1,790E+2	1,779E+2	0,000E+0	1,084E+0	1,062E+0	0,000E+0	0	1001
341,071	87,700	122,300	2,100E+2	0,000E+0	1,790E+2	1,779E+2	0,000E+0	1,084E+0	1,062E+0	0,000E+0	0	1001
342,070	87,700	122,300	2,100E+2	0,000E+0	1,790E+2	1,779E+2	0,000E+0	1,084E+0	1,062E+0	0,000E+0	0	1001
343,070	87,200	122,800	2,100E+2	0,000E+0	1,786E+2	1,781E+2	0,000E+0	1,083E+0	1,065E+0	0,000E+0	0	1001
344,070	87,200	122,800	2,100E+2	0,000E+0	1,786E+2	1,781E+2	0,000E+0	1,083E+0	1,065E+0	0,000E+0	0	1001
345,070	87,200	122,800	2,100E+2	0,000E+0	1,786E+2	1,781E+2	0,000E+0	1,083E+0	1,065E+0	0,000E+0	0	1001
346,070	87,200	122,900	2,101E+2	0,000E+0	1,784E+2	1,782E+2	0,000E+0	1,081E+0	1,064E+0	0,000E+0	0	1001
347,070	87,200	122,900	2,101E+2	0,000E+0	1,784E+2	1,782E+2	0,000E+0	1,081E+0	1,064E+0	0,000E+0	0	1001
348,071	86,600	123,400	2,100E+2	0,000E+0	1,785E+2	1,782E+2	0,000E+0	1,081E+0	1,071E+0	0,000E+0	0	1001
349,070	86,600	123,400	2,100E+2	0,000E+0	1,785E+2	1,782E+2	0,000E+0	1,081E+0	1,071E+0	0,000E+0	0	1001
350,070	86,900	123,400	2,103E+2	0,000E+0	1,789E+2	1,777E+2	0,000E+0	1,075E+0	1,071E+0	0,000E+0	0	1001
351,071	85,800	124,100	2,099E+2	0,000E+0	1,781E+2	1,785E+2	0,000E+0	1,071E+0	1,073E+0	0,000E+0	0	1001
352,071	86,800	123,100	2,099E+2	0,000E+0	1,784E+2	1,780E+2	0,000E+0	1,083E+0	1,067E+0	0,000E+0	0	1001
353,072	86,500	124,400	2,109E+2	0,000E+0	1,781E+2	1,782E+2	0,000E+0	1,086E+0	1,080E+0	0,000E+0	1	1001
354,072	86,300	123,300	2,096E+2	0,000E+0	1,788E+2	1,788E+2	0,000E+0	1,072E+0	1,066E+0	0,000E+0	1	1001
355,073	86,300	123,300	2,096E+2	0,000E+0	1,788E+2	1,788E+2	0,000E+0	1,072E+0	1,066E+0	0,000E+0	1	1001
356,072	87,000	122,800	2,098E+2	0,000E+0	1,792E+2	1,786E+2	0,000E+0	1,082E+0	1,066E+0	0,000E+0	1	1001
357,072	87,000	122,800	2,098E+2	0,000E+0	1,792E+2	1,786E+2	0,000E+0	1,082E+0	1,066E+0	0,000E+0	1	1001
358,073	87,000	122,800	2,098E+2	0,000E+0	1,792E+2	1,786E+2	0,000E+0	1,082E+0	1,066E+0	0,000E+0	1	1001
359,073	86,100	124,200	2,103E+2	0,000E+0	1,785E+2	1,791E+2	0,000E+0	1,072E+0	1,068E+0	0,000E+0	1	1001
360,073	86,100	124,200	2,103E+2	0,000E+0	1,785E+2	1,791E+2	0,000E+0	1,072E+0	1,068E+0	0,000E+0	1	1001
361,074	86,800	123,500	2,103E+2	0,000E+0	1,787E+2	1,789E+2	0,000E+0	1,085E+0	1,072E+0	0,000E+0	1	1001
362,074	86,800	123,500	2,103E+2	0,000E+0	1,787E+2	1,789E+2	0,000E+0	1,085E+0	1,072E+0	0,000E+0	1	1001
363,074	86,800	123,500	2,103E+2	0,000E+0	1,787E+2	1,789E+2	0,000E+0	1,085E+0	1,072E+0	0,000E+0	1	1001
364,074	86,600	123,300	2,099E+2	0,000E+0	1,790E+2	1,785E+2	0,000E+0	1,079E+0	1,069E+0	0,000E+0	1	1001
365,074	86,600	123,300	2,099E+2	0,000E+0	1,790E+2	1,785E+2	0,000E+0	1,079E+0	1,069E+0	0,000E+0	1	1001
366,074	86,600	123,300	2,099E+2	0,000E+0	1,790E+2	1,785E+2	0,000E+0	1,079E+0	1,069E+0	0,000E+0	1	1001
367,075	86,600	123,300	2,099E+2	0,000E+0	1,790E+2	1,785E+2	0,000E+0	1,079E+0	1,069E+0	0,000E+0	1	1001
368,074	87,400	123,000	2,104E+2	0,000E+0	1,797E+2	1,784E+2	0,000E+0	1,082E+0	1,067E+0	0,000E+0	1	1001
369,075	86,200	123,800	2,100E+2	0,000E+0	1,789E+2	1,790E+2	0,000E+0	1,076E+0	1,073E+0	0,000E+0	1	1001
370,074	87,100	122,900	2,100E+2	0,000E+0	1,791E+2	1,788E+2	0,000E+0	1,077E+0	1,063E+0	0,000E+0	0	1001
371,075	87,400	122,600	2,100E+2	0,000E+0	1,790E+2	1,782E+2	0,000E+0	1,082E+0	1,064E+0	0,000E+0	0	1001
372,076	87,400	122,600	2,100E+2	0,000E+0	1,790E+2	1,782E+2	0,000E+0	1,082E+0	1,064E+0	0,000E+0	0	1001
373,077	87,400	122,600	2,100E+2	0,000E+0	1,790E+2	1,782E+2	0,000E+0	1,082E+0	1,064E+0	0,000E+0	0	1001
374,076	87,400	122,600	2,100E+2	0,000E+0	1,790E+2	1,782E+2	0,000E+0	1,082E+0	1,064E+0	0,000E+0	0	1001
375,076	86,800	123,400	2,102E+2	0,000E+0	1,789E+2	1,785E+2	0,000E+0	1,078E+0	1,073E+0	0,000E+0	0	1001
376,076	86,800	123,400	2,102E+2	0,000E+0	1,789E+2	1,785E+2	0,000E+0	1,078E+0	1,073E+0	0,000E+0	0	1001
377,076	87,100	123,500	2,106E+2	0,000E+0	1,785E+2	1,784E+2	0,000E+0	1,083E+0	1,071E+0	0,000E+0	0	1001
378,078	87,100	123,500	2,106E+2	0,000E+0	1,785E+2	1,784E+2	0,000E+0	1,083E+0	1,071E+0	0,000E+0	0	1001
379,077	87,500	122,500	2,100E+2	0,000E+0	1,787E+2	1,779E+2	0,000E+0	1,084E+0	1,064E+0	0,000E+0	0	1001
380,078	87,500	122,500	2,100E+2	0,000E+0	1,787E+2	1,779E+2	0,000E+0	1,084E+0	1,064E+0	0,000E+0	0	1001
381,077	87,500	122,500	2,100E+2	0,000E+0	1,787E+2	1,779E+2	0,000E+0	1,084E+0	1,064E+0	0,000E+0	0	1001
382,077	86,800	123,800	2,106E+2	0,000E+0	1,785E+2	1,787E+2	0,000E+0	1,078E+0	1,070E+0	0,000E+0	0	1001
383,077	86,800	123,800	2,106E+2	0,000E+0	1,785E+2	1,787E+2	0,000E+0	1,078E+0	1,070E+0	0,000E+0	0	1001
384,077	87,000	123,200	2,102E+2	0,000E+0	1,783E+2	1,778E+2	0,000E+0	1,086E+0	1,071E+0	0,000E+0	0	1001
385,077	86,700	123,600	2,103E+2	0,000E+0	1,785E+2	1,783E+2	0,000E+0	1,081E+0	1,071E+0	0,000E+0	0	1001
386,077	86,600	123,300	2,099E+2	0,000E+0	1,784E+2	1,782E+2	0,000E+0	1,074E+0	1,069E+0	0,000E+0	0	1001
387,077	86,600	123,300	2,099E+2	0,000E+0	1,784E+2	1,782E+2	0,000E+0	1,074E+0	1,069E+0	0,000E+0	0	1001
388,077	87,800	122,600	2,104E+2	0,000E+0	1,790E+2	1,775E+2	0,000E+0	1,087E+0	1,069E+0	0,000E+0	1	1001
389,079	86,900	123,000	2,099E+2	0,000E+0	1,788E+2	1,784E+2	0,000E+0	1,082E+0	1,067E+0	0,000E+0	1	1001
390,079	86,800	123,200	2,100E+2	0,000E+0	1,787E+2	1,784E+2	0,000E+0	1,079E+0	1,068E+0	0,000E+0	1	1001
391,080	87,300	123,100	2,104E+2	0,000E+0	1,791E+2	1,783E+2	0,000E+0	1,081E+0	1,072E+0	0,000E+0	1	1001
392,080	87,300	123,100	2,104E+2	0,000E+0	1,791E+2	1,783E+2	0,000E+0	1,081E+0	1,072E+0	0,000E+0	1	1001
393,081	87,300	123,100	2,104E+2	0,000E+0	1,791E+2	1,783E+2	0,000E+0	1,081E+0	1,072E+0	0,000E+0	1	1001
394,081	87,300	123,100	2,104E+2	0,000E+0	1,791E+2	1,783E+2	0,000E+0	1,081E+0	1,072E+0	0,000E+0	1	1001
395,081	87,100	122,900	2,100E+2	0,000E+0	1,789E+2	1,782E+2	0,000E+0	1,084E+0	1,067E+0	0,000E+0	1	1001
396,081	87,100	122,900	2,100E+2	0,000E+0	1,789E+2	1,782E+2	0,000E+0	1,084E+0	1,067E+0	0,000E+0	1	1001
397,081	86,600	123,100	2,097E+2	0,000E+0	1,788E+2	1,786E+2	0,000E+0	1,082E+0	1,070E+0	0,000E+0	1	1001
398,081	86,600	123,100	2,097E+2	0,000E+0	1,788E+2	1,786E+2	0,000E+0	1,082E+0	1,070E+0	0,000E+0	1	1001
399,082	86,600	123,100	2,097E+2	0,000E+0	1,788E+2	1,786E+2	0,000E+0	1,082E+0	1,070E+0	0,000E+0	1	1001
400,081	87,300	122,300	2,096E+2	0,000E+0	1,798E+2	1,790E+2	0,000E+0	1,074E+0	1,064E+0	0,000E+0	1	1001
401,083	87,300	122,300	2,096E+2	0,000E+0	1,798E+2	1,790E+2	0,000E+0	1,074E+0	1,064E+0	0,000E+0	1	1001
402,082	87,300	122,300	2,096E+2	0,000E+0	1,798E+2	1,790E+2	0,000E+0	1,074E+0	1,064E+0	0,000E+0	1	1001
403,082	87,300	122,300	2,096E+2	0,000E+0	1,798E+2	1,790E+2	0,000E+0	1,074E+0	1,064E+0	0,000E+0	1	1001
404,082	86,400	124,000	2,104E+2	0,000E+0	1,787E+2	1,787E+2	0,000E+0	1,079E+0	1,071E+0	0,000E+0	1	1001
405,082	86,500	123,400	2,099E+2	0,000E+0	1,787E+2	1,785E+2	0,000E+0	1,076E+0	1,072E+0	0,000E+0	1	1001
406,084	86,900	123,200	2,101E+2	0,000E+0	1,790E+2	1,786E+2	0,000E+0	1,080E+0	1,067E+0	0,000E+0	1	1001
407,083	86,900	123,200	2,101E+2	0,000E+0	1,790E+2	1,786E+2	0,000E+0	1,080E+0	1,067E+0	0,000E+0	1	1001
408,084	87,400	122,600	2,100E+2	0,000E+0	1,794E+2	1,786E+2	0,000E+0	1,079E+0	1,060E+0	0,000E+0	1	1001
409,083	87,400	122,700	2,101E+2	0,000E+0	1,792E+2	1,785E+2	0,000E+0	1,082E+0	1,063E+0	0,000E+0	2	1001
410,083	85,900	124,400	2,103E+2	0,000E+0	1,780E+2	1,792E+2	0,000E+0	1,079E+0	1,074E+0	0,000E+0	2	1001
411,083	88,400	121,500	2,099E+2	0,000E+0	1,796E+2	1,785E+2	0,000E+0	1,085E+0	1,055E+0	0,000E+0	2	1001
412,083	87,200	122,500	2,097E+2	0,000E+0	1,797E+2	1,789E+2	0,000E+0	1,084E+0	1,067E+0	0,000E+0	2	1001
413,084	88,300	122,000	2,103E+2	0,000E+0	1,798E+2	1,788E+2	0,000E+0	1,086E+0	1,056E+0	0,000E+0	2	1001
414,083	88,300	122,000	2,103E+2	0,000E+0	1,798E+2	1,788E+2	0,000E+0	1,086E+0	1,056E+0	0,000E+0	2	1001
415,084	88,300	122,000	2,103E+2	0,000E+0	1,798E+2	1,788E+2	0,000E+0	1,086E+0	1,056E+0	0,000E+0	2	1001
416,084	87,000	122,900	2,099E+2	0,000E+0	1,791E+2	1,786E+2	0,000E+0	1,084E+0	1,068E+0	0,000E+0	2	1001
417,084	87,000	122,900	2,099E+2	0,000E+0	1,791E+2	1,786E+2	0,000E+0	1,084E+0	1,068E+0	0,000E+0	2	1001
418,086	88,100	121,700	2,098E+2	0,000E+0	1,799E+2	1,785E+2	0,000E+0	1,084E+0	1,055E+0	0,000E+0	2	1001
419,086	88,100	121,700	2,098E+2	0,000E+0	1,799E+2	1,785E+2	0,000E+0	1,084E+0	1,055E+0	0,000E+0	2	1001
420,088	88,100	121,700	2,098E+2	0,000E+0	1,799E+2	1,785E+2	0,000E+0	1,084E+0	1,055E+0	0,000E+0	2	1001
421,087	87,700	122,600	2,103E+2	0,000E+0	1,796E+2	1,789E+2	0,000E+0	1,080E+0	1,060E+0	0,000E+0	2	1001
422,087	87,700	122,600	2,103E+2	0,000E+0	1,796E+2	1,789E+2	0,000E+0	1,080E+0	1,060E+0	0,000E+0	2	1001
423,087	87,700	122,600	2,103E+2	0,000E+0	1,796E+2	1,789E+2	0,000E+0	1,080E+0	1,060E+0	0,000E+0	2	1001
424,088	87,700	122,600	2,103E+2	0,000E+0	1,796E+2	1,789E+2	0,000E+0	1,080E+0	1,060E+0	0,000E+0	2	1001
425,088	87,100	123,000	2,101E+2	0,000E+0	1,792E+2	1,788E+2	0,000E+0	1,083E+0	1,067E+0	0,000E+0	2	1001
426,088	86,200	123,700	2,099E+2	0,000E+0	1,784E+2	1,788E+2	0,000E+0	1,074E+0	1,075E+0	0,000E+0	2	1001
427,089	87,500	122,800	2,103E+2	0,000E+0	1,796E+2	1,785E+2	0,000E+0	1,081E+0	1,065E+0	0,000E+0	2	1001
428,089	88,900	121,600	2,105E+2	0,000E+0	1,801E+2	1,783E+2	0,000E+0	1,088E+0	1,058E+0	0,000E+0	3	1001
429,090	88,900	121,600	2,105E+2	0,000E+0	1,801E+2	1,783E+2	0,000E+0	1,088E+0	1,058E+0	0,000E+0	3	1001
430,089	86,700	123,000	2,097E+2	0,000E+0	1,791E+2	1,791E+2	0,000E+0	1,080E+0	1,067E+0	0,000E+0	3	1001
431,089	86,900	123,200	2,101E+2	0,000E+0	1,792E+2	1,788E+2	0,000E+0	1,087E+0	1,071E+0	0,000E+0	3	1001
432,090	86,000	124,100	2,101E+2	0,000E+0	1,789E+2	1,791E+2	0,000E+0	1,074E+0	1,075E+0	0,000E+0	3	1001
433,091	86,500	123,400	2,099E+2	0,000E+0	1,790E+2	1,790E+2	0,000E+0	1,074E+0	1,071E+0	0,000E+0	3	1001
434,092	86,500	123,400	2,099E+2	0,000E+0	1,790E+2	1,790E+2	0,000E+0	1,074E+0	1,071E+0	0,000E+0	3	1001
435,091	86,500	123,400	2,099E+2	0,000E+0	1,790E+2	1,790E+2	0,000E+0	1,074E+0	1,071E+0	0,000E+0	3	1001
436,092	86,500	123,400	2,099E+2	0,000E+0	1,790E+2	1,790E+2	0,000E+0	1,074E+0	1,071E+0	0,000E+0	3	1001
437,091	87,000	123,200	2,102E+2	0,000E+0	1,792E+2	1,788E+2	0,000E+0	1,085E+0	1,068E+0	0,000E+0	3	1001
438,091	87,000	123,200	2,102E+2	0,000E+0	1,792E+2	1,788E+2	0,000E+0	1,085E+0	1,068E+0	0,000E+0	3	1001
439,091	87,000	123,200	2,102E+2	0,000E+0	1,792E+2	1,788E+2	0,000E+0	1,085E+0	1,068E+0	0,000E+0	3	1001
440,091	87,000	123,200	2,102E+2	0,000E+0	1,792E+2	1,788E+2	0,000E+0	1,085E+0	1,068E+0	0,000E+0	3	1001
441,091	87,500	122,700	2,102E+2	0,000E+0	1,796E+2	1,786E+2	0,000E+0	1,083E+0	1,065E+0	0,000E+0	3	1001
442,092	87,500	122,700	2,102E+2	0,000E+0	1,796E+2	1,786E+2	0,000E+0	1,083E+0	1,065E+0	0,000E+0	3	1001
443,093	86,800	123,200	2,100E+2	0,000E+0	1,794E+2	1,788E+2	0,000E+0	1,082E+0	1,070E+0	0,000E+0	3	1001
444,092	86,800	123,200	2,100E+2	0,000E+0	1,794E+2	1,788E+2	0,000E+0	1,082E+0	1,070E+0	0,000E+0	3	1001
445,092	87,000	123,400	2,104E+2	0,000E+0	1,797E+2	1,791E+2	0,000E+0	1,076E+0	1,068E+0	0,000E+0	3	1001
446,093	87,700	122,100	2,098E+2	0,000E+0	1,797E+2	1,788E+2	0,000E+0	1,082E+0	1,061E+0	0,000E+0	3	1001
447,093	88,000	122,000	2,100E+2	0,000E+0	1,796E+2	1,788E+2	0,000E+0	1,081E+0	1,061E+0	0,000E+0	3	1001
448,095	86,600	123,700	2,103E+2	0,000E+0	1,794E+2	1,789E+2	0,000E+0	1,074E+0	1,069E+0	0,000E+0	3	1001
449,094	87,400	122,500	2,099E+2	0,000E+0	1,794E+2	1,788E+2	0,000E+0	1,083E+0	1,065E+0	0,000E+0	3	1001
450,095	86,900	123,100	2,100E+2	0,000E+0	1,792E+2	1,788E+2	0,000E+0	1,077E+0	1,069E+0	0,000E+0	3	1001
451,094	86,900	123,100	2,100E+2	0,000E+0	1,792E+2	1,788E+2	0,000E+0	1,077E+0	1,069E+0	0,000E+0	3	1001
452,094	86,400	123,800	2,102E+2	0,000E+0	1,787E+2	1,790E+2	0,000E+0	1,084E+0	1,076E+0	0,000E+0	3	1001
453,094	85,100	124,700	2,098E+2	0,000E+0	1,784E+2	1,791E+2	0,000E+0	1,075E+0	1,081E+0	0,000E+0	3	1001
454,095	87,000	123,100	2,101E+2	0,000E+0	1,793E+2	1,791E+2	0,000E+0	1,075E+0	1,064E+0	0,000E+0	3	1001
455,096	86,600	123,500	2,101E+2	0,000E+0	1,790E+2	1,787E+2	0,000E+0	1,085E+0	1,071E+0	0,000E+0	3	1001
456,096	86,400	123,400	2,098E+2	0,000E+0	1,795E+2	1,794E+2	0,000E+0	1,074E+0	1,072E+0	0,000E+0	3	1001
457,097	86,400	123,400	2,098E+2	0,000E+0	1,795E+2	1,794E+2	0,000E+0	1,074E+0	1,072E+0	0,000E+0	3	1001
458,096	85,900	124,200	2,101E+2	0,000E+0	1,786E+2	1,788E+2	0,000E+0	1,084E+0	1,080E+0	0,000E+0	3	1001
459,096	86,800	123,500	2,103E+2	0,000E+0	1,792E+2	1,788E+2	0,000E+0	1,085E+0	1,072E+0	0,000E+0	3	1001
460,096	86,800	123,300	2,101E+2	0,000E+0	1,793E+2	1,791E+2	0,000E+0	1,074E+0	1,067E+0	0,000E+0	3	1001
461,096	86,600	123,200	2,098E+2	0,000E+0	1,790E+2	1,785E+2	0,000E+0	1,081E+0	1,072E+0	0,000E+0	3	1001
462,097	88,000	122,300	2,103E+2	0,000E+0	1,796E+2	1,786E+2	0,000E+0	1,087E+0	1,060E+0	0,000E+0	3	1001
463,097	87,500	122,300	2,098E+2	0,000E+0	1,797E+2	1,784E+2	0,000E+0	1,081E+0	1,063E+0	0,000E+0	3	1001
464,097	86,700	123,100	2,098E+2	0,000E+0	1,794E+2	1,785E+2	0,000E+0	1,079E+0	1,073E+0	0,000E+0	3	1001
466,097	87,700	122,300	2,100E+2	0,000E+0	1,799E+2	1,789E+2	0,000E+0	1,083E+0	1,059E+0	0,000E+0	3	1001
466,097	86,900	123,100	2,100E+2	0,000E+0	1,795E+2	1,789E+2	0,000E+0	1,078E+0	1,065E+0	0,000E+0	3	1001
467,099	87,900	122,400	2,103E+2	0,000E+0	1,798E+2	1,787E+2	0,000E+0	1,084E+0	1,061E+0	0,000E+0	3	1001
468,098	87,900	122,400	2,103E+2	0,000E+0	1,798E+2	1,787E+2	0,000E+0	1,084E+0	1,061E+0	0,000E+0	3	1001
469,099	87,400	122,500	2,099E+2	0,000E+0	1,793E+2	1,787E+2	0,000E+0	1,080E+0	1,063E+0	0,000E+0	3	1001
470,099	87,300	122,700	2,100E+2	0,000E+0	1,795E+2	1,790E+2	0,000E+0	1,075E+0	1,064E+0	0,000E+0	3	1001
471,099	86,800	123,300	2,101E+2	0,000E+0	1,793E+2	1,791E+2	0,000E+0	1,077E+0	1,067E+0	0,000E+0	4	1001
472,099	86,400	123,700	2,101E+2	0,000E+0	1,789E+2	1,793E+2	0,000E+0	1,077E+0	1,072E+0	0,000E+0	4	1001
473,100	86,400	123,700	2,101E+2	0,000E+0	1,789E+2	1,793E+2	0,000E+0	1,077E+0	1,072E+0	0,000E+0	4	1001
474,101	86,200	123,300	2,095E+2	0,000E+0	1,791E+2	1,789E+2	0,000E+0	1,081E+0	1,071E+0	0,000E+0	4	1001
475,101	87,500	122,900	2,104E+2	0,000E+0	1,794E+2	1,789E+2	0,000E+0	1,088E+0	1,068E+0	0,000E+0	4	1001
476,101	86,700	123,700	2,104E+2	0,000E+0	1,795E+2	1,794E+2	0,000E+0	1,079E+0	1,071E+0	0,000E+0	4	1001
477,101	86,700	123,700	2,104E+2	0,000E+0	1,795E+2	1,794E+2	0,000E+0	1,079E+0	1,071E+0	0,000E+0	4	1001
478,101	86,700	123,700	2,104E+2	0,000E+0	1,795E+2	1,794E+2	0,000E+0	1,079E+0	1,071E+0	0,000E+0	4	1001
479,101	86,700	123,700	2,104E+2	0,000E+0	1,795E+2	1,794E+2	0,000E+0	1,079E+0	1,071E+0	0,000E+0	4	1001
480,102	86,700	123,700	2,104E+2	0,000E+0	1,795E+2	1,794E+2	0,000E+0	1,079E+0	1,071E+0	0,000E+0	4	1001
481,104	87,500	122,300	2,098E+2	0,000E+0	1,796E+2	1,788E+2	0,000E+0	1,080E+0	1,061E+0	0,000E+0	4	1001
482,103	87,500	122,300	2,098E+2	0,000E+0	1,796E+2	1,788E+2	0,000E+0	1,080E+0	1,061E+0	0,000E+0	4	1001
483,104	87,500	122,300	2,098E+2	0,000E+0	1,796E+2	1,788E+2	0,000E+0	1,080E+0	1,061E+0	0,000E+0	4	1001
484,105	86,800	123,400	2,102E+2	0,000E+0	1,794E+2	1,789E+2	0,000E+0	1,082E+0	1,073E+0	0,000E+0	4	1001
485,105	86,800	123,400	2,102E+2	0,000E+0	1,794E+2	1,789E+2	0,000E+0	1,082E+0	1,073E+0	0,000E+0	4	1001
486,105	86,600	123,700	2,103E+2	0,000E+0	1,794E+2	1,791E+2	0,000E+0	1,080E+0	1,071E+0	0,000E+0	4	1001
487,105	86,600	123,700	2,103E+2	0,000E+0	1,794E+2	1,791E+2	0,000E+0	1,080E+0	1,071E+0	0,000E+0	4	1001
488,105	86,600	123,200	2,098E+2	0,000E+0	1,792E+2	1,789E+2	0,000E+0	1,079E+0	1,069E+0	0,000E+0	4	1001
489,106	86,200	124,000	2,102E+2	0,000E+0	1,788E+2	1,789E+2	0,000E+0	1,080E+0	1,076E+0	0,000E+0	4	1001
490,106	86,600	123,500	2,101E+2	0,000E+0	1,790E+2	1,792E+2	0,000E+0	1,082E+0	1,072E+0	0,000E+0	4	1001
491,106	87,200	123,000	2,102E+2	0,000E+0	1,794E+2	1,795E+2	0,000E+0	1,081E+0	1,063E+0	0,000E+0	4	1001
492,106	87,700	122,500	2,102E+2	0,000E+0	1,797E+2	1,789E+2	0,000E+0	1,082E+0	1,061E+0	0,000E+0	4	1001
493,107	87,700	122,500	2,102E+2	0,000E+0	1,797E+2	1,789E+2	0,000E+0	1,082E+0	1,061E+0	0,000E+0	4	1001
494,107	86,900	122,600	2,095E+2	0,000E+0	1,798E+2	1,789E+2	0,000E+0	1,080E+0	1,062E+0	0,000E+0	4	1001
495,108	86,900	122,600	2,095E+2	0,000E+0	1,798E+2	1,789E+2	0,000E+0	1,080E+0	1,062E+0	0,000E+0	4	1001
496,108	86,600	123,700	2,103E+2	0,000E+0	1,790E+2	1,790E+2	0,000E+0	1,082E+0	1,074E+0	0,000E+0	4	1001
497,110	86,600	123,500	2,101E+2	0,000E+0	1,789E+2	1,790E+2	0,000E+0	1,087E+0	1,074E+0	0,000E+0	4	1001
498,110	86,600	123,500	2,101E+2	0,000E+0	1,789E+2	1,790E+2	0,000E+0	1,087E+0	1,074E+0	0,000E+0	4	1001
499,110	86,700	123,400	2,101E+2	0,000E+0	1,789E+2	1,791E+2	0,000E+0	1,085E+0	1,070E+0	0,000E+0	4	1001
500,111	86,200	123,800	2,100E+2	0,000E+0	1,785E+2	1,791E+2	0,000E+0	1,078E+0	1,071E+0	0,000E+0	4	1001
501,110	87,700	122,700	2,104E+2	0,000E+0	1,793E+2	1,788E+2	0,000E+0	1,083E+0	1,059E+0	0,000E+0	4	1001
502,111	86,700	123,300	2,100E+2	0,000E+0	1,792E+2	1,790E+2	0,000E+0	1,081E+0	1,071E+0	0,000E+0	4	1001
503,111	86,100	123,900	2,100E+2	0,000E+0	1,785E+2	1,787E+2	0,000E+0	1,089E+0	1,081E+0	0,000E+0	4	1001
504,113	87,000	123,400	2,104E+2	0,000E+0	1,795E+2	1,790E+2	0,000E+0	1,082E+0	1,068E+0	0,000E+0	4	1001
505,113	87,000	123,400	2,104E+2	0,000E+0	1,795E+2	1,790E+2	0,000E+0	1,082E+0	1,068E+0	0,000E+0	4	1001
506,113	88,100	121,900	2,100E+2	0,000E+0	1,795E+2	1,786E+2	0,000E+0	1,083E+0	1,060E+0	0,000E+0	4	1001
507,113	86,500	123,500	2,100E+2	0,000E+0	1,786E+2	1,791E+2	0,000E+0	1,082E+0	1,068E+0	0,000E+0	4	1001
508,113	86,700	123,400	2,101E+2	0,000E+0	1,795E+2	1,791E+2	0,000E+0	1,078E+0	1,068E+0	0,000E+0	4	1001
509,113	86,500	123,200	2,097E+2	0,000E+0	1,793E+2	1,786E+2	0,000E+0	1,080E+0	1,072E+0	0,000E+0	4	1001
510,113	87,100	122,800	2,099E+2	0,000E+0	1,794E+2	1,785E+2	0,000E+0	1,085E+0	1,068E+0	0,000E+0	4	1001
511,114	87,100	122,800	2,099E+2	0,000E+0	1,794E+2	1,785E+2	0,000E+0	1,085E+0	1,068E+0	0,000E+0	4	1001
512,114	86,100	124,000	2,101E+2	0,000E+0	1,791E+2	1,791E+2	0,000E+0	1,074E+0	1,072E+0	0,000E+0	4	1001
513,115	86,100	124,000	2,101E+2	0,000E+0	1,791E+2	1,791E+2	0,000E+0	1,074E+0	1,072E+0	0,000E+0	4	1001
514,115	87,200	123,000	2,102E+2	0,000E+0	1,793E+2	1,788E+2	0,000E+0	1,083E+0	1,068E+0	0,000E+0	4	1001
515,116	85,700	124,300	2,100E+2	0,000E+0	1,788E+2	1,790E+2	0,000E+0	1,081E+0	1,079E+0	0,000E+0	4	1001
516,116	85,700	124,300	2,100E+2	0,000E+0	1,788E+2	1,790E+2	0,000E+0	1,081E+0	1,079E+0	0,000E+0	4	1001
517,116	85,700	124,300	2,100E+2	0,000E+0	1,788E+2	1,790E+2	0,000E+0	1,081E+0	1,079E+0	0,000E+0	4	1001
518,117	87,400	122,600	2,100E+2	0,000E+0	1,795E+2	1,786E+2	0,000E+0	1,083E+0	1,064E+0	0,000E+0	4	1001
519,116	87,400	122,600	2,100E+2	0,000E+0	1,795E+2	1,786E+2	0,000E+0	1,083E+0	1,064E+0	0,000E+0	4	1001
520,117	86,900	123,000	2,099E+2	0,000E+0	1,790E+2	1,787E+2	0,000E+0	1,083E+0	1,068E+0	0,000E+0	4	1001
521,118	86,000	124,200	2,102E+2	0,000E+0	1,790E+2	1,792E+2	0,000E+0	1,075E+0	1,074E+0	0,000E+0	4	1001
522,118	88,400	121,800	2,102E+2	0,000E+0	1,798E+2	1,781E+2	0,000E+0	1,087E+0	1,062E+0	0,000E+0	4	1001
523,120	88,400	121,800	2,102E+2	0,000E+0	1,798E+2	1,781E+2	0,000E+0	1,087E+0	1,062E+0	0,000E+0	4	1001
524,120	87,500	122,400	2,099E+2	0,000E+0	1,796E+2	1,789E+2	0,000E+0	1,084E+0	1,063E+0	0,000E+0	4	1001
525,120	87,500	122,400	2,099E+2	0,000E+0	1,796E+2	1,789E+2	0,000E+0	1,084E+0	1,063E+0	0,000E+0	4	1001
526,120	86,800	123,300	2,101E+2	0,000E+0	1,794E+2	1,789E+2	0,000E+0	1,078E+0	1,068E+0	0,000E+0	4	1001
527,120	86,300	123,500	2,098E+2	0,000E+0	1,790E+2	1,787E+2	0,000E+0	1,082E+0	1,074E+0	0,000E+0	4	1001
528,120	86,500	123,500	2,100E+2	0,000E+0	1,791E+2	1,790E+2	0,000E+0	1,076E+0	1,071E+0	0,000E+0	4	1001
529,120	86,500	123,500	2,100E+2	0,000E+0	1,791E+2	1,790E+2	0,000E+0	1,076E+0	1,071E+0	0,000E+0	4	1001
530,121	86,500	123,600	2,101E+2	0,000E+0	1,792E+2	1,791E+2	0,000E+0	1,089E+0	1,071E+0	0,000E+0	5	1001
531,120	86,500	123,600	2,101E+2	0,000E+0	1,791E+2	1,789E+2	0,000E+0	1,081E+0	1,075E+0	0,000E+0	5	1001
532,120	87,000	123,100	2,101E+2	0,000E+0	1,796E+2	1,791E+2	0,000E+0	1,080E+0	1,066E+0	0,000E+0	5	1001
533,120	86,000	124,000	2,100E+2	0,000E+0	1,791E+2	1,791E+2	0,000E+0	1,076E+0	1,072E+0	0,000E+0	5	1001
534,120	86,900	123,400	2,103E+2	0,000E+0	1,796E+2	1,794E+2	0,000E+0	1,079E+0	1,071E+0	0,000E+0	5	1001
535,120	86,900	123,400	2,103E+2	0,000E+0	1,796E+2	1,794E+2	0,000E+0	1,079E+0	1,071E+0	0,000E+0	5	1001
536,120	86,900	123,400	2,103E+2	0,000E+0	1,796E+2	1,794E+2	0,000E+0	1,079E+0	1,071E+0	0,000E+0	5	1001
537,121	88,000	121,900	2,099E+2	0,000E+0	1,801E+2	1,790E+2	0,000E+0	1,083E+0	1,056E+0	0,000E+0	5	1001
538,120	88,000	121,900	2,099E+2	0,000E+0	1,801E+2	1,790E+2	0,000E+0	1,083E+0	1,056E+0	0,000E+0	5	1001
539,120	87,800	122,100	2,099E+2	0,000E+0	1,802E+2	1,790E+2	0,000E+0	1,083E+0	1,058E+0	0,000E+0	5	1001
540,120	87,800	122,100	2,099E+2	0,000E+0	1,802E+2	1,790E+2	0,000E+0	1,083E+0	1,058E+0	0,000E+0	5	1001
541,120	87,800	122,100	2,099E+2	0,000E+0	1,802E+2	1,790E+2	0,000E+0	1,083E+0	1,058E+0	0,000E+0	5	1001
542,121	87,200	122,900	2,101E+2	0,000E+0	1,796E+2	1,792E+2	0,000E+0	1,084E+0	1,067E+0	0,000E+0	5	1001
543,120	87,200	122,900	2,101E+2	0,000E+0	1,796E+2	1,792E+2	0,000E+0	1,084E+0	1,067E+0	0,000E+0	5	1001
544,120	87,200	122,900	2,101E+2	0,000E+0	1,796E+2	1,792E+2	0,000E+0	1,084E+0	1,067E+0	0,000E+0	5	1001
545,120	87,200	122,900	2,101E+2	0,000E+0	1,796E+2	1,792E+2	0,000E+0	1,084E+0	1,067E+0	0,000E+0	5	1001
546,120	87,300	122,900	2,102E+2	0,000E+0	1,796E+2	1,789E+2	0,000E+0	1,083E+0	1,067E+0	0,000E+0	5	1001
547,121	88,600	121,300	2,099E+2	0,000E+0	1,802E+2	1,790E+2	0,000E+0	1,087E+0	1,051E+0	0,000E+0	5	1001
548,120	87,700	122,500	2,102E+2	0,000E+0	1,794E+2	1,790E+2	0,000E+0	1,086E+0	1,064E+0	0,000E+0	5	1001
549,121	87,200	122,900	2,101E+2	0,000E+0	1,795E+2	1,789E+2	0,000E+0	1,084E+0	1,066E+0	0,000E+0	5	1001
550,121	87,200	122,900	2,101E+2	0,000E+0	1,795E+2	1,789E+2	0,000E+0	1,084E+0	1,066E+0	0,000E+0	5	1001
551,122	86,900	123,000	2,099E+2	0,000E+0	1,794E+2	1,790E+2	0,000E+0	1,077E+0	1,066E+0	0,000E+0	5	1001
552,122	86,900	123,000	2,099E+2	0,000E+0	1,794E+2	1,790E+2	0,000E+0	1,077E+0	1,066E+0	0,000E+0	5	1001
553,122	87,600	122,600	2,102E+2	0,000E+0	1,796E+2	1,789E+2	0,000E+0	1,086E+0	1,064E+0	0,000E+0	5	1001
554,123	86,800	123,300	2,101E+2	0,000E+0	1,795E+2	1,791E+2	0,000E+0	1,081E+0	1,067E+0	0,000E+0	5	1001
555,122	87,500	122,200	2,097E+2	0,000E+0	1,798E+2	1,788E+2	0,000E+0	1,083E+0	1,060E+0	0,000E+0	5	1001
556,122	86,800	123,500	2,103E+2	0,000E+0	1,791E+2	1,791E+2	0,000E+0	1,080E+0	1,072E+0	0,000E+0	5	1001
557,122	86,300	123,600	2,099E+2	0,000E+0	1,792E+2	1,792E+2	0,000E+0	1,079E+0	1,072E+0	0,000E+0	5	1001
558,122	87,000	122,900	2,099E+2	0,000E+0	1,794E+2	1,788E+2	0,000E+0	1,082E+0	1,068E+0	0,000E+0	5	1001
559,122	86,600	123,500	2,101E+2	0,000E+0	1,793E+2	1,791E+2	0,000E+0	1,079E+0	1,070E+0	0,000E+0	5	1001
560,123	87,400	122,700	2,101E+2	0,000E+0	1,797E+2	1,788E+2	0,000E+0	1,084E+0	1,064E+0	0,000E+0	5	1001
561,124	87,300	123,000	2,103E+2	0,000E+0	1,798E+2	1,792E+2	0,000E+0	1,080E+0	1,066E+0	0,000E+0	6	1001
562,124	86,800	122,700	2,095E+2	0,000E+0	1,793E+2	1,789E+2	0,000E+0	1,077E+0	1,065E+0	0,000E+0	6	1001
563,125	86,700	123,500	2,102E+2	0,000E+0	1,791E+2	1,789E+2	0,000E+0	1,088E+0	1,073E+0	0,000E+0	6	1001
564,124	86,500	123,700	2,102E+2	0,000E+0	1,791E+2	1,791E+2	0,000E+0	1,082E+0	1,074E+0	0,000E+0	6	1001
565,124	86,500	123,700	2,102E+2	0,000E+0	1,791E+2	1,791E+2	0,000E+0	1,082E+0	1,074E+0	0,000E+0	6	1001
566,125	86,500	123,700	2,102E+2	0,000E+0	1,791E+2	1,791E+2	0,000E+0	1,082E+0	1,074E+0	0,000E+0	6	1001
567,125	86,500	123,700	2,102E+2	0,000E+0	1,791E+2	1,791E+2	0,000E+0	1,082E+0	1,074E+0	0,000E+0	6	1001
568,126	86,100	123,800	2,099E+2	0,000E+0	1,788E+2	1,788E+2	0,000E+0	1,078E+0	1,076E+0	0,000E+0	6	1001
569,125	86,100	123,800	2,099E+2	0,000E+0	1,788E+2	1,788E+2	0,000E+0	1,078E+0	1,076E+0	0,000E+0	6	1001
570,125	86,700	123,400	2,101E+2	0,000E+0	1,791E+2	1,789E+2	0,000E+0	1,087E+0	1,074E+0	0,000E+0	6	1001
571,126	86,700	123,400	2,101E+2	0,000E+0	1,791E+2	1,789E+2	0,000E+0	1,087E+0	1,074E+0	0,000E+0	6	1001
572,126	86,900	123,500	2,104E+2	0,000E+0	1,794E+2	1,791E+2	0,000E+0	1,077E+0	1,069E+0	0,000E+0	6	1001
573,126	86,900	123,500	2,104E+2	0,000E+0	1,794E+2	1,791E+2	0,000E+0	1,077E+0	1,069E+0	0,000E+0	6	1001
574,127	87,200	123,000	2,102E+2	0,000E+0	1,793E+2	1,788E+2	0,000E+0	1,084E+0	1,068E+0	0,000E+0	6	1001
575,128	87,200	123,000	2,102E+2	0,000E+0	1,793E+2	1,788E+2	0,000E+0	1,084E+0	1,068E+0	0,000E+0	6	1001
576,128	87,200	123,000	2,102E+2	0,000E+0	1,793E+2	1,788E+2	0,000E+0	1,084E+0	1,068E+0	0,000E+0	6	1001
577,129	87,200	122,600	2,098E+2	0,000E+0	1,797E+2	1,789E+2	0,000E+0	1,077E+0	1,061E+0	0,000E+0	6	1001
578,129	86,700	123,500	2,102E+2	0,000E+0	1,792E+2	1,787E+2	0,000E+0	1,082E+0	1,071E+0	0,000E+0	7	1001
579,129	86,100	123,900	2,100E+2	0,000E+0	1,788E+2	1,789E+2	0,000E+0	1,083E+0	1,077E+0	0,000E+0	7	1001
580,131	86,900	123,100	2,100E+2	0,000E+0	1,793E+2	1,788E+2	0,000E+0	1,087E+0	1,070E+0	0,000E+0	7	1001
581,130	86,200	123,900	2,101E+2	0,000E+0	1,791E+2	1,790E+2	0,000E+0	1,081E+0	1,073E+0	0,000E+0	7	1001
582,131	85,900	124,300	2,102E+2	0,000E+0	1,789E+2	1,791E+2	0,000E+0	1,082E+0	1,079E+0	0,000E+0	7	1001
583,130	85,900	124,300	2,102E+2	0,000E+0	1,789E+2	1,791E+2	0,000E+0	1,082E+0	1,079E+0	0,000E+0	7	1001
585,130	85,900	124,300	2,102E+2	0,000E+0	1,789E+2	1,791E+2	0,000E+0	1,082E+0	1,079E+0	0,000E+0	7	1001
586,131	85,900	124,300	2,102E+2	0,000E+0	1,789E+2	1,791E+2	0,000E+0	1,082E+0	1,079E+0	0,000E+0	7	1001
586,131	85,900	124,300	2,102E+2	0,000E+0	1,789E+2	1,791E+2	0,000E+0	1,082E+0	1,079E+0	0,000E+0	7	1001
587,131	85,900	124,300	2,102E+2	0,000E+0	1,789E+2	1,791E+2	0,000E+0	1,082E+0	1,079E+0	0,000E+0	7	1001
588,132	88,400	121,500	2,099E+2	0,000E+0	1,799E+2	1,785E+2	0,000E+0	1,086E+0	1,055E+0	0,000E+0	7	1001
589,132	88,400	121,500	2,099E+2	0,000E+0	1,799E+2	1,785E+2	0,000E+0	1,086E+0	1,055E+0	0,000E+0	7	1001
590,132	88,400	121,500	2,099E+2	0,000E+0	1,799E+2	1,785E+2	0,000E+0	1,086E+0	1,055E+0	0,000E+0	7	1001
591,132	88,400	121,500	2,099E+2	0,000E+0	1,799E+2	1,785E+2	0,000E+0	1,086E+0	1,055E+0	0,000E+0	7	1001
592,133	88,100	122,100	2,102E+2	0,000E+0	1,801E+2	1,788E+2	0,000E+0	1,086E+0	1,061E+0	0,000E+0	7	1001
593,133	87,400	122,800	2,102E+2	0,000E+0	1,793E+2	1,787E+2	0,000E+0	1,093E+0	1,070E+0	0,000E+0	7	1001
594,133	87,600	122,900	2,105E+2	0,000E+0	1,797E+2	1,788E+2	0,000E+0	1,082E+0	1,064E+0	0,000E+0	7	1001
595,134	88,400	121,700	2,101E+2	0,000E+0	1,801E+2	1,788E+2	0,000E+0	1,085E+0	1,053E+0	0,000E+0	7	1001
596,133	88,400	121,700	2,101E+2	0,000E+0	1,801E+2	1,788E+2	0,000E+0	1,085E+0	1,053E+0	0,000E+0	7	1001
597,133	86,900	123,100	2,100E+2	0,000E+0	1,791E+2	1,787E+2	0,000E+0	1,088E+0	1,073E+0	0,000E+0	7	1001
598,133	86,900	122,800	2,097E+2	0,000E+0	1,792E+2	1,788E+2	0,000E+0	1,082E+0	1,066E+0	0,000E+0	7	1001
599,133	87,000	123,200	2,102E+2	0,000E+0	1,791E+2	1,786E+2	0,000E+0	1,082E+0	1,070E+0	0,000E+0	7	1001
600,133	88,000	122,400	2,104E+2	0,000E+0	1,797E+2	1,787E+2	0,000E+0	1,085E+0	1,062E+0	0,000E+0	7	1001
601,135	86,500	123,200	2,097E+2	0,000E+0	1,794E+2	1,787E+2	0,000E+0	1,077E+0	1,068E+0	0,000E+0	7	1001
602,134	86,600	123,300	2,099E+2	0,000E+0	1,792E+2	1,790E+2	0,000E+0	1,077E+0	1,069E+0	0,000E+0	7	1001
603,134	87,300	122,900	2,102E+2	0,000E+0	1,793E+2	1,789E+2	0,000E+0	1,084E+0	1,066E+0	0,000E+0	7	1001
604,136	86,900	123,200	2,101E+2	0,000E+0	1,795E+2	1,792E+2	0,000E+0	1,076E+0	1,068E+0	0,000E+0	7	1001
605,135	86,600	123,600	2,102E+2	0,000E+0	1,794E+2	1,791E+2	0,000E+0	1,077E+0	1,071E+0	0,000E+0	7	1001
606,135	86,000	124,100	2,101E+2	0,000E+0	1,788E+2	1,792E+2	0,000E+0	1,082E+0	1,072E+0	0,000E+0	7	1001
607,135	86,000	124,100	2,101E+2	0,000E+0	1,788E+2	1,792E+2	0,000E+0	1,082E+0	1,072E+0	0,000E+0	7	1001
608,135	87,400	122,900	2,103E+2	0,000E+0	1,797E+2	1,791E+2	0,000E+0	1,081E+0	1,066E+0	0,000E+0	7	1001
609,135	85,900	124,100	2,100E+2	0,000E+0	1,789E+2	1,795E+2	0,000E+0	1,070E+0	1,074E+0	0,000E+0	7	1001
610,136	86,300	123,500	2,098E+2	0,000E+0	1,792E+2	1,792E+2	0,000E+0	1,071E+0	1,069E+0	0,000E+0	7	1001
611,137	87,300	123,000	2,103E+2	0,000E+0	1,796E+2	1,788E+2	0,000E+0	1,084E+0	1,065E+0	0,000E+0	7	1001
612,137	87,200	122,700	2,099E+2	0,000E+0	1,796E+2	1,785E+2	0,000E+0	1,083E+0	1,065E+0	0,000E+0	7	1001
613,137	87,100	122,300	2,094E+2	0,000E+0	1,795E+2	1,788E+2	0,000E+0	1,082E+0	1,060E+0	0,000E+0	7	1001
614,137	86,700	123,300	2,100E+2	0,000E+0	1,795E+2	1,795E+2	0,000E+0	1,086E+0	1,070E+0	0,000E+0	7	1001
615,137	87,800	122,500	2,103E+2	0,000E+0	1,797E+2	1,786E+2	0,000E+0	1,087E+0	1,063E+0	0,000E+0	7	1001
616,138	86,000	124,100	2,101E+2	0,000E+0	1,792E+2	1,792E+2	0,000E+0	1,072E+0	1,073E+0	0,000E+0	7	1001
617,137	86,800	123,500	2,103E+2	0,000E+0	1,792E+2	1,792E+2	0,000E+0	1,083E+0	1,072E+0	0,000E+0	7	1001
618,137	86,800	123,500	2,103E+2	0,000E+0	1,792E+2	1,792E+2	0,000E+0	1,083E+0	1,072E+0	0,000E+0	7	1001
619,137	87,600	122,700	2,103E+2	0,000E+0	1,798E+2	1,789E+2	0,000E+0	1,085E+0	1,063E+0	0,000E+0	7	1001
620,137	87,600	122,400	2,100E+2	0,000E+0	1,798E+2	1,789E+2	0,000E+0	1,084E+0	1,060E+0	0,000E+0	7	1001
621,137	87,600	122,400	2,100E+2	0,000E+0	1,798E+2	1,789E+2	0,000E+0	1,084E+0	1,060E+0	0,000E+0	7	1001
622,137	86,900	122,900	2,098E+2	0,000E+0	1,794E+2	1,789E+2	0,000E+0	1,082E+0	1,068E+0	0,000E+0	7	1001
623,139	86,300	123,800	2,101E+2	0,000E+0	1,789E+2	1,790E+2	0,000E+0	1,082E+0	1,075E+0	0,000E+0	7	1001
624,138	86,400	123,600	2,100E+2	0,000E+0	1,788E+2	1,789E+2	0,000E+0	1,075E+0	1,072E+0	0,000E+0	7	1001
625,138	86,500	123,500	2,100E+2	0,000E+0	1,791E+2	1,789E+2	0,000E+0	1,079E+0	1,071E+0	0,000E+0	7	1001
626,138	86,600	123,300	2,099E+2	0,000E+0	1,792E+2	1,789E+2	0,000E+0	1,080E+0	1,069E+0	0,000E+0	7	1001
627,138	88,000	122,300	2,103E+2	0,000E+0	1,799E+2	1,787E+2	0,000E+0	1,086E+0	1,059E+0	0,000E+0	7	1001
628,138	88,000	122,300	2,103E+2	0,000E+0	1,799E+2	1,787E+2	0,000E+0	1,086E+0	1,059E+0	0,000E+0	7	1001
629,139	86,600	123,400	2,100E+2	0,000E+0	1,792E+2	1,789E+2	0,000E+0	1,084E+0	1,073E+0	0,000E+0	7	1001
630,139	86,200	123,300	2,095E+2	0,000E+0	1,792E+2	1,789E+2	0,000E+0	1,079E+0	1,071E+0	0,000E+0	7	1001
631,139	87,200	122,900	2,101E+2	0,000E+0	1,796E+2	1,789E+2	0,000E+0	1,084E+0	1,066E+0	0,000E+0	7	1001
632,139	87,300	122,900	2,102E+2	0,000E+0	1,795E+2	1,788E+2	0,000E+0	1,091E+0	1,068E+0	0,000E+0	7	1001
633,139	87,100	123,000	2,101E+2	0,000E+0	1,798E+2	1,791E+2	0,000E+0	1,080E+0	1,064E+0	0,000E+0	7	1001
634,140	86,900	123,400	2,103E+2	0,000E+0	1,792E+2	1,786E+2	0,000E+0	1,080E+0	1,075E+0	0,000E+0	7	1001
635,140	87,900	122,100	2,100E+2	0,000E+0	1,797E+2	1,789E+2	0,000E+0	1,081E+0	1,060E+0	0,000E+0	7	1001
636,141	88,400	121,600	2,100E+2	0,000E+0	1,798E+2	1,785E+2	0,000E+0	1,087E+0	1,056E+0	0,000E+0	7	1001
637,141	87,300	122,700	2,100E+2	0,000E+0	1,793E+2	1,786E+2	0,000E+0	1,084E+0	1,065E+0	0,000E+0	7	1001
638,141	86,700	123,500	2,102E+2	0,000E+0	1,792E+2	1,790E+2	0,000E+0	1,078E+0	1,071E+0	0,000E+0	7	1001
639,141	86,700	123,500	2,102E+2	0,000E+0	1,792E+2	1,790E+2	0,000E+0	1,078E+0	1,071E+0	0,000E+0	7	1001
640,142	85,900	124,000	2,099E+2	0,000E+0	1,789E+2	1,787E+2	0,000E+0	1,082E+0	1,078E+0	0,000E+0	7	1001
641,142	86,100	124,100	2,102E+2	0,000E+0	1,788E+2	1,788E+2	0,000E+0	1,088E+0	1,081E+0	0,000E+0	7	1001
642,142	85,900	123,700	2,096E+2	0,000E+0	1,786E+2	1,791E+2	0,000E+0	1,070E+0	1,071E+0	0,000E+0	7	1001
643,143	88,000	122,000	2,100E+2	0,000E+0	1,799E+2	1,787E+2	0,000E+0	1,083E+0	1,056E+0	0,000E+0	7	1001
644,142	87,700	122,400	2,101E+2	0,000E+0	1,798E+2	1,788E+2	0,000E+0	1,083E+0	1,060E+0	0,000E+0	7	1001
645,143	87,700	122,600	2,103E+2	0,000E+0	1,796E+2	1,787E+2	0,000E+0	1,083E+0	1,062E+0	0,000E+0	7	1001
646,143	87,700	122,600	2,103E+2	0,000E+0	1,796E+2	1,787E+2	0,000E+0	1,083E+0	1,062E+0	0,000E+0	7	1001
647,144	88,200	121,600	2,098E+2	0,000E+0	1,798E+2	1,786E+2	0,000E+0	1,083E+0	1,055E+0	0,000E+0	7	1001
648,145	87,600	122,400	2,100E+2	0,000E+0	1,796E+2	1,789E+2	0,000E+0	1,086E+0	1,061E+0	0,000E+0	7	1001
649,144	86,300	124,200	2,105E+2	0,000E+0	1,787E+2	1,789E+2	0,000E+0	1,086E+0	1,079E+0	0,000E+0	7	1000
650,144	85,400	124,400	2,098E+2	0,000E+0	1,786E+2	1,794E+2	0,000E+0	1,065E+0	1,074E+0	0,000E+0	7	1000
651,144	86,600	123,200	2,098E+2	0,000E+0	1,792E+2	1,788E+2	0,000E+0	1,085E+0	1,072E+0	0,000E+0	7	1000
652,145	86,500	123,500	2,100E+2	0,000E+0	1,790E+2	1,790E+2	0,000E+0	1,078E+0	1,073E+0	0,000E+0	7	1000
653,146	86,500	123,500	2,100E+2	0,000E+0	1,790E+2	1,790E+2	0,000E+0	1,078E+0	1,073E+0	0,000E+0	7	1000
654,145	86,500	123,500	2,100E+2	0,000E+0	1,790E+2	1,790E+2	0,000E+0	1,078E+0	1,073E+0	0,000E+0	7	1000
655,146	86,500	123,500	2,100E+2	0,000E+0	1,790E+2	1,790E+2	0,000E+0	1,078E+0	1,073E+0	0,000E+0	7	1000
656,146	87,000	123,100	2,101E+2	0,000E+0	1,794E+2	1,790E+2	0,000E+0	1,079E+0	1,064E+0	0,000E+0	7	1000
657,146	87,000	123,100	2,101E+2	0,000E+0	1,794E+2	1,790E+2	0,000E+0	1,079E+0	1,064E+0	0,000E+0	7	1000
658,146	87,000	123,100	2,101E+2	0,000E+0	1,794E+2	1,790E+2	0,000E+0	1,079E+0	1,064E+0	0,000E+0	7	1000
659,147	86,800	123,300	2,101E+2	0,000E+0	1,791E+2	1,786E+2	0,000E+0	1,087E+0	1,074E+0	0,000E+0	7	1000
660,147	86,800	123,300	2,101E+2	0,000E+0	1,791E+2	1,786E+2	0,000E+0	1,087E+0	1,074E+0	0,000E+0	7	1000
661,147	86,800	123,300	2,101E+2	0,000E+0	1,791E+2	1,786E+2	0,000E+0	1,087E+0	1,074E+0	0,000E+0	7	1000
662,148	86,800	123,300	2,101E+2	0,000E+0	1,791E+2	1,786E+2	0,000E+0	1,087E+0	1,074E+0	0,000E+0	7	1000
663,147	87,100	123,100	2,102E+2	0,000E+0	1,794E+2	1,791E+2	0,000E+0	1,076E+0	1,065E+0	0,000E+0	7	1000
664,148	87,100	123,100	2,102E+2	0,000E+0	1,794E+2	1,791E+2	0,000E+0	1,076E+0	1,065E+0	0,000E+0	7	1000
665,147	88,400	121,600	2,100E+2	0,000E+0	1,798E+2	1,786E+2	0,000E+0	1,087E+0	1,055E+0	0,000E+0	7	1000
666,147	88,400	121,600	2,100E+2	0,000E+0	1,798E+2	1,786E+2	0,000E+0	1,087E+0	1,055E+0	0,000E+0	7	1000
667,147	86,400	123,600	2,100E+2	0,000E+0	1,788E+2	1,790E+2	0,000E+0	1,078E+0	1,069E+0	0,000E+0	6	1000
668,147	87,100	123,100	2,102E+2	0,000E+0	1,790E+2	1,786E+2	0,000E+0	1,085E+0	1,071E+0	0,000E+0	6	1000
669,148	86,500	123,300	2,098E+2	0,000E+0	1,792E+2	1,789E+2	0,000E+0	1,072E+0	1,067E+0	0,000E+0	6	1000
670,147	86,700	123,200	2,099E+2	0,000E+0	1,792E+2	1,790E+2	0,000E+0	1,080E+0	1,068E+0	0,000E+0	6	1000
671,147	87,000	123,200	2,102E+2	0,000E+0	1,792E+2	1,789E+2	0,000E+0	1,080E+0	1,068E+0	0,000E+0	6	1000
672,147	86,900	123,400	2,103E+2	0,000E+0	1,792E+2	1,788E+2	0,000E+0	1,085E+0	1,071E+0	0,000E+0	6	1000
673,148	86,900	123,400	2,103E+2	0,000E+0	1,792E+2	1,788E+2	0,000E+0	1,085E+0	1,071E+0	0,000E+0	6	1000
674,148	87,500	122,400	2,099E+2	0,000E+0	1,796E+2	1,785E+2	0,000E+0	1,081E+0	1,061E+0	0,000E+0	6	1000
675,148	87,100	123,100	2,102E+2	0,000E+0	1,791E+2	1,787E+2	0,000E+0	1,089E+0	1,070E+0	0,000E+0	6	1000
676,148	86,100	123,700	2,098E+2	0,000E+0	1,788E+2	1,789E+2	0,000E+0	1,079E+0	1,074E+0	0,000E+0	6	1000
677,149	86,100	124,100	2,102E+2	0,000E+0	1,787E+2	1,791E+2	0,000E+0	1,072E+0	1,073E+0	0,000E+0	6	1000
678,149	87,100	123,000	2,101E+2	0,000E+0	1,793E+2	1,786E+2	0,000E+0	1,081E+0	1,067E+0	0,000E+0	6	1000
679,149	87,000	122,800	2,098E+2	0,000E+0	1,792E+2	1,790E+2	0,000E+0	1,084E+0	1,067E+0	0,000E+0	6	1000
680,150	86,100	124,200	2,103E+2	0,000E+0	1,788E+2	1,789E+2	0,000E+0	1,074E+0	1,076E+0	0,000E+0	6	1000
681,149	86,100	124,200	2,103E+2	0,000E+0	1,788E+2	1,789E+2	0,000E+0	1,074E+0	1,076E+0	0,000E+0	6	1000
682,150	86,100	124,200	2,103E+2	0,000E+0	1,788E+2	1,789E+2	0,000E+0	1,074E+0	1,076E+0	0,000E+0	6	1000
683,150	87,500	122,700	2,102E+2	0,000E+0	1,792E+2	1,788E+2	0,000E+0	1,083E+0	1,065E+0	0,000E+0	6	1000
684,150	87,500	122,700	2,102E+2	0,000E+0	1,792E+2	1,788E+2	0,000E+0	1,083E+0	1,065E+0	0,000E+0	6	1000
685,150	87,500	122,700	2,102E+2	0,000E+0	1,792E+2	1,788E+2	0,000E+0	1,083E+0	1,065E+0	0,000E+0	6	1000
686,151	86,800	123,500	2,103E+2	0,000E+0	1,794E+2	1,789E+2	0,000E+0	1,079E+0	1,068E+0	0,000E+0	6	1000
687,152	86,800	123,500	2,103E+2	0,000E+0	1,794E+2	1,789E+2	0,000E+0	1,079E+0	1,068E+0	0,000E+0	6	1000
688,152	86,800	123,500	2,103E+2	0,000E+0	1,794E+2	1,789E+2	0,000E+0	1,079E+0	1,068E+0	0,000E+0	6	1000
689,152	86,800	123,500	2,103E+2	0,000E+0	1,794E+2	1,789E+2	0,000E+0	1,079E+0	1,068E+0	0,000E+0	6	1000
690,152	87,700	122,200	2,099E+2	0,000E+0	1,797E+2	1,788E+2	0,000E+0	1,082E+0	1,062E+0	0,000E+0	6	1000
691,152	87,700	122,200	2,099E+2	0,000E+0	1,797E+2	1,788E+2	0,000E+0	1,082E+0	1,062E+0	0,000E+0	6	1000
692,154	86,700	123,000	2,097E+2	0,000E+0	1,796E+2	1,786E+2	0,000E+0	1,081E+0	1,067E+0	0,000E+0	6	1000
693,153	86,700	123,000	2,097E+2	0,000E+0	1,796E+2	1,786E+2	0,000E+0	1,081E+0	1,067E+0	0,000E+0	6	1000
694,153	86,600	123,800	2,104E+2	0,000E+0	1,791E+2	1,789E+2	0,000E+0	1,084E+0	1,072E+0	0,000E+0	6	1000
695,153	86,700	123,700	2,104E+2	0,000E+0	1,792E+2	1,791E+2	0,000E+0	1,079E+0	1,071E+0	0,000E+0	5	1000
696,153	87,700	122,100	2,098E+2	0,000E+0	1,796E+2	1,787E+2	0,000E+0	1,088E+0	1,061E+0	0,000E+0	5	1000
697,153	87,300	122,800	2,101E+2	0,000E+0	1,794E+2	1,787E+2	0,000E+0	1,080E+0	1,066E+0	0,000E+0	5	1000
698,153	87,500	122,800	2,103E+2	0,000E+0	1,793E+2	1,786E+2	0,000E+0	1,086E+0	1,068E+0	0,000E+0	5	1000
699,154	86,800	123,200	2,100E+2	0,000E+0	1,791E+2	1,786E+2	0,000E+0	1,084E+0	1,072E+0	0,000E+0	5	1000
700,153	86,800	123,200	2,100E+2	0,000E+0	1,791E+2	1,786E+2	0,000E+0	1,084E+0	1,072E+0	0,000E+0	5	1000
701,153	86,800	123,200	2,100E+2	0,000E+0	1,791E+2	1,786E+2	0,000E+0	1,084E+0	1,072E+0	0,000E+0	5	1000
702,153	86,800	123,200	2,100E+2	0,000E+0	1,791E+2	1,786E+2	0,000E+0	1,084E+0	1,072E+0	0,000E+0	5	1000
703,153	86,800	123,200	2,100E+2	0,000E+0	1,791E+2	1,786E+2	0,000E+0	1,084E+0	1,072E+0	0,000E+0	5	1000
704,154	86,300	123,700	2,100E+2	0,000E+0	1,793E+2	1,791E+2	0,000E+0	1,079E+0	1,074E+0	0,000E+0	5	1000
705,154	86,300	123,700	2,100E+2	0,000E+0	1,793E+2	1,791E+2	0,000E+0	1,079E+0	1,074E+0	0,000E+0	5	1000
706,155	86,300	123,700	2,100E+2	0,000E+0	1,793E+2	1,791E+2	0,000E+0	1,079E+0	1,074E+0	0,000E+0	5	1000
707,154	86,300	123,700	2,100E+2	0,000E+0	1,793E+2	1,791E+2	0,000E+0	1,079E+0	1,074E+0	0,000E+0	5	1000
708,155	86,800	123,400	2,102E+2	0,000E+0	1,794E+2	1,790E+2	0,000E+0	1,081E+0	1,067E+0	0,000E+0	5	1000
709,154	86,800	123,400	2,102E+2	0,000E+0	1,794E+2	1,790E+2	0,000E+0	1,081E+0	1,067E+0	0,000E+0	5	1000
710,154	86,800	123,400	2,102E+2	0,000E+0	1,794E+2	1,790E+2	0,000E+0	1,081E+0	1,067E+0	0,000E+0	5	1000
711,154	87,800	122,100	2,099E+2	0,000E+0	1,797E+2	1,787E+2	0,000E+0	1,084E+0	1,058E+0	0,000E+0	5	1000
712,154	86,400	123,400	2,098E+2	0,000E+0	1,792E+2	1,788E+2	0,000E+0	1,083E+0	1,071E+0	0,000E+0	4	1000
713,156	85,900	124,400	2,103E+2	0,000E+0	1,785E+2	1,789E+2	0,000E+0	1,081E+0	1,080E+0	0,000E+0	4	1000
714,155	87,000	123,300	2,103E+2	0,000E+0	1,792E+2	1,787E+2	0,000E+0	1,081E+0	1,069E+0	0,000E+0	4	1000
715,155	86,200	123,600	2,098E+2	0,000E+0	1,788E+2	1,787E+2	0,000E+0	1,077E+0	1,073E+0	0,000E+0	4	1000
716,155	86,200	123,600	2,098E+2	0,000E+0	1,788E+2	1,787E+2	0,000E+0	1,077E+0	1,073E+0	0,000E+0	4	1000
717,155	86,200	123,600	2,098E+2	0,000E+0	1,788E+2	1,787E+2	0,000E+0	1,077E+0	1,073E+0	0,000E+0	4	1000
718,155	86,200	123,600	2,098E+2	0,000E+0	1,788E+2	1,787E+2	0,000E+0	1,077E+0	1,073E+0	0,000E+0	4	1000
719,155	87,100	123,100	2,102E+2	0,000E+0	1,791E+2	1,787E+2	0,000E+0	1,080E+0	1,067E+0	0,000E+0	4	1000
720,156	87,100	123,100	2,102E+2	0,000E+0	1,791E+2	1,787E+2	0,000E+0	1,080E+0	1,067E+0	0,000E+0	4	1000
721,156	87,100	123,100	2,102E+2	0,000E+0	1,791E+2	1,787E+2	0,000E+0	1,080E+0	1,067E+0	0,000E+0	4	1000
722,156	88,200	122,000	2,102E+2	0,000E+0	1,798E+2	1,786E+2	0,000E+0	1,086E+0	1,059E+0	0,000E+0	4	1000
723,156	88,200	122,000	2,102E+2	0,000E+0	1,798E+2	1,786E+2	0,000E+0	1,086E+0	1,059E+0	0,000E+0	4	1000
724,157	88,200	122,000	2,102E+2	0,000E+0	1,798E+2	1,786E+2	0,000E+0	1,086E+0	1,059E+0	0,000E+0	4	1000
725,159	88,200	122,000	2,102E+2	0,000E+0	1,798E+2	1,786E+2	0,000E+0	1,086E+0	1,059E+0	0,000E+0	4	1000
726,159	86,600	123,400	2,100E+2	0,000E+0	1,788E+2	1,787E+2	0,000E+0	1,087E+0	1,073E+0	0,000E+0	4	1000
727,159	86,600	123,400	2,100E+2	0,000E+0	1,788E+2	1,787E+2	0,000E+0	1,087E+0	1,073E+0	0,000E+0	4	1000
728,159	86,600	123,400	2,100E+2	0,000E+0	1,788E+2	1,787E+2	0,000E+0	1,087E+0	1,073E+0	0,000E+0	4	1000
729,159	86,600	123,400	2,100E+2	0,000E+0	1,788E+2	1,787E+2	0,000E+0	1,087E+0	1,073E+0	0,000E+0	4	1000
730,160	86,600	123,400	2,100E+2	0,000E+0	1,788E+2	1,787E+2	0,000E+0	1,087E+0	1,073E+0	0,000E+0	4	1000
731,159	86,600	123,400	2,100E+2	0,000E+0	1,788E+2	1,787E+2	0,000E+0	1,087E+0	1,073E+0	0,000E+0	4	1000
732,160	87,700	122,500	2,102E+2	0,000E+0	1,796E+2	1,785E+2	0,000E+0	1,083E+0	1,062E+0	0,000E+0	4	1000
733,160	86,800	123,300	2,101E+2	0,000E+0	1,791E+2	1,787E+2	0,000E+0	1,079E+0	1,068E+0	0,000E+0	3	1000
734,161	86,300	123,900	2,102E+2	0,000E+0	1,786E+2	1,788E+2	0,000E+0	1,080E+0	1,076E+0	0,000E+0	3	1000
735,162	86,800	123,400	2,102E+2	0,000E+0	1,788E+2	1,785E+2	0,000E+0	1,088E+0	1,074E+0	0,000E+0	3	1000
736,162	87,000	123,000	2,100E+2	0,000E+0	1,791E+2	1,786E+2	0,000E+0	1,079E+0	1,066E+0	0,000E+0	3	1000
737,162	87,000	123,000	2,100E+2	0,000E+0	1,791E+2	1,786E+2	0,000E+0	1,079E+0	1,066E+0	0,000E+0	3	1000
738,164	87,000	123,000	2,100E+2	0,000E+0	1,791E+2	1,786E+2	0,000E+0	1,079E+0	1,066E+0	0,000E+0	3	1000
739,163	87,000	123,000	2,100E+2	0,000E+0	1,791E+2	1,786E+2	0,000E+0	1,079E+0	1,066E+0	0,000E+0	3	1000
740,163	87,600	122,400	2,100E+2	0,000E+0	1,794E+2	1,785E+2	0,000E+0	1,087E+0	1,063E+0	0,000E+0	3	1000
741,163	87,600	122,400	2,100E+2	0,000E+0	1,794E+2	1,785E+2	0,000E+0	1,087E+0	1,063E+0	0,000E+0	3	1000
742,163	87,600	122,400	2,100E+2	0,000E+0	1,794E+2	1,785E+2	0,000E+0	1,087E+0	1,063E+0	0,000E+0	3	1000
743,164	87,100	123,000	2,101E+2	0,000E+0	1,789E+2	1,785E+2	0,000E+0	1,084E+0	1,068E+0	0,000E+0	3	1000
744,163	87,100	123,000	2,101E+2	0,000E+0	1,789E+2	1,785E+2	0,000E+0	1,084E+0	1,068E+0	0,000E+0	3	1000
745,164	87,100	122,700	2,098E+2	0,000E+0	1,794E+2	1,786E+2	0,000E+0	1,079E+0	1,063E+0	0,000E+0	3	1000
746,163	87,100	122,700	2,098E+2	0,000E+0	1,794E+2	1,786E+2	0,000E+0	1,079E+0	1,063E+0	0,000E+0	3	1000
747,163	86,500	123,700	2,102E+2	0,000E+0	1,787E+2	1,789E+2	0,000E+0	1,082E+0	1,075E+0	0,000E+0	3	1000
748,163	86,500	123,700	2,102E+2	0,000E+0	1,787E+2	1,789E+2	0,000E+0	1,082E+0	1,075E+0	0,000E+0	3	1000
749,164	87,300	123,000	2,103E+2	0,000E+0	1,791E+2	1,786E+2	0,000E+0	1,087E+0	1,069E+0	0,000E+0	3	1000
750,166	86,700	123,200	2,099E+2	0,000E+0	1,788E+2	1,787E+2	0,000E+0	1,080E+0	1,070E+0	0,000E+0	3	1000
751,165	86,400	123,600	2,100E+2	0,000E+0	1,786E+2	1,785E+2	0,000E+0	1,083E+0	1,075E+0	0,000E+0	3	1000
753,166	86,300	123,700	2,100E+2	0,000E+0	1,784E+2	1,786E+2	0,000E+0	1,084E+0	1,077E+0	0,000E+0	3	1000
753,166	88,000	122,400	2,104E+2	0,000E+0	1,793E+2	1,785E+2	0,000E+0	1,085E+0	1,060E+0	0,000E+0	2	1000
754,166	86,500	123,400	2,099E+2	0,000E+0	1,786E+2	1,782E+2	0,000E+0	1,086E+0	1,075E+0	0,000E+0	2	1000
755,166	87,600	122,400	2,100E+2	0,000E+0	1,791E+2	1,782E+2	0,000E+0	1,086E+0	1,065E+0	0,000E+0	2	1000
756,166	87,600	122,400	2,100E+2	0,000E+0	1,791E+2	1,782E+2	0,000E+0	1,086E+0	1,065E+0	0,000E+0	2	1000
757,167	87,400	122,700	2,101E+2	0,000E+0	1,791E+2	1,784E+2	0,000E+0	1,087E+0	1,067E+0	0,000E+0	2	1000
758,166	86,900	123,100	2,100E+2	0,000E+0	1,789E+2	1,784E+2	0,000E+0	1,082E+0	1,068E+0	0,000E+0	2	1000
759,167	86,900	123,100	2,100E+2	0,000E+0	1,789E+2	1,784E+2	0,000E+0	1,082E+0	1,068E+0	0,000E+0	2	1000
760,166	86,900	123,100	2,100E+2	0,000E+0	1,789E+2	1,784E+2	0,000E+0	1,082E+0	1,068E+0	0,000E+0	2	1000
761,167	86,900	123,100	2,100E+2	0,000E+0	1,789E+2	1,784E+2	0,000E+0	1,082E+0	1,068E+0	0,000E+0	2	1000
762,167	86,900	123,300	2,102E+2	0,000E+0	1,787E+2	1,785E+2	0,000E+0	1,084E+0	1,071E+0	0,000E+0	2	1000
763,168	86,900	123,300	2,102E+2	0,000E+0	1,787E+2	1,785E+2	0,000E+0	1,084E+0	1,071E+0	0,000E+0	2	1000
764,169	86,900	123,300	2,102E+2	0,000E+0	1,787E+2	1,785E+2	0,000E+0	1,084E+0	1,071E+0	0,000E+0	2	1000
765,168	86,500	123,500	2,100E+2	0,000E+0	1,787E+2	1,784E+2	0,000E+0	1,087E+0	1,074E+0	0,000E+0	2	1000
766,168	86,500	123,500	2,100E+2	0,000E+0	1,787E+2	1,784E+2	0,000E+0	1,087E+0	1,074E+0	0,000E+0	2	1000
767,168	86,900	123,100	2,100E+2	0,000E+0	1,790E+2	1,784E+2	0,000E+0	1,084E+0	1,069E+0	0,000E+0	2	1000
768,168	86,900	123,100	2,100E+2	0,000E+0	1,790E+2	1,784E+2	0,000E+0	1,084E+0	1,069E+0	0,000E+0	2	1000
769,168	86,600	123,300	2,099E+2	0,000E+0	1,788E+2	1,786E+2	0,000E+0	1,079E+0	1,069E+0	0,000E+0	1	1000
770,168	86,600	123,300	2,099E+2	0,000E+0	1,788E+2	1,786E+2	0,000E+0	1,079E+0	1,069E+0	0,000E+0	1	1000
771,170	86,700	123,500	2,102E+2	0,000E+0	1,783E+2	1,784E+2	0,000E+0	1,086E+0	1,076E+0	0,000E+0	1	1000
772,169	87,600	122,300	2,099E+2	0,000E+0	1,790E+2	1,782E+2	0,000E+0	1,082E+0	1,065E+0	0,000E+0	1	1000
773,169	87,600	122,300	2,099E+2	0,000E+0	1,790E+2	1,782E+2	0,000E+0	1,082E+0	1,065E+0	0,000E+0	1	1000
774,169	87,000	122,900	2,099E+2	0,000E+0	1,789E+2	1,784E+2	0,000E+0	1,082E+0	1,067E+0	0,000E+0	1	1000
775,171	87,000	122,900	2,099E+2	0,000E+0	1,789E+2	1,784E+2	0,000E+0	1,082E+0	1,067E+0	0,000E+0	1	1000
776,170	87,000	122,900	2,099E+2	0,000E+0	1,789E+2	1,784E+2	0,000E+0	1,082E+0	1,067E+0	0,000E+0	1	1000
777,171	86,500	123,600	2,101E+2	0,000E+0	1,786E+2	1,785E+2	0,000E+0	1,081E+0	1,074E+0	0,000E+0	1	1000
778,171	86,500	123,600	2,101E+2	0,000E+0	1,786E+2	1,785E+2	0,000E+0	1,081E+0	1,074E+0	0,000E+0	1	1000
779,171	86,500	123,600	2,101E+2	0,000E+0	1,786E+2	1,785E+2	0,000E+0	1,081E+0	1,074E+0	0,000E+0	1	1000
780,171	86,500	123,600	2,101E+2	0,000E+0	1,786E+2	1,785E+2	0,000E+0	1,081E+0	1,074E+0	0,000E+0	1	1000
781,171	86,900	122,900	2,098E+2	0,000E+0	1,789E+2	1,783E+2	0,000E+0	1,087E+0	1,072E+0	0,000E+0	1	1000
782,171	86,600	123,700	2,103E+2	0,000E+0	1,788E+2	1,786E+2	0,000E+0	1,082E+0	1,073E+0	0,000E+0	1	1000
783,171	86,600	123,700	2,103E+2	0,000E+0	1,788E+2	1,786E+2	0,000E+0	1,082E+0	1,073E+0	0,000E+0	1	1000
784,172	86,600	123,300	2,099E+2	0,000E+0	1,786E+2	1,784E+2	0,000E+0	1,086E+0	1,074E+0	0,000E+0	1	1000
785,171	86,600	123,300	2,099E+2	0,000E+0	1,786E+2	1,784E+2	0,000E+0	1,086E+0	1,074E+0	0,000E+0	1	1000
786,171	86,800	123,300	2,101E+2	0,000E+0	1,784E+2	1,783E+2	0,000E+0	1,086E+0	1,074E+0	0,000E+0	1	1000
787,172	86,800	123,300	2,101E+2	0,000E+0	1,784E+2	1,783E+2	0,000E+0	1,086E+0	1,074E+0	0,000E+0	1	1000
788,172	87,500	122,800	2,103E+2	0,000E+0	1,791E+2	1,784E+2	0,000E+0	1,082E+0	1,064E+0	0,000E+0	1	1000
789,172	87,000	123,000	2,100E+2	0,000E+0	1,788E+2	1,783E+2	0,000E+0	1,077E+0	1,066E+0	0,000E+0	1	1000
790,173	87,200	123,100	2,103E+2	0,000E+0	1,788E+2	1,781E+2	0,000E+0	1,085E+0	1,071E+0	0,000E+0	1	1000
791,174	88,000	121,600	2,096E+2	0,000E+0	1,792E+2	1,780E+2	0,000E+0	1,084E+0	1,056E+0	0,000E+0	1	1000
792,174	86,900	123,100	2,100E+2	0,000E+0	1,788E+2	1,783E+2	0,000E+0	1,083E+0	1,068E+0	0,000E+0	1	1000
793,175	86,900	123,100	2,100E+2	0,000E+0	1,788E+2	1,783E+2	0,000E+0	1,083E+0	1,068E+0	0,000E+0	0	1000
794,174	86,100	124,000	2,101E+2	0,000E+0	1,780E+2	1,780E+2	0,000E+0	1,085E+0	1,079E+0	0,000E+0	0	1000
795,175	87,300	123,000	2,103E+2	0,000E+0	1,784E+2	1,779E+2	0,000E+0	1,085E+0	1,069E+0	0,000E+0	0	1000
796,175	86,500	123,400	2,099E+2	0,000E+0	1,780E+2	1,777E+2	0,000E+0	1,082E+0	1,075E+0	0,000E+0	0	1000
797,175	86,900	123,300	2,102E+2	0,000E+0	1,783E+2	1,779E+2	0,000E+0	1,083E+0	1,071E+0	0,000E+0	0	1000
798,176	86,900	123,300	2,102E+2	0,000E+0	1,783E+2	1,779E+2	0,000E+0	1,083E+0	1,071E+0	0,000E+0	0	1000
799,175	86,900	123,300	2,102E+2	0,000E+0	1,783E+2	1,779E+2	0,000E+0	1,083E+0	1,071E+0	0,000E+0	0	1000
800,176	86,900	123,300	2,102E+2	0,000E+0	1,783E+2	1,779E+2	0,000E+0	1,083E+0	1,071E+0	0,000E+0	0	1000
801,175	87,500	122,500	2,100E+2	0,000E+0	1,788E+2	1,778E+2	0,000E+0	1,084E+0	1,063E+0	0,000E+0	0	1000
802,175	87,500	122,500	2,100E+2	0,000E+0	1,788E+2	1,778E+2	0,000E+0	1,084E+0	1,063E+0	0,000E+0	0	1000
803,175	87,500	122,500	2,100E+2	0,000E+0	1,788E+2	1,778E+2	0,000E+0	1,084E+0	1,063E+0	0,000E+0	0	1000
804,175	87,500	122,500	2,100E+2	0,000E+0	1,788E+2	1,778E+2	0,000E+0	1,084E+0	1,063E+0	0,000E+0	0	1000
805,176	86,000	124,200	2,102E+2	0,000E+0	1,782E+2	1,779E+2	0,000E+0	1,086E+0	1,077E+0	0,000E+0	0	1000
806,175	86,000	124,200	2,102E+2	0,000E+0	1,782E+2	1,779E+2	0,000E+0	1,086E+0	1,077E+0	0,000E+0	0	1000
807,175	85,400	124,400	2,098E+2	0,000E+0	1,769E+2	1,788E+2	0,000E+0	1,080E+0	1,074E+0	0,000E+0	0	1000
808,175	85,400	124,400	2,098E+2	0,000E+0	1,769E+2	1,788E+2	0,000E+0	1,080E+0	1,074E+0	0,000E+0	0	1000
809,175	86,700	123,300	2,100E+2	0,000E+0	1,784E+2	1,781E+2	0,000E+0	1,081E+0	1,069E+0	0,000E+0	0	1000
810,175	87,300	122,800	2,101E+2	0,000E+0	1,788E+2	1,778E+2	0,000E+0	1,086E+0	1,066E+0	0,000E+0	0	1000
811,175	86,800	123,600	2,104E+2	0,000E+0	1,784E+2	1,778E+2	0,000E+0	1,084E+0	1,074E+0	0,000E+0	0	1000
812,175	86,900	122,600	2,095E+2	0,000E+0	1,785E+2	1,776E+2	0,000E+0	1,078E+0	1,066E+0	0,000E+0	0	1000
813,176	87,100	123,100	2,102E+2	0,000E+0	1,787E+2	1,782E+2	0,000E+0	1,077E+0	1,069E+0	0,000E+0	0	1000
814,177	87,200	122,900	2,101E+2	0,000E+0	1,785E+2	1,778E+2	0,000E+0	1,089E+0	1,068E+0	0,000E+0	0	1000
815,176	87,200	122,900	2,101E+2	0,000E+0	1,785E+2	1,778E+2	0,000E+0	1,089E+0	1,068E+0	0,000E+0	0	1000
816,178	87,000	122,900	2,099E+2	0,000E+0	1,784E+2	1,778E+2	0,000E+0	1,086E+0	1,069E+0	0,000E+0	0	1000
817,177	87,900	122,300	2,102E+2	0,000E+0	1,788E+2	1,776E+2	0,000E+0	1,087E+0	1,062E+0	0,000E+0	0	1000
818,177	87,700	122,300	2,100E+2	0,000E+0	1,788E+2	1,777E+2	0,000E+0	1,086E+0	1,064E+0	0,000E+0	0	1000
819,177	86,200	123,500	2,097E+2	0,000E+0	1,780E+2	1,779E+2	0,000E+0	1,082E+0	1,073E+0	0,000E+0	0	1000
820,178	86,500	123,600	2,101E+2	0,000E+0	1,781E+2	1,782E+2	0,000E+0	1,082E+0	1,075E+0	0,000E+0	0	1000
821,179	86,800	123,000	2,098E+2	0,000E+0	1,786E+2	1,777E+2	0,000E+0	1,084E+0	1,070E+0	0,000E+0	0	1000
822,178	87,400	122,800	2,102E+2	0,000E+0	1,785E+2	1,772E+2	0,000E+0	1,086E+0	1,071E+0	0,000E+0	0	1000
823,178	87,300	123,100	2,104E+2	0,000E+0	1,786E+2	1,779E+2	0,000E+0	1,082E+0	1,068E+0	0,000E+0	0	1000
824,178	87,200	122,700	2,099E+2	0,000E+0	1,784E+2	1,778E+2	0,000E+0	1,083E+0	1,065E+0	0,000E+0	0	1000
825,179	86,500	123,400	2,099E+2	0,000E+0	1,781E+2	1,779E+2	0,000E+0	1,081E+0	1,073E+0	0,000E+0	0	1000
826,180	86,500	123,400	2,099E+2	0,000E+0	1,781E+2	1,779E+2	0,000E+0	1,081E+0	1,073E+0	0,000E+0	0	1000
827,180	86,900	123,200	2,101E+2	0,000E+0	1,785E+2	1,778E+2	0,000E+0	1,082E+0	1,066E+0	0,000E+0	0	1000
828,181	87,100	123,200	2,103E+2	0,000E+0	1,779E+2	1,781E+2	0,000E+0	1,081E+0	1,070E+0	0,000E+0	0	1000
829,180	87,100	122,900	2,100E+2	0,000E+0	1,785E+2	1,779E+2	0,000E+0	1,086E+0	1,067E+0	0,000E+0	0	1000
830,181	85,300	124,500	2,098E+2	0,000E+0	1,773E+2	1,778E+2	0,000E+0	1,077E+0	1,084E+0	0,000E+0	0	1000
831,181	86,200	124,000	2,102E+2	0,000E+0	1,778E+2	1,782E+2	0,000E+0	1,079E+0	1,073E+0	0,000E+0	0	1000
832,181	87,300	122,900	2,102E+2	0,000E+0	1,788E+2	1,778E+2	0,000E+0	1,083E+0	1,065E+0	0,000E+0	0	1000
833,181	87,300	123,200	2,105E+2	0,000E+0	1,783E+2	1,778E+2	0,000E+0	1,086E+0	1,072E+0	0,000E+0	0	1000
834,181	87,200	122,600	2,098E+2	0,000E+0	1,782E+2	1,777E+2	0,000E+0	1,082E+0	1,068E+0	0,000E+0	0	1000
835,182	86,700	123,200	2,099E+2	0,000E+0	1,781E+2	1,777E+2	0,000E+0	1,089E+0	1,072E+0	0,000E+0	0	1000
836,182	86,600	123,500	2,101E+2	0,000E+0	1,780E+2	1,778E+2	0,000E+0	1,089E+0	1,076E+0	0,000E+0	0	1000
837,183	86,500	123,600	2,101E+2	0,000E+0	1,781E+2	1,777E+2	0,000E+0	1,085E+0	1,075E+0	0,000E+0	0	1000
838,183	87,000	123,100	2,101E+2	0,000E+0	1,783E+2	1,776E+2	0,000E+0	1,085E+0	1,071E+0	0,000E+0	0	1000
839,183	87,000	123,100	2,101E+2	0,000E+0	1,783E+2	1,776E+2	0,000E+0	1,085E+0	1,071E+0	0,000E+0	0	1000
840,185	86,400	123,400	2,098E+2	0,000E+0	1,779E+2	1,779E+2	0,000E+0	1,084E+0	1,070E+0	0,000E+0	0	1000
841,184	86,400	123,400	2,098E+2	0,000E+0	1,779E+2	1,779E+2	0,000E+0	1,084E+0	1,070E+0	0,000E+0	0	1000
842,186	86,200	123,800	2,100E+2	0,000E+0	1,780E+2	1,779E+2	0,000E+0	1,090E+0	1,079E+0	0,000E+0	0	1000
843,185	87,300	122,900	2,102E+2	0,000E+0	1,787E+2	1,778E+2	0,000E+0	1,084E+0	1,065E+0	0,000E+0	0	1000
844,186	86,300	123,600	2,099E+2	0,000E+0	1,781E+2	1,779E+2	0,000E+0	1,083E+0	1,075E+0	0,000E+0	0	1000
845,187	86,200	123,900	2,101E+2	0,000E+0	1,776E+2	1,785E+2	0,000E+0	1,080E+0	1,071E+0	0,000E+0	0	1000
846,188	86,700	123,500	2,102E+2	0,000E+0	1,781E+2	1,779E+2	0,000E+0	1,083E+0	1,073E+0	0,000E+0	0	1000
847,190	87,000	122,900	2,099E+2	0,000E+0	1,782E+2	1,779E+2	0,000E+0	1,083E+0	1,068E+0	0,000E+0	0	1000
848,190	87,000	122,900	2,099E+2	0,000E+0	1,782E+2	1,779E+2	0,000E+0	1,083E+0	1,068E+0	0,000E+0	0	1000
849,190	86,800	123,200	2,100E+2	0,000E+0	1,785E+2	1,777E+2	0,000E+0	1,082E+0	1,071E+0	0,000E+0	0	1000
850,190	86,900	123,400	2,103E+2	0,000E+0	1,782E+2	1,778E+2	0,000E+0	1,082E+0	1,073E+0	0,000E+0	0	1000
851,191	86,600	123,500	2,101E+2	0,000E+0	1,779E+2	1,778E+2	0,000E+0	1,088E+0	1,076E+0	0,000E+0	0	1000
852,192	87,000	122,800	2,098E+2	0,000E+0	1,785E+2	1,778E+2	0,000E+0	1,087E+0	1,067E+0	0,000E+0	0	1000
853,193	86,500	123,700	2,102E+2	0,000E+0	1,781E+2	1,781E+2	0,000E+0	1,085E+0	1,076E+0	0,000E+0	0	1000
854,194	86,500	123,700	2,102E+2	0,000E+0	1,781E+2	1,781E+2	0,000E+0	1,085E+0	1,076E+0	0,000E+0	0	1000
855,194	86,200	123,700	2,099E+2	0,000E+0	1,783E+2	1,778E+2	0,000E+0	1,084E+0	1,074E+0	0,000E+0	0	1000
856,194	86,200	123,800	2,100E+2	0,000E+0	1,779E+2	1,778E+2	0,000E+0	1,082E+0	1,077E+0	0,000E+0	0	1000
857,194	87,500	122,700	2,102E+2	0,000E+0	1,786E+2	1,774E+2	0,000E+0	1,088E+0	1,069E+0	0,000E+0	0	1000
858,194	85,900	124,100	2,100E+2	0,000E+0	1,776E+2	1,783E+2	0,000E+0	1,081E+0	1,073E+0	0,000E+0	0	1000
859,194	86,400	123,400	2,098E+2	0,000E+0	1,781E+2	1,779E+2	0,000E+0	1,080E+0	1,072E+0	0,000E+0	0	0111
860,194	87,500	122,700	2,102E+2	0,000E+0	1,787E+2	1,777E+2	0,000E+0	1,087E+0	1,065E+0	0,000E+0	0	0111
861,194	86,900	123,200	2,101E+2	0,000E+0	1,781E+2	1,777E+2	0,000E+0	1,087E+0	1,074E+0	0,000E+0	0	0111
862,195	86,500	123,500	2,100E+2	0,000E+0	1,778E+2	1,779E+2	0,000E+0	1,081E+0	1,072E+0	0,000E+0	0	0111
863,195	87,600	122,400	2,100E+2	0,000E+0	1,786E+2	1,774E+2	0,000E+0	1,086E+0	1,064E+0	0,000E+0	0	0111
864,196	87,600	122,400	2,100E+2	0,000E+0	1,786E+2	1,774E+2	0,000E+0	1,086E+0	1,064E+0	0,000E+0	0	0111
865,197	87,500	122,600	2,101E+2	0,000E+0	1,789E+2	1,776E+2	0,000E+0	1,089E+0	1,073E+0	0,000E+0	0	0111
866,197	87,000	122,900	2,099E+2	0,000E+0	1,785E+2	1,777E+2	0,000E+0	1,081E+0	1,067E+0	0,000E+0	0	0111
867,198	87,200	122,900	2,101E+2	0,000E+0	1,783E+2	1,777E+2	0,000E+0	1,083E+0	1,068E+0	0,000E+0	0	0111
868,198	86,300	123,100	2,094E+2	0,000E+0	1,782E+2	1,776E+2	0,000E+0	1,076E+0	1,070E+0	0,000E+0	0	0111
869,199	86,700	123,500	2,102E+2	0,000E+0	1,781E+2	1,779E+2	0,000E+0	1,081E+0	1,071E+0	0,000E+0	0	0111
870,199	87,000	123,400	2,104E+2	0,000E+0	1,781E+2	1,776E+2	0,000E+0	1,087E+0	1,074E+0	0,000E+0	0	0111
871,200	86,900	123,300	2,102E+2	0,000E+0	1,780E+2	1,779E+2	0,000E+0	1,087E+0	1,070E+0	0,000E+0	0	0111
872,200	86,400	123,500	2,099E+2	0,000E+0	1,779E+2	1,780E+2	0,000E+0	1,080E+0	1,072E+0	0,000E+0	0	0111
873,200	86,500	123,800	2,103E+2	0,000E+0	1,781E+2	1,781E+2	0,000E+0	1,082E+0	1,076E+0	0,000E+0	0	0111
874,200	87,100	122,600	2,097E+2	0,000E+0	1,784E+2	1,778E+2	0,000E+0	1,084E+0	1,066E+0	0,000E+0	0	0111
875,200	86,800	123,100	2,099E+2	0,000E+0	1,782E+2	1,779E+2	0,000E+0	1,081E+0	1,071E+0	0,000E+0	0	0111
876,201	86,800	123,100	2,099E+2	0,000E+0	1,782E+2	1,779E+2	0,000E+0	1,081E+0	1,071E+0	0,000E+0	0	0111
877,200	87,100	123,000	2,101E+2	0,000E+0	1,785E+2	1,781E+2	0,000E+0	1,084E+0	1,068E+0	0,000E+0	0	0111
878,200	86,500	123,800	2,103E+2	0,000E+0	1,779E+2	1,778E+2	0,000E+0	1,090E+0	1,080E+0	0,000E+0	0	0111
879,201	86,700	123,200	2,099E+2	0,000E+0	1,782E+2	1,779E+2	0,000E+0	1,082E+0	1,073E+0	0,000E+0	0	0111
880,201	87,000	122,800	2,098E+2	0,000E+0	1,783E+2	1,779E+2	0,000E+0	1,082E+0	1,066E+0	0,000E+0	0	0111
881,202	86,200	123,800	2,100E+2	0,000E+0	1,778E+2	1,779E+2	0,000E+0	1,079E+0	1,075E+0	0,000E+0	0	0111
882,201	86,500	123,500	2,100E+2	0,000E+0	1,780E+2	1,777E+2	0,000E+0	1,087E+0	1,075E+0	0,000E+0	0	0111
883,203	87,400	122,700	2,101E+2	0,000E+0	1,786E+2	1,778E+2	0,000E+0	1,083E+0	1,065E+0	0,000E+0	0	0111
884,202	86,100	124,100	2,102E+2	0,000E+0	1,779E+2	1,780E+2	0,000E+0	1,080E+0	1,081E+0	0,000E+0	0	0111
885,203	86,800	123,100	2,099E+2	0,000E+0	1,781E+2	1,779E+2	0,000E+0	1,081E+0	1,071E+0	0,000E+0	0	0111
886,203	86,800	123,100	2,099E+2	0,000E+0	1,781E+2	1,779E+2	0,000E+0	1,081E+0	1,071E+0	0,000E+0	0	0111
887,204	86,800	123,100	2,099E+2	0,000E+0	1,781E+2	1,779E+2	0,000E+0	1,081E+0	1,071E+0	0,000E+0	0	0111
888,205	86,800	123,100	2,099E+2	0,000E+0	1,781E+2	1,779E+2	0,000E+0	1,081E+0	1,071E+0	0,000E+0	0	0111
889,205	86,800	123,100	2,099E+2	0,000E+0	1,781E+2	1,779E+2	0,000E+0	1,081E+0	1,071E+0	0,000E+0	0	0111
890,205	86,700	123,600	2,103E+2	0,000E+0	1,782E+2	1,781E+2	0,000E+0	1,078E+0	1,072E+0	0,000E+0	0	0111
891,205	86,700	123,600	2,103E+2	0,000E+0	1,782E+2	1,781E+2	0,000E+0	1,078E+0	1,072E+0	0,000E+0	0	0111
892,206	86,700	123,600	2,103E+2	0,000E+0	1,782E+2	1,781E+2	0,000E+0	1,078E+0	1,072E+0	0,000E+0	0	0111
893,207	87,900	122,000	2,099E+2	0,000E+0	1,789E+2	1,776E+2	0,000E+0	1,088E+0	1,059E+0	0,000E+0	0	0111
894,207	87,900	122,000	2,099E+2	0,000E+0	1,789E+2	1,776E+2	0,000E+0	1,088E+0	1,059E+0	0,000E+0	0	0111
895,208	85,600	124,400	2,100E+2	0,000E+0	1,779E+2	1,781E+2	0,000E+0	1,075E+0	1,079E+0	0,000E+0	0	0111
896,207	85,600	124,400	2,100E+2	0,000E+0	1,779E+2	1,781E+2	0,000E+0	1,075E+0	1,079E+0	0,000E+0	0	0111
897,209	86,000	124,300	2,103E+2	0,000E+0	1,777E+2	1,779E+2	0,000E+0	1,089E+0	1,084E+0	0,000E+0	0	0111
898,209	86,000	124,300	2,103E+2	0,000E+0	1,777E+2	1,779E+2	0,000E+0	1,089E+0	1,084E+0	0,000E+0	0	0111
899,209	87,200	122,600	2,098E+2	0,000E+0	1,786E+2	1,779E+2	0,000E+0	1,081E+0	1,064E+0	0,000E+0	0	0111
900,210	86,600	123,600	2,102E+2	0,000E+0	1,783E+2	1,779E+2	0,000E+0	1,082E+0	1,073E+0	0,000E+0	0	0111
901,211	87,700	122,400	2,101E+2	0,000E+0	1,788E+2	1,777E+2	0,000E+0	1,087E+0	1,064E+0	0,000E+0	0	0111
