24,010398	19,200001	210,000000	3,100000E-1
0,006949	19,200001	210,000000	3,100000E-1
0,006949	19,200001	210,000000	3,100000E-1
0,006949	19,200001	210,000000	3,100000E-1
0,006949	19,200001	210,000000	3,100000E-1
0,006949	19,200001	210,000000	3,100000E-1
0,006949	19,200001	210,000000	3,100000E-1
0,006949	19,200001	210,000000	3,100000E-1
0,006949	19,299999	210,000000	3,100000E-1
0,006949	19,299999	210,000000	4,958200E-2
0,006949	19,299999	210,000000	4,958200E-2
1,005686	19,299999	210,000000	4,958200E-2
1,005686	19,299999	210,000000	4,958200E-2
1,005686	19,299999	210,000000	5,264262E-2
1,005686	19,299999	210,000000	5,264262E-2
1,005686	19,299999	210,000000	5,570323E-2
1,005686	19,299999	210,000000	5,876385E-2
1,005686	19,299999	210,000000	6,182447E-2
1,005686	19,299999	210,000000	6,182447E-2
1,005686	19,299999	210,000000	6,488509E-2
1,005686	19,299999	210,000000	6,794570E-2
2,006113	19,299999	210,000000	7,100632E-2
2,006113	19,299999	210,000000	7,100632E-2
2,006113	19,299999	210,000000	7,100632E-2
2,006113	19,299999	210,000000	7,100632E-2
2,006113	19,400002	210,000000	7,406694E-2
2,006113	19,400002	210,000000	7,406694E-2
2,006113	19,400002	210,000000	7,710075E-2
2,006113	19,400002	210,000000	8,015977E-2
2,006113	19,400002	210,000000	8,321878E-2
2,006113	19,400002	210,000000	8,321878E-2
3,006552	19,400002	210,000000	8,627779E-2
3,006552	19,400002	210,000000	8,933680E-2
3,006552	19,400002	210,000000	9,239581E-2
3,006552	19,400002	210,000000	9,239581E-2
3,006552	19,400000	210,000000	9,239581E-2
3,006552	19,400000	210,000000	9,545483E-2
3,006552	19,400000	210,000000	9,851384E-2
3,006552	19,400000	210,000000	1,015729E-1
3,006552	19,400000	210,000000	1,046319E-1
3,006552	19,400000	210,000000	1,046319E-1
4,006981	19,400000	210,000000	1,046319E-1
4,006981	19,400000	210,000000	1,076909E-1
4,006981	19,400000	210,000000	1,107499E-1
4,006981	19,400000	210,000000	1,107499E-1
4,006981	19,299999	210,000000	1,138089E-1
4,006981	19,299999	210,000000	1,168947E-1
4,006981	19,299999	210,000000	1,199553E-1
4,006981	19,299999	210,000000	1,230160E-1
4,006981	19,299999	210,000000	1,230160E-1
4,006981	19,299999	210,000000	1,230160E-1
5,007382	19,299999	210,000000	1,230160E-1
5,007382	19,299999	210,000000	1,260766E-1
5,007382	19,299999	210,000000	1,291372E-1
5,007382	19,299999	210,000000	1,321978E-1
5,007382	19,299999	210,000000	1,321978E-1
5,007382	19,200001	210,000000	1,352584E-1
5,007382	19,200001	210,000000	1,352584E-1
5,007382	19,200001	210,000000	1,383458E-1
5,007382	19,200001	210,000000	1,414081E-1
5,007382	19,200001	210,000000	1,444703E-1
6,006804	19,200001	210,000000	1,475325E-1
6,006804	19,200001	210,000000	1,505947E-1
6,006804	19,200001	210,000000	1,536570E-1
6,006804	19,200001	210,000000	1,567192E-1
6,006804	19,200001	210,000000	1,597814E-1
6,006804	19,200001	210,000000	1,628436E-1
6,006804	19,200001	210,000000	1,628436E-1
6,006804	19,299999	210,000000	1,659058E-1
6,006804	19,299999	210,000000	1,659058E-1
6,006804	19,299999	210,000000	1,689413E-1
7,008242	19,299999	210,000000	1,689413E-1
7,008242	19,299999	210,000000	1,720019E-1
7,008242	19,299999	210,000000	1,750625E-1
7,008242	19,299999	210,000000	1,781231E-1
7,008242	19,299999	210,000000	1,811837E-1
7,008242	19,299999	210,000000	1,811837E-1
7,008242	19,299999	210,000000	1,842443E-1
7,008242	19,299999	210,000000	1,873050E-1
7,008242	19,500000	210,000000	1,903120E-1
7,008242	19,500000	210,000000	1,933694E-1
8,007668	19,500000	210,000000	1,964268E-1
8,007668	19,500000	210,000000	1,964268E-1
8,007668	19,500000	210,000000	1,994842E-1
8,007668	19,500000	210,000000	1,994842E-1
8,007668	19,500000	210,000000	2,025416E-1
8,007668	19,500000	210,000000	2,025416E-1
8,007668	19,500000	210,000000	2,055990E-1
8,007668	19,500000	210,000000	2,086564E-1
8,007668	19,400000	210,000000	2,117406E-1
8,007668	19,400000	210,000000	2,147996E-1
8,007668	19,400000	210,000000	2,147996E-1
9,009083	19,400000	210,000000	2,178587E-1
9,009083	19,400000	210,000000	2,209177E-1
9,009083	19,400000	210,000000	2,209177E-1
9,009083	19,400000	210,000000	2,239767E-1
9,009083	19,400000	210,000000	2,270357E-1
9,009083	19,400000	210,000000	2,300947E-1
9,009083	19,400000	210,000000	2,300947E-1
9,009083	19,400000	210,000000	2,331537E-1
9,009083	19,400000	210,000000	2,331537E-1
9,009083	19,100000	210,000000	2,362931E-1
10,009519	19,100000	210,000000	2,362931E-1
10,009519	19,100000	210,000000	2,393570E-1
10,009519	19,100000	210,000000	2,424208E-1
10,009519	19,100000	210,000000	2,454846E-1
10,009519	19,100000	210,000000	2,454846E-1
10,009519	19,100000	210,000000	2,485484E-1
10,009519	19,100000	210,000000	2,516123E-1
10,009519	19,100000	210,000000	2,516123E-1
10,009519	19,400000	210,000000	2,546761E-1
10,009519	19,400000	210,000000	2,576595E-1
11,008939	19,400000	210,000000	2,576595E-1
11,008939	19,400000	210,000000	2,607185E-1
11,008939	19,400000	210,000000	2,607185E-1
11,008939	19,400000	210,000000	2,637775E-1
11,008939	19,400000	210,000000	2,637775E-1
11,008939	19,400000	210,000000	2,668366E-1
11,008939	19,400000	210,000000	2,698956E-1
11,008939	19,400000	210,000000	2,729546E-1
11,008939	19,500000	210,000000	2,759868E-1
12,009386	19,500000	210,000000	2,790442E-1
12,009386	19,500000	210,000000	2,790442E-1
12,009386	19,500000	210,000000	2,821016E-1
12,009386	19,500000	210,000000	2,851590E-1
12,009386	19,500000	210,000000	2,882164E-1
12,009386	19,500000	210,000000	2,912738E-1
12,009386	19,500000	210,000000	2,943312E-1
12,009386	19,500000	210,000000	2,943312E-1
12,009386	19,500000	210,000000	2,973886E-1
12,009386	19,500000	210,000000	3,004460E-1
12,009386	19,500000	210,000000	3,004460E-1
13,008806	19,500000	210,000000	3,035035E-1
13,008806	19,500000	210,000000	3,035035E-1
13,008806	19,500000	210,000000	3,065609E-1
13,008806	19,500000	210,000000	3,096183E-1
13,008806	19,500000	210,000000	3,096183E-1
13,008806	19,500000	210,000000	3,100000E-1
13,008806	19,500000	210,000000	3,100000E-1
13,008806	19,500000	210,000000	3,100000E-1
13,008806	19,500000	210,000000	3,100000E-1
13,008806	19,500000	210,000000	3,100000E-1
14,009206	19,500000	210,000000	3,100000E-1
14,009206	19,500000	210,000000	3,100000E-1
14,009206	19,500000	210,000000	3,100000E-1
14,009206	19,500000	210,000000	3,100000E-1
14,009206	19,200001	210,000000	3,100000E-1
14,009206	19,200001	210,000000	3,100000E-1
14,009206	19,200001	210,000000	3,100000E-1
14,009206	19,200001	210,000000	3,100000E-1
14,009206	19,200001	210,000000	3,100000E-1
14,009206	19,200001	210,000000	3,100000E-1
15,008633	19,200001	210,000000	3,100000E-1
15,008633	19,200001	210,000000	3,100000E-1
15,008633	19,200001	210,000000	3,100000E-1
15,008633	19,200001	210,000000	3,100000E-1
15,008633	19,200001	210,000000	3,100000E-1
15,008633	19,500000	210,000000	3,100000E-1
15,008633	19,500000	210,000000	3,100000E-1
15,008633	19,500000	210,000000	3,100000E-1
15,008633	19,500000	210,000000	3,100000E-1
15,008633	19,500000	210,000000	3,100000E-1
16,010053	19,500000	210,000000	3,100000E-1
16,010053	19,500000	210,000000	3,100000E-1
16,010053	19,500000	210,000000	3,100000E-1
16,010053	19,500000	210,000000	3,100000E-1
16,010053	19,500000	210,000000	3,100000E-1
16,010053	19,500000	210,000000	3,100000E-1
16,010053	19,500000	210,000000	3,100000E-1
16,010053	19,500000	210,000000	3,100000E-1
16,010053	19,500000	210,000000	3,100000E-1
17,010515	19,500000	210,000000	3,100000E-1
17,010515	19,500000	210,000000	3,100000E-1
17,010515	19,500000	210,000000	3,100000E-1
17,010515	19,500000	210,000000	3,100000E-1
17,010515	19,500000	210,000000	3,100000E-1
17,010515	19,500000	210,000000	3,100000E-1
17,010515	19,400000	210,000000	3,100000E-1
17,010515	19,400000	210,000000	3,100000E-1
17,010515	19,400000	210,000000	3,100000E-1
17,010515	19,400000	210,000000	3,100000E-1
18,009997	19,400000	210,000000	3,100000E-1
18,009997	19,400000	210,000000	3,100000E-1
18,009997	19,400000	210,000000	3,100000E-1
18,009997	19,400000	210,000000	3,100000E-1
18,009997	19,400000	210,000000	3,100000E-1
18,009997	19,400000	210,000000	3,100000E-1
18,009997	19,400000	210,000000	3,100000E-1
18,009997	19,400000	210,000000	3,100000E-1
18,009997	19,299999	210,000000	3,100000E-1
18,009997	19,299999	210,000000	3,100000E-1
18,009997	19,299999	210,000000	3,100000E-1
19,010344	19,299999	210,000000	3,100000E-1
19,010344	19,299999	210,000000	3,100000E-1
19,010344	19,299999	210,000000	3,100000E-1
19,010344	19,299999	210,000000	3,100000E-1
19,010344	19,299999	210,000000	3,100000E-1
19,010344	19,299999	210,000000	3,100000E-1
19,010344	19,299999	210,000000	3,100000E-1
19,010344	19,299999	210,000000	3,100000E-1
19,010344	19,400002	210,000000	3,100000E-1
19,010344	19,400002	210,000000	3,100000E-1
20,009780	19,400002	210,000000	3,100000E-1
20,009780	19,400002	210,000000	3,100000E-1
20,009780	19,400002	210,000000	3,100000E-1
20,009780	19,400002	210,000000	3,100000E-1
20,009780	19,400002	210,000000	3,100000E-1
20,009780	19,400002	210,000000	3,100000E-1
20,009780	19,400002	210,000000	3,100000E-1
20,009780	19,400002	210,000000	3,100000E-1
20,009780	19,400000	210,000000	3,100000E-1
20,009780	19,400000	210,000000	3,100000E-1
21,010191	19,400000	210,000000	3,100000E-1
21,010191	19,400000	210,000000	3,100000E-1
21,010191	19,400000	210,000000	3,100000E-1
21,010191	19,400000	210,000000	3,100000E-1
21,010191	19,400000	210,000000	3,100000E-1
21,010191	19,400000	210,000000	3,100000E-1
21,010191	19,400000	210,000000	3,100000E-1
21,010191	19,400000	210,000000	3,100000E-1
21,010191	19,400000	210,000000	3,100000E-1
22,009694	19,400000	210,000000	3,100000E-1
22,009694	19,400000	210,000000	3,100000E-1
22,009694	19,400000	210,000000	3,100000E-1
22,009694	19,400000	210,000000	3,100000E-1
22,009694	19,400000	210,000000	3,100000E-1
22,009694	19,400000	210,000000	3,100000E-1
22,009694	19,400000	210,000000	3,100000E-1
22,009694	19,400000	210,000000	3,100000E-1
22,009694	19,400000	210,000000	3,100000E-1
22,009694	19,400000	210,000000	3,100000E-1
22,009694	19,400000	210,000000	3,100000E-1
23,011021	19,400000	210,000000	3,100000E-1
23,011021	19,400000	210,000000	3,100000E-1
23,011021	19,400000	210,000000	3,100000E-1
23,011021	19,400000	210,000000	3,100000E-1
23,011021	19,400000	210,000000	3,100000E-1
23,011021	19,400000	210,000000	3,100000E-1
23,011021	19,400000	210,000000	3,100000E-1
23,011021	19,400000	210,000000	3,100000E-1
23,011021	19,400000	210,000000	3,100000E-1
23,011021	19,400000	210,000000	3,100000E-1
24,012532	19,299999	210,000000	3,100000E-1
24,012532	19,299999	210,000000	3,100000E-1
24,012532	19,299999	210,000000	3,100000E-1
24,012532	19,299999	210,000000	3,100000E-1
24,012532	19,299999	210,000000	3,100000E-1
24,012532	19,299999	210,000000	3,100000E-1
24,012532	19,299999	210,000000	3,100000E-1
24,012532	19,299999	210,000000	3,100000E-1
24,012532	19,299999	210,000000	3,100000E-1
24,012532	19,299999	210,000000	3,100000E-1
25,011863	19,299999	210,000000	3,100000E-1
25,011863	19,299999	210,000000	3,100000E-1
25,011863	19,299999	210,000000	3,100000E-1
25,011863	19,299999	210,000000	3,100000E-1
25,011863	19,299999	210,000000	3,100000E-1
25,011863	19,299999	210,000000	3,100000E-1
25,011863	19,299999	210,000000	3,100000E-1
25,011863	19,299999	210,000000	3,100000E-1
25,011863	19,299999	210,000000	3,100000E-1
25,011863	19,299999	210,000000	3,100000E-1
26,012380	19,299999	210,000000	3,100000E-1
26,012380	19,400000	210,000000	3,100000E-1
26,012380	19,400000	210,000000	3,100000E-1
26,012380	19,400000	210,000000	3,100000E-1
26,012380	19,400000	210,000000	3,100000E-1
26,012380	19,400000	210,000000	3,100000E-1
26,012380	19,400000	210,000000	3,100000E-1
26,012380	19,400000	210,000000	3,100000E-1
26,012380	19,400000	210,000000	3,100000E-1
26,012380	19,400000	210,000000	3,100000E-1
27,011731	19,400000	210,000000	3,100000E-1
27,011731	19,400000	210,000000	3,100000E-1
27,011731	19,400000	210,000000	3,100000E-1
27,011731	19,400000	210,000000	3,100000E-1
27,011731	19,400000	210,000000	3,100000E-1
27,011731	19,400000	210,000000	3,100000E-1
27,011731	19,400000	210,000000	3,100000E-1
27,011731	19,400000	210,000000	3,100000E-1
27,011731	19,400000	210,000000	3,100000E-1
27,011731	19,400000	210,000000	3,100000E-1
28,012155	19,400000	210,000000	3,100000E-1
28,012155	19,400000	210,000000	3,100000E-1
28,012155	19,400000	210,000000	3,100000E-1
28,012155	19,400000	210,000000	3,100000E-1
28,012155	19,400000	210,000000	3,100000E-1
28,012155	19,400000	210,000000	3,100000E-1
28,012155	19,400000	210,000000	3,100000E-1
28,012155	19,400000	210,000000	3,100000E-1
28,012155	19,400000	210,000000	3,100000E-1
28,012155	19,400000	210,000000	3,100000E-1
29,012558	19,299999	210,000000	3,100000E-1
29,012558	19,299999	210,000000	3,100000E-1
29,012558	19,299999	210,000000	3,100000E-1
29,012558	19,299999	210,000000	3,100000E-1
29,012558	19,299999	210,000000	3,100000E-1
29,012558	19,299999	210,000000	3,100000E-1
29,012558	19,299999	210,000000	3,100000E-1
29,012558	19,299999	210,000000	3,100000E-1
29,012558	19,299999	210,000000	3,100000E-1
29,012558	19,299999	210,000000	3,100000E-1
30,011992	19,299999	210,000000	3,100000E-1
30,011992	19,400000	210,000000	3,100000E-1
30,011992	19,400000	210,000000	3,100000E-1
30,011992	19,400000	210,000000	3,100000E-1
30,011992	19,400000	210,000000	3,100000E-1
30,011992	19,400000	210,000000	3,100000E-1
30,011992	19,400000	210,000000	3,100000E-1
30,011992	19,400000	210,000000	3,100000E-1
30,011992	19,400000	210,000000	3,100000E-1
30,011992	19,400000	210,000000	3,100000E-1
31,012505	19,400000	210,000000	3,100000E-1
31,012505	19,400000	210,000000	3,100000E-1
31,012505	19,400000	210,000000	3,100000E-1
31,012505	19,400000	210,000000	3,100000E-1
31,012505	19,400000	210,000000	3,100000E-1
31,012505	19,400000	210,000000	3,100000E-1
31,012505	19,400000	210,000000	3,100000E-1
31,012505	19,400000	210,000000	3,100000E-1
31,012505	19,400000	210,000000	3,100000E-1
31,012505	19,400000	210,000000	3,100000E-1
32,012827	19,400000	210,000000	3,100000E-1
32,012827	19,400000	210,000000	3,100000E-1
32,012827	19,400000	210,000000	3,100000E-1
32,012827	19,400000	210,000000	3,100000E-1
32,012827	19,400000	210,000000	3,100000E-1
32,012827	19,400000	210,000000	3,100000E-1
32,012827	19,400000	210,000000	3,100000E-1
32,012827	19,400000	210,000000	3,100000E-1
32,012827	19,400000	210,000000	3,100000E-1
32,012827	19,400000	210,000000	3,100000E-1
33,014273	19,400000	210,000000	3,100000E-1
33,014273	19,400000	210,000000	3,100000E-1
33,014273	19,400000	210,000000	3,100000E-1
33,014273	19,400000	210,000000	3,100000E-1
33,014273	19,400000	210,000000	3,100000E-1
33,014273	19,299999	210,000000	3,100000E-1
33,014273	19,299999	210,000000	3,100000E-1
33,014273	19,299999	210,000000	3,100000E-1
33,014273	19,299999	210,000000	3,100000E-1
33,014273	19,299999	210,000000	3,100000E-1
34,013708	19,299999	210,000000	3,100000E-1
34,013708	19,299999	210,000000	3,100000E-1
34,013708	19,299999	210,000000	3,100000E-1
34,013708	19,299999	210,000000	3,100000E-1
34,013708	19,400000	210,000000	3,100000E-1
34,013708	19,400000	210,000000	3,100000E-1
34,013708	19,400000	210,000000	3,100000E-1
34,013708	19,400000	210,000000	3,100000E-1
34,013708	19,400000	210,000000	3,100000E-1
34,013708	19,400000	210,000000	3,100000E-1
35,014123	19,400000	210,000000	3,100000E-1
35,014123	19,400000	210,000000	3,100000E-1
35,014123	19,400000	210,000000	3,100000E-1
35,014123	19,400000	210,000000	3,100000E-1
35,014123	19,400000	210,000000	3,100000E-1
35,014123	19,400000	210,000000	3,100000E-1
35,014123	19,400000	210,000000	3,100000E-1
35,014123	19,400000	210,000000	3,100000E-1
35,014123	19,400000	210,000000	3,100000E-1
35,014123	19,400000	210,000000	3,100000E-1
36,015526	19,400000	210,000000	3,100000E-1
36,015526	19,400000	210,000000	3,100000E-1
36,015526	19,400000	210,000000	3,100000E-1
36,015526	19,400000	210,000000	3,100000E-1
36,015526	19,400000	210,000000	3,100000E-1
36,015526	19,400000	210,000000	3,100000E-1
36,015526	19,400000	210,000000	3,100000E-1
36,015526	19,400000	210,000000	3,100000E-1
36,015526	19,400000	210,000000	3,100000E-1
36,015526	19,400000	210,000000	3,100000E-1
37,015998	19,400000	210,000000	3,100000E-1
37,015998	19,400000	210,000000	3,100000E-1
37,015998	19,400000	210,000000	3,100000E-1
37,015998	19,400000	210,000000	3,100000E-1
37,015998	19,400000	210,000000	3,100000E-1
37,015998	19,400000	210,000000	3,100000E-1
37,015998	19,400000	210,000000	3,100000E-1
37,015998	19,400000	210,000000	3,100000E-1
37,015998	19,299999	210,000000	3,100000E-1
37,015998	19,299999	210,000000	3,100000E-1
38,016406	19,299999	210,000000	3,100000E-1
38,016406	19,299999	210,000000	3,100000E-1
38,016406	19,299999	210,000000	3,100000E-1
38,016406	19,299999	210,000000	3,100000E-1
38,016406	19,299999	210,000000	3,100000E-1
38,016406	19,299999	210,000000	3,100000E-1
38,016406	19,299999	210,000000	3,100000E-1
38,016406	19,299999	210,000000	3,100000E-1
38,016406	19,299999	210,000000	3,100000E-1
38,016406	19,299999	210,000000	3,100000E-1
39,016798	19,299999	210,000000	3,100000E-1
39,016798	19,299999	210,000000	3,100000E-1
39,016798	19,299999	210,000000	3,100000E-1
39,016798	19,299999	210,000000	3,100000E-1
39,016798	19,299999	210,000000	3,100000E-1
39,016798	19,299999	210,000000	3,100000E-1
39,016798	19,299999	210,000000	3,100000E-1
39,016798	19,299999	210,000000	3,100000E-1
39,016798	19,299999	210,000000	3,100000E-1
39,016798	19,299999	210,000000	3,100000E-1
40,017283	19,299999	210,000000	3,100000E-1
40,017283	19,299999	210,000000	3,100000E-1
40,017283	19,299999	210,000000	3,100000E-1
40,017283	19,299999	210,000000	3,100000E-1
40,017283	19,299999	210,000000	3,100000E-1
40,017283	19,299999	210,000000	3,100000E-1
40,017283	19,299999	210,000000	3,100000E-1
40,017283	19,299999	210,000000	3,100000E-1
40,017283	19,400000	210,000000	3,100000E-1
40,017283	19,400000	210,000000	3,100000E-1
41,016678	19,400000	210,000000	3,100000E-1
41,016678	19,400000	210,000000	3,100000E-1
41,016678	19,400000	210,000000	3,100000E-1
41,016678	19,400000	210,000000	3,100000E-1
41,016678	19,400000	210,000000	3,100000E-1
41,016678	19,400000	210,000000	3,100000E-1
41,016678	19,400000	210,000000	3,100000E-1
41,016678	19,400000	210,000000	3,100000E-1
41,016678	19,400000	210,000000	3,100000E-1
41,016678	19,400000	210,000000	3,100000E-1
42,017094	19,400000	210,000000	3,100000E-1
42,017094	19,400002	210,000000	3,100000E-1
42,017094	19,400002	210,000000	3,100000E-1
42,017094	19,400002	210,000000	3,100000E-1
42,017094	19,400002	210,000000	3,100000E-1
42,017094	19,400002	210,000000	3,100000E-1
42,017094	19,400002	210,000000	3,100000E-1
42,017094	19,400002	210,000000	3,100000E-1
42,017094	19,400002	210,000000	3,100000E-1
42,017094	19,400002	210,000000	3,100000E-1
43,018537	19,400002	210,000000	3,100000E-1
43,018537	19,400002	210,000000	3,100000E-1
43,018537	19,400002	210,000000	3,100000E-1
43,018537	19,500000	210,000000	3,100000E-1
43,018537	19,500000	210,000000	3,100000E-1
43,018537	19,500000	210,000000	3,100000E-1
43,018537	19,500000	210,000000	3,100000E-1
43,018537	19,500000	210,000000	3,100000E-1
43,018537	19,500000	210,000000	3,100000E-1
43,018537	19,500000	210,000000	3,100000E-1
44,017979	19,500000	210,000000	3,100000E-1
44,017979	19,500000	210,000000	3,100000E-1
44,017979	19,400000	210,000000	3,100000E-1
44,017979	19,400000	210,000000	3,100000E-1
44,017979	19,400000	210,000000	3,100000E-1
44,017979	19,400000	210,000000	3,100000E-1
44,017979	19,400000	210,000000	3,100000E-1
44,017979	19,400000	210,000000	3,100000E-1
44,017979	19,400000	210,000000	3,100000E-1
44,017979	19,400000	210,000000	3,100000E-1
45,019407	19,400000	210,000000	3,100000E-1
45,019407	19,400000	210,000000	3,100000E-1
45,019407	19,200001	210,000000	3,100000E-1
45,019407	19,200001	210,000000	3,100000E-1
45,019407	19,200001	210,000000	3,100000E-1
45,019407	19,200001	210,000000	3,100000E-1
45,019407	19,200001	210,000000	3,100000E-1
45,019407	19,200001	210,000000	3,100000E-1
45,019407	19,200001	210,000000	3,100000E-1
45,019407	19,200001	210,000000	3,100000E-1
46,018841	19,200001	210,000000	3,100000E-1
46,018841	19,200001	210,000000	3,100000E-1
46,018841	19,299999	210,000000	3,100000E-1
46,018841	19,299999	210,000000	3,100000E-1
46,018841	19,299999	210,000000	3,100000E-1
46,018841	19,299999	210,000000	3,100000E-1
46,018841	19,299999	210,000000	3,100000E-1
46,018841	19,299999	210,000000	3,100000E-1
46,018841	19,299999	210,000000	3,100000E-1
46,018841	19,299999	210,000000	3,100000E-1
47,019223	19,299999	210,000000	3,100000E-1
47,019223	19,299999	210,000000	3,100000E-1
47,019223	19,299999	210,000000	3,100000E-1
47,019223	19,299999	210,000000	3,100000E-1
47,019223	19,299999	210,000000	3,100000E-1
47,019223	19,299999	210,000000	3,100000E-1
47,019223	19,299999	210,000000	3,100000E-1
47,019223	19,500000	210,000000	3,100000E-1
47,019223	19,500000	210,000000	3,100000E-1
47,019223	19,500000	210,000000	3,100000E-1
48,019619	19,500000	210,000000	3,100000E-1
48,019619	19,500000	210,000000	3,100000E-1
48,019619	19,500000	210,000000	3,100000E-1
48,019619	19,500000	210,000000	3,100000E-1
48,019619	19,500000	210,000000	3,100000E-1
48,019619	19,500000	210,000000	3,100000E-1
48,019619	19,500000	210,000000	3,100000E-1
48,019619	19,500000	210,000000	3,100000E-1
48,019619	19,500000	210,000000	3,100000E-1
48,019619	19,500000	210,000000	3,100000E-1
49,020041	19,400000	210,000000	3,100000E-1
49,020041	19,400000	210,000000	3,100000E-1
49,020041	19,400000	210,000000	3,100000E-1
49,020041	19,400000	210,000000	3,100000E-1
49,020041	19,400000	210,000000	3,100000E-1
49,020041	19,400000	210,000000	3,100000E-1
49,020041	19,400000	210,000000	3,100000E-1
49,020041	19,400000	210,000000	3,100000E-1
49,020041	19,299999	210,000000	3,100000E-1
49,020041	19,299999	210,000000	3,100000E-1
50,020526	19,299999	210,000000	3,100000E-1
50,020526	19,299999	210,000000	3,100000E-1
50,020526	19,299999	210,000000	3,100000E-1
50,020526	19,299999	210,000000	3,100000E-1
50,020526	19,299999	210,000000	3,100000E-1
50,020526	19,299999	210,000000	3,100000E-1
50,020526	19,299999	210,000000	3,100000E-1
50,020526	19,299999	210,000000	3,100000E-1
50,020526	19,599998	210,000000	3,100000E-1
50,020526	19,599998	210,000000	3,100000E-1
51,020901	19,599998	210,000000	3,100000E-1
51,020901	19,599998	210,000000	3,100000E-1
51,020901	19,599998	210,000000	3,100000E-1
51,020901	19,599998	210,000000	3,100000E-1
51,020901	19,599998	210,000000	3,100000E-1
51,020901	19,599998	210,000000	3,100000E-1
51,020901	19,599998	210,000000	3,100000E-1
51,020901	19,599998	210,000000	3,100000E-1
51,020901	19,599998	210,000000	3,100000E-1
51,020901	19,599998	210,000000	3,100000E-1
52,021333	19,400000	210,000000	3,100000E-1
52,021333	19,400000	210,000000	3,100000E-1
52,021333	19,400000	210,000000	3,100000E-1
52,021333	19,400000	210,000000	3,100000E-1
52,021333	19,400000	210,000000	3,100000E-1
52,021333	19,400000	210,000000	3,100000E-1
52,021333	19,400000	210,000000	3,100000E-1
52,021333	19,400000	210,000000	3,100000E-1
52,021333	19,400000	210,000000	3,100000E-1
52,021333	19,299999	210,000000	3,100000E-1
53,020783	19,299999	210,000000	3,100000E-1
53,020783	19,299999	210,000000	3,100000E-1
53,020783	19,299999	210,000000	3,100000E-1
53,020783	19,299999	210,000000	3,100000E-1
53,020783	19,299999	210,000000	3,100000E-1
53,020783	19,299999	210,000000	3,100000E-1
53,020783	19,299999	210,000000	3,100000E-1
53,020783	19,299999	210,000000	3,100000E-1
53,020783	19,299999	210,000000	3,100000E-1
53,020783	19,299999	210,000000	3,100000E-1
54,021186	19,299999	210,000000	3,100000E-1
54,021186	19,299999	210,000000	3,100000E-1
54,021186	19,299999	210,000000	3,100000E-1
54,021186	19,400000	210,000000	3,100000E-1
54,021186	19,400000	210,000000	3,100000E-1
54,021186	19,400000	210,000000	3,100000E-1
54,021186	19,400000	210,000000	3,100000E-1
54,021186	19,400000	210,000000	3,100000E-1
54,021186	19,400000	210,000000	3,100000E-1
54,021186	19,400000	210,000000	3,100000E-1
55,020619	19,400000	210,000000	3,100000E-1
55,020619	19,400000	210,000000	3,100000E-1
55,020619	19,400000	210,000000	3,100000E-1
55,020619	19,299999	210,000000	3,100000E-1
55,020619	19,299999	210,000000	3,100000E-1
55,020619	19,299999	210,000000	3,100000E-1
55,020619	19,299999	210,000000	3,100000E-1
55,020619	19,299999	210,000000	3,100000E-1
55,020619	19,299999	210,000000	3,100000E-1
55,020619	19,299999	210,000000	3,100000E-1
56,021039	19,299999	210,000000	3,100000E-1
56,021039	19,299999	210,000000	3,100000E-1
56,021039	19,299999	210,000000	3,100000E-1
56,021039	19,299999	210,000000	3,100000E-1
56,021039	19,400000	210,000000	3,100000E-1
56,021039	19,400000	210,000000	3,100000E-1
56,021039	19,400000	210,000000	3,100000E-1
56,021039	19,400000	210,000000	3,100000E-1
56,021039	19,400000	210,000000	3,100000E-1
56,021039	19,400000	210,000000	3,100000E-1
57,021459	19,400000	210,000000	3,100000E-1
57,021459	19,400000	210,000000	3,100000E-1
57,021459	19,400000	210,000000	3,100000E-1
57,021459	19,500000	210,000000	3,100000E-1
57,021459	19,500000	210,000000	3,100000E-1
57,021459	19,500000	210,000000	3,100000E-1
57,021459	19,500000	210,000000	3,100000E-1
57,021459	19,500000	210,000000	3,100000E-1
57,021459	19,500000	210,000000	3,100000E-1
57,021459	19,500000	210,000000	3,100000E-1
58,020883	19,500000	210,000000	3,100000E-1
58,020883	19,500000	210,000000	3,100000E-1
58,020883	19,500000	210,000000	3,100000E-1
58,020883	19,500000	210,000000	3,100000E-1
58,020883	19,500000	210,000000	3,100000E-1
58,020883	19,400000	210,000000	3,100000E-1
58,020883	19,400000	210,000000	3,100000E-1
58,020883	19,400000	210,000000	3,100000E-1
58,020883	19,400000	210,000000	3,100000E-1
58,020883	19,400000	210,000000	3,100000E-1
59,022316	19,400000	210,000000	3,100000E-1
59,022316	19,400000	210,000000	3,100000E-1
59,022316	19,400000	210,000000	3,100000E-1
59,022316	19,400000	210,000000	3,100000E-1
59,022316	19,400000	210,000000	3,100000E-1
59,022316	19,400000	210,000000	3,100000E-1
59,022316	19,400000	210,000000	3,100000E-1
59,022316	19,400000	210,000000	3,100000E-1
59,022316	19,400000	210,000000	3,100000E-1
59,022316	19,400000	210,000000	3,100000E-1
60,021724	19,400000	210,000000	3,100000E-1
60,021724	19,299999	210,000000	3,100000E-1
60,021724	19,299999	210,000000	3,100000E-1
60,021724	19,299999	210,000000	3,100000E-1
60,021724	19,299999	210,000000	3,100000E-1
60,021724	19,299999	210,000000	3,100000E-1
60,021724	19,299999	210,000000	3,100000E-1
60,021724	19,299999	210,000000	3,100000E-1
60,021724	19,299999	210,000000	3,100000E-1
60,021724	19,299999	210,000000	3,100000E-1
61,022195	19,299999	210,000000	3,100000E-1
61,022195	19,400000	210,000000	3,100000E-1
61,022195	19,400000	210,000000	3,100000E-1
61,022195	19,400000	210,000000	3,100000E-1
61,022195	19,400000	210,000000	3,100000E-1
61,022195	19,400000	210,000000	3,100000E-1
61,022195	19,400000	210,000000	3,100000E-1
61,022195	19,400000	210,000000	3,100000E-1
61,022195	19,400000	210,000000	3,100000E-1
61,022195	19,400000	210,000000	3,100000E-1
62,022582	19,400000	210,000000	3,100000E-1
62,022582	19,500000	210,000000	3,100000E-1
62,022582	19,500000	210,000000	3,100000E-1
62,022582	19,500000	210,000000	3,100000E-1
62,022582	19,500000	210,000000	3,100000E-1
62,022582	19,500000	210,000000	3,100000E-1
62,022582	19,500000	210,000000	3,100000E-1
62,022582	19,500000	210,000000	3,100000E-1
62,022582	19,500000	210,000000	3,100000E-1
62,022582	19,500000	210,000000	3,100000E-1
63,022010	19,500000	210,000000	3,100000E-1
63,022010	19,400000	210,000000	3,100000E-1
63,022010	19,400000	210,000000	3,100000E-1
63,022010	19,400000	210,000000	3,100000E-1
63,022010	19,400000	210,000000	3,100000E-1
63,022010	19,400000	210,000000	3,100000E-1
63,022010	19,400000	210,000000	3,100000E-1
63,022010	19,400000	210,000000	3,100000E-1
63,022010	19,400000	210,000000	3,100000E-1
63,022010	19,400000	210,000000	3,100000E-1
64,022430	19,400000	210,000000	3,100000E-1
64,022430	19,400000	210,000000	3,100000E-1
64,022430	19,400000	210,000000	3,100000E-1
64,022430	19,400000	210,000000	3,100000E-1
64,022430	19,299999	210,000000	3,100000E-1
64,022430	19,299999	210,000000	3,100000E-1
64,022430	19,299999	210,000000	3,100000E-1
64,022430	19,299999	210,000000	3,100000E-1
64,022430	19,299999	210,000000	3,100000E-1
64,022430	19,299999	210,000000	3,100000E-1
65,021859	19,299999	210,000000	3,100000E-1
65,021859	19,299999	210,000000	3,100000E-1
65,021859	19,299999	210,000000	3,100000E-1
65,021859	19,299999	210,000000	3,100000E-1
65,021859	19,299999	210,000000	3,100000E-1
65,021859	19,299999	210,000000	3,100000E-1
65,021859	19,599998	210,000000	3,100000E-1
65,021859	19,599998	210,000000	3,100000E-1
65,021859	19,599998	210,000000	3,100000E-1
65,021859	19,599998	210,000000	3,100000E-1
66,022352	19,599998	210,000000	3,100000E-1
66,022352	19,599998	210,000000	3,100000E-1
66,022352	19,599998	210,000000	3,100000E-1
66,022352	19,599998	210,000000	3,100000E-1
66,022352	19,599998	210,000000	3,100000E-1
66,022352	19,400000	210,000000	3,100000E-1
66,022352	19,400000	210,000000	3,100000E-1
66,022352	19,400000	210,000000	3,100000E-1
66,022352	19,400000	210,000000	3,100000E-1
66,022352	19,400000	210,000000	3,100000E-1
67,021780	19,400000	210,000000	3,100000E-1
67,021780	19,400000	210,000000	3,100000E-1
67,021780	19,400000	210,000000	3,100000E-1
67,021780	19,400000	210,000000	3,100000E-1
67,021780	19,400000	210,000000	3,100000E-1
67,021780	19,299999	210,000000	3,100000E-1
67,021780	19,299999	210,000000	3,100000E-1
67,021780	19,299999	210,000000	3,100000E-1
67,021780	19,299999	210,000000	3,100000E-1
67,021780	19,299999	210,000000	3,100000E-1
68,022202	19,299999	210,000000	3,100000E-1
68,022202	19,299999	210,000000	3,100000E-1
68,022202	19,299999	210,000000	3,100000E-1
68,022202	19,299999	210,000000	3,100000E-1
68,022202	19,299999	210,000000	3,100000E-1
68,022202	19,299999	210,000000	3,100000E-1
68,022202	19,400000	210,000000	3,100000E-1
68,022202	19,400000	210,000000	3,100000E-1
68,022202	19,400000	210,000000	3,100000E-1
68,022202	19,400000	210,000000	3,100000E-1
69,022555	19,400000	210,000000	3,100000E-1
69,022555	19,400000	210,000000	3,100000E-1
69,022555	19,400000	210,000000	3,100000E-1
69,022555	19,400000	210,000000	3,100000E-1
69,022555	19,400000	210,000000	3,100000E-1
69,022555	19,400000	210,000000	3,100000E-1
69,022555	19,400000	210,000000	3,100000E-1
69,022555	19,400000	210,000000	3,100000E-1
69,022555	19,400000	210,000000	3,100000E-1
69,022555	19,400000	210,000000	3,100000E-1
70,021980	19,400000	210,000000	3,100000E-1
70,021980	19,400000	210,000000	3,100000E-1
70,021980	19,400000	210,000000	3,100000E-1
70,021980	19,400000	210,000000	3,100000E-1
70,021980	19,400000	210,000000	3,100000E-1
70,021980	19,400000	210,000000	3,100000E-1
70,021980	19,400000	210,000000	3,100000E-1
70,021980	19,400000	210,000000	3,100000E-1
70,021980	19,400000	210,000000	3,100000E-1
70,021980	19,400000	210,000000	3,100000E-1
71,022439	19,400000	210,000000	3,100000E-1
71,022439	19,400000	210,000000	3,100000E-1
71,022439	19,400000	210,000000	3,100000E-1
71,022439	19,400000	210,000000	3,100000E-1
71,022439	19,400000	210,000000	3,100000E-1
71,022439	19,400000	210,000000	3,100000E-1
71,022439	19,400000	210,000000	3,100000E-1
71,022439	19,400000	210,000000	3,100000E-1
71,022439	19,400000	210,000000	3,100000E-1
71,022439	19,400000	210,000000	3,100000E-1
72,021899	19,500000	210,000000	3,100000E-1
72,021899	19,500000	210,000000	3,100000E-1
72,021899	19,500000	210,000000	3,100000E-1
72,021899	19,500000	210,000000	3,100000E-1
72,021899	19,500000	210,000000	3,100000E-1
72,021899	19,500000	210,000000	3,100000E-1
72,021899	19,500000	210,000000	3,100000E-1
72,021899	19,500000	210,000000	3,100000E-1
72,021899	19,500000	210,000000	3,100000E-1
72,021899	19,500000	210,000000	3,100000E-1
73,022324	19,500000	210,000000	3,100000E-1
73,022324	19,500000	210,000000	3,100000E-1
73,022324	19,500000	210,000000	3,100000E-1
73,022324	19,500000	210,000000	3,100000E-1
73,022324	19,500000	210,000000	3,100000E-1
73,022324	19,500000	210,000000	3,100000E-1
73,022324	19,500000	210,000000	3,100000E-1
73,022324	19,500000	210,000000	3,100000E-1
73,022324	19,500000	210,000000	3,100000E-1
73,022324	19,500000	210,000000	3,100000E-1
74,022740	19,500000	210,000000	3,100000E-1
74,022740	19,500000	210,000000	3,100000E-1
74,022740	19,500000	210,000000	3,100000E-1
74,022740	19,500000	210,000000	3,100000E-1
74,022740	19,500000	210,000000	3,100000E-1
74,022740	19,500000	210,000000	3,100000E-1
74,022740	19,500000	210,000000	3,100000E-1
74,022740	19,500000	210,000000	3,100000E-1
74,022740	19,500000	210,000000	3,100000E-1
74,022740	19,500000	210,000000	3,100000E-1
75,023173	19,500000	210,000000	3,100000E-1
75,023173	19,500000	210,000000	3,100000E-1
75,023173	19,400000	210,000000	3,100000E-1
75,023173	19,400000	210,000000	3,100000E-1
75,023173	19,400000	210,000000	3,100000E-1
75,023173	19,400000	210,000000	3,100000E-1
75,023173	19,400000	210,000000	3,100000E-1
75,023173	19,400000	210,000000	3,100000E-1
75,023173	19,400000	210,000000	3,100000E-1
75,023173	19,400000	210,000000	3,100000E-1
76,024530	19,400000	210,000000	3,100000E-1
76,024530	19,400000	210,000000	3,100000E-1
76,024530	19,400000	210,000000	3,100000E-1
76,024530	19,400000	210,000000	3,100000E-1
76,024530	19,400000	210,000000	3,100000E-1
76,024530	19,400000	210,000000	3,100000E-1
76,024530	19,400000	210,000000	3,100000E-1
76,024530	19,400000	210,000000	3,100000E-1
76,024530	19,400000	210,000000	3,100000E-1
76,024530	19,400000	210,000000	3,100000E-1
77,024927	19,400000	210,000000	3,100000E-1
77,024927	19,400000	210,000000	3,100000E-1
77,024927	19,400000	210,000000	3,100000E-1
77,024927	19,400000	210,000000	3,100000E-1
77,024927	19,400000	210,000000	3,100000E-1
77,024927	19,400000	210,000000	3,100000E-1
77,024927	19,600000	210,000000	3,100000E-1
77,024927	19,600000	210,000000	3,100000E-1
77,024927	19,600000	210,000000	3,100000E-1
77,024927	19,600000	210,000000	3,100000E-1
78,025375	19,600000	210,000000	3,100000E-1
78,025375	19,600000	210,000000	3,100000E-1
78,025375	19,600000	210,000000	3,100000E-1
78,025375	19,600000	210,000000	3,100000E-1
78,025375	19,600000	210,000000	3,100000E-1
78,025375	19,600000	210,000000	3,100000E-1
78,025375	19,400000	210,000000	3,100000E-1
78,025375	19,400000	210,000000	3,100000E-1
78,025375	19,400000	210,000000	3,100000E-1
78,025375	19,400000	210,000000	3,100000E-1
79,024810	19,400000	210,000000	3,100000E-1
79,024810	19,400000	210,000000	3,100000E-1
79,024810	19,400000	210,000000	3,100000E-1
79,024810	19,400000	210,000000	3,100000E-1
79,024810	19,400000	210,000000	3,100000E-1
79,024810	19,400000	210,000000	3,100000E-1
79,024810	19,299999	210,000000	3,100000E-1
79,024810	19,299999	210,000000	3,100000E-1
79,024810	19,299999	210,000000	3,100000E-1
79,024810	19,299999	210,000000	3,100000E-1
80,025201	19,299999	210,000000	3,100000E-1
80,025201	19,299999	210,000000	3,100000E-1
80,025201	19,299999	210,000000	3,100000E-1
80,025201	19,299999	210,000000	3,100000E-1
80,025201	19,299999	210,000000	3,100000E-1
80,025201	19,299999	210,000000	3,100000E-1
80,025201	19,500000	210,000000	3,100000E-1
80,025201	19,500000	210,000000	3,100000E-1
80,025201	19,500000	210,000000	3,100000E-1
80,025201	19,500000	210,000000	3,100000E-1
81,024646	19,500000	210,000000	3,100000E-1
81,024646	19,500000	210,000000	3,100000E-1
81,024646	19,500000	210,000000	3,100000E-1
81,024646	19,500000	210,000000	3,100000E-1
81,024646	19,500000	210,000000	3,100000E-1
81,024646	19,500000	210,000000	3,100000E-1
81,024646	19,500000	210,000000	3,100000E-1
81,024646	19,600000	210,000000	3,100000E-1
81,024646	19,600000	210,000000	3,100000E-1
81,024646	19,600000	210,000000	3,100000E-1
82,025053	19,600000	210,000000	3,100000E-1
82,025053	19,600000	210,000000	3,100000E-1
82,025053	19,600000	210,000000	3,100000E-1
82,025053	19,600000	210,000000	3,100000E-1
82,025053	19,600000	210,000000	3,100000E-1
82,025053	19,600000	210,000000	3,100000E-1
82,025053	19,600000	210,000000	3,100000E-1
82,025053	19,600000	210,000000	3,100000E-1
82,025053	19,600000	210,000000	3,100000E-1
82,025053	19,600000	210,000000	3,100000E-1
83,025491	19,600000	210,000000	3,100000E-1
83,025491	19,299999	210,000000	3,100000E-1
83,025491	19,299999	210,000000	3,100000E-1
83,025491	19,299999	210,000000	3,100000E-1
83,025491	19,299999	210,000000	3,100000E-1
83,025491	19,299999	210,000000	3,100000E-1
83,025491	19,299999	210,000000	3,100000E-1
83,025491	19,299999	210,000000	3,100000E-1
83,025491	19,299999	210,000000	3,100000E-1
83,025491	19,299999	210,000000	3,100000E-1
84,024899	19,299999	210,000000	3,100000E-1
84,024899	19,299999	210,000000	3,100000E-1
84,024899	19,400002	210,000000	3,100000E-1
84,024899	19,400002	210,000000	3,100000E-1
84,024899	19,400002	210,000000	3,100000E-1
84,024899	19,400002	210,000000	3,100000E-1
84,024899	19,400002	210,000000	3,100000E-1
84,024899	19,400002	210,000000	3,100000E-1
84,024899	19,400002	210,000000	3,100000E-1
84,024899	19,400002	210,000000	3,100000E-1
85,025331	19,400002	210,000000	3,100000E-1
85,025331	19,500000	210,000000	3,100000E-1
85,025331	19,500000	210,000000	3,100000E-1
85,025331	19,500000	210,000000	3,100000E-1
85,025331	19,500000	210,000000	3,100000E-1
85,025331	19,500000	210,000000	3,100000E-1
85,025331	19,500000	210,000000	3,100000E-1
85,025331	19,500000	210,000000	3,100000E-1
85,025331	19,500000	210,000000	3,100000E-1
85,025331	19,500000	210,000000	3,100000E-1
86,024805	19,500000	210,000000	3,100000E-1
86,024805	19,400000	210,000000	3,100000E-1
86,024805	19,400000	210,000000	3,100000E-1
86,024805	19,400000	210,000000	3,100000E-1
86,024805	19,400000	210,000000	3,100000E-1
86,024805	19,400000	210,000000	3,100000E-1
86,024805	19,400000	210,000000	3,100000E-1
86,024805	19,400000	210,000000	3,100000E-1
86,024805	19,400000	210,000000	3,100000E-1
86,024805	19,400000	210,000000	3,100000E-1
87,025193	19,400000	210,000000	3,100000E-1
87,025193	19,400000	210,000000	3,100000E-1
87,025193	19,400000	210,000000	3,100000E-1
87,025193	19,400000	210,000000	3,100000E-1
87,025193	19,400000	210,000000	3,100000E-1
87,025193	19,400000	210,000000	3,100000E-1
87,025193	19,400000	210,000000	3,100000E-1
87,025193	19,400000	210,000000	3,100000E-1
87,025193	19,400000	210,000000	3,100000E-1
87,025193	19,400000	210,000000	3,100000E-1
88,024599	19,400000	210,000000	3,100000E-1
88,024599	19,400000	210,000000	3,100000E-1
88,024599	19,400000	210,000000	3,100000E-1
88,024599	19,400000	210,000000	3,100000E-1
88,024599	19,400000	210,000000	3,100000E-1
88,024599	19,400000	210,000000	3,100000E-1
88,024599	19,400000	210,000000	3,100000E-1
88,024599	19,400000	210,000000	3,100000E-1
88,024599	19,400000	210,000000	3,100000E-1
88,024599	19,400000	210,000000	3,100000E-1
89,025039	19,400000	210,000000	3,100000E-1
89,025039	19,500000	210,000000	3,100000E-1
89,025039	19,500000	210,000000	3,100000E-1
89,025039	19,500000	210,000000	3,100000E-1
89,025039	19,500000	210,000000	3,100000E-1
89,025039	19,500000	210,000000	3,100000E-1
89,025039	19,500000	210,000000	3,100000E-1
89,025039	19,500000	210,000000	3,100000E-1
89,025039	19,500000	210,000000	3,100000E-1
89,025039	19,500000	210,000000	3,100000E-1
90,026442	19,500000	210,000000	3,100000E-1
90,026442	19,299999	210,000000	3,100000E-1
90,026442	19,299999	210,000000	3,100000E-1
90,026442	19,299999	210,000000	3,100000E-1
90,026442	19,299999	210,000000	3,100000E-1
90,026442	19,299999	210,000000	3,100000E-1
90,026442	19,299999	210,000000	3,100000E-1
90,026442	19,299999	210,000000	3,100000E-1
90,026442	19,299999	210,000000	3,100000E-1
90,026442	19,299999	210,000000	3,100000E-1
91,025888	19,299999	210,000000	3,100000E-1
91,025888	19,299999	210,000000	3,100000E-1
91,025888	19,299999	210,000000	3,100000E-1
91,025888	19,299999	210,000000	3,100000E-1
91,025888	19,299999	210,000000	3,100000E-1
91,025888	19,299999	210,000000	3,100000E-1
91,025888	19,299999	210,000000	3,100000E-1
91,025888	19,299999	210,000000	3,100000E-1
91,025888	19,299999	210,000000	3,100000E-1
91,025888	19,299999	210,000000	3,100000E-1
92,026348	19,299999	210,000000	3,100000E-1
92,026348	19,400000	210,000000	3,100000E-1
92,026348	19,400000	210,000000	3,100000E-1
92,026348	19,400000	210,000000	3,100000E-1
92,026348	19,400000	210,000000	3,100000E-1
92,026348	19,400000	210,000000	3,100000E-1
92,026348	19,400000	210,000000	3,100000E-1
92,026348	19,400000	210,000000	3,100000E-1
92,026348	19,400000	210,000000	3,100000E-1
92,026348	19,400000	210,000000	3,100000E-1
93,025745	19,400000	210,000000	3,100000E-1
93,025745	19,400000	210,000000	3,100000E-1
93,025745	19,600000	210,000000	3,100000E-1
93,025745	19,600000	210,000000	3,100000E-1
93,025745	19,600000	210,000000	3,100000E-1
93,025745	19,600000	210,000000	3,100000E-1
93,025745	19,600000	210,000000	3,100000E-1
93,025745	19,600000	210,000000	3,100000E-1
93,025745	19,600000	210,000000	3,100000E-1
93,025745	19,600000	210,000000	3,100000E-1
94,026149	19,600000	210,000000	3,100000E-1
94,026149	19,600000	210,000000	3,100000E-1
94,026149	19,600000	210,000000	3,100000E-1
94,026149	19,600000	210,000000	3,100000E-1
94,026149	19,600000	210,000000	3,100000E-1
94,026149	19,600000	210,000000	3,100000E-1
94,026149	19,400000	210,000000	3,100000E-1
94,026149	19,400000	210,000000	3,100000E-1
94,026149	19,400000	210,000000	3,100000E-1
94,026149	19,400000	210,000000	3,100000E-1
95,026659	19,400000	210,000000	3,100000E-1
95,026659	19,400000	210,000000	3,100000E-1
95,026659	19,400000	210,000000	3,100000E-1
95,026659	19,400000	210,000000	3,100000E-1
95,026659	19,400000	210,000000	3,100000E-1
95,026659	19,400000	210,000000	3,100000E-1
95,026659	19,400000	210,000000	3,100000E-1
95,026659	19,400000	210,000000	3,100000E-1
95,026659	19,400000	210,000000	3,100000E-1
95,026659	19,400000	210,000000	3,100000E-1
96,027086	19,400000	210,000000	3,100000E-1
96,027086	19,400000	210,000000	3,100000E-1
96,027086	19,400000	210,000000	3,100000E-1
96,027086	19,400000	210,000000	3,100000E-1
96,027086	19,400000	210,000000	3,100000E-1
96,027086	19,400000	210,000000	3,100000E-1
96,027086	19,400000	210,000000	3,100000E-1
96,027086	19,400000	210,000000	3,100000E-1
96,027086	19,400000	210,000000	3,100000E-1
96,027086	19,400000	210,000000	3,100000E-1
97,027438	19,400000	210,000000	3,100000E-1
97,027438	19,400000	210,000000	3,100000E-1
97,027438	19,400000	210,000000	3,100000E-1
97,027438	19,400000	210,000000	3,100000E-1
97,027438	19,400000	210,000000	3,100000E-1
97,027438	19,400000	210,000000	3,100000E-1
97,027438	19,400002	210,000000	3,100000E-1
97,027438	19,400002	210,000000	3,100000E-1
97,027438	19,400002	210,000000	3,100000E-1
97,027438	19,400002	210,000000	3,100000E-1
98,026859	19,400002	210,000000	3,100000E-1
98,026859	19,400002	210,000000	3,100000E-1
98,026859	19,400002	210,000000	3,100000E-1
98,026859	19,400002	210,000000	3,100000E-1
98,026859	19,400002	210,000000	3,100000E-1
98,026859	19,400002	210,000000	3,100000E-1
98,026859	19,400002	210,000000	3,100000E-1
98,026859	19,400000	210,000000	3,100000E-1
98,026859	19,400000	210,000000	3,100000E-1
98,026859	19,400000	210,000000	3,100000E-1
99,027287	19,400000	210,000000	3,100000E-1
99,027287	19,400000	210,000000	3,100000E-1
99,027287	19,400000	210,000000	3,100000E-1
99,027287	19,400000	210,000000	3,100000E-1
99,027287	19,400000	210,000000	3,100000E-1
99,027287	19,400000	210,000000	3,100000E-1
99,027287	19,400000	210,000000	3,100000E-1
99,027287	19,400000	210,000000	3,100000E-1
99,027287	19,400000	210,000000	3,100000E-1
99,027287	19,400000	210,000000	3,100000E-1
100,026781	19,400000	210,000000	3,100000E-1
100,026781	19,400000	210,000000	3,100000E-1
100,026781	19,400000	210,000000	3,100000E-1
100,026781	19,400000	210,000000	3,100000E-1
100,026781	19,400000	210,000000	3,100000E-1
100,026781	19,400000	210,000000	3,100000E-1
100,026781	19,400000	210,000000	3,100000E-1
100,026781	19,400000	210,000000	3,100000E-1
100,026781	19,400000	210,000000	3,100000E-1
100,026781	19,400000	210,000000	3,100000E-1
101,028133	19,400000	210,000000	3,100000E-1
101,028133	19,400000	210,000000	3,100000E-1
101,028133	19,400000	210,000000	3,100000E-1
101,028133	19,400000	210,000000	3,100000E-1
101,028133	19,400000	210,000000	3,100000E-1
101,028133	19,400000	210,000000	3,100000E-1
101,028133	19,400000	210,000000	3,100000E-1
101,028133	19,400000	210,000000	3,100000E-1
101,028133	19,400000	210,000000	3,100000E-1
101,028133	19,400000	210,000000	3,100000E-1
102,028538	19,400000	210,000000	3,100000E-1
102,028538	19,400002	210,000000	3,100000E-1
102,028538	19,400002	210,000000	3,100000E-1
102,028538	19,400002	210,000000	3,100000E-1
102,028538	19,400002	210,000000	3,100000E-1
102,028538	19,400002	210,000000	3,100000E-1
102,028538	19,400002	210,000000	3,100000E-1
102,028538	19,400002	210,000000	3,100000E-1
102,028538	19,400002	210,000000	3,100000E-1
102,028538	19,400002	210,000000	3,100000E-1
103,027993	19,400002	210,000000	3,100000E-1
103,027993	19,400002	210,000000	3,100000E-1
103,027993	19,400002	210,000000	3,100000E-1
103,027993	19,400002	210,000000	3,100000E-1
103,027993	19,400002	210,000000	3,100000E-1
103,027993	19,400002	210,000000	3,100000E-1
103,027993	19,400002	210,000000	3,100000E-1
103,027993	19,400002	210,000000	3,100000E-1
103,027993	19,400002	210,000000	3,100000E-1
103,027993	19,400002	210,000000	3,100000E-1
104,028396	19,400002	210,000000	3,100000E-1
104,028396	19,400002	210,000000	3,100000E-1
104,028396	19,400002	210,000000	3,100000E-1
104,028396	19,400002	210,000000	3,100000E-1
104,028396	19,600000	210,000000	3,100000E-1
104,028396	19,600000	210,000000	3,100000E-1
104,028396	19,600000	210,000000	3,100000E-1
104,028396	19,600000	210,000000	3,100000E-1
104,028396	19,600000	210,000000	3,100000E-1
104,028396	19,600000	210,000000	3,100000E-1
105,027830	19,600000	210,000000	3,100000E-1
105,027830	19,600000	210,000000	3,100000E-1
105,027830	19,600000	210,000000	3,100000E-1
105,027830	19,600000	210,000000	3,100000E-1
105,027830	19,600000	210,000000	3,100000E-1
105,027830	19,600000	210,000000	3,100000E-1
105,027830	19,400000	210,000000	3,100000E-1
105,027830	19,400000	210,000000	3,100000E-1
105,027830	19,400000	210,000000	3,100000E-1
105,027830	19,400000	210,000000	3,100000E-1
106,028262	19,400000	210,000000	3,100000E-1
106,028262	19,400000	210,000000	3,100000E-1
106,028262	19,400000	210,000000	3,100000E-1
106,028262	19,400000	210,000000	3,100000E-1
106,028262	19,400000	210,000000	3,100000E-1
106,028262	19,400000	210,000000	3,100000E-1
106,028262	19,400000	210,000000	3,100000E-1
106,028262	19,400000	210,000000	3,100000E-1
106,028262	19,400000	210,000000	3,100000E-1
106,028262	19,400000	210,000000	3,100000E-1
107,027686	19,400000	210,000000	3,100000E-1
107,027686	19,400000	210,000000	3,100000E-1
107,027686	19,400000	210,000000	3,100000E-1
107,027686	19,400000	210,000000	3,100000E-1
107,027686	19,400000	210,000000	3,100000E-1
107,027686	19,400000	210,000000	3,100000E-1
107,027686	19,500000	210,000000	3,100000E-1
107,027686	19,500000	210,000000	3,100000E-1
107,027686	19,500000	210,000000	3,100000E-1
107,027686	19,500000	210,000000	3,100000E-1
108,028106	19,500000	210,000000	3,100000E-1
108,028106	19,500000	210,000000	3,100000E-1
108,028106	19,500000	210,000000	3,100000E-1
108,028106	19,500000	210,000000	3,100000E-1
108,028106	19,500000	210,000000	3,100000E-1
108,028106	19,500000	210,000000	3,100000E-1
108,028106	19,500000	210,000000	3,100000E-1
108,028106	19,500000	210,000000	3,100000E-1
108,028106	19,500000	210,000000	3,100000E-1
108,028106	19,500000	210,000000	3,100000E-1
109,028530	19,500000	210,000000	3,100000E-1
109,028530	19,500000	210,000000	3,100000E-1
109,028530	19,500000	210,000000	3,100000E-1
109,028530	19,500000	210,000000	3,100000E-1
109,028530	19,500000	210,000000	3,100000E-1
109,028530	19,500000	210,000000	3,100000E-1
109,028530	19,500000	210,000000	3,100000E-1
109,028530	19,500000	210,000000	3,100000E-1
109,028530	19,400000	210,000000	3,100000E-1
109,028530	19,400000	210,000000	3,100000E-1
110,027934	19,400000	210,000000	3,100000E-1
110,027934	19,400000	210,000000	3,100000E-1
110,027934	19,400000	210,000000	3,100000E-1
110,027934	19,400000	210,000000	3,100000E-1
110,027934	19,400000	210,000000	3,100000E-1
110,027934	19,400000	210,000000	3,100000E-1
110,027934	19,400000	210,000000	3,100000E-1
110,027934	19,400000	210,000000	3,100000E-1
110,027934	19,400000	210,000000	3,100000E-1
110,027934	19,400000	210,000000	3,100000E-1
111,028400	19,400000	210,000000	3,100000E-1
111,028400	19,400000	210,000000	3,100000E-1
111,028400	19,400000	210,000000	3,100000E-1
111,028400	19,400000	210,000000	3,100000E-1
111,028400	19,400000	210,000000	3,100000E-1
111,028400	19,400000	210,000000	3,100000E-1
111,028400	19,400000	210,000000	3,100000E-1
111,028400	19,400000	210,000000	3,100000E-1
111,028400	19,400000	210,000000	3,100000E-1
111,028400	19,400000	210,000000	3,100000E-1
112,027839	19,500000	210,000000	3,100000E-1
112,027839	19,500000	210,000000	3,100000E-1
112,027839	19,500000	210,000000	3,100000E-1
112,027839	19,500000	210,000000	3,100000E-1
112,027839	19,500000	210,000000	3,100000E-1
112,027839	19,500000	210,000000	3,100000E-1
112,027839	19,500000	210,000000	3,100000E-1
112,027839	19,500000	210,000000	3,100000E-1
112,027839	19,500000	210,000000	3,100000E-1
112,027839	19,500000	210,000000	3,100000E-1
113,029227	19,400000	210,000000	3,100000E-1
113,029227	19,400000	210,000000	3,100000E-1
113,029227	19,400000	210,000000	3,100000E-1
113,029227	19,400000	210,000000	3,100000E-1
113,029227	19,400000	210,000000	3,100000E-1
113,029227	19,400000	210,000000	3,100000E-1
113,029227	19,400000	210,000000	3,100000E-1
113,029227	19,400000	210,000000	3,100000E-1
113,029227	19,400000	210,000000	3,100000E-1
113,029227	19,600000	210,000000	3,100000E-1
114,028655	19,600000	210,000000	3,100000E-1
114,028655	19,600000	210,000000	3,100000E-1
114,028655	19,600000	210,000000	3,100000E-1
114,028655	19,600000	210,000000	3,100000E-1
114,028655	19,600000	210,000000	3,100000E-1
114,028655	19,600000	210,000000	3,100000E-1
114,028655	19,600000	210,000000	3,100000E-1
114,028655	19,600000	210,000000	3,100000E-1
114,028655	19,600000	210,000000	3,100000E-1
114,028655	19,600000	210,000000	3,100000E-1
115,029086	19,400000	210,000000	3,100000E-1
115,029086	19,400000	210,000000	3,100000E-1
115,029086	19,400000	210,000000	3,100000E-1
115,029086	19,400000	210,000000	3,100000E-1
115,029086	19,400000	210,000000	3,100000E-1
115,029086	19,400000	210,000000	3,100000E-1
115,029086	19,400000	210,000000	3,100000E-1
115,029086	19,400000	210,000000	3,100000E-1
115,029086	19,400000	210,000000	3,100000E-1
115,029086	19,400000	210,000000	3,100000E-1
116,029480	19,400000	210,000000	3,100000E-1
116,029480	19,400000	210,000000	3,100000E-1
116,029480	19,400000	210,000000	3,100000E-1
116,029480	19,400000	210,000000	3,100000E-1
116,029480	19,400000	210,000000	3,100000E-1
116,029480	19,400000	210,000000	3,100000E-1
116,029480	19,400000	210,000000	3,100000E-1
116,029480	19,400000	210,000000	3,100000E-1
116,029480	19,400000	210,000000	3,100000E-1
116,029480	19,400000	210,000000	3,100000E-1
117,028925	19,400000	210,000000	3,100000E-1
117,028925	19,400000	210,000000	3,100000E-1
117,028925	19,400000	210,000000	3,100000E-1
117,028925	19,400000	210,000000	3,100000E-1
117,028925	19,400000	210,000000	3,100000E-1
117,028925	19,400000	210,000000	3,100000E-1
117,028925	19,400000	210,000000	3,100000E-1
117,028925	19,400000	210,000000	3,100000E-1
117,028925	19,400000	210,000000	3,100000E-1
117,028925	19,400000	210,000000	3,100000E-1
118,029346	19,400000	210,000000	3,100000E-1
118,029346	19,400000	210,000000	3,100000E-1
118,029346	19,500000	210,000000	3,100000E-1
118,029346	19,500000	210,000000	3,100000E-1
118,029346	19,500000	210,000000	3,100000E-1
118,029346	19,500000	210,000000	3,100000E-1
118,029346	19,500000	210,000000	3,100000E-1
118,029346	19,500000	210,000000	3,100000E-1
118,029346	19,500000	210,000000	3,100000E-1
118,029346	19,500000	210,000000	3,100000E-1
119,028814	19,500000	210,000000	3,100000E-1
119,028814	19,500000	210,000000	3,100000E-1
119,028814	19,400000	210,000000	3,100000E-1
119,028814	19,400000	210,000000	3,100000E-1
119,028814	19,400000	210,000000	3,100000E-1
119,028814	19,400000	210,000000	3,100000E-1
119,028814	19,400000	210,000000	3,100000E-1
119,028814	19,400000	210,000000	3,100000E-1
119,028814	19,400000	210,000000	3,100000E-1
119,028814	19,400000	210,000000	3,100000E-1
120,029233	19,400000	210,000000	3,100000E-1
120,029233	19,400000	210,000000	3,100000E-1
120,029233	19,400000	210,000000	3,100000E-1
120,029233	19,400000	210,000000	3,100000E-1
120,029233	19,400000	210,000000	3,100000E-1
120,029233	19,400000	210,000000	3,100000E-1
120,029233	19,400000	210,000000	3,100000E-1
120,029233	19,400000	210,000000	3,100000E-1
120,029233	19,400000	210,000000	3,100000E-1
120,029233	19,400000	210,000000	3,100000E-1
121,029603	19,400000	210,000000	3,100000E-1
121,029603	19,500000	210,000000	3,100000E-1
121,029603	19,500000	210,000000	3,100000E-1
121,029603	19,500000	210,000000	3,100000E-1
121,029603	19,500000	210,000000	3,100000E-1
121,029603	19,500000	210,000000	3,100000E-1
121,029603	19,500000	210,000000	3,100000E-1
121,029603	19,500000	210,000000	3,100000E-1
121,029603	19,500000	210,000000	3,100000E-1
121,029603	19,500000	210,000000	3,100000E-1
122,030118	19,500000	210,000000	3,100000E-1
122,030118	19,500000	210,000000	3,100000E-1
122,030118	19,500000	210,000000	3,100000E-1
122,030118	19,500000	210,000000	3,100000E-1
122,030118	19,500000	210,000000	3,100000E-1
122,030118	19,500000	210,000000	3,100000E-1
122,030118	19,400000	210,000000	3,100000E-1
122,030118	19,400000	210,000000	3,100000E-1
122,030118	19,400000	210,000000	3,100000E-1
122,030118	19,400000	210,000000	3,100000E-1
123,031471	19,400000	210,000000	3,100000E-1
123,031471	19,400000	210,000000	3,100000E-1
123,031471	19,400000	210,000000	3,100000E-1
123,031471	19,400000	210,000000	3,100000E-1
123,031471	19,400000	210,000000	3,100000E-1
123,031471	19,400000	210,000000	3,100000E-1
123,031471	19,400000	210,000000	3,100000E-1
123,031471	19,400000	210,000000	3,100000E-1
123,031471	19,400000	210,000000	3,100000E-1
123,031471	19,400000	210,000000	3,100000E-1
124,030875	19,400000	210,000000	3,100000E-1
124,030875	19,400000	210,000000	3,100000E-1
124,030875	19,400000	210,000000	3,100000E-1
124,030875	19,400000	210,000000	3,100000E-1
124,030875	19,400000	210,000000	3,100000E-1
124,030875	19,400000	210,000000	3,100000E-1
124,030875	19,400000	210,000000	3,100000E-1
124,030875	19,400000	210,000000	3,100000E-1
124,030875	19,400000	210,000000	3,100000E-1
124,030875	19,400000	210,000000	3,100000E-1
125,032356	19,400000	210,000000	3,100000E-1
125,032356	19,400000	210,000000	3,100000E-1
125,032356	19,400000	210,000000	3,100000E-1
125,032356	19,400000	210,000000	3,100000E-1
125,032356	19,400000	210,000000	3,100000E-1
125,032356	19,400000	210,000000	3,100000E-1
125,032356	19,400000	210,000000	3,100000E-1
125,032356	19,400000	210,000000	3,100000E-1
125,032356	19,400000	210,000000	3,100000E-1
125,032356	19,400000	210,000000	3,100000E-1
126,031736	19,400000	210,000000	3,100000E-1
126,031736	19,500000	210,000000	3,100000E-1
126,031736	19,500000	210,000000	3,100000E-1
126,031736	19,500000	210,000000	3,100000E-1
126,031736	19,500000	210,000000	3,100000E-1
126,031736	19,500000	210,000000	3,100000E-1
126,031736	19,500000	210,000000	3,100000E-1
126,031736	19,500000	210,000000	3,100000E-1
126,031736	19,500000	210,000000	3,100000E-1
126,031736	19,500000	210,000000	3,100000E-1
127,032161	19,500000	210,000000	3,100000E-1
127,032161	19,299999	210,000000	3,100000E-1
127,032161	19,299999	210,000000	3,100000E-1
127,032161	19,299999	210,000000	3,100000E-1
127,032161	19,299999	210,000000	3,100000E-1
127,032161	19,299999	210,000000	3,100000E-1
127,032161	19,299999	210,000000	3,100000E-1
127,032161	19,299999	210,000000	3,100000E-1
127,032161	19,299999	210,000000	3,100000E-1
127,032161	19,299999	210,000000	3,100000E-1
128,031613	19,299999	210,000000	3,100000E-1
128,031613	19,299999	210,000000	3,100000E-1
128,031613	19,299999	210,000000	3,100000E-1
128,031613	19,299999	210,000000	3,100000E-1
128,031613	19,299999	210,000000	3,100000E-1
128,031613	19,400002	210,000000	3,100000E-1
128,031613	19,400002	210,000000	3,100000E-1
128,031613	19,400002	210,000000	3,100000E-1
128,031613	19,400002	210,000000	3,100000E-1
128,031613	19,400002	210,000000	3,100000E-1
129,032016	19,400002	210,000000	3,100000E-1
129,032016	19,400002	210,000000	3,100000E-1
129,032016	19,400002	210,000000	3,100000E-1
129,032016	19,400002	210,000000	3,100000E-1
129,032016	19,400002	210,000000	3,100000E-1
129,032016	19,400002	210,000000	3,100000E-1
129,032016	19,600000	210,000000	3,100000E-1
129,032016	19,600000	210,000000	3,100000E-1
129,032016	19,600000	210,000000	3,100000E-1
129,032016	19,600000	210,000000	3,100000E-1
130,032444	19,600000	210,000000	3,100000E-1
130,032444	19,600000	210,000000	3,100000E-1
130,032444	19,600000	210,000000	3,100000E-1
130,032444	19,600000	210,000000	3,100000E-1
130,032444	19,600000	210,000000	3,100000E-1
130,032444	19,600000	210,000000	3,100000E-1
130,032444	19,600000	210,000000	3,100000E-1
130,032444	19,400000	210,000000	3,100000E-1
130,032444	19,400000	210,000000	3,100000E-1
130,032444	19,400000	210,000000	3,100000E-1
131,031848	19,400000	210,000000	3,100000E-1
131,031848	19,400000	210,000000	3,100000E-1
131,031848	19,400000	210,000000	3,100000E-1
131,031848	19,400000	210,000000	3,100000E-1
131,031848	19,400000	210,000000	3,100000E-1
131,031848	19,400000	210,000000	3,100000E-1
131,031848	19,500000	210,000000	3,100000E-1
131,031848	19,500000	210,000000	3,100000E-1
131,031848	19,500000	210,000000	3,100000E-1
131,031848	19,500000	210,000000	3,100000E-1
132,032268	19,500000	210,000000	3,100000E-1
132,032268	19,500000	210,000000	3,100000E-1
132,032268	19,500000	210,000000	3,100000E-1
132,032268	19,500000	210,000000	3,100000E-1
132,032268	19,500000	210,000000	3,100000E-1
132,032268	19,500000	210,000000	3,100000E-1
132,032268	19,500000	210,000000	3,100000E-1
132,032268	19,500000	210,000000	3,100000E-1
132,032268	19,500000	210,000000	3,100000E-1
132,032268	19,500000	210,000000	3,100000E-1
133,031715	19,500000	210,000000	3,100000E-1
133,031715	19,500000	210,000000	3,100000E-1
133,031715	19,500000	210,000000	3,100000E-1
133,031715	19,500000	210,000000	3,100000E-1
133,031715	19,500000	210,000000	3,100000E-1
133,031715	19,500000	210,000000	3,100000E-1
133,031715	19,500000	210,000000	3,100000E-1
133,031715	19,500000	210,000000	3,100000E-1
133,031715	19,500000	210,000000	3,100000E-1
133,031715	19,600000	210,000000	3,100000E-1
134,032139	19,600000	210,000000	3,100000E-1
134,032139	19,600000	210,000000	3,100000E-1
134,032139	19,600000	210,000000	3,100000E-1
134,032139	19,600000	210,000000	3,100000E-1
134,032139	19,600000	210,000000	3,100000E-1
134,032139	19,600000	210,000000	3,100000E-1
134,032139	19,600000	210,000000	3,100000E-1
134,032139	19,600000	210,000000	3,100000E-1
134,032139	19,600000	210,000000	3,100000E-1
134,032139	19,600000	210,000000	3,100000E-1
135,032637	19,600000	210,000000	3,100000E-1
135,032637	19,600000	210,000000	3,100000E-1
135,032637	19,400000	210,000000	3,100000E-1
135,032637	19,400000	210,000000	3,100000E-1
135,032637	19,400000	210,000000	3,100000E-1
135,032637	19,400000	210,000000	3,100000E-1
135,032637	19,400000	210,000000	3,100000E-1
135,032637	19,400000	210,000000	3,100000E-1
135,032637	19,400000	210,000000	3,100000E-1
135,032637	19,400000	210,000000	3,100000E-1
136,031990	19,400000	210,000000	3,100000E-1
136,031990	19,500000	210,000000	3,100000E-1
136,031990	19,500000	210,000000	3,100000E-1
136,031990	19,500000	210,000000	3,100000E-1
136,031990	19,500000	210,000000	3,100000E-1
136,031990	19,500000	210,000000	3,100000E-1
136,031990	19,500000	210,000000	3,100000E-1
136,031990	19,500000	210,000000	3,100000E-1
136,031990	19,500000	210,000000	3,100000E-1
136,031990	19,500000	210,000000	3,100000E-1
137,032413	19,400000	210,000000	3,100000E-1
137,032413	19,400000	210,000000	3,100000E-1
137,032413	19,400000	210,000000	3,100000E-1
137,032413	19,400000	210,000000	3,100000E-1
137,032413	19,400000	210,000000	3,100000E-1
137,032413	19,400000	210,000000	3,100000E-1
137,032413	19,400000	210,000000	3,100000E-1
137,032413	19,400000	210,000000	3,100000E-1
137,032413	19,400000	210,000000	3,100000E-1
137,032413	19,400000	210,000000	3,100000E-1
138,031830	19,400000	210,000000	3,100000E-1
138,031830	19,400000	210,000000	3,100000E-1
138,031830	19,400000	210,000000	3,100000E-1
138,031830	19,400000	210,000000	3,100000E-1
138,031830	19,400000	210,000000	3,100000E-1
138,031830	19,400000	210,000000	3,100000E-1
138,031830	19,400000	210,000000	3,100000E-1
138,031830	19,400000	210,000000	3,100000E-1
138,031830	19,400000	210,000000	3,100000E-1
138,031830	19,400000	210,000000	3,100000E-1
139,032262	19,400000	210,000000	3,100000E-1
139,032262	19,400000	210,000000	3,100000E-1
139,032262	19,400000	210,000000	3,100000E-1
139,032262	19,600000	210,000000	3,100000E-1
139,032262	19,600000	210,000000	3,100000E-1
139,032262	19,600000	210,000000	3,100000E-1
139,032262	19,600000	210,000000	3,100000E-1
139,032262	19,600000	210,000000	3,100000E-1
139,032262	19,600000	210,000000	3,100000E-1
139,032262	19,600000	210,000000	3,100000E-1
140,031682	19,600000	210,000000	3,100000E-1
140,031682	19,600000	210,000000	3,100000E-1
140,031682	19,600000	210,000000	3,100000E-1
140,031682	19,600000	210,000000	3,100000E-1
140,031682	19,600000	210,000000	3,100000E-1
140,031682	19,400000	210,000000	3,100000E-1
140,031682	19,400000	210,000000	3,100000E-1
140,031682	19,400000	210,000000	3,100000E-1
140,031682	19,400000	210,000000	3,100000E-1
140,031682	19,400000	210,000000	3,100000E-1
141,032124	19,400000	210,000000	3,100000E-1
141,032124	19,400000	210,000000	3,100000E-1
141,032124	19,400000	210,000000	3,100000E-1
141,032124	19,400000	210,000000	3,100000E-1
141,032124	19,400000	210,000000	3,100000E-1
141,032124	19,500000	210,000000	3,100000E-1
141,032124	19,500000	210,000000	3,100000E-1
141,032124	19,500000	210,000000	3,100000E-1
141,032124	19,500000	210,000000	3,100000E-1
141,032124	19,500000	210,000000	3,100000E-1
142,032516	19,500000	210,000000	3,100000E-1
142,032516	19,500000	210,000000	3,100000E-1
142,032516	19,500000	210,000000	3,100000E-1
142,032516	19,500000	210,000000	3,100000E-1
142,032516	19,500000	210,000000	3,100000E-1
142,032516	19,500000	210,000000	3,100000E-1
142,032516	19,500000	210,000000	3,100000E-1
142,032516	19,500000	210,000000	3,100000E-1
142,032516	19,500000	210,000000	3,100000E-1
142,032516	19,500000	210,000000	3,100000E-1
143,032938	19,500000	210,000000	3,100000E-1
143,032938	19,500000	210,000000	3,100000E-1
143,032938	19,500000	210,000000	3,100000E-1
143,032938	19,500000	210,000000	3,100000E-1
143,032938	19,500000	210,000000	3,100000E-1
143,032938	19,500000	210,000000	3,100000E-1
143,032938	19,500000	210,000000	3,100000E-1
143,032938	19,500000	210,000000	3,100000E-1
143,032938	19,500000	210,000000	3,100000E-1
143,032938	19,500000	210,000000	3,100000E-1
144,033397	19,500000	210,000000	3,100000E-1
144,033397	19,500000	210,000000	3,100000E-1
144,033397	19,500000	210,000000	3,100000E-1
144,033397	19,500000	210,000000	3,100000E-1
144,033397	19,500000	210,000000	3,100000E-1
144,033397	19,500000	210,000000	3,100000E-1
144,033397	19,500000	210,000000	3,100000E-1
144,033397	19,500000	210,000000	3,100000E-1
144,033397	19,500000	210,000000	3,100000E-1
144,033397	19,299999	210,000000	3,100000E-1
145,032844	19,299999	210,000000	3,100000E-1
145,032844	19,299999	210,000000	3,100000E-1
145,032844	19,299999	210,000000	3,100000E-1
145,032844	19,299999	210,000000	3,100000E-1
145,032844	19,299999	210,000000	3,100000E-1
145,032844	19,299999	210,000000	3,100000E-1
145,032844	19,299999	210,000000	3,100000E-1
145,032844	19,299999	210,000000	3,100000E-1
145,032844	19,299999	210,000000	3,100000E-1
145,032844	19,299999	210,000000	3,100000E-1
146,033309	19,500000	210,000000	3,100000E-1
146,033309	19,500000	210,000000	3,100000E-1
146,033309	19,500000	210,000000	3,100000E-1
146,033309	19,500000	210,000000	3,100000E-1
146,033309	19,500000	210,000000	3,100000E-1
146,033309	19,500000	210,000000	3,100000E-1
146,033309	19,500000	210,000000	3,100000E-1
146,033309	19,500000	210,000000	3,100000E-1
146,033309	19,500000	210,000000	3,100000E-1
146,033309	19,500000	210,000000	3,100000E-1
147,032652	19,500000	210,000000	3,100000E-1
147,032652	19,500000	210,000000	3,100000E-1
147,032652	19,500000	210,000000	3,100000E-1
147,032652	19,500000	210,000000	3,100000E-1
147,032652	19,500000	210,000000	3,100000E-1
147,032652	19,500000	210,000000	3,100000E-1
147,032652	19,500000	210,000000	3,100000E-1
147,032652	19,500000	210,000000	3,100000E-1
147,032652	19,500000	210,000000	3,100000E-1
147,032652	19,500000	210,000000	3,100000E-1
148,033089	19,500000	210,000000	3,100000E-1
148,033089	19,500000	210,000000	3,100000E-1
148,033089	19,500000	210,000000	3,100000E-1
148,033089	19,500000	210,000000	3,100000E-1
148,033089	19,500000	210,000000	3,100000E-1
148,033089	19,500000	210,000000	3,100000E-1
148,033089	19,500000	210,000000	3,100000E-1
148,033089	19,500000	210,000000	3,100000E-1
148,033089	19,500000	210,000000	3,100000E-1
148,033089	19,500000	210,000000	3,100000E-1
149,033503	19,500000	210,000000	3,100000E-1
149,033503	19,500000	210,000000	3,100000E-1
149,033503	19,500000	210,000000	3,100000E-1
149,033503	19,500000	210,000000	3,100000E-1
149,033503	19,500000	210,000000	3,100000E-1
149,033503	19,500000	210,000000	3,100000E-1
149,033503	19,500000	210,000000	3,100000E-1
149,033503	19,500000	210,000000	3,100000E-1
149,033503	19,500000	210,000000	3,100000E-1
149,033503	19,599998	210,000000	3,100000E-1
150,033908	19,599998	210,000000	3,100000E-1
150,033908	19,599998	210,000000	3,100000E-1
150,033908	19,599998	210,000000	3,100000E-1
150,033908	19,599998	210,000000	3,100000E-1
150,033908	19,599998	210,000000	3,100000E-1
150,033908	19,599998	210,000000	3,100000E-1
150,033908	19,599998	210,000000	3,100000E-1
150,033908	19,599998	210,000000	3,100000E-1
150,033908	19,599998	210,000000	3,100000E-1
150,033908	19,599998	210,000000	3,100000E-1
151,035427	19,599998	210,000000	3,100000E-1
151,035427	19,599998	210,000000	3,100000E-1
151,035427	19,599998	210,000000	3,100000E-1
151,035427	19,500000	210,000000	3,100000E-1
151,035427	19,500000	210,000000	3,100000E-1
151,035427	19,500000	210,000000	3,100000E-1
151,035427	19,500000	210,000000	3,100000E-1
151,035427	19,500000	210,000000	3,100000E-1
151,035427	19,500000	210,000000	3,100000E-1
151,035427	19,500000	210,000000	3,100000E-1
152,034786	19,500000	210,000000	3,100000E-1
152,034786	19,500000	210,000000	3,100000E-1
152,034786	19,500000	210,000000	3,100000E-1
152,034786	19,500000	210,000000	3,100000E-1
152,034786	19,500000	210,000000	3,100000E-1
152,034786	19,500000	210,000000	3,100000E-1
152,034786	19,500000	210,000000	3,100000E-1
152,034786	19,500000	210,000000	3,100000E-1
152,034786	19,500000	210,000000	3,100000E-1
152,034786	19,500000	210,000000	3,100000E-1
153,035203	19,500000	210,000000	3,100000E-1
153,035203	19,500000	210,000000	3,100000E-1
153,035203	19,500000	210,000000	3,100000E-1
153,035203	19,500000	210,000000	3,100000E-1
153,035203	19,400000	210,000000	3,100000E-1
153,035203	19,400000	210,000000	3,100000E-1
153,035203	19,400000	210,000000	3,100000E-1
153,035203	19,400000	210,000000	3,100000E-1
153,035203	19,400000	210,000000	3,100000E-1
153,035203	19,400000	210,000000	3,100000E-1
154,034623	19,400000	210,000000	3,100000E-1
154,034623	19,400000	210,000000	3,100000E-1
154,034623	19,400000	210,000000	3,100000E-1
154,034623	19,500000	210,000000	3,100000E-1
154,034623	19,500000	210,000000	3,100000E-1
154,034623	19,500000	210,000000	3,100000E-1
154,034623	19,500000	210,000000	3,100000E-1
154,034623	19,500000	210,000000	3,100000E-1
154,034623	19,500000	210,000000	3,100000E-1
154,034623	19,500000	210,000000	3,100000E-1
155,035052	19,500000	210,000000	3,100000E-1
155,035052	19,500000	210,000000	3,100000E-1
155,035052	19,500000	210,000000	3,100000E-1
155,035052	19,500000	210,000000	3,100000E-1
155,035052	19,500000	210,000000	3,100000E-1
155,035052	19,500000	210,000000	3,100000E-1
155,035052	19,500000	210,000000	3,100000E-1
155,035052	19,500000	210,000000	3,100000E-1
155,035052	19,500000	210,000000	3,100000E-1
155,035052	19,500000	210,000000	3,100000E-1
156,035470	19,500000	210,000000	3,100000E-1
156,035470	19,500000	210,000000	3,100000E-1
156,035470	19,500000	210,000000	3,100000E-1
156,035470	19,500000	210,000000	3,100000E-1
156,035470	19,500000	210,000000	3,100000E-1
156,035470	19,500000	210,000000	3,100000E-1
156,035470	19,500000	210,000000	3,100000E-1
156,035470	19,500000	210,000000	3,100000E-1
156,035470	19,500000	210,000000	3,100000E-1
156,035470	19,500000	210,000000	3,100000E-1
157,034881	19,500000	210,000000	3,100000E-1
157,034881	19,500000	210,000000	3,100000E-1
157,034881	19,500000	210,000000	3,100000E-1
157,034881	19,500000	210,000000	3,100000E-1
157,034881	19,500000	210,000000	3,100000E-1
157,034881	19,500000	210,000000	3,100000E-1
157,034881	19,500000	210,000000	3,100000E-1
157,034881	19,500000	210,000000	3,100000E-1
157,034881	19,500000	210,000000	3,100000E-1
157,034881	19,500000	210,000000	3,100000E-1
158,035340	19,500000	210,000000	3,100000E-1
158,035340	19,500000	210,000000	3,100000E-1
158,035340	19,500000	210,000000	3,100000E-1
158,035340	19,500000	210,000000	3,100000E-1
158,035340	19,500000	210,000000	3,100000E-1
158,035340	19,500000	210,000000	3,100000E-1
158,035340	19,500000	210,000000	3,100000E-1
158,035340	19,400000	210,000000	3,100000E-1
158,035340	19,400000	210,000000	3,100000E-1
158,035340	19,400000	210,000000	3,100000E-1
159,034734	19,400000	210,000000	3,100000E-1
159,034734	19,400000	210,000000	3,100000E-1
159,034734	19,400000	210,000000	3,100000E-1
159,034734	19,400000	210,000000	3,100000E-1
159,034734	19,400000	210,000000	3,100000E-1
159,034734	19,400000	210,000000	3,100000E-1
159,034734	19,400000	210,000000	3,100000E-1
159,034734	19,400000	210,000000	3,100000E-1
159,034734	19,500000	210,000000	3,100000E-1
159,034734	19,500000	210,000000	3,100000E-1
160,036172	19,500000	210,000000	3,100000E-1
160,036172	19,500000	210,000000	3,100000E-1
160,036172	19,500000	210,000000	3,100000E-1
160,036172	19,500000	210,000000	3,100000E-1
160,036172	19,500000	210,000000	3,100000E-1
160,036172	19,500000	210,000000	3,100000E-1
160,036172	19,500000	210,000000	3,100000E-1
160,036172	19,600000	210,000000	3,100000E-1
160,036172	19,600000	210,000000	3,100000E-1
160,036172	19,600000	210,000000	3,100000E-1
161,036573	19,600000	210,000000	3,100000E-1
161,036573	19,600000	210,000000	3,100000E-1
161,036573	19,600000	210,000000	3,100000E-1
161,036573	19,600000	210,000000	3,100000E-1
161,036573	19,600000	210,000000	3,100000E-1
161,036573	19,600000	210,000000	3,100000E-1
161,036573	19,600000	210,000000	3,100000E-1
161,036573	19,600000	210,000000	3,100000E-1
161,036573	19,400002	210,000000	3,100000E-1
161,036573	19,400002	210,000000	3,100000E-1
162,036057	19,400002	210,000000	3,100000E-1
162,036057	19,400002	210,000000	3,100000E-1
162,036057	19,400002	210,000000	3,100000E-1
162,036057	19,400002	210,000000	3,100000E-1
162,036057	19,400002	210,000000	3,100000E-1
162,036057	19,400002	210,000000	3,100000E-1
162,036057	19,400002	210,000000	3,100000E-1
162,036057	19,400002	210,000000	3,100000E-1
162,036057	19,400002	210,000000	3,100000E-1
162,036057	19,400002	210,000000	3,100000E-1
163,037443	19,500000	210,000000	3,100000E-1
163,037443	19,500000	210,000000	3,100000E-1
163,037443	19,500000	210,000000	3,100000E-1
163,037443	19,500000	210,000000	3,100000E-1
163,037443	19,500000	210,000000	3,100000E-1
163,037443	19,500000	210,000000	3,100000E-1
163,037443	19,500000	210,000000	3,100000E-1
163,037443	19,500000	210,000000	3,100000E-1
163,037443	19,500000	210,000000	3,100000E-1
163,037443	19,500000	210,000000	3,100000E-1
164,036910	19,500000	210,000000	3,100000E-1
164,036910	19,500000	210,000000	3,100000E-1
164,036910	19,600000	210,000000	3,100000E-1
164,036910	19,600000	210,000000	3,100000E-1
164,036910	19,600000	210,000000	3,100000E-1
164,036910	19,600000	210,000000	3,100000E-1
164,036910	19,600000	210,000000	3,100000E-1
164,036910	19,600000	210,000000	3,100000E-1
164,036910	19,600000	210,000000	3,100000E-1
164,036910	19,600000	210,000000	3,100000E-1
165,038297	19,600000	210,000000	3,100000E-1
165,038297	19,600000	210,000000	3,100000E-1
165,038297	19,400000	210,000000	3,100000E-1
165,038297	19,400000	210,000000	3,100000E-1
165,038297	19,400000	210,000000	3,100000E-1
165,038297	19,400000	210,000000	3,100000E-1
165,038297	19,400000	210,000000	3,100000E-1
165,038297	19,400000	210,000000	3,100000E-1
165,038297	19,400000	210,000000	3,100000E-1
165,038297	19,400000	210,000000	3,100000E-1
166,037719	19,400000	210,000000	3,100000E-1
166,037719	19,400000	210,000000	3,100000E-1
166,037719	19,299999	210,000000	3,100000E-1
166,037719	19,299999	210,000000	3,100000E-1
166,037719	19,299999	210,000000	3,100000E-1
166,037719	19,299999	210,000000	3,100000E-1
166,037719	19,299999	210,000000	3,100000E-1
166,037719	19,299999	210,000000	3,100000E-1
166,037719	19,299999	210,000000	3,100000E-1
166,037719	19,299999	210,000000	3,100000E-1
167,038136	19,299999	210,000000	3,100000E-1
167,038136	19,299999	210,000000	3,100000E-1
167,038136	19,500000	210,000000	3,100000E-1
167,038136	19,500000	210,000000	3,100000E-1
167,038136	19,500000	210,000000	3,100000E-1
167,038136	19,500000	210,000000	3,100000E-1
167,038136	19,500000	210,000000	3,100000E-1
167,038136	19,500000	210,000000	3,100000E-1
167,038136	19,500000	210,000000	3,100000E-1
167,038136	19,500000	210,000000	3,100000E-1
168,039575	19,500000	210,000000	3,100000E-1
168,039575	19,500000	210,000000	3,100000E-1
168,039575	19,700001	210,000000	3,100000E-1
168,039575	19,700001	210,000000	3,100000E-1
168,039575	19,700001	210,000000	3,100000E-1
168,039575	19,700001	210,000000	3,100000E-1
168,039575	19,700001	210,000000	3,100000E-1
168,039575	19,700001	210,000000	3,100000E-1
168,039575	19,700001	210,000000	3,100000E-1
168,039575	19,700001	210,000000	3,100000E-1
169,038981	19,700001	210,000000	3,100000E-1
169,038981	19,700001	210,000000	3,100000E-1
169,038981	19,700001	210,000000	3,100000E-1
169,038981	19,700001	210,000000	3,100000E-1
169,038981	19,700001	210,000000	3,100000E-1
169,038981	19,700001	210,000000	3,100000E-1
169,038981	19,400000	210,000000	3,100000E-1
169,038981	19,400000	210,000000	3,100000E-1
169,038981	19,400000	210,000000	3,100000E-1
169,038981	19,400000	210,000000	3,100000E-1
170,039494	19,400000	210,000000	3,100000E-1
170,039494	19,400000	210,000000	3,100000E-1
170,039494	19,400000	210,000000	3,100000E-1
170,039494	19,400000	210,000000	3,100000E-1
170,039494	19,400000	210,000000	3,100000E-1
170,039494	19,400000	210,000000	3,100000E-1
170,039494	19,400002	210,000000	3,100000E-1
170,039494	19,400002	210,000000	3,100000E-1
170,039494	19,400002	210,000000	3,100000E-1
170,039494	19,400002	210,000000	3,100000E-1
171,038847	19,400002	210,000000	3,100000E-1
171,038847	19,400002	210,000000	3,100000E-1
171,038847	19,400002	210,000000	3,100000E-1
171,038847	19,400002	210,000000	3,100000E-1
171,038847	19,400002	210,000000	3,100000E-1
171,038847	19,400002	210,000000	3,100000E-1
171,038847	19,599998	210,000000	3,100000E-1
171,038847	19,599998	210,000000	3,100000E-1
171,038847	19,599998	210,000000	3,100000E-1
171,038847	19,599998	210,000000	3,100000E-1
172,040261	19,599998	210,000000	3,100000E-1
172,040261	19,599998	210,000000	3,100000E-1
172,040261	19,599998	210,000000	3,100000E-1
172,040261	19,599998	210,000000	3,100000E-1
172,040261	19,599998	210,000000	3,100000E-1
172,040261	19,599998	210,000000	3,100000E-1
172,040261	19,599998	210,000000	3,100000E-1
172,040261	19,500000	210,000000	3,100000E-1
172,040261	19,500000	210,000000	3,100000E-1
172,040261	19,500000	210,000000	3,100000E-1
173,039687	19,500000	210,000000	3,100000E-1
173,039687	19,500000	210,000000	3,100000E-1
173,039687	19,500000	210,000000	3,100000E-1
173,039687	19,500000	210,000000	3,100000E-1
173,039687	19,500000	210,000000	3,100000E-1
173,039687	19,500000	210,000000	3,100000E-1
173,039687	19,500000	210,000000	3,100000E-1
173,039687	19,500000	210,000000	3,100000E-1
173,039687	19,500000	210,000000	3,100000E-1
173,039687	19,500000	210,000000	3,100000E-1
174,040112	19,500000	210,000000	3,100000E-1
174,040112	19,500000	210,000000	3,100000E-1
174,040112	19,500000	210,000000	3,100000E-1
174,040112	19,500000	210,000000	3,100000E-1
174,040112	19,500000	210,000000	3,100000E-1
174,040112	19,500000	210,000000	3,100000E-1
174,040112	19,500000	210,000000	3,100000E-1
174,040112	19,500000	210,000000	3,100000E-1
174,040112	19,500000	210,000000	3,100000E-1
174,040112	19,500000	210,000000	3,100000E-1
175,040582	19,500000	210,000000	3,100000E-1
175,040582	19,500000	210,000000	3,100000E-1
175,040582	19,500000	210,000000	3,100000E-1
175,040582	19,500000	210,000000	3,100000E-1
175,040582	19,500000	210,000000	3,100000E-1
175,040582	19,500000	210,000000	3,100000E-1
175,040582	19,500000	210,000000	3,100000E-1
175,040582	19,500000	210,000000	3,100000E-1
175,040582	19,500000	210,000000	3,100000E-1
175,040582	19,500000	210,000000	3,100000E-1
176,039998	19,500000	210,000000	3,100000E-1
176,039998	19,500000	210,000000	3,100000E-1
176,039998	19,500000	210,000000	3,100000E-1
176,039998	19,500000	210,000000	3,100000E-1
176,039998	19,500000	210,000000	3,100000E-1
176,039998	19,500000	210,000000	3,100000E-1
176,039998	19,500000	210,000000	3,100000E-1
176,039998	19,500000	210,000000	3,100000E-1
176,039998	19,500000	210,000000	3,100000E-1
176,039998	19,500000	210,000000	3,100000E-1
177,041391	19,500000	210,000000	3,100000E-1
177,041391	19,500000	210,000000	3,100000E-1
177,041391	19,500000	210,000000	3,100000E-1
177,041391	19,500000	210,000000	3,100000E-1
177,041391	19,400000	210,000000	3,100000E-1
177,041391	19,400000	210,000000	3,100000E-1
177,041391	19,400000	210,000000	3,100000E-1
177,041391	19,400000	210,000000	3,100000E-1
177,041391	19,400000	210,000000	3,100000E-1
177,041391	19,400000	210,000000	3,100000E-1
178,040800	19,400000	210,000000	3,100000E-1
178,040800	19,400000	210,000000	3,100000E-1
178,040800	19,400000	210,000000	3,100000E-1
178,040800	19,500000	210,000000	3,100000E-1
178,040800	19,500000	210,000000	3,100000E-1
178,040800	19,500000	210,000000	3,100000E-1
178,040800	19,500000	210,000000	3,100000E-1
178,040800	19,500000	210,000000	3,100000E-1
178,040800	19,500000	210,000000	3,100000E-1
178,040800	19,500000	210,000000	3,100000E-1
179,041243	19,500000	210,000000	3,100000E-1
179,041243	19,500000	210,000000	3,100000E-1
179,041243	19,500000	210,000000	3,100000E-1
179,041243	19,500000	210,000000	3,100000E-1
179,041243	19,599998	210,000000	3,100000E-1
179,041243	19,599998	210,000000	3,100000E-1
179,041243	19,599998	210,000000	3,100000E-1
179,041243	19,599998	210,000000	3,100000E-1
179,041243	19,599998	210,000000	3,100000E-1
179,041243	19,599998	210,000000	3,100000E-1
180,041651	19,599998	210,000000	3,100000E-1
180,041651	19,599998	210,000000	3,100000E-1
180,041651	19,599998	210,000000	3,100000E-1
180,041651	19,599998	210,000000	3,100000E-1
180,041651	19,600000	210,000000	3,100000E-1
180,041651	19,600000	210,000000	3,100000E-1
180,041651	19,600000	210,000000	3,100000E-1
180,041651	19,600000	210,000000	3,100000E-1
180,041651	19,600000	210,000000	3,100000E-1
180,041651	19,600000	210,000000	3,100000E-1
181,042074	19,600000	210,000000	3,100000E-1
181,042074	19,600000	210,000000	3,100000E-1
181,042074	19,600000	210,000000	3,100000E-1
181,042074	19,600000	210,000000	3,100000E-1
181,042074	19,600000	210,000000	3,100000E-1
181,042074	19,600000	210,000000	3,100000E-1
181,042074	19,600000	210,000000	3,100000E-1
181,042074	19,600000	210,000000	3,100000E-1
181,042074	19,500000	210,000000	3,100000E-1
181,042074	19,500000	210,000000	3,100000E-1
182,042582	19,500000	210,000000	3,100000E-1
182,042582	19,500000	210,000000	3,100000E-1
182,042582	19,500000	210,000000	3,100000E-1
182,042582	19,500000	210,000000	3,100000E-1
182,042582	19,500000	210,000000	3,100000E-1
182,042582	19,500000	210,000000	3,100000E-1
182,042582	19,500000	210,000000	3,100000E-1
182,042582	19,500000	210,000000	3,100000E-1
182,042582	19,400000	210,000000	3,100000E-1
182,042582	19,400000	210,000000	3,100000E-1
183,042947	19,400000	210,000000	3,100000E-1
183,042947	19,400000	210,000000	3,100000E-1
183,042947	19,400000	210,000000	3,100000E-1
183,042947	19,400000	210,000000	3,100000E-1
183,042947	19,400000	210,000000	3,100000E-1
183,042947	19,400000	210,000000	3,100000E-1
183,042947	19,400000	210,000000	3,100000E-1
183,042947	19,400000	210,000000	3,100000E-1
183,042947	19,400000	210,000000	3,100000E-1
183,042947	19,400000	210,000000	3,100000E-1
184,043435	19,400000	210,000000	3,100000E-1
184,043435	19,400000	210,000000	3,100000E-1
184,043435	19,400000	210,000000	3,100000E-1
184,043435	19,400000	210,000000	3,100000E-1
184,043435	19,400000	210,000000	3,100000E-1
184,043435	19,400000	210,000000	3,100000E-1
184,043435	19,400000	210,000000	3,100000E-1
184,043435	19,400000	210,000000	3,100000E-1
184,043435	19,500000	210,000000	3,100000E-1
184,043435	19,500000	210,000000	3,100000E-1
185,042818	19,500000	210,000000	3,100000E-1
185,042818	19,500000	210,000000	3,100000E-1
185,042818	19,500000	210,000000	3,100000E-1
185,042818	19,500000	210,000000	3,100000E-1
185,042818	19,500000	210,000000	3,100000E-1
185,042818	19,500000	210,000000	3,100000E-1
185,042818	19,500000	210,000000	3,100000E-1
185,042818	19,500000	210,000000	3,100000E-1
185,042818	19,500000	210,000000	3,100000E-1
185,042818	19,500000	210,000000	3,100000E-1
186,043185	19,500000	210,000000	3,100000E-1
186,043185	19,400002	210,000000	3,100000E-1
186,043185	19,400002	210,000000	3,100000E-1
186,043185	19,400002	210,000000	3,100000E-1
186,043185	19,400002	210,000000	3,100000E-1
186,043185	19,400002	210,000000	3,100000E-1
186,043185	19,400002	210,000000	3,100000E-1
186,043185	19,400002	210,000000	3,100000E-1
186,043185	19,400002	210,000000	3,100000E-1
186,043185	19,400002	210,000000	3,100000E-1
187,042633	19,400002	210,000000	3,100000E-1
187,042633	19,400002	210,000000	3,100000E-1
187,042633	19,400002	210,000000	3,100000E-1
187,042633	19,500000	210,000000	3,100000E-1
187,042633	19,500000	210,000000	3,100000E-1
187,042633	19,500000	210,000000	3,100000E-1
187,042633	19,500000	210,000000	3,100000E-1
187,042633	19,500000	210,000000	3,100000E-1
187,042633	19,500000	210,000000	3,100000E-1
187,042633	19,500000	210,000000	3,100000E-1
188,043035	19,500000	210,000000	3,100000E-1
188,043035	19,500000	210,000000	3,100000E-1
188,043035	19,500000	210,000000	3,100000E-1
188,043035	19,500000	210,000000	3,100000E-1
188,043035	19,500000	210,000000	3,100000E-1
188,043035	19,500000	210,000000	3,100000E-1
188,043035	19,500000	210,000000	3,100000E-1
188,043035	19,500000	210,000000	3,100000E-1
188,043035	19,500000	210,000000	3,100000E-1
188,043035	19,500000	210,000000	3,100000E-1
189,043458	19,500000	210,000000	3,100000E-1
189,043458	19,500000	210,000000	3,100000E-1
189,043458	19,500000	210,000000	3,100000E-1
189,043458	19,500000	210,000000	3,100000E-1
189,043458	19,500000	210,000000	3,100000E-1
189,043458	19,500000	210,000000	3,100000E-1
189,043458	19,500000	210,000000	3,100000E-1
189,043458	19,500000	210,000000	3,100000E-1
189,043458	19,500000	210,000000	3,100000E-1
189,043458	19,500000	210,000000	3,100000E-1
190,043900	19,500000	210,000000	3,100000E-1
190,043900	19,500000	210,000000	3,100000E-1
190,043900	19,500000	210,000000	3,100000E-1
190,043900	19,500000	210,000000	3,100000E-1
190,043900	19,500000	210,000000	3,100000E-1
190,043900	19,500000	210,000000	3,100000E-1
190,043900	19,500000	210,000000	3,100000E-1
190,043900	19,500000	210,000000	3,100000E-1
190,043900	19,500000	210,000000	3,100000E-1
190,043900	19,500000	210,000000	3,100000E-1
191,044328	19,500000	210,000000	3,100000E-1
191,044328	19,500000	210,000000	3,100000E-1
191,044328	19,500000	210,000000	3,100000E-1
191,044328	19,500000	210,000000	3,100000E-1
191,044328	19,500000	210,000000	3,100000E-1
191,044328	19,500000	210,000000	3,100000E-1
191,044328	19,500000	210,000000	3,100000E-1
191,044328	19,500000	210,000000	3,100000E-1
191,044328	19,500000	210,000000	3,100000E-1
191,044328	19,500000	210,000000	3,100000E-1
192,043750	19,500000	210,000000	3,100000E-1
192,043750	19,500000	210,000000	3,100000E-1
192,043750	19,500000	210,000000	3,100000E-1
192,043750	19,500000	210,000000	3,100000E-1
192,043750	19,500000	210,000000	3,100000E-1
192,043750	19,500000	210,000000	3,100000E-1
192,043750	19,500000	210,000000	3,100000E-1
192,043750	19,500000	210,000000	3,100000E-1
192,043750	19,600000	210,000000	3,100000E-1
192,043750	19,600000	210,000000	3,100000E-1
193,045180	19,600000	210,000000	3,100000E-1
193,045180	19,600000	210,000000	3,100000E-1
193,045180	19,600000	210,000000	3,100000E-1
193,045180	19,600000	210,000000	3,100000E-1
193,045180	19,600000	210,000000	3,100000E-1
193,045180	19,600000	210,000000	3,100000E-1
193,045180	19,600000	210,000000	3,100000E-1
193,045180	19,600000	210,000000	3,100000E-1
193,045180	19,600000	210,000000	3,100000E-1
193,045180	19,600000	210,000000	3,100000E-1
194,044681	19,600000	210,000000	3,100000E-1
194,044681	19,600000	210,000000	3,100000E-1
194,044681	19,600000	210,000000	3,100000E-1
194,044681	19,600000	210,000000	3,100000E-1
194,044681	19,600000	210,000000	3,100000E-1
194,044681	19,600000	210,000000	3,100000E-1
194,044681	19,600000	210,000000	3,100000E-1
194,044681	19,600000	210,000000	3,100000E-1
194,044681	19,600000	210,000000	3,100000E-1
194,044681	19,600000	210,000000	3,100000E-1
195,045006	19,600000	210,000000	3,100000E-1
195,045006	19,600000	210,000000	3,100000E-1
195,045006	19,600000	210,000000	3,100000E-1
195,045006	19,600000	210,000000	3,100000E-1
195,045006	19,600000	210,000000	3,100000E-1
195,045006	19,600000	210,000000	3,100000E-1
195,045006	19,600000	210,000000	3,100000E-1
195,045006	19,600000	210,000000	3,100000E-1
195,045006	19,500000	210,000000	3,100000E-1
195,045006	19,500000	210,000000	3,100000E-1
196,045490	19,500000	210,000000	3,100000E-1
196,045490	19,500000	210,000000	3,100000E-1
196,045490	19,500000	210,000000	3,100000E-1
196,045490	19,500000	210,000000	3,100000E-1
196,045490	19,500000	210,000000	3,100000E-1
196,045490	19,500000	210,000000	3,100000E-1
196,045490	19,500000	210,000000	3,100000E-1
196,045490	19,500000	210,000000	3,100000E-1
196,045490	19,500000	210,000000	3,100000E-1
196,045490	19,500000	210,000000	3,100000E-1
197,044948	19,500000	210,000000	3,100000E-1
197,044948	19,600000	210,000000	3,100000E-1
197,044948	19,600000	210,000000	3,100000E-1
197,044948	19,600000	210,000000	3,100000E-1
197,044948	19,600000	210,000000	3,100000E-1
197,044948	19,600000	210,000000	3,100000E-1
197,044948	19,600000	210,000000	3,100000E-1
197,044948	19,600000	210,000000	3,100000E-1
197,044948	19,600000	210,000000	3,100000E-1
197,044948	19,600000	210,000000	3,100000E-1
198,045277	19,600000	210,000000	3,100000E-1
198,045277	19,600000	210,000000	3,100000E-1
198,045277	19,400000	210,000000	3,100000E-1
198,045277	19,400000	210,000000	3,100000E-1
198,045277	19,400000	210,000000	3,100000E-1
198,045277	19,400000	210,000000	3,100000E-1
198,045277	19,400000	210,000000	3,100000E-1
198,045277	19,400000	210,000000	3,100000E-1
198,045277	19,400000	210,000000	3,100000E-1
198,045277	19,400000	210,000000	3,100000E-1
199,044721	19,400000	210,000000	3,100000E-1
199,044721	19,400000	210,000000	3,100000E-1
199,044721	19,400000	210,000000	3,100000E-1
199,044721	19,400000	210,000000	3,100000E-1
199,044721	19,400000	210,000000	3,100000E-1
199,044721	19,400000	210,000000	3,100000E-1
199,044721	19,400000	210,000000	3,100000E-1
199,044721	19,400000	210,000000	3,100000E-1
199,044721	19,400000	210,000000	3,100000E-1
199,044721	19,400000	210,000000	3,100000E-1
200,045126	19,400000	210,000000	3,100000E-1
200,045126	19,500000	210,000000	3,100000E-1
200,045126	19,500000	210,000000	3,100000E-1
200,045126	19,500000	210,000000	3,100000E-1
200,045126	19,500000	210,000000	3,100000E-1
200,045126	19,500000	210,000000	3,100000E-1
200,045126	19,500000	210,000000	3,100000E-1
200,045126	19,500000	210,000000	3,100000E-1
200,045126	19,500000	210,000000	3,100000E-1
200,045126	19,500000	210,000000	3,100000E-1
201,045568	19,500000	210,000000	3,100000E-1
201,045568	19,500000	210,000000	3,100000E-1
201,045568	19,500000	210,000000	3,100000E-1
201,045568	19,700001	210,000000	3,100000E-1
201,045568	19,700001	210,000000	3,100000E-1
201,045568	19,700001	210,000000	3,100000E-1
201,045568	19,700001	210,000000	3,100000E-1
201,045568	19,700001	210,000000	3,100000E-1
201,045568	19,700001	210,000000	3,100000E-1
201,045568	19,700001	210,000000	3,100000E-1
202,045031	19,700001	210,000000	3,100000E-1
202,045031	19,700001	210,000000	3,100000E-1
202,045031	19,700001	210,000000	3,100000E-1
202,045031	19,700001	210,000000	3,100000E-1
202,045031	19,700001	210,000000	3,100000E-1
202,045031	19,500000	210,000000	3,100000E-1
202,045031	19,500000	210,000000	3,100000E-1
202,045031	19,500000	210,000000	3,100000E-1
202,045031	19,500000	210,000000	3,100000E-1
202,045031	19,500000	210,000000	3,100000E-1
203,045420	19,500000	210,000000	3,100000E-1
203,045420	19,500000	210,000000	3,100000E-1
203,045420	19,500000	210,000000	3,100000E-1
203,045420	19,500000	210,000000	3,100000E-1
203,045420	19,500000	210,000000	3,100000E-1
203,045420	19,500000	210,000000	3,100000E-1
203,045420	19,599998	210,000000	3,100000E-1
203,045420	19,599998	210,000000	3,100000E-1
203,045420	19,599998	210,000000	3,100000E-1
203,045420	19,599998	210,000000	3,100000E-1
204,044845	19,599998	210,000000	3,100000E-1
204,044845	19,599998	210,000000	3,100000E-1
204,044845	19,599998	210,000000	3,100000E-1
204,044845	19,599998	210,000000	3,100000E-1
204,044845	19,599998	210,000000	3,100000E-1
204,044845	19,599998	210,000000	3,100000E-1
204,044845	19,600000	210,000000	3,100000E-1
204,044845	19,600000	210,000000	3,100000E-1
204,044845	19,600000	210,000000	3,100000E-1
204,044845	19,600000	210,000000	3,100000E-1
205,045265	19,600000	210,000000	3,100000E-1
205,045265	19,600000	210,000000	3,100000E-1
205,045265	19,600000	210,000000	3,100000E-1
205,045265	19,600000	210,000000	3,100000E-1
205,045265	19,600000	210,000000	3,100000E-1
205,045265	19,600000	210,000000	3,100000E-1
205,045265	19,400000	210,000000	3,100000E-1
205,045265	19,400000	210,000000	3,100000E-1
205,045265	19,400000	210,000000	3,100000E-1
205,045265	19,400000	210,000000	3,100000E-1
206,044729	19,400000	210,000000	3,100000E-1
206,044729	19,400000	210,000000	3,100000E-1
206,044729	19,400000	210,000000	3,100000E-1
206,044729	19,400000	210,000000	3,100000E-1
206,044729	19,400000	210,000000	3,100000E-1
206,044729	19,400000	210,000000	3,100000E-1
206,044729	19,400000	210,000000	3,100000E-1
206,044729	19,400000	210,000000	3,100000E-1
206,044729	19,400000	210,000000	3,100000E-1
206,044729	19,400000	210,000000	3,100000E-1
207,045117	19,400000	210,000000	3,100000E-1
207,045117	19,400000	210,000000	3,100000E-1
207,045117	19,400000	210,000000	3,100000E-1
207,045117	19,400000	210,000000	3,100000E-1
207,045117	19,400000	210,000000	3,100000E-1
207,045117	19,400000	210,000000	3,100000E-1
207,045117	19,400000	210,000000	3,100000E-1
207,045117	19,400000	210,000000	3,100000E-1
207,045117	19,400000	210,000000	3,100000E-1
207,045117	19,400000	210,000000	3,100000E-1
208,046555	19,600000	210,000000	3,100000E-1
208,046555	19,600000	210,000000	3,100000E-1
208,046555	19,600000	210,000000	3,100000E-1
208,046555	19,600000	210,000000	3,100000E-1
208,046555	19,600000	210,000000	3,100000E-1
208,046555	19,600000	210,000000	3,100000E-1
208,046555	19,600000	210,000000	3,100000E-1
208,046555	19,600000	210,000000	3,100000E-1
208,046555	19,600000	210,000000	3,100000E-1
208,046555	19,600000	210,000000	3,100000E-1
209,045967	19,600000	210,000000	3,100000E-1
209,045967	19,599998	210,000000	3,100000E-1
209,045967	19,599998	210,000000	3,100000E-1
209,045967	19,599998	210,000000	3,100000E-1
209,045967	19,599998	210,000000	3,100000E-1
209,045967	19,599998	210,000000	3,100000E-1
209,045967	19,599998	210,000000	3,100000E-1
209,045967	19,599998	210,000000	3,100000E-1
209,045967	19,599998	210,000000	3,100000E-1
209,045967	19,599998	210,000000	3,100000E-1
210,046389	19,599998	210,000000	3,100000E-1
210,046389	19,500000	210,000000	3,100000E-1
210,046389	19,500000	210,000000	3,100000E-1
210,046389	19,500000	210,000000	3,100000E-1
210,046389	19,500000	210,000000	3,100000E-1
210,046389	19,500000	210,000000	3,100000E-1
210,046389	19,500000	210,000000	3,100000E-1
210,046389	19,500000	210,000000	3,100000E-1
210,046389	19,500000	210,000000	3,100000E-1
210,046389	19,500000	210,000000	3,100000E-1
211,045805	19,500000	210,000000	3,100000E-1
211,045805	19,600000	210,000000	3,100000E-1
211,045805	19,600000	210,000000	3,100000E-1
211,045805	19,600000	210,000000	3,100000E-1
211,045805	19,600000	210,000000	3,100000E-1
211,045805	19,600000	210,000000	3,100000E-1
211,045805	19,600000	210,000000	3,100000E-1
211,045805	19,600000	210,000000	3,100000E-1
211,045805	19,600000	210,000000	3,100000E-1
211,045805	19,600000	210,000000	3,100000E-1
212,046315	19,600000	210,000000	3,100000E-1
212,046315	19,600000	210,000000	3,100000E-1
212,046315	19,600000	210,000000	3,100000E-1
212,046315	19,600000	210,000000	3,100000E-1
212,046315	19,600000	210,000000	3,100000E-1
212,046315	19,600000	210,000000	3,100000E-1
212,046315	19,600000	210,000000	3,100000E-1
212,046315	19,600000	210,000000	3,100000E-1
212,046315	19,600000	210,000000	3,100000E-1
212,046315	19,600000	210,000000	3,100000E-1
213,045663	19,600000	210,000000	3,100000E-1
213,045663	19,600000	210,000000	3,100000E-1
213,045663	19,600000	210,000000	3,100000E-1
213,045663	19,400000	210,000000	3,100000E-1
213,045663	19,400000	210,000000	3,100000E-1
213,045663	19,400000	210,000000	3,100000E-1
213,045663	19,400000	210,000000	3,100000E-1
213,045663	19,400000	210,000000	3,100000E-1
213,045663	19,400000	210,000000	3,100000E-1
213,045663	19,400000	210,000000	3,100000E-1
214,046091	19,400000	210,000000	3,100000E-1
214,046091	19,400000	210,000000	3,100000E-1
214,046091	19,400000	210,000000	3,100000E-1
214,046091	19,400000	210,000000	3,100000E-1
214,046091	19,400000	210,000000	3,100000E-1
214,046091	19,400000	210,000000	3,100000E-1
214,046091	19,400000	210,000000	3,100000E-1
214,046091	19,400000	210,000000	3,100000E-1
214,046091	19,400000	210,000000	3,100000E-1
214,046091	19,400000	210,000000	3,100000E-1
215,046556	19,400000	210,000000	3,100000E-1
215,046556	19,400000	210,000000	3,100000E-1
215,046556	19,400000	210,000000	3,100000E-1
215,046556	19,400000	210,000000	3,100000E-1
215,046556	19,400000	210,000000	3,100000E-1
215,046556	19,400000	210,000000	3,100000E-1
215,046556	19,400000	210,000000	3,100000E-1
215,046556	19,599998	210,000000	3,100000E-1
215,046556	19,599998	210,000000	3,100000E-1
215,046556	19,599998	210,000000	3,100000E-1
216,045945	19,599998	210,000000	3,100000E-1
216,045945	19,599998	210,000000	3,100000E-1
216,045945	19,599998	210,000000	3,100000E-1
216,045945	19,599998	210,000000	3,100000E-1
216,045945	19,599998	210,000000	3,100000E-1
216,045945	19,599998	210,000000	3,100000E-1
216,045945	19,599998	210,000000	3,100000E-1
216,045945	19,599998	210,000000	3,100000E-1
216,045945	19,400000	210,000000	3,100000E-1
216,045945	19,400000	210,000000	3,100000E-1
217,046398	19,400000	210,000000	3,100000E-1
217,046398	19,400000	210,000000	3,100000E-1
217,046398	19,400000	210,000000	3,100000E-1
217,046398	19,400000	210,000000	3,100000E-1
217,046398	19,400000	210,000000	3,100000E-1
217,046398	19,400000	210,000000	3,100000E-1
217,046398	19,400000	210,000000	3,100000E-1
217,046398	19,400002	210,000000	3,100000E-1
217,046398	19,400002	210,000000	3,100000E-1
217,046398	19,400002	210,000000	3,100000E-1
218,045769	19,400002	210,000000	3,100000E-1
218,045769	19,400002	210,000000	3,100000E-1
218,045769	19,400002	210,000000	3,100000E-1
218,045769	19,400002	210,000000	3,100000E-1
218,045769	19,400002	210,000000	3,100000E-1
218,045769	19,400002	210,000000	3,100000E-1
218,045769	19,400002	210,000000	3,100000E-1
218,045769	19,599998	210,000000	3,100000E-1
