52,017536	0,100000	0,000000	0,000000E+0
0,008322	0,100000	0,000000	0,000000E+0
0,008322	0,100000	0,000000	0,000000E+0
0,008322	0,100000	0,000000	0,000000E+0
0,008322	0,100000	0,000000	0,000000E+0
0,008322	0,100000	0,000000	0,000000E+0
0,008322	0,100000	0,000000	0,000000E+0
0,008322	0,100000	0,000000	0,000000E+0
0,008322	0,000000	0,000000	0,000000E+0
0,008322	0,000000	0,000000	0,000000E+0
0,008322	0,000000	0,000000	0,000000E+0
1,008220	0,000000	0,000000	0,000000E+0
1,008220	0,000000	0,000000	0,000000E+0
1,008220	0,000000	0,000000	0,000000E+0
1,008220	0,000000	0,000000	0,000000E+0
1,008220	0,000000	0,000000	0,000000E+0
1,008220	0,000000	0,000000	0,000000E+0
1,008220	0,000000	0,000000	0,000000E+0
1,008220	0,000000	0,000000	0,000000E+0
1,008220	0,000000	0,000000	0,000000E+0
1,008220	0,000000	0,000000	0,000000E+0
2,008653	0,000000	0,000000	0,000000E+0
2,008653	0,000000	0,000000	0,000000E+0
2,008653	0,000000	0,000000	0,000000E+0
2,008653	0,000000	0,000000	0,000000E+0
2,008653	0,000000	0,000000	0,000000E+0
2,008653	0,000000	0,000000	0,000000E+0
2,008653	0,000000	0,000000	0,000000E+0
2,008653	0,000000	0,000000	0,000000E+0
2,008653	0,000000	0,000000	0,000000E+0
2,008653	0,000000	0,000000	0,000000E+0
3,009084	0,000000	0,000000	0,000000E+0
3,009084	0,000000	0,000000	0,000000E+0
3,009084	0,000000	0,000000	0,000000E+0
3,009084	0,000000	0,000000	0,000000E+0
3,009084	0,000000	0,000000	0,000000E+0
3,009084	0,000000	0,000000	0,000000E+0
3,009084	0,000000	0,000000	0,000000E+0
3,009084	0,000000	0,000000	0,000000E+0
3,009084	0,000000	0,000000	0,000000E+0
3,009084	0,000000	0,000000	0,000000E+0
4,009492	0,000000	0,000000	0,000000E+0
4,009492	0,000000	0,000000	0,000000E+0
4,009492	0,000000	0,000000	0,000000E+0
4,009492	0,000000	0,000000	0,000000E+0
4,009492	0,000000	0,000000	0,000000E+0
4,009492	0,000000	0,000000	0,000000E+0
4,009492	0,000000	0,000000	0,000000E+0
4,009492	0,000000	0,000000	0,000000E+0
4,009492	0,000000	0,000000	0,000000E+0
4,009492	0,000000	0,000000	0,000000E+0
5,010927	0,000000	0,000000	0,000000E+0
5,010927	0,000000	0,000000	0,000000E+0
5,010927	0,000000	0,000000	0,000000E+0
5,010927	0,000000	0,000000	0,000000E+0
5,010927	0,000000	0,000000	0,000000E+0
5,010927	0,000000	0,000000	0,000000E+0
5,010927	0,000000	0,000000	0,000000E+0
5,010927	0,000000	0,000000	0,000000E+0
5,010927	0,000000	0,000000	0,000000E+0
5,010927	0,000000	0,000000	0,000000E+0
6,011339	0,000000	0,000000	0,000000E+0
6,011339	0,000000	0,000000	0,000000E+0
6,011339	0,000000	0,000000	0,000000E+0
6,011339	0,000000	0,000000	0,000000E+0
6,011339	0,000000	0,000000	0,000000E+0
6,011339	0,000000	0,000000	0,000000E+0
6,011339	0,000000	0,000000	0,000000E+0
6,011339	0,000000	0,000000	0,000000E+0
6,011339	0,000000	0,000000	0,000000E+0
6,011339	0,000000	0,000000	0,000000E+0
7,011804	0,000000	0,000000	0,000000E+0
7,011804	0,000000	0,000000	0,000000E+0
7,011804	0,000000	0,000000	0,000000E+0
7,011804	0,000000	0,000000	0,000000E+0
7,011804	0,000000	0,000000	0,000000E+0
7,011804	0,000000	0,000000	0,000000E+0
7,011804	0,000000	0,000000	0,000000E+0
7,011804	0,000000	0,000000	0,000000E+0
7,011804	0,000000	0,000000	0,000000E+0
7,011804	0,000000	0,000000	0,000000E+0
8,011190	0,000000	0,000000	0,000000E+0
8,011190	0,000000	0,000000	0,000000E+0
8,011190	0,000000	0,000000	0,000000E+0
8,011190	0,000000	0,000000	0,000000E+0
8,011190	0,000000	0,000000	0,000000E+0
8,011190	0,000000	0,000000	0,000000E+0
8,011190	0,000000	0,000000	0,000000E+0
8,011190	54,299999	0,000000	0,000000E+0
8,011190	54,299999	0,000000	0,000000E+0
8,011190	54,299999	0,000000	0,000000E+0
9,012639	54,299999	0,000000	0,000000E+0
9,012639	54,299999	0,000000	0,000000E+0
9,012639	54,299999	0,000000	0,000000E+0
9,012639	54,299999	0,000000	0,000000E+0
9,012639	54,299999	0,000000	0,000000E+0
9,012639	54,299999	0,000000	0,000000E+0
9,012639	54,299999	0,000000	0,000000E+0
9,012639	5,300000	0,000000	0,000000E+0
9,012639	5,300000	0,000000	0,000000E+0
9,012639	5,300000	0,000000	0,000000E+0
10,014063	5,300000	0,000000	0,000000E+0
10,014063	5,300000	0,000000	0,000000E+0
10,014063	5,300000	0,000000	0,000000E+0
10,014063	5,300000	0,000000	0,000000E+0
10,014063	5,300000	0,000000	0,000000E+0
10,014063	5,300000	0,000000	0,000000E+0
10,014063	5,300000	0,000000	0,000000E+0
10,014063	5,300000	0,000000	0,000000E+0
10,014063	0,000000	0,000000	0,000000E+0
10,014063	0,000000	0,000000	0,000000E+0
11,013507	0,000000	0,000000	0,000000E+0
11,013507	0,000000	0,000000	0,000000E+0
11,013507	0,000000	0,000000	0,000000E+0
11,013507	0,000000	0,000000	0,000000E+0
11,013507	0,000000	0,000000	0,000000E+0
11,013507	0,000000	0,000000	0,000000E+0
11,013507	0,000000	0,000000	0,000000E+0
11,013507	0,000000	0,000000	0,000000E+0
11,013507	0,000000	0,000000	0,000000E+0
11,013507	0,000000	0,000000	0,000000E+0
12,014930	0,000000	0,000000	0,000000E+0
12,014930	0,000000	0,000000	0,000000E+0
12,014930	0,000000	0,000000	0,000000E+0
12,014930	0,000000	0,000000	0,000000E+0
12,014930	0,000000	0,000000	0,000000E+0
12,014930	0,000000	0,000000	0,000000E+0
12,014930	0,000000	0,000000	0,000000E+0
12,014930	0,000000	0,000000	0,000000E+0
12,014930	0,000000	0,000000	0,000000E+0
12,014930	0,000000	0,000000	0,000000E+0
13,014324	0,000000	0,000000	0,000000E+0
13,014324	0,000000	0,000000	0,000000E+0
13,014324	0,000000	0,000000	0,000000E+0
13,014324	0,000000	0,000000	0,000000E+0
13,014324	0,000000	0,000000	0,000000E+0
13,014324	0,000000	0,000000	0,000000E+0
13,014324	0,000000	0,000000	0,000000E+0
13,014324	0,000000	0,000000	0,000000E+0
13,014324	0,000000	0,000000	0,000000E+0
13,014324	0,000000	0,000000	0,000000E+0
14,014749	0,000000	0,000000	0,000000E+0
14,014749	25,600000	0,000000	0,000000E+0
14,014749	25,600000	0,000000	0,000000E+0
14,014749	25,600000	0,000000	0,000000E+0
14,014749	25,600000	0,000000	0,000000E+0
14,014749	25,600000	0,000000	0,000000E+0
14,014749	25,600000	0,000000	0,000000E+0
14,014749	25,600000	0,000000	0,000000E+0
14,014749	25,600000	0,000000	0,000000E+0
14,014749	25,600000	0,000000	0,000000E+0
15,015179	25,600000	0,000000	0,000000E+0
15,015179	54,099998	0,000000	0,000000E+0
15,015179	54,099998	0,000000	0,000000E+0
15,015179	54,099998	0,000000	0,000000E+0
15,015179	54,099998	0,000000	0,000000E+0
15,015179	54,099998	0,000000	0,000000E+0
15,015179	54,099998	0,000000	0,000000E+0
15,015179	54,099998	0,000000	0,000000E+0
15,015179	54,099998	0,000000	0,000000E+0
15,015179	54,099998	0,000000	0,000000E+0
16,015595	54,099998	0,000000	0,000000E+0
16,015595	54,099998	0,000000	0,000000E+0
16,015595	35,900002	0,000000	0,000000E+0
16,015595	35,900002	0,000000	0,000000E+0
16,015595	35,900002	0,000000	0,000000E+0
16,015595	35,900002	0,000000	0,000000E+0
16,015595	35,900002	0,000000	0,000000E+0
16,015595	35,900002	0,000000	0,000000E+0
16,015595	35,900002	0,000000	0,000000E+0
16,015595	35,900002	0,000000	0,000000E+0
17,016036	35,900002	0,000000	0,000000E+0
17,016036	35,900002	0,000000	0,000000E+0
17,016036	23,299999	0,000000	0,000000E+0
17,016036	23,299999	0,000000	0,000000E+0
17,016036	23,299999	0,000000	0,000000E+0
17,016036	23,299999	0,000000	0,000000E+0
17,016036	23,299999	0,000000	0,000000E+0
17,016036	23,299999	0,000000	0,000000E+0
17,016036	23,299999	0,000000	0,000000E+0
17,016036	23,299999	0,000000	0,000000E+0
18,015468	23,299999	0,000000	0,000000E+0
18,015468	23,299999	0,000000	0,000000E+0
18,015468	23,299999	0,000000	0,000000E+0
18,015468	23,299999	0,000000	0,000000E+0
18,015468	23,299999	0,000000	0,000000E+0
18,015468	23,299999	0,000000	0,000000E+0
18,015468	23,299999	0,000000	0,000000E+0
18,015468	6,500000	0,000000	0,000000E+0
18,015468	6,500000	0,000000	0,000000E+0
18,015468	6,500000	0,000000	0,000000E+0
19,015867	6,500000	0,000000	0,000000E+0
19,015867	6,500000	0,000000	0,000000E+0
19,015867	6,500000	0,000000	0,000000E+0
19,015867	6,500000	0,000000	0,000000E+0
19,015867	6,500000	0,000000	0,000000E+0
19,015867	6,500000	0,000000	0,000000E+0
19,015867	6,500000	0,000000	0,000000E+0
19,015867	6,500000	0,000000	0,000000E+0
19,015867	8,500000	0,000000	0,000000E+0
19,015867	8,500000	0,000000	0,000000E+0
20,015283	8,500000	0,000000	0,000000E+0
20,015283	8,500000	0,000000	0,000000E+0
20,015283	8,500000	0,000000	0,000000E+0
20,015283	8,500000	0,000000	0,000000E+0
20,015283	8,500000	0,000000	0,000000E+0
20,015283	8,500000	0,000000	0,000000E+0
20,015283	8,500000	0,000000	0,000000E+0
20,015283	15,700001	0,000000	0,000000E+0
20,015283	15,700001	0,000000	0,000000E+0
20,015283	15,700001	0,000000	0,000000E+0
21,016801	15,700001	0,000000	0,000000E+0
21,016801	15,700001	0,000000	0,000000E+0
21,016801	15,700001	0,000000	0,000000E+0
21,016801	15,700001	0,000000	0,000000E+0
21,016801	15,700001	0,000000	0,000000E+0
21,016801	15,700001	0,000000	0,000000E+0
21,016801	15,700001	0,000000	0,000000E+0
21,016801	17,000000	0,000000	0,000000E+0
21,016801	17,000000	0,000000	0,000000E+0
21,016801	17,000000	0,000000	0,000000E+0
22,016185	17,000000	0,000000	0,000000E+0
22,016185	17,000000	0,000000	0,000000E+0
22,016185	17,000000	0,000000	0,000000E+0
22,016185	17,000000	0,000000	0,000000E+0
22,016185	17,000000	0,000000	0,000000E+0
22,016185	17,000000	0,000000	0,000000E+0
22,016185	17,000000	0,000000	0,000000E+0
22,016185	17,000000	0,000000	0,000000E+0
22,016185	13,100000	0,000000	7,724567E-4
22,016185	13,100000	0,000000	7,724567E-4
23,017630	13,100000	0,000000	5,622098E-4
23,017630	13,100000	0,000000	5,622098E-4
23,017630	13,100000	0,000000	3,519628E-4
23,017630	13,100000	0,000000	3,519628E-4
23,017630	13,100000	0,000000	1,417159E-4
23,017630	13,100000	0,000000	1,417159E-4
23,017630	13,100000	0,000000	0,000000E+0
23,017630	13,100000	0,000000	0,000000E+0
23,017630	13,100000	0,000000	0,000000E+0
23,017630	13,100000	0,000000	0,000000E+0
24,018049	13,100000	0,000000	0,000000E+0
24,018049	13,100000	0,000000	0,000000E+0
24,018049	12,500000	0,000000	0,000000E+0
24,018049	12,500000	0,000000	0,000000E+0
24,018049	12,500000	0,000000	0,000000E+0
24,018049	12,500000	0,000000	0,000000E+0
24,018049	12,500000	0,000000	0,000000E+0
24,018049	12,500000	0,000000	0,000000E+0
24,018049	12,500000	0,000000	0,000000E+0
24,018049	12,500000	0,000000	0,000000E+0
25,018449	12,500000	0,000000	0,000000E+0
25,018449	12,500000	0,000000	0,000000E+0
25,018449	12,500000	0,000000	0,000000E+0
25,018449	13,500000	0,000000	0,000000E+0
25,018449	13,500000	0,000000	0,000000E+0
25,018449	13,500000	0,000000	0,000000E+0
25,018449	13,500000	0,000000	0,000000E+0
25,018449	13,500000	0,000000	0,000000E+0
25,018449	13,500000	0,000000	0,000000E+0
25,018449	13,500000	0,000000	0,000000E+0
26,019879	13,500000	0,000000	0,000000E+0
26,019879	13,500000	0,000000	0,000000E+0
26,019879	14,100000	0,000000	0,000000E+0
26,019879	14,100000	0,000000	0,000000E+0
26,019879	14,100000	0,000000	0,000000E+0
26,019879	14,100000	0,000000	0,000000E+0
26,019879	14,100000	0,000000	0,000000E+0
26,019879	14,100000	0,000000	0,000000E+0
26,019879	14,100000	0,000000	0,000000E+0
26,019879	14,100000	0,000000	0,000000E+0
27,019303	14,100000	0,000000	0,000000E+0
27,019303	14,100000	0,000000	0,000000E+0
27,019303	13,400001	0,000000	0,000000E+0
27,019303	13,400001	0,000000	0,000000E+0
27,019303	13,400001	0,000000	0,000000E+0
27,019303	13,400001	0,000000	0,000000E+0
27,019303	13,400001	0,000000	0,000000E+0
27,019303	13,400001	0,000000	0,000000E+0
27,019303	13,400001	0,000000	0,000000E+0
27,019303	13,400001	0,000000	0,000000E+0
28,019718	13,400001	0,000000	0,000000E+0
28,019718	13,400001	0,000000	0,000000E+0
28,019718	13,400001	0,000000	0,000000E+0
28,019718	13,400001	0,000000	0,000000E+0
28,019718	13,400001	0,000000	0,000000E+0
28,019718	13,400001	0,000000	0,000000E+0
28,019718	13,400001	0,000000	0,000000E+0
28,019718	13,400001	40,000000	1,050593E-2
28,019718	13,400001	40,000000	1,093284E-2
28,019718	13,400001	40,000000	1,135975E-2
29,019122	13,400001	40,000000	1,135975E-2
29,019122	13,400001	40,000000	1,178667E-2
29,019122	13,400001	40,000000	1,221358E-2
29,019122	13,400001	40,000000	1,221358E-2
29,019122	13,400001	40,000000	1,264049E-2
29,019122	13,400001	40,000000	1,264049E-2
29,019122	14,000000	40,000000	1,290659E-2
29,019122	14,000000	40,000000	1,332388E-2
29,019122	14,000000	40,000000	1,374116E-2
29,019122	14,000000	40,000000	1,374116E-2
30,019545	14,000000	40,000000	1,415844E-2
30,019545	14,000000	40,000000	1,457573E-2
30,019545	14,000000	40,000000	1,457573E-2
30,019545	14,000000	40,000000	1,499301E-2
30,019545	14,000000	40,000000	1,541030E-2
30,019545	14,000000	40,000000	1,582758E-2
30,019545	14,000000	40,000000	1,624486E-2
30,019545	14,000000	40,000000	1,666215E-2
30,019545	14,000000	40,000000	1,666215E-2
30,019545	14,000000	40,000000	1,707943E-2
31,020028	14,000000	40,000000	1,707943E-2
31,020028	14,000000	40,000000	1,707943E-2
31,020028	14,000000	40,000000	1,749672E-2
31,020028	14,000000	40,000000	1,791400E-2
31,020028	14,000000	40,000000	1,791400E-2
31,020028	14,000000	40,000000	1,833128E-2
31,020028	14,200001	40,000000	1,874857E-2
31,020028	14,200001	40,000000	1,911225E-2
31,020028	14,200001	40,000000	1,911225E-2
31,020028	14,200001	40,000000	1,952632E-2
32,020414	14,200001	40,000000	1,994039E-2
32,020414	14,200001	40,000000	1,994039E-2
32,020414	14,200001	40,000000	2,035447E-2
32,020414	14,200001	40,000000	2,076854E-2
32,020414	14,200001	40,000000	2,076854E-2
32,020414	14,200001	40,000000	2,076854E-2
32,020414	14,300000	40,000000	2,118262E-2
32,020414	14,300000	40,000000	2,156989E-2
32,020414	14,300000	40,000000	2,198236E-2
32,020414	14,300000	40,000000	2,198236E-2
33,021828	14,300000	40,000000	2,239483E-2
33,021828	14,300000	40,000000	2,239483E-2
33,021828	14,300000	40,000000	2,280730E-2
33,021828	14,300000	40,000000	2,321977E-2
33,021828	14,300000	40,000000	2,363223E-2
33,021828	14,300000	40,000000	2,404470E-2
33,021828	14,300000	40,000000	2,404470E-2
33,021828	14,400001	40,000000	2,443037E-2
33,021828	14,400001	40,000000	2,484123E-2
33,021828	14,400001	40,000000	2,484123E-2
34,021253	14,400001	40,000000	2,525210E-2
34,021253	14,400001	40,000000	2,525210E-2
34,021253	14,400001	40,000000	2,566296E-2
34,021253	14,400001	40,000000	2,566296E-2
34,021253	14,400001	40,000000	2,607383E-2
34,021253	14,400001	40,000000	2,648469E-2
34,021253	14,400001	40,000000	2,648469E-2
34,021253	14,400001	40,000000	2,689556E-2
34,021253	14,400001	40,000000	2,730642E-2
34,021253	14,400001	40,000000	2,771728E-2
35,021675	14,400001	40,000000	2,771728E-2
35,021675	14,400001	40,000000	2,812815E-2
35,021675	14,400001	40,000000	2,853901E-2
35,021675	14,400001	40,000000	2,853901E-2
35,021675	14,300000	40,000000	2,897668E-2
35,021675	14,300000	40,000000	2,897668E-2
35,021675	14,300000	40,000000	2,897668E-2
35,021675	14,300000	40,000000	2,938915E-2
35,021675	14,300000	40,000000	2,980162E-2
35,021675	14,300000	40,000000	3,021409E-2
36,021131	14,300000	40,000000	3,062656E-2
36,021131	14,300000	40,000000	3,062656E-2
36,021131	14,500000	40,000000	3,103902E-2
36,021131	14,500000	40,000000	3,139789E-2
36,021131	14,500000	40,000000	3,180715E-2
36,021131	14,500000	40,000000	3,180715E-2
36,021131	14,500000	40,000000	3,221641E-2
36,021131	14,500000	40,000000	3,262567E-2
36,021131	14,500000	40,000000	3,262567E-2
36,021131	14,500000	40,000000	3,303493E-2
37,021539	14,500000	40,000000	3,303493E-2
37,021539	14,500000	40,000000	3,344419E-2
37,021539	14,500000	40,000000	3,344419E-2
37,021539	14,800000	40,000000	3,385344E-2
37,021539	14,800000	40,000000	3,418230E-2
37,021539	14,800000	40,000000	3,418230E-2
37,021539	14,800000	40,000000	3,458674E-2
37,021539	14,800000	40,000000	3,499119E-2
37,021539	14,800000	40,000000	3,539563E-2
37,021539	14,800000	40,000000	3,539563E-2
38,021948	14,800000	40,000000	3,580007E-2
38,021948	14,800000	40,000000	3,580007E-2
38,021948	14,800000	40,000000	3,620452E-2
38,021948	14,800000	40,000000	3,660896E-2
38,021948	14,800000	40,000000	3,660896E-2
38,021948	14,800000	40,000000	3,660896E-2
38,021948	14,800000	40,000000	3,701341E-2
38,021948	14,800000	40,000000	3,741785E-2
38,021948	14,800000	40,000000	3,782230E-2
38,021948	14,800000	40,000000	3,782230E-2
39,021384	14,800000	40,000000	3,822674E-2
39,021384	14,800000	40,000000	3,863118E-2
39,021384	14,800000	40,000000	3,903563E-2
39,021384	14,800000	40,000000	3,944007E-2
39,021384	14,800000	40,000000	3,984452E-2
39,021384	14,800000	40,000000	3,984452E-2
39,021384	14,800000	40,000000	4,024896E-2
39,021384	14,800000	40,000000	4,065341E-2
39,021384	14,800000	40,000000	4,065341E-2
39,021384	14,800000	40,000000	4,105785E-2
40,022818	14,800000	40,000000	4,105785E-2
40,022818	14,800000	40,000000	4,146230E-2
40,022818	14,800000	40,000000	4,186674E-2
40,022818	14,800000	40,000000	4,227118E-2
40,022818	14,800000	40,000000	4,227118E-2
40,022818	14,800000	40,000000	4,267563E-2
40,022818	14,800000	40,000000	4,308007E-2
40,022818	14,800000	40,000000	4,348452E-2
40,022818	14,800000	40,000000	4,348452E-2
40,022818	14,800000	40,000000	4,388896E-2
41,022277	14,800000	40,000000	4,388896E-2
41,022277	15,400001	40,000000	4,429341E-2
41,022277	15,400001	40,000000	4,453704E-2
41,022277	15,400001	40,000000	4,453704E-2
41,022277	15,400001	40,000000	4,493185E-2
41,022277	15,400001	40,000000	4,493185E-2
41,022277	15,400001	40,000000	4,493185E-2
41,022277	15,400001	40,000000	4,532667E-2
41,022277	15,400001	40,000000	4,572148E-2
41,022277	15,400001	40,000000	4,611630E-2
42,023655	15,600000	40,000000	4,651111E-2
42,023655	15,600000	40,000000	4,651111E-2
42,023655	15,600000	40,000000	4,685232E-2
42,023655	15,600000	40,000000	4,724393E-2
42,023655	15,600000	40,000000	4,763553E-2
42,023655	15,600000	40,000000	4,802714E-2
42,023655	15,600000	40,000000	4,802714E-2
42,023655	15,600000	40,000000	4,841874E-2
42,023655	15,600000	40,000000	4,841874E-2
42,023655	15,600000	40,000000	4,881035E-2
43,025256	15,600000	40,000000	4,881035E-2
43,025256	15,700001	40,000000	4,917515E-2
43,025256	15,700001	40,000000	4,917515E-2
43,025256	15,700001	40,000000	4,956515E-2
43,025256	15,700001	40,000000	4,995515E-2
43,025256	15,700001	40,000000	5,034515E-2
43,025256	15,700001	40,000000	5,073515E-2
43,025256	15,700001	40,000000	5,073515E-2
43,025256	15,700001	40,000000	5,112515E-2
43,025256	15,700001	40,000000	5,112515E-2
44,024567	15,700001	40,000000	5,151515E-2
44,024567	15,700001	40,000000	5,190515E-2
44,024567	15,700001	40,000000	5,229515E-2
44,024567	15,700001	40,000000	5,229515E-2
44,024567	15,700001	40,000000	5,229515E-2
44,024567	15,700001	40,000000	5,268515E-2
44,024567	15,700001	40,000000	5,268515E-2
44,024567	15,700001	40,000000	5,307515E-2
44,024567	15,700001	40,000000	5,346515E-2
44,024567	15,700001	40,000000	5,385515E-2
45,024930	15,700001	40,000000	5,424515E-2
45,024930	15,700001	40,000000	5,424515E-2
45,024930	15,800000	40,000000	5,463515E-2
45,024930	15,800000	40,000000	5,499835E-2
45,024930	15,800000	40,000000	5,538674E-2
45,024930	15,800000	40,000000	5,538674E-2
45,024930	15,800000	40,000000	5,577514E-2
45,024930	15,800000	40,000000	5,577514E-2
45,024930	15,800000	40,000000	5,616353E-2
45,024930	15,800000	40,000000	5,616353E-2
46,025378	15,800000	40,000000	5,655193E-2
46,025378	15,800000	40,000000	5,655193E-2
46,025378	15,800000	40,000000	5,694032E-2
46,025378	15,800000	40,000000	5,694032E-2
46,025378	15,800000	40,000000	5,732872E-2
46,025378	15,800000	40,000000	5,771711E-2
46,025378	15,800000	40,000000	5,771711E-2
46,025378	15,800000	40,000000	5,810551E-2
46,025378	15,800000	40,000000	5,810551E-2
46,025378	16,200001	40,000000	5,849390E-2
47,025781	16,200001	40,000000	5,877509E-2
47,025781	16,200001	40,000000	5,915706E-2
47,025781	16,200001	40,000000	5,915706E-2
47,025781	16,200001	40,000000	5,953904E-2
47,025781	16,200001	40,000000	5,953904E-2
47,025781	16,200001	40,000000	5,953904E-2
47,025781	16,200001	40,000000	5,992101E-2
47,025781	16,100000	40,000000	6,030299E-2
47,025781	16,100000	40,000000	6,071176E-2
47,025781	16,100000	40,000000	6,071176E-2
48,025198	16,100000	40,000000	6,109534E-2
48,025198	16,100000	40,000000	6,147893E-2
48,025198	16,100000	40,000000	6,186251E-2
48,025198	16,100000	40,000000	6,224609E-2
48,025198	16,100000	40,000000	6,262967E-2
48,025198	16,100000	40,000000	6,262967E-2
48,025198	16,100000	40,000000	6,301325E-2
48,025198	16,600000	40,000000	6,339683E-2
48,025198	16,600000	40,000000	6,339683E-2
48,025198	16,600000	40,000000	6,364639E-2
49,025766	16,600000	40,000000	6,364639E-2
49,025766	16,600000	40,000000	6,402195E-2
49,025766	16,600000	40,000000	6,402195E-2
49,025766	16,600000	40,000000	6,439751E-2
49,025766	16,600000	40,000000	6,477306E-2
49,025766	16,600000	40,000000	6,514862E-2
49,025766	16,600000	40,000000	6,514862E-2
49,025766	16,600000	40,000000	6,552417E-2
49,025766	16,600000	40,000000	6,589973E-2
49,025766	16,500000	40,000000	6,589973E-2
50,026082	16,500000	40,000000	6,630209E-2
50,026082	16,500000	40,000000	6,667925E-2
50,026082	16,500000	40,000000	6,705641E-2
50,026082	16,500000	40,000000	6,705641E-2
50,026082	16,500000	40,000000	6,743357E-2
50,026082	16,500000	40,000000	6,743357E-2
50,026082	16,500000	40,000000	6,743357E-2
50,026082	16,500000	40,000000	6,743357E-2
50,026082	16,500000	40,000000	6,781073E-2
50,026082	16,500000	40,000000	6,818789E-2
51,025477	16,500000	40,000000	6,818789E-2
51,025477	16,900002	40,000000	6,856505E-2
51,025477	16,900002	40,000000	6,883500E-2
51,025477	16,900002	40,000000	6,883500E-2
51,025477	16,900002	40,000000	6,920574E-2
51,025477	16,900002	40,000000	6,957648E-2
51,025477	16,900002	40,000000	6,994722E-2
51,025477	16,900002	40,000000	6,994722E-2
51,025477	16,900002	40,000000	7,031796E-2
51,025477	16,900002	40,000000	7,031796E-2
52,025919	16,900002	40,000000	7,068870E-2
52,025919	16,900002	40,000000	7,068870E-2
52,025919	16,900000	40,000000	7,105944E-2
52,025919	16,900000	40,000000	7,143018E-2
52,025919	16,900000	40,000000	7,180093E-2
52,025919	16,900000	40,000000	7,180093E-2
52,025919	16,900000	40,000000	7,217167E-2
52,025919	16,900000	40,000000	7,254241E-2
52,025919	16,900000	40,000000	7,254241E-2
52,025919	16,900000	40,000000	7,291315E-2
53,025418	16,900000	40,000000	7,328389E-2
53,025418	16,900000	40,000000	7,328389E-2
53,025418	17,400000	40,000000	7,365463E-2
53,025418	17,400000	40,000000	7,389136E-2
53,025418	17,400000	40,000000	7,389136E-2
53,025418	17,400000	40,000000	7,389136E-2
53,025418	17,400000	40,000000	7,425407E-2
53,025418	17,400000	40,000000	7,425407E-2
53,025418	17,400000	40,000000	7,461679E-2
53,025418	17,400000	40,000000	7,497951E-2
54,025780	17,400000	40,000000	7,534222E-2
54,025780	17,400000	40,000000	7,534222E-2
54,025780	17,600000	40,000000	7,570494E-2
54,025780	17,600000	40,000000	7,601405E-2
54,025780	17,600000	40,000000	7,637355E-2
54,025780	17,600000	40,000000	7,637355E-2
54,025780	17,600000	40,000000	7,673306E-2
54,025780	17,600000	40,000000	7,709257E-2
54,025780	17,600000	40,000000	7,709257E-2
54,025780	17,600000	40,000000	7,709257E-2
55,025273	17,600000	40,000000	7,745207E-2
55,025273	17,600000	40,000000	7,745207E-2
55,025273	17,900000	40,000000	7,773117E-2
55,025273	17,900000	40,000000	7,808586E-2
55,025273	17,900000	40,000000	7,844055E-2
55,025273	17,900000	40,000000	7,844055E-2
55,025273	17,900000	40,000000	7,879525E-2
55,025273	17,900000	40,000000	7,914994E-2
55,025273	17,900000	40,000000	7,914994E-2
55,025273	17,900000	40,000000	7,950463E-2
56,025672	17,900000	40,000000	7,985932E-2
56,025672	17,900000	40,000000	7,985932E-2
56,025672	17,900000	40,000000	8,021401E-2
56,025672	17,900000	40,000000	8,021401E-2
56,025672	17,900000	40,000000	8,056870E-2
56,025672	17,900000	40,000000	8,056870E-2
56,025672	18,300001	40,000000	8,081618E-2
56,025672	18,300001	40,000000	8,116446E-2
56,025672	18,300001	40,000000	8,116446E-2
56,025672	18,300001	40,000000	8,151273E-2
57,026130	18,300001	40,000000	8,186100E-2
57,026130	18,300001	40,000000	8,220927E-2
57,026130	18,300001	40,000000	8,220927E-2
57,026130	18,300001	40,000000	8,255754E-2
57,026130	18,300001	40,000000	8,290581E-2
57,026130	18,300001	40,000000	8,290581E-2
57,026130	18,300001	40,000000	8,325409E-2
57,026130	18,800001	40,000000	8,360236E-2
57,026130	18,800001	40,000000	8,360236E-2
57,026130	18,800001	40,000000	8,381662E-2
58,025492	18,800001	40,000000	8,381662E-2
58,025492	18,800001	40,000000	8,415686E-2
58,025492	18,800001	40,000000	8,415686E-2
58,025492	18,800001	40,000000	8,449711E-2
58,025492	18,800001	40,000000	8,483736E-2
58,025492	18,800001	40,000000	8,517760E-2
58,025492	18,800001	40,000000	8,551785E-2
58,025492	18,800001	40,000000	8,551785E-2
58,025492	19,200001	40,000000	8,585810E-2
58,025492	19,200001	40,000000	8,609113E-2
59,026906	19,200001	40,000000	8,642496E-2
59,026906	19,200001	40,000000	8,675879E-2
59,026906	19,200001	40,000000	8,709262E-2
59,026906	19,200001	40,000000	8,709262E-2
59,026906	19,200001	40,000000	8,742644E-2
59,026906	19,200001	40,000000	8,742644E-2
59,026906	19,200001	40,000000	8,776027E-2
59,026906	19,500000	40,000000	8,776027E-2
59,026906	19,500000	40,000000	8,801369E-2
59,026906	19,500000	40,000000	8,834270E-2
60,026428	19,500000	40,000000	8,867171E-2
60,026428	19,500000	40,000000	8,900073E-2
60,026428	19,500000	40,000000	8,932974E-2
60,026428	19,500000	40,000000	8,932974E-2
60,026428	19,500000	40,000000	8,965875E-2
60,026428	19,500000	40,000000	8,998776E-2
60,026428	19,500000	40,000000	8,998776E-2
60,026428	20,000000	40,000000	9,031678E-2
60,026428	20,000000	40,000000	9,031678E-2
60,026428	20,000000	40,000000	9,051178E-2
61,027743	20,000000	40,000000	9,051178E-2
61,027743	20,000000	40,000000	9,083276E-2
61,027743	20,000000	40,000000	9,083276E-2
61,027743	20,000000	40,000000	9,115375E-2
61,027743	20,000000	40,000000	9,147474E-2
61,027743	20,000000	40,000000	9,179573E-2
61,027743	20,000000	40,000000	9,211671E-2
61,027743	20,000000	40,000000	9,211671E-2
61,027743	20,400002	40,000000	9,243770E-2
61,027743	20,400002	40,000000	9,265148E-2
62,027596	20,400002	40,000000	9,296605E-2
62,027596	20,400002	40,000000	9,328062E-2
62,027596	20,400002	40,000000	9,359518E-2
62,027596	20,400002	40,000000	9,359518E-2
62,027596	20,400002	40,000000	9,390975E-2
62,027596	20,400002	40,000000	9,390975E-2
62,027596	20,400002	40,000000	9,390975E-2
62,027596	20,400002	40,000000	9,422432E-2
62,027596	20,400002	40,000000	9,453889E-2
62,027596	20,400002	40,000000	9,453889E-2
63,029030	20,400002	40,000000	9,485346E-2
63,029030	20,400002	40,000000	9,516802E-2
63,029030	20,400002	40,000000	9,548259E-2
63,029030	20,400002	40,000000	9,579716E-2
63,029030	20,400002	40,000000	9,611173E-2
63,029030	20,400002	40,000000	9,611173E-2
63,029030	20,400002	40,000000	9,642629E-2
63,029030	21,400002	40,000000	9,674086E-2
63,029030	21,400002	40,000000	9,674086E-2
63,029030	21,400002	40,000000	9,674086E-2
64,028483	21,400002	40,000000	9,678741E-2
64,028483	21,400002	40,000000	9,678741E-2
64,028483	21,400002	40,000000	9,708592E-2
64,028483	21,400002	40,000000	9,738444E-2
64,028483	21,400002	40,000000	9,768296E-2
64,028483	21,400002	40,000000	9,768296E-2
64,028483	21,400002	40,000000	9,798148E-2
64,028483	21,900002	40,000000	9,828000E-2
64,028483	21,900002	40,000000	9,828000E-2
64,028483	21,900002	40,000000	9,844450E-2
65,028837	21,900002	40,000000	9,873500E-2
65,028837	21,900002	40,000000	9,902549E-2
65,028837	21,900002	40,000000	9,931599E-2
65,028837	21,900002	40,000000	9,931599E-2
65,028837	21,900002	40,000000	9,960648E-2
65,028837	21,900002	40,000000	9,960648E-2
65,028837	22,700001	40,000000	9,960648E-2
65,028837	22,700001	40,000000	9,968255E-2
65,028837	22,700001	40,000000	9,996021E-2
65,028837	22,700001	40,000000	1,002379E-1
66,029255	22,700001	40,000000	1,005155E-1
66,029255	22,700001	40,000000	1,005155E-1
66,029255	22,700001	40,000000	1,007932E-1
66,029255	22,700001	40,000000	1,010708E-1
66,029255	22,700001	40,000000	1,013485E-1
66,029255	22,700001	40,000000	1,013485E-1
66,029255	23,100000	40,000000	1,016261E-1
66,029255	23,100000	40,000000	1,017966E-1
66,029255	23,100000	40,000000	1,017966E-1
66,029255	23,100000	40,000000	1,017966E-1
67,029683	23,100000	40,000000	1,020678E-1
67,029683	23,100000	40,000000	1,020678E-1
67,029683	23,100000	40,000000	1,023390E-1
67,029683	23,100000	40,000000	1,026103E-1
67,029683	23,100000	40,000000	1,028815E-1
67,029683	23,100000	40,000000	1,028815E-1
67,029683	23,100000	40,000000	1,031528E-1
67,029683	23,100000	40,000000	1,034240E-1
67,029683	23,700001	40,000000	1,036952E-1
67,029683	23,700001	40,000000	1,036952E-1
68,029120	23,700001	40,000000	1,038056E-1
68,029120	23,700001	40,000000	1,040672E-1
68,029120	23,700001	40,000000	1,040672E-1
68,029120	23,700001	40,000000	1,043288E-1
68,029120	23,700001	40,000000	1,043288E-1
68,029120	23,700001	40,000000	1,045905E-1
68,029120	23,700001	40,000000	1,045905E-1
68,029120	23,700001	40,000000	1,048521E-1
68,029120	23,700001	40,000000	1,051137E-1
68,029120	23,700001	40,000000	1,051137E-1
69,030552	23,700001	40,000000	1,053753E-1
69,030552	23,700001	40,000000	1,056369E-1
69,030552	23,700001	40,000000	1,058985E-1
69,030552	23,700001	40,000000	1,058985E-1
69,030552	24,500000	40,000000	1,061601E-1
69,030552	24,500000	40,000000	1,062073E-1
69,030552	24,500000	40,000000	1,064560E-1
69,030552	24,500000	40,000000	1,064560E-1
69,030552	24,500000	40,000000	1,067048E-1
69,030552	24,500000	40,000000	1,067048E-1
70,031965	24,500000	40,000000	1,067048E-1
70,031965	24,500000	40,000000	1,069536E-1
70,031965	24,500000	40,000000	1,072023E-1
70,031965	24,500000	40,000000	1,072023E-1
70,031965	25,100000	40,000000	1,074511E-1
70,031965	25,100000	40,000000	1,075390E-1
70,031965	25,100000	40,000000	1,075390E-1
70,031965	25,100000	40,000000	1,077782E-1
70,031965	25,100000	40,000000	1,080173E-1
70,031965	25,100000	40,000000	1,082565E-1
71,032417	25,100000	40,000000	1,082565E-1
71,032417	25,100000	40,000000	1,084956E-1
71,032417	25,100000	40,000000	1,087347E-1
71,032417	25,100000	40,000000	1,087347E-1
71,032417	25,600000	40,000000	1,089739E-1
71,032417	25,600000	40,000000	1,089739E-1
71,032417	25,600000	40,000000	1,089739E-1
71,032417	25,600000	40,000000	1,090790E-1
71,032417	25,600000	40,000000	1,093101E-1
71,032417	25,600000	40,000000	1,095412E-1
72,032872	25,600000	40,000000	1,097723E-1
72,032872	25,600000	40,000000	1,097723E-1
72,032872	25,600000	40,000000	1,100034E-1
72,032872	25,600000	40,000000	1,100034E-1
72,032872	25,600000	40,000000	1,102345E-1
72,032872	26,300001	40,000000	1,104657E-1
72,032872	26,300001	40,000000	1,105091E-1
72,032872	26,300001	40,000000	1,105091E-1
72,032872	26,300001	40,000000	1,107290E-1
72,032872	26,300001	40,000000	1,107290E-1
73,032222	26,300001	40,000000	1,109489E-1
73,032222	26,300001	40,000000	1,109489E-1
73,032222	26,300001	40,000000	1,111688E-1
73,032222	26,300001	40,000000	1,113887E-1
73,032222	26,300001	40,000000	1,116085E-1
73,032222	26,600000	40,000000	1,116085E-1
73,032222	26,600000	40,000000	1,117480E-1
73,032222	26,600000	40,000000	1,119631E-1
73,032222	26,600000	40,000000	1,121781E-1
73,032222	26,600000	40,000000	1,123932E-1
74,032670	26,600000	40,000000	1,126082E-1
74,032670	26,600000	40,000000	1,128233E-1
74,032670	26,600000	40,000000	1,128233E-1
74,032670	26,600000	40,000000	1,130384E-1
74,032670	26,600000	40,000000	1,130384E-1
74,032670	26,600000	40,000000	1,132534E-1
74,032670	26,600000	40,000000	1,132534E-1
74,032670	26,600000	40,000000	1,134685E-1
74,032670	27,799999	40,000000	1,133619E-1
74,032670	27,799999	40,000000	1,133619E-1
75,034063	27,799999	40,000000	1,135577E-1
75,034063	27,799999	40,000000	1,137535E-1
75,034063	27,799999	40,000000	1,139493E-1
75,034063	27,799999	40,000000	1,139493E-1
75,034063	27,799999	40,000000	1,141451E-1
75,034063	27,799999	40,000000	1,143409E-1
75,034063	27,799999	40,000000	1,145367E-1
75,034063	27,799999	40,000000	1,145367E-1
75,034063	27,799999	40,000000	1,147325E-1
75,034063	28,199999	40,000000	1,147325E-1
76,033521	28,199999	40,000000	1,147325E-1
76,033521	28,199999	40,000000	1,148211E-1
76,033521	28,199999	40,000000	1,148211E-1
76,033521	28,199999	40,000000	1,150105E-1
76,033521	28,199999	40,000000	1,151999E-1
76,033521	28,199999	40,000000	1,151999E-1
76,033521	28,199999	40,000000	1,153893E-1
76,033521	28,199999	40,000000	1,155787E-1
76,033521	28,800001	40,000000	1,157680E-1
76,033521	28,800001	40,000000	1,157680E-1
77,033960	28,800001	40,000000	1,157966E-1
77,033960	28,800001	40,000000	1,159764E-1
77,033960	28,800001	40,000000	1,159764E-1
77,033960	28,800001	40,000000	1,161561E-1
77,033960	28,800001	40,000000	1,161561E-1
77,033960	28,800001	40,000000	1,163359E-1
77,033960	28,800001	40,000000	1,163359E-1
77,033960	28,800001	40,000000	1,165156E-1
77,033960	28,800001	40,000000	1,166954E-1
77,033960	29,400000	40,000000	1,168751E-1
78,033433	29,400000	40,000000	1,168941E-1
78,033433	29,400000	40,000000	1,168941E-1
78,033433	29,400000	40,000000	1,170642E-1
78,033433	29,400000	40,000000	1,172343E-1
78,033433	29,400000	40,000000	1,174044E-1
78,033433	29,400000	40,000000	1,175746E-1
78,033433	29,400000	40,000000	1,177447E-1
78,033433	29,400000	40,000000	1,177447E-1
78,033433	29,400000	40,000000	1,179148E-1
78,033433	29,400000	40,000000	1,179148E-1
79,033799	29,400000	40,000000	1,179148E-1
79,033799	29,400000	40,000000	1,180849E-1
79,033799	29,400000	40,000000	1,180849E-1
79,033799	29,400000	40,000000	1,182551E-1
79,033799	29,900000	40,000000	1,184252E-1
79,033799	29,900000	40,000000	1,184613E-1
79,033799	29,900000	40,000000	1,184613E-1
79,033799	29,900000	40,000000	1,186234E-1
79,033799	29,900000	40,000000	1,187855E-1
79,033799	29,900000	40,000000	1,187855E-1
80,034298	29,900000	40,000000	1,189476E-1
80,034298	29,900000	40,000000	1,191097E-1
80,034298	29,900000	40,000000	1,192718E-1
80,034298	29,900000	40,000000	1,192718E-1
80,034298	29,900000	40,000000	1,192718E-1
80,034298	29,900000	40,000000	1,194339E-1
80,034298	30,900000	40,000000	1,194339E-1
80,034298	30,900000	40,000000	1,193280E-1
80,034298	30,900000	40,000000	1,194740E-1
80,034298	30,900000	40,000000	1,196201E-1
81,035702	30,900000	40,000000	1,197661E-1
81,035702	30,900000	80,000000	1,197661E-1
81,035702	30,900000	80,000000	1,306331E-1
81,035702	30,900000	80,000000	1,314212E-1
81,035702	30,900000	80,000000	1,314212E-1
81,035702	31,699999	80,000000	1,322092E-1
81,035702	31,699999	80,000000	1,327828E-1
81,035702	31,699999	80,000000	1,327828E-1
81,035702	31,699999	80,000000	1,335580E-1
81,035702	31,699999	80,000000	1,335580E-1
82,036073	31,699999	80,000000	1,343332E-1
82,036073	31,699999	80,000000	1,343332E-1
82,036073	31,699999	80,000000	1,351084E-1
82,036073	31,699999	80,000000	1,358835E-1
82,036073	31,699999	80,000000	1,358835E-1
82,036073	31,699999	80,000000	1,366587E-1
82,036073	41,500000	80,000000	1,374339E-1
82,036073	41,500000	80,000000	1,374339E-1
82,036073	41,500000	80,000000	1,355825E-1
82,036073	41,500000	80,000000	1,362004E-1
83,035503	41,500000	80,000000	1,368183E-1
83,035503	41,500000	80,000000	1,368183E-1
83,035503	41,500000	80,000000	1,374362E-1
83,035503	41,500000	80,000000	1,374362E-1
83,035503	41,500000	80,000000	1,380541E-1
83,035503	41,500000	80,000000	1,380541E-1
83,035503	44,200001	80,000000	1,379483E-1
83,035503	44,200001	80,000000	1,385229E-1
83,035503	44,200001	80,000000	1,390974E-1
83,035503	44,200001	80,000000	1,390974E-1
84,035908	44,200001	80,000000	1,396720E-1
84,035908	44,200001	80,000000	1,402466E-1
84,035908	44,200001	80,000000	1,408211E-1
84,035908	44,200001	80,000000	1,413957E-1
84,035908	44,200001	80,000000	1,419703E-1
84,035908	44,200001	80,000000	1,419703E-1
84,035908	45,700001	80,000000	1,425448E-1
84,035908	45,700001	80,000000	1,427174E-1
84,035908	45,700001	80,000000	1,427174E-1
84,035908	45,700001	80,000000	1,432679E-1
85,035339	45,700001	80,000000	1,432679E-1
85,035339	45,700001	80,000000	1,432679E-1
85,035339	45,700001	80,000000	1,438184E-1
85,035339	45,700001	80,000000	1,443688E-1
85,035339	45,700001	80,000000	1,449193E-1
85,035339	45,700001	80,000000	1,449193E-1
85,035339	45,700001	80,000000	1,454698E-1
85,035339	45,700001	80,000000	1,460203E-1
85,035339	45,700001	80,000000	1,460203E-1
85,035339	45,700001	80,000000	1,465708E-1
86,035754	50,500000	80,000000	1,471213E-1
86,035754	50,500000	80,000000	1,463853E-1
86,035754	50,500000	80,000000	1,463853E-1
86,035754	50,500000	80,000000	1,468588E-1
86,035754	50,500000	80,000000	1,468588E-1
86,035754	50,500000	80,000000	1,473322E-1
86,035754	50,500000	80,000000	1,473322E-1
86,035754	50,500000	80,000000	1,478057E-1
86,035754	50,500000	80,000000	1,482791E-1
86,035754	50,500000	80,000000	1,482791E-1
87,035244	53,400002	80,000000	1,479753E-1
87,035244	53,400002	80,000000	1,484022E-1
87,035244	53,400002	80,000000	1,488291E-1
87,035244	53,400002	80,000000	1,488291E-1
87,035244	53,400002	80,000000	1,492560E-1
87,035244	53,400002	80,000000	1,496830E-1
87,035244	53,400002	80,000000	1,501099E-1
87,035244	53,400002	80,000000	1,505368E-1
87,035244	53,400002	80,000000	1,505368E-1
87,035244	53,400002	80,000000	1,509637E-1
88,035608	54,799999	80,000000	1,509637E-1
88,035608	54,799999	80,000000	1,509637E-1
88,035608	54,799999	80,000000	1,510154E-1
88,035608	54,799999	80,000000	1,514198E-1
88,035608	54,799999	80,000000	1,514198E-1
88,035608	54,799999	80,000000	1,518243E-1
88,035608	54,799999	80,000000	1,522287E-1
88,035608	54,799999	80,000000	1,526332E-1
88,035608	54,799999	80,000000	1,526332E-1
88,035608	54,799999	80,000000	1,530376E-1
89,037100	54,799999	80,000000	1,530376E-1
89,037100	57,299999	80,000000	1,534420E-1
89,037100	57,299999	80,000000	1,531764E-1
89,037100	57,299999	80,000000	1,531764E-1
89,037100	57,299999	80,000000	1,535408E-1
89,037100	57,299999	80,000000	1,535408E-1
89,037100	57,299999	80,000000	1,539051E-1
89,037100	57,299999	80,000000	1,542694E-1
89,037100	57,299999	80,000000	1,542694E-1
89,037100	57,299999	80,000000	1,546337E-1
90,036632	57,299999	80,000000	1,549980E-1
90,036632	59,099998	80,000000	1,548799E-1
90,036632	59,099998	80,000000	1,552153E-1
90,036632	59,099998	80,000000	1,552153E-1
90,036632	59,099998	80,000000	1,555508E-1
90,036632	59,099998	80,000000	1,558862E-1
90,036632	59,099998	80,000000	1,558862E-1
90,036632	59,099998	80,000000	1,562216E-1
90,036632	59,099998	80,000000	1,565571E-1
90,036632	59,099998	80,000000	1,565571E-1
91,036984	59,099998	80,000000	1,565571E-1
91,036984	59,099998	80,000000	1,568925E-1
91,036984	59,099998	80,000000	1,572279E-1
91,036984	59,099998	80,000000	1,572279E-1
91,036984	59,099998	80,000000	1,575634E-1
91,036984	59,099998	80,000000	1,578988E-1
91,036984	59,099998	80,000000	1,582342E-1
91,036984	59,099998	80,000000	1,582342E-1
91,036984	62,699997	80,000000	1,585697E-1
91,036984	62,699997	80,000000	1,579402E-1
92,036441	62,699997	80,000000	1,582179E-1
92,036441	62,699997	80,000000	1,584955E-1
92,036441	62,699997	80,000000	1,587732E-1
92,036441	62,699997	80,000000	1,587732E-1
92,036441	62,699997	80,000000	1,590508E-1
92,036441	62,699997	80,000000	1,590508E-1
92,036441	62,699997	80,000000	1,593285E-1
92,036441	62,699997	80,000000	1,593285E-1
92,036441	64,199997	80,000000	1,592041E-1
92,036441	64,199997	80,000000	1,594577E-1
93,036734	64,199997	80,000000	1,597113E-1
93,036734	64,199997	80,000000	1,597113E-1
93,036734	64,199997	80,000000	1,599648E-1
93,036734	64,199997	80,000000	1,602184E-1
93,036734	64,199997	80,000000	1,602184E-1
93,036734	64,199997	80,000000	1,604720E-1
93,036734	64,199997	80,000000	1,607256E-1
93,036734	64,199997	80,000000	1,607256E-1
93,036734	65,000000	80,000000	1,609792E-1
93,036734	65,000000	80,000000	1,609792E-1
94,036156	65,000000	80,000000	1,610183E-1
94,036156	65,000000	80,000000	1,610183E-1
94,036156	65,000000	80,000000	1,612591E-1
94,036156	65,000000	80,000000	1,614998E-1
94,036156	65,000000	80,000000	1,617405E-1
94,036156	65,000000	80,000000	1,617405E-1
94,036156	65,000000	80,000000	1,619813E-1
94,036156	65,000000	80,000000	1,622220E-1
94,036156	65,000000	80,000000	1,622220E-1
94,036156	66,500000	80,000000	1,624628E-1
95,036258	66,500000	80,000000	1,623015E-1
95,036258	66,500000	80,000000	1,623015E-1
95,036258	66,500000	80,000000	1,625181E-1
95,036258	66,500000	80,000000	1,627348E-1
95,036258	66,500000	80,000000	1,627348E-1
95,036258	66,500000	80,000000	1,627348E-1
95,036258	66,500000	80,000000	1,629515E-1
95,036258	66,500000	80,000000	1,629515E-1
95,036258	66,500000	80,000000	1,631681E-1
95,036258	67,699997	80,000000	1,630632E-1
96,036789	67,699997	80,000000	1,630632E-1
96,036789	67,699997	80,000000	1,632606E-1
96,036789	67,699997	80,000000	1,632606E-1
96,036789	67,699997	80,000000	1,634580E-1
96,036789	67,699997	80,000000	1,636554E-1
96,036789	67,699997	80,000000	1,638528E-1
96,036789	67,699997	80,000000	1,638528E-1
96,036789	67,699997	80,000000	1,640502E-1
96,036789	67,699997	80,000000	1,640502E-1
96,036789	67,699997	80,000000	1,642476E-1
97,036111	67,699997	80,000000	1,642476E-1
97,036111	67,699997	80,000000	1,644450E-1
97,036111	68,799995	80,000000	1,646424E-1
97,036111	68,799995	80,000000	1,646424E-1
97,036111	68,799995	80,000000	1,645450E-1
97,036111	68,799995	80,000000	1,647248E-1
97,036111	68,799995	80,000000	1,649045E-1
97,036111	68,799995	80,000000	1,649045E-1
97,036111	68,799995	80,000000	1,650843E-1
97,036111	68,799995	80,000000	1,652640E-1
98,036531	68,799995	80,000000	1,652640E-1
98,036531	68,799995	80,000000	1,654438E-1
98,036531	69,699997	80,000000	1,656235E-1
98,036531	69,699997	80,000000	1,656235E-1
98,036531	69,699997	80,000000	1,656235E-1
98,036531	69,699997	80,000000	1,655621E-1
98,036531	69,699997	80,000000	1,655621E-1
98,036531	69,699997	80,000000	1,657274E-1
98,036531	69,699997	80,000000	1,658927E-1
98,036531	69,699997	80,000000	1,660580E-1
99,036276	69,699997	80,000000	1,662233E-1
99,036276	69,699997	80,000000	1,662233E-1
99,036276	70,699997	80,000000	1,663886E-1
99,036276	70,699997	80,000000	1,663886E-1
99,036276	70,699997	80,000000	1,662859E-1
99,036276	70,699997	80,000000	1,664351E-1
99,036276	70,699997	80,000000	1,665844E-1
99,036276	70,699997	80,000000	1,665844E-1
99,036276	70,699997	80,000000	1,667337E-1
99,036276	70,699997	80,000000	1,667337E-1
100,037708	70,699997	80,000000	1,668829E-1
100,037708	70,699997	80,000000	1,668829E-1
100,037708	70,699997	80,000000	1,670322E-1
100,037708	71,000000	80,000000	1,671814E-1
100,037708	71,000000	80,000000	1,671814E-1
100,037708	71,000000	80,000000	1,672503E-1
100,037708	71,000000	80,000000	1,673947E-1
100,037708	71,000000	80,000000	1,675392E-1
100,037708	71,000000	80,000000	1,675392E-1
100,037708	71,000000	80,000000	1,676836E-1
101,037163	71,000000	80,000000	1,678281E-1
101,037163	71,000000	80,000000	1,679725E-1
101,037163	71,000000	80,000000	1,679725E-1
101,037163	71,000000	80,000000	1,679725E-1
101,037163	71,000000	80,000000	1,681170E-1
101,037163	71,000000	80,000000	1,681170E-1
101,037163	71,599998	80,000000	1,681006E-1
101,037163	71,599998	80,000000	1,682354E-1
101,037163	71,599998	80,000000	1,682354E-1
101,037163	71,599998	80,000000	1,683702E-1
102,038554	71,599998	80,000000	1,685050E-1
102,038554	71,599998	80,000000	1,686399E-1
102,038554	71,599998	80,000000	1,686399E-1
102,038554	71,599998	80,000000	1,687747E-1
102,038554	71,599998	80,000000	1,689095E-1
102,038554	71,599998	80,000000	1,690443E-1
102,038554	71,599998	80,000000	1,690443E-1
102,038554	72,900002	80,000000	1,691791E-1
102,038554	72,900002	80,000000	1,691791E-1
102,038554	72,900002	80,000000	1,689655E-1
103,038994	72,900002	80,000000	1,689655E-1
103,038994	72,900002	80,000000	1,689655E-1
103,038994	72,900002	80,000000	1,690794E-1
103,038994	72,900002	80,000000	1,691934E-1
103,038994	72,900002	80,000000	1,693073E-1
103,038994	72,900002	80,000000	1,694213E-1
103,038994	72,900002	80,000000	1,694213E-1
103,038994	72,900002	80,000000	1,695352E-1
103,038994	73,099998	80,000000	1,696492E-1
103,038994	73,099998	80,000000	1,696492E-1
104,038403	73,099998	80,000000	1,697095E-1
104,038403	73,099998	80,000000	1,698203E-1
104,038403	73,099998	80,000000	1,699310E-1
104,038403	73,099998	80,000000	1,699310E-1
104,038403	73,099998	80,000000	1,699310E-1
104,038403	73,099998	80,000000	1,700418E-1
104,038403	73,099998	80,000000	1,700418E-1
104,038403	73,099998	80,000000	1,701525E-1
104,038403	73,799995	80,000000	1,700756E-1
104,038403	73,799995	80,000000	1,701751E-1
105,039890	73,799995	80,000000	1,702746E-1
105,039890	73,799995	80,000000	1,702746E-1
105,039890	73,799995	80,000000	1,703742E-1
105,039890	73,799995	80,000000	1,704737E-1
105,039890	73,799995	80,000000	1,705732E-1
105,039890	73,799995	80,000000	1,705732E-1
105,039890	73,799995	80,000000	1,706727E-1
105,039890	74,000000	80,000000	1,707722E-1
105,039890	74,000000	80,000000	1,707722E-1
105,039890	74,000000	80,000000	1,708181E-1
106,039266	74,000000	80,000000	1,708181E-1
106,039266	74,000000	80,000000	1,708181E-1
106,039266	74,000000	80,000000	1,709144E-1
106,039266	74,000000	80,000000	1,710107E-1
106,039266	74,000000	80,000000	1,711070E-1
106,039266	74,000000	80,000000	1,712033E-1
106,039266	74,000000	80,000000	1,712033E-1
106,039266	74,000000	80,000000	1,712996E-1
106,039266	74,000000	80,000000	1,713959E-1
106,039266	74,599998	80,000000	1,714921E-1
107,039701	74,599998	80,000000	1,714921E-1
107,039701	74,599998	80,000000	1,714276E-1
107,039701	74,599998	80,000000	1,715143E-1
107,039701	74,599998	80,000000	1,715143E-1
107,039701	74,599998	80,000000	1,715143E-1
107,039701	74,599998	80,000000	1,716010E-1
107,039701	74,599998	80,000000	1,716010E-1
107,039701	74,599998	80,000000	1,716876E-1
107,039701	74,599998	80,000000	1,717743E-1
107,039701	74,599998	80,000000	1,718610E-1
108,039112	74,599998	80,000000	1,719476E-1
108,039112	74,599998	80,000000	1,719476E-1
108,039112	74,599998	80,000000	1,720343E-1
108,039112	74,599998	80,000000	1,721210E-1
108,039112	74,599998	80,000000	1,721210E-1
108,039112	75,399994	80,000000	1,722076E-1
108,039112	75,399994	80,000000	1,720799E-1
108,039112	75,399994	80,000000	1,721537E-1
108,039112	75,399994	80,000000	1,721537E-1
108,039112	75,399994	80,000000	1,721537E-1
109,040627	75,399994	80,000000	1,722275E-1
109,040627	75,399994	80,000000	1,722275E-1
109,040627	75,399994	80,000000	1,723014E-1
109,040627	75,399994	80,000000	1,723752E-1
109,040627	75,399994	80,000000	1,724490E-1
109,040627	75,399994	80,000000	1,724490E-1
109,040627	75,699997	80,000000	1,725228E-1
109,040627	75,699997	80,000000	1,725163E-1
109,040627	75,699997	80,000000	1,725163E-1
109,040627	75,699997	80,000000	1,725853E-1
110,040982	75,699997	80,000000	1,726543E-1
110,040982	75,699997	80,000000	1,727233E-1
110,040982	75,699997	80,000000	1,727233E-1
110,040982	75,699997	80,000000	1,727923E-1
110,040982	75,699997	80,000000	1,727923E-1
110,040982	75,899994	80,000000	1,728613E-1
110,040982	75,899994	80,000000	1,728613E-1
110,040982	75,899994	80,000000	1,728767E-1
110,040982	75,899994	80,000000	1,729425E-1
110,040982	75,899994	80,000000	1,730083E-1
111,040401	75,899994	80,000000	1,730083E-1
111,040401	75,899994	80,000000	1,730741E-1
111,040401	75,899994	80,000000	1,731399E-1
111,040401	75,899994	80,000000	1,732057E-1
111,040401	75,899994	80,000000	1,732057E-1
111,040401	76,000000	80,000000	1,732715E-1
111,040401	76,000000	80,000000	1,733105E-1
111,040401	76,000000	80,000000	1,733105E-1
111,040401	76,000000	80,000000	1,733747E-1
111,040401	76,000000	80,000000	1,733747E-1
112,041848	76,000000	80,000000	1,734389E-1
112,041848	76,000000	80,000000	1,734389E-1
112,041848	76,000000	80,000000	1,735031E-1
112,041848	76,000000	80,000000	1,735673E-1
112,041848	76,000000	80,000000	1,736315E-1
112,041848	76,000000	80,000000	1,736957E-1
112,041848	76,000000	80,000000	1,736957E-1
112,041848	76,000000	80,000000	1,737599E-1
112,041848	76,199997	80,000000	1,737599E-1
112,041848	76,199997	80,000000	1,737705E-1
113,041239	76,199997	80,000000	1,737705E-1
113,041239	76,199997	80,000000	1,738315E-1
113,041239	76,199997	80,000000	1,738925E-1
113,041239	76,199997	80,000000	1,738925E-1
113,041239	76,199997	80,000000	1,739535E-1
113,041239	76,199997	80,000000	1,739535E-1
113,041239	76,199997	80,000000	1,740145E-1
113,041239	76,199997	80,000000	1,740145E-1
113,041239	76,199997	80,000000	1,740755E-1
113,041239	77,099998	80,000000	1,741364E-1
114,041653	77,099998	80,000000	1,739562E-1
114,041653	77,099998	80,000000	1,739562E-1
114,041653	77,099998	80,000000	1,740028E-1
114,041653	77,099998	80,000000	1,740493E-1
114,041653	77,099998	80,000000	1,740958E-1
114,041653	77,099998	80,000000	1,740958E-1
114,041653	77,099998	80,000000	1,741424E-1
114,041653	77,099998	80,000000	1,741889E-1
114,041653	77,099998	80,000000	1,741889E-1
114,041653	77,099998	80,000000	1,742355E-1
115,042056	76,900002	80,000000	1,742355E-1
115,042056	76,900002	80,000000	1,742355E-1
115,042056	76,900002	80,000000	1,743356E-1
115,042056	76,900002	80,000000	1,743854E-1
115,042056	76,900002	80,000000	1,744351E-1
115,042056	76,900002	80,000000	1,744849E-1
115,042056	76,900002	80,000000	1,745346E-1
115,042056	76,900002	80,000000	1,745346E-1
115,042056	76,900002	80,000000	1,745844E-1
115,042056	77,099998	80,000000	1,746341E-1
116,041586	77,099998	80,000000	1,746341E-1
116,041586	77,099998	80,000000	1,746303E-1
116,041586	77,099998	80,000000	1,746768E-1
116,041586	77,099998	80,000000	1,746768E-1
116,041586	77,099998	80,000000	1,747234E-1
116,041586	77,099998	80,000000	1,747234E-1
116,041586	77,099998	80,000000	1,747699E-1
116,041586	77,099998	80,000000	1,747699E-1
116,041586	77,099998	80,000000	1,748165E-1
116,041586	77,500000	80,000000	1,748630E-1
117,042916	77,500000	80,000000	1,748023E-1
117,042916	77,500000	80,000000	1,748023E-1
117,042916	77,500000	80,000000	1,748425E-1
117,042916	77,500000	80,000000	1,748826E-1
117,042916	77,500000	80,000000	1,748826E-1
117,042916	77,500000	80,000000	1,748826E-1
117,042916	77,500000	80,000000	1,748826E-1
117,042916	77,500000	80,000000	1,749227E-1
117,042916	77,500000	80,000000	1,749227E-1
117,042916	77,500000	80,000000	1,749227E-1
118,042410	77,500000	80,000000	1,749628E-1
118,042410	77,500000	80,000000	1,749628E-1
118,042410	77,500000	80,000000	1,749628E-1
118,042410	77,500000	80,000000	1,749628E-1
118,042410	77,500000	80,000000	1,749628E-1
118,042410	77,500000	80,000000	1,749628E-1
118,042410	77,500000	80,000000	1,749628E-1
118,042410	77,500000	80,000000	1,749628E-1
118,042410	77,500000	80,000000	1,749628E-1
118,042410	77,500000	80,000000	1,749628E-1
119,042773	77,500000	80,000000	1,749628E-1
119,042773	77,500000	80,000000	1,749628E-1
119,042773	77,500000	80,000000	1,749628E-1
119,042773	77,500000	80,000000	1,749628E-1
119,042773	77,500000	80,000000	1,749628E-1
119,042773	77,500000	80,000000	1,749628E-1
119,042773	77,500000	80,000000	1,749628E-1
119,042773	77,500000	80,000000	1,749628E-1
119,042773	77,500000	80,000000	1,749628E-1
119,042773	77,500000	80,000000	1,749628E-1
120,043189	77,500000	80,000000	1,749628E-1
120,043189	77,500000	80,000000	1,749628E-1
120,043189	77,500000	80,000000	1,749628E-1
120,043189	77,500000	80,000000	1,749628E-1
120,043189	77,500000	80,000000	1,749628E-1
120,043189	77,500000	80,000000	1,749628E-1
120,043189	77,500000	80,000000	1,749628E-1
120,043189	77,500000	80,000000	1,749628E-1
120,043189	77,500000	80,000000	1,749628E-1
120,043189	77,500000	80,000000	1,749628E-1
121,044651	77,500000	80,000000	1,749628E-1
121,044651	77,500000	80,000000	1,749628E-1
121,044651	77,500000	80,000000	1,749628E-1
121,044651	77,500000	80,000000	1,749628E-1
121,044651	77,500000	80,000000	1,749628E-1
121,044651	77,500000	80,000000	1,749628E-1
121,044651	77,500000	80,000000	1,749628E-1
121,044651	77,500000	80,000000	1,749628E-1
121,044651	77,500000	80,000000	1,749628E-1
121,044651	77,500000	80,000000	1,749628E-1
122,046109	77,500000	80,000000	1,749628E-1
122,046109	77,599998	80,000000	1,749762E-1
122,046109	77,599998	80,000000	1,749762E-1
122,046109	77,599998	80,000000	1,749762E-1
122,046109	77,599998	80,000000	1,749762E-1
122,046109	77,599998	80,000000	1,749762E-1
122,046109	77,599998	80,000000	1,749762E-1
122,046109	77,599998	80,000000	1,749762E-1
122,046109	77,599998	80,000000	1,749762E-1
122,046109	77,599998	80,000000	1,749762E-1
123,045595	77,599998	80,000000	1,749762E-1
123,045595	77,599998	80,000000	1,749762E-1
123,045595	77,599998	80,000000	1,749762E-1
123,045595	77,599998	80,000000	1,749762E-1
123,045595	77,599998	80,000000	1,749762E-1
123,045595	77,599998	80,000000	1,749762E-1
123,045595	77,599998	80,000000	1,749762E-1
123,045595	77,599998	80,000000	1,749762E-1
123,045595	77,599998	80,000000	1,750147E-1
123,045595	77,599998	80,000000	1,750147E-1
124,045976	77,599998	80,000000	1,750147E-1
124,045976	77,599998	80,000000	1,750147E-1
124,045976	77,599998	80,000000	1,750147E-1
124,045976	77,599998	80,000000	1,750147E-1
124,045976	77,599998	80,000000	1,750147E-1
124,045976	77,599998	80,000000	1,750147E-1
124,045976	77,599998	80,000000	1,750147E-1
124,045976	77,599998	80,000000	1,750147E-1
124,045976	77,599998	80,000000	1,750147E-1
124,045976	77,599998	80,000000	1,750147E-1
125,045456	77,599998	80,000000	1,750147E-1
125,045456	77,599998	80,000000	1,750147E-1
125,045456	77,599998	80,000000	1,750147E-1
125,045456	77,599998	80,000000	1,750147E-1
125,045456	77,599998	80,000000	1,750147E-1
125,045456	77,599998	80,000000	1,750147E-1
125,045456	77,500000	80,000000	1,750532E-1
125,045456	77,500000	80,000000	1,750532E-1
125,045456	77,500000	80,000000	1,750532E-1
125,045456	77,500000	80,000000	1,750532E-1
126,045802	77,500000	80,000000	1,750532E-1
126,045802	77,500000	80,000000	1,750532E-1
126,045802	77,500000	80,000000	1,750532E-1
126,045802	77,500000	80,000000	1,750532E-1
126,045802	77,500000	80,000000	1,750532E-1
126,045802	77,500000	80,000000	1,750532E-1
126,045802	77,500000	80,000000	1,750532E-1
126,045802	77,500000	80,000000	1,750532E-1
126,045802	77,500000	80,000000	1,750532E-1
126,045802	77,500000	80,000000	1,750532E-1
127,045180	77,500000	80,000000	1,750532E-1
127,045180	77,500000	80,000000	1,750532E-1
127,045180	77,500000	80,000000	1,750532E-1
127,045180	77,500000	80,000000	1,751185E-1
127,045180	77,299995	80,000000	1,751185E-1
127,045180	77,299995	80,000000	1,751185E-1
127,045180	77,299995	80,000000	1,751185E-1
127,045180	77,299995	80,000000	1,751185E-1
127,045180	77,299995	80,000000	1,751185E-1
127,045180	77,299995	80,000000	1,751185E-1
128,045568	77,299995	80,000000	1,751185E-1
128,045568	77,299995	80,000000	1,751185E-1
128,045568	77,299995	80,000000	1,751185E-1
128,045568	77,299995	80,000000	1,751185E-1
128,045568	77,299995	80,000000	1,751185E-1
128,045568	77,299995	80,000000	1,751185E-1
128,045568	77,299995	80,000000	1,751185E-1
128,045568	77,299995	80,000000	1,751185E-1
128,045568	77,299995	80,000000	1,751185E-1
128,045568	77,299995	80,000000	1,751185E-1
129,045294	77,299995	80,000000	1,752122E-1
129,045294	77,299995	80,000000	1,752122E-1
129,045294	77,299995	80,000000	1,752122E-1
129,045294	77,599998	80,000000	1,751752E-1
129,045294	77,599998	80,000000	1,751752E-1
129,045294	77,599998	80,000000	1,751752E-1
129,045294	77,500000	80,000000	1,752137E-1
129,045294	77,500000	80,000000	1,752137E-1
129,045294	77,500000	80,000000	1,752790E-1
129,045294	77,500000	80,000000	1,753191E-1
130,045726	77,500000	80,000000	1,753593E-1
130,045726	77,500000	80,000000	1,753593E-1
130,045726	77,500000	80,000000	1,753994E-1
130,045726	77,500000	80,000000	1,754395E-1
130,045726	77,500000	80,000000	1,754395E-1
130,045726	77,500000	80,000000	1,754796E-1
130,045726	77,500000	80,000000	1,755197E-1
130,045726	77,500000	80,000000	1,755197E-1
130,045726	77,399994	80,000000	1,755599E-1
130,045726	77,399994	80,000000	1,755599E-1
131,045127	77,399994	80,000000	1,756268E-1
131,045127	77,399994	80,000000	1,756685E-1
131,045127	77,399994	80,000000	1,756685E-1
131,045127	77,399994	80,000000	1,757103E-1
131,045127	77,399994	80,000000	1,757520E-1
131,045127	77,399994	80,000000	1,757937E-1
131,045127	77,399994	30,000000	1,757937E-1
131,045127	77,799995	30,000000	1,624342E-1
131,045127	77,799995	30,000000	1,615663E-1
131,045127	77,799995	30,000000	1,615663E-1
132,045586	77,799995	30,000000	1,607991E-1
132,045586	77,799995	30,000000	1,600319E-1
132,045586	77,799995	30,000000	1,600319E-1
132,045586	77,799995	30,000000	1,592648E-1
132,045586	77,799995	30,000000	1,592648E-1
132,045586	77,799995	30,000000	1,592648E-1
132,045586	77,799995	30,000000	1,584976E-1
132,045586	77,799995	30,000000	1,577305E-1
132,045586	70,199997	30,000000	1,569633E-1
132,045586	70,199997	30,000000	1,569633E-1
133,046036	70,199997	30,000000	1,582331E-1
133,046036	70,199997	30,000000	1,575879E-1
133,046036	70,199997	30,000000	1,569427E-1
133,046036	70,199997	30,000000	1,569427E-1
133,046036	70,199997	30,000000	1,562976E-1
133,046036	70,199997	30,000000	1,556524E-1
133,046036	70,199997	30,000000	1,556524E-1
133,046036	70,199997	30,000000	1,550072E-1
133,046036	64,599998	30,000000	1,550072E-1
133,046036	64,599998	30,000000	1,550072E-1
134,045431	64,599998	30,000000	1,558629E-1
134,045431	64,599998	30,000000	1,558629E-1
134,045431	64,599998	30,000000	1,553076E-1
134,045431	64,599998	30,000000	1,547523E-1
134,045431	64,599998	30,000000	1,541970E-1
134,045431	64,599998	30,000000	1,536417E-1
134,045431	64,599998	30,000000	1,530864E-1
134,045431	64,599998	30,000000	1,530864E-1
134,045431	62,899998	30,000000	1,525311E-1
134,045431	62,899998	30,000000	1,524314E-1
135,045915	62,899998	30,000000	1,519034E-1
135,045915	62,899998	30,000000	1,519034E-1
135,045915	62,899998	30,000000	1,519034E-1
135,045915	62,899998	30,000000	1,513754E-1
135,045915	62,899998	30,000000	1,513754E-1
135,045915	62,899998	30,000000	1,508474E-1
135,045915	62,899998	30,000000	1,503193E-1
135,045915	62,899998	30,000000	1,497913E-1
135,045915	62,899998	30,000000	1,497913E-1
135,045915	62,899998	30,000000	1,492633E-1
136,046263	62,899998	30,000000	1,487353E-1
136,046263	62,899998	30,000000	1,487353E-1
136,046263	59,700001	30,000000	1,482072E-1
136,046263	59,700001	30,000000	1,485369E-1
136,046263	59,700001	30,000000	1,480602E-1
136,046263	59,700001	30,000000	1,480602E-1
136,046263	59,700001	30,000000	1,475835E-1
136,046263	59,700001	30,000000	1,475835E-1
136,046263	59,700001	30,000000	1,471069E-1
136,046263	59,700001	30,000000	1,471069E-1
137,047729	59,700001	30,000000	1,466302E-1
137,047729	59,700001	30,000000	1,461535E-1
137,047729	56,900002	30,000000	1,456769E-1
137,047729	56,900002	30,000000	1,456769E-1
137,047729	56,900002	30,000000	1,459507E-1
137,047729	56,900002	30,000000	1,455190E-1
137,047729	56,900002	30,000000	1,450872E-1
137,047729	56,900002	30,000000	1,446555E-1
137,047729	56,900002	30,000000	1,446555E-1
137,047729	56,900002	30,000000	1,442238E-1
138,047146	56,900002	30,000000	1,437920E-1
138,047146	56,900002	30,000000	1,433603E-1
138,047146	56,900002	30,000000	1,433603E-1
138,047146	55,299999	30,000000	1,429286E-1
138,047146	55,299999	30,000000	1,429286E-1
138,047146	55,299999	30,000000	1,429257E-1
138,047146	55,299999	30,000000	1,425196E-1
138,047146	55,299999	30,000000	1,421136E-1
138,047146	55,299999	30,000000	1,421136E-1
138,047146	55,299999	30,000000	1,417075E-1
139,047530	55,299999	30,000000	1,413015E-1
139,047530	55,299999	30,000000	1,413015E-1
139,047530	52,900002	30,000000	1,408955E-1
139,047530	52,900002	30,000000	1,411327E-1
139,047530	52,900002	30,000000	1,407651E-1
139,047530	52,900002	30,000000	1,407651E-1
139,047530	52,900002	30,000000	1,403976E-1
139,047530	52,900002	30,000000	1,403976E-1
139,047530	52,900002	30,000000	1,400301E-1
139,047530	52,900002	30,000000	1,400301E-1
140,047979	52,900002	30,000000	1,396625E-1
140,047979	52,900002	30,000000	1,396625E-1
140,047979	52,900002	30,000000	1,392950E-1
140,047979	52,900002	30,000000	1,389275E-1
140,047979	52,900002	30,000000	1,389275E-1
140,047979	51,500000	30,000000	1,385599E-1
140,047979	51,500000	30,000000	1,385676E-1
140,047979	51,500000	30,000000	1,382226E-1
140,047979	51,500000	30,000000	1,382226E-1
140,047979	51,500000	30,000000	1,378775E-1
141,047425	51,500000	30,000000	1,375325E-1
141,047425	51,500000	30,000000	1,375325E-1
141,047425	51,500000	30,000000	1,371874E-1
141,047425	51,500000	30,000000	1,371874E-1
141,047425	51,500000	30,000000	1,371874E-1
141,047425	51,500000	30,000000	1,371874E-1
141,047425	51,500000	30,000000	1,368423E-1
141,047425	49,299999	30,000000	1,364973E-1
141,047425	49,299999	30,000000	1,367419E-1
141,047425	49,299999	30,000000	1,367419E-1
142,048825	49,299999	30,000000	1,364321E-1
142,048825	49,299999	30,000000	1,361224E-1
142,048825	49,299999	30,000000	1,358126E-1
142,048825	49,299999	30,000000	1,355029E-1
142,048825	49,299999	30,000000	1,355029E-1
142,048825	49,299999	30,000000	1,351931E-1
142,048825	48,200001	30,000000	1,348834E-1
142,048825	48,200001	30,000000	1,348834E-1
142,048825	48,200001	30,000000	1,348684E-1
142,048825	48,200001	30,000000	1,348684E-1
143,049256	48,200001	30,000000	1,345763E-1
143,049256	48,200001	30,000000	1,342842E-1
143,049256	48,200001	30,000000	1,339921E-1
143,049256	48,200001	30,000000	1,337000E-1
143,049256	48,200001	30,000000	1,337000E-1
143,049256	48,200001	30,000000	1,334079E-1
143,049256	47,000000	30,000000	1,331158E-1
143,049256	47,000000	30,000000	1,331454E-1
143,049256	47,000000	30,000000	1,331454E-1
143,049256	47,000000	30,000000	1,328725E-1
144,049669	47,000000	30,000000	1,325997E-1
144,049669	47,000000	30,000000	1,325997E-1
144,049669	47,000000	30,000000	1,325997E-1
144,049669	47,000000	30,000000	1,323268E-1
144,049669	47,000000	30,000000	1,323268E-1
144,049669	47,000000	30,000000	1,320540E-1
144,049669	45,800003	30,000000	1,321028E-1
144,049669	45,800003	30,000000	1,318492E-1
144,049669	45,800003	30,000000	1,318492E-1
144,049669	45,800003	30,000000	1,315956E-1
145,049136	45,800003	30,000000	1,313421E-1
145,049136	45,800003	10,000000	1,257280E-1
145,049136	45,800003	10,000000	1,257280E-1
145,049136	45,800003	10,000000	1,251534E-1
145,049136	45,800003	10,000000	1,245788E-1
145,049136	45,800003	10,000000	1,245788E-1
145,049136	45,800003	10,000000	1,240043E-1
145,049136	45,800003	10,000000	1,240043E-1
145,049136	45,800003	10,000000	1,234297E-1
145,049136	45,800003	10,000000	1,234297E-1
146,050571	44,500000	10,000000	1,232036E-1
146,050571	44,500000	10,000000	1,232036E-1
146,050571	44,500000	10,000000	1,226499E-1
146,050571	44,500000	10,000000	1,220962E-1
146,050571	44,500000	10,000000	1,215425E-1
146,050571	44,500000	10,000000	1,209888E-1
146,050571	44,500000	10,000000	1,209888E-1
146,050571	44,500000	10,000000	1,204351E-1
146,050571	44,500000	10,000000	1,198814E-1
146,050571	44,500000	10,000000	1,198814E-1
147,050933	44,500000	10,000000	1,193276E-1
147,050933	38,400002	10,000000	1,187739E-1
147,050933	38,400002	10,000000	1,187739E-1
147,050933	38,400002	10,000000	1,187739E-1
147,050933	38,400002	10,000000	1,198552E-1
147,050933	38,400002	10,000000	1,198552E-1
147,050933	38,400002	10,000000	1,193994E-1
147,050933	38,400002	10,000000	1,189436E-1
147,050933	38,400002	10,000000	1,184878E-1
147,050933	38,400002	10,000000	1,180320E-1
148,050426	38,400002	10,000000	1,180320E-1
148,050426	38,400002	10,000000	1,175762E-1
148,050426	38,400002	10,000000	1,171204E-1
148,050426	36,299999	10,000000	1,171204E-1
148,050426	36,299999	10,000000	1,172274E-1
148,050426	36,299999	10,000000	1,168053E-1
148,050426	36,299999	10,000000	1,168053E-1
148,050426	36,299999	10,000000	1,163832E-1
148,050426	36,299999	10,000000	1,163832E-1
148,050426	36,299999	10,000000	1,163832E-1
149,050821	36,299999	10,000000	1,159611E-1
149,050821	35,500000	10,000000	1,155390E-1
149,050821	35,500000	10,000000	1,155390E-1
149,050821	35,500000	10,000000	1,153314E-1
149,050821	35,500000	10,000000	1,149221E-1
149,050821	35,500000	10,000000	1,145128E-1
149,050821	35,500000	10,000000	1,145128E-1
149,050821	35,500000	10,000000	1,141036E-1
149,050821	35,500000	10,000000	1,136943E-1
149,050821	35,500000	10,000000	1,136943E-1
150,050244	35,500000	10,000000	1,132851E-1
150,050244	34,200001	10,000000	1,128758E-1
150,050244	34,200001	10,000000	1,128758E-1
150,050244	34,200001	10,000000	1,128150E-1
150,050244	34,200001	10,000000	1,128150E-1
150,050244	34,200001	10,000000	1,128150E-1
150,050244	34,200001	10,000000	1,124266E-1
150,050244	34,200001	10,000000	1,120382E-1
150,050244	34,200001	10,000000	1,116498E-1
150,050244	34,200001	10,000000	1,112614E-1
151,050686	34,200001	10,000000	1,112614E-1
151,050686	34,200001	10,000000	1,108730E-1
151,050686	34,200001	10,000000	1,104846E-1
151,050686	34,200001	10,000000	1,100962E-1
151,050686	32,899998	10,000000	1,100962E-1
151,050686	32,899998	10,000000	1,100962E-1
151,050686	32,899998	10,000000	1,100562E-1
151,050686	32,899998	10,000000	1,100562E-1
151,050686	32,899998	10,000000	1,096887E-1
151,050686	32,899998	10,000000	1,096887E-1
152,051063	32,899998	10,000000	1,093212E-1
152,051063	32,899998	10,000000	1,089536E-1
152,051063	32,899998	10,000000	1,085861E-1
152,051063	32,899998	10,000000	1,082186E-1
152,051063	32,899998	10,000000	1,082186E-1
152,051063	31,500000	10,000000	1,078511E-1
152,051063	31,500000	10,000000	1,078588E-1
152,051063	31,500000	10,000000	1,078588E-1
152,051063	31,500000	10,000000	1,075137E-1
152,051063	31,500000	10,000000	1,071686E-1
153,050548	31,500000	10,000000	1,068236E-1
153,050548	31,500000	10,000000	1,064785E-1
153,050548	31,500000	10,000000	1,064785E-1
153,050548	31,500000	10,000000	1,061334E-1
153,050548	31,500000	10,000000	1,061334E-1
153,050548	31,500000	10,000000	1,057884E-1
153,050548	31,500000	10,000000	1,054433E-1
153,050548	30,400000	10,000000	1,054433E-1
153,050548	30,400000	10,000000	1,053931E-1
153,050548	30,400000	10,000000	1,050657E-1
154,050972	30,400000	10,000000	1,050657E-1
154,050972	30,400000	10,000000	1,047383E-1
154,050972	30,400000	10,000000	1,044109E-1
154,050972	30,400000	10,000000	1,040835E-1
154,050972	30,400000	10,000000	1,040835E-1
154,050972	29,199999	10,000000	1,037561E-1
154,050972	29,199999	10,000000	1,037561E-1
154,050972	29,199999	10,000000	1,037503E-1
154,050972	29,199999	10,000000	1,037503E-1
154,050972	29,199999	10,000000	1,037503E-1
155,050352	29,199999	10,000000	1,034421E-1
155,050352	29,199999	10,000000	1,031340E-1
155,050352	29,199999	10,000000	1,031340E-1
155,050352	29,199999	10,000000	1,028258E-1
155,050352	29,199999	10,000000	1,025177E-1
155,050352	29,199999	10,000000	1,022095E-1
155,050352	28,599998	10,000000	1,020622E-1
155,050352	28,599998	10,000000	1,020622E-1
155,050352	28,599998	10,000000	1,017637E-1
155,050352	28,599998	10,000000	1,014652E-1
156,051827	28,599998	10,000000	1,011666E-1
156,051827	28,599998	10,000000	1,008681E-1
156,051827	28,599998	10,000000	1,008681E-1
156,051827	28,599998	10,000000	1,005696E-1
156,051827	28,599998	10,000000	1,005696E-1
156,051827	28,599998	10,000000	1,005696E-1
156,051827	28,599998	10,000000	1,002711E-1
156,051827	28,599998	10,000000	9,997257E-2
156,051827	28,599998	10,000000	9,967406E-2
156,051827	27,900000	10,000000	9,967406E-2
157,051223	27,900000	10,000000	9,956315E-2
157,051223	27,900000	10,000000	9,927587E-2
157,051223	27,900000	10,000000	9,927587E-2
157,051223	27,900000	10,000000	9,898859E-2
157,051223	27,900000	10,000000	9,870130E-2
157,051223	27,900000	10,000000	9,841402E-2
157,051223	27,900000	10,000000	9,841402E-2
157,051223	27,900000	10,000000	9,841402E-2
157,051223	27,900000	10,000000	9,812673E-2
157,051223	26,600000	10,000000	9,812673E-2
158,051601	26,600000	10,000000	9,818788E-2
158,051601	26,600000	10,000000	9,792146E-2
158,051601	26,600000	10,000000	9,765504E-2
158,051601	26,600000	10,000000	9,765504E-2
158,051601	26,600000	10,000000	9,738862E-2
158,051601	26,600000	10,000000	9,712220E-2
158,051601	26,600000	10,000000	9,685578E-2
158,051601	26,600000	10,000000	9,658936E-2
158,051601	26,600000	10,000000	9,632294E-2
158,051601	26,099998	10,000000	9,619054E-2
159,052033	26,099998	10,000000	9,619054E-2
159,052033	26,099998	10,000000	9,593214E-2
159,052033	26,099998	10,000000	9,593214E-2
159,052033	26,099998	10,000000	9,567375E-2
159,052033	26,099998	10,000000	9,567375E-2
159,052033	26,099998	10,000000	9,541535E-2
159,052033	26,099998	10,000000	9,515696E-2
159,052033	26,099998	10,000000	9,515696E-2
159,052033	26,099998	10,000000	9,489856E-2
159,052033	26,099998	10,000000	9,464017E-2
160,051466	26,099998	10,000000	9,464017E-2
160,051466	25,500000	10,000000	9,438177E-2
160,051466	25,500000	10,000000	9,428419E-2
160,051466	25,500000	10,000000	9,403543E-2
160,051466	25,500000	10,000000	9,403543E-2
160,051466	25,500000	10,000000	9,378666E-2
160,051466	25,500000	10,000000	9,353789E-2
160,051466	25,500000	10,000000	9,353789E-2
160,051466	25,500000	10,000000	9,328913E-2
160,051466	25,500000	10,000000	9,328913E-2
161,051964	24,900002	10,000000	9,328913E-2
161,051964	24,900002	10,000000	9,320118E-2
161,051964	24,900002	10,000000	9,296204E-2
161,051964	24,900002	10,000000	9,272291E-2
161,051964	24,900002	10,000000	9,248377E-2
161,051964	24,900002	10,000000	9,248377E-2
161,051964	24,900002	10,000000	9,224463E-2
161,051964	24,900002	10,000000	9,200550E-2
161,051964	24,900002	10,000000	9,176636E-2
161,051964	24,900002	10,000000	9,176636E-2
162,051320	24,700001	10,000000	9,152723E-2
162,051320	24,700001	10,000000	9,134170E-2
162,051320	24,700001	10,000000	9,134170E-2
162,051320	24,700001	10,000000	9,110577E-2
162,051320	24,700001	10,000000	9,110577E-2
162,051320	24,700001	10,000000	9,086984E-2
162,051320	24,700001	10,000000	9,063392E-2
162,051320	24,700001	10,000000	9,039799E-2
162,051320	24,700001	10,000000	9,039799E-2
162,051320	24,700001	10,000000	9,016207E-2
163,052728	24,700001	10,000000	8,992614E-2
163,052728	24,700001	10,000000	8,969021E-2
163,052728	24,700001	10,000000	8,945429E-2
163,052728	24,700001	10,000000	8,945429E-2
163,052728	24,700001	10,000000	8,921836E-2
163,052728	24,700001	10,000000	8,898244E-2
163,052728	23,800001	10,000000	8,874651E-2
163,052728	23,800001	10,000000	8,874651E-2
163,052728	23,800001	10,000000	8,875181E-2
163,052728	23,800001	10,000000	8,875181E-2
164,052217	23,800001	10,000000	8,875181E-2
164,052217	23,800001	10,000000	8,853033E-2
164,052217	23,800001	10,000000	8,830884E-2
164,052217	23,800001	10,000000	8,808736E-2
164,052217	23,800001	10,000000	8,808736E-2
164,052217	23,800001	10,000000	8,786588E-2
164,052217	23,400002	10,000000	8,764440E-2
164,052217	23,400002	10,000000	8,753013E-2
164,052217	23,400002	10,000000	8,753013E-2
164,052217	23,400002	10,000000	8,731507E-2
165,052627	23,400002	10,000000	8,710000E-2
165,052627	23,400002	10,000000	8,710000E-2
165,052627	23,400002	10,000000	8,688494E-2
165,052627	23,400002	10,000000	8,688494E-2
165,052627	23,400002	10,000000	8,688494E-2
165,052627	23,200001	10,000000	8,666988E-2
165,052627	23,200001	10,000000	8,650842E-2
165,052627	23,200001	10,000000	8,650842E-2
165,052627	23,200001	10,000000	8,629657E-2
165,052627	23,200001	10,000000	8,608472E-2
166,053062	23,200001	10,000000	8,608472E-2
166,053062	23,200001	10,000000	8,587287E-2
166,053062	23,200001	10,000000	8,566102E-2
166,053062	23,200001	10,000000	8,544917E-2
166,053062	23,200001	10,000000	8,544917E-2
166,053062	22,800001	10,000000	8,523731E-2
166,053062	22,800001	10,000000	8,513267E-2
166,053062	22,800001	10,000000	8,513267E-2
166,053062	22,800001	10,000000	8,492724E-2
166,053062	22,800001	10,000000	8,492724E-2
167,052478	22,800001	10,000000	8,492724E-2
167,052478	22,800001	10,000000	8,472181E-2
167,052478	22,800001	10,000000	8,451637E-2
167,052478	22,800001	10,000000	8,431094E-2
167,052478	22,800001	10,000000	8,410551E-2
167,052478	22,800001	10,000000	8,410551E-2
167,052478	22,300001	10,000000	8,390008E-2
167,052478	22,300001	10,000000	8,382866E-2
167,052478	22,300001	10,000000	8,382866E-2
167,052478	22,300001	10,000000	8,363125E-2
168,052848	22,300001	10,000000	8,343384E-2
168,052848	22,300001	10,000000	8,323644E-2
168,052848	22,300001	10,000000	8,323644E-2
168,052848	22,300001	10,000000	8,323644E-2
168,052848	22,300001	10,000000	8,323644E-2
168,052848	22,300001	10,000000	8,303903E-2
168,052848	22,300001	10,000000	8,284162E-2
168,052848	22,300001	10,000000	8,264421E-2
168,052848	22,300001	10,000000	8,264421E-2
168,052848	22,300001	10,000000	8,244681E-2
169,053371	22,300001	10,000000	8,244681E-2
169,053371	22,200001	10,000000	8,224940E-2
169,053371	22,200001	10,000000	8,207879E-2
169,053371	22,200001	10,000000	8,207879E-2
169,053371	22,200001	10,000000	8,188299E-2
169,053371	22,200001	10,000000	8,168719E-2
169,053371	22,200001	10,000000	8,149139E-2
169,053371	22,200001	10,000000	8,149139E-2
169,053371	22,200001	10,000000	8,149139E-2
169,053371	22,200001	10,000000	8,129558E-2
170,053723	22,000000	10,000000	8,129558E-2
170,053723	22,000000	10,000000	8,115339E-2
170,053723	22,000000	10,000000	8,096079E-2
170,053723	22,000000	10,000000	8,076820E-2
170,053723	22,000000	10,000000	8,076820E-2
170,053723	22,000000	10,000000	8,057561E-2
170,053723	22,000000	10,000000	8,038302E-2
170,053723	22,000000	10,000000	8,019042E-2
170,053723	22,000000	10,000000	8,019042E-2
170,053723	22,000000	10,000000	7,999783E-2
171,053150	21,600000	10,000000	7,980524E-2
171,053150	21,600000	10,000000	7,980524E-2
171,053150	21,600000	10,000000	7,971986E-2
171,053150	21,600000	10,000000	7,971986E-2
171,053150	21,600000	10,000000	7,971986E-2
171,053150	21,600000	10,000000	7,953368E-2
171,053150	21,600000	10,000000	7,934751E-2
171,053150	21,600000	10,000000	7,916134E-2
171,053150	21,600000	10,000000	7,897516E-2
171,053150	21,600000	10,000000	7,897516E-2
172,053550	21,600000	10,000000	7,878899E-2
172,053550	21,200001	10,000000	7,860282E-2
172,053550	21,200001	10,000000	7,852386E-2
172,053550	21,200001	10,000000	7,852386E-2
172,053550	21,200001	10,000000	7,834410E-2
172,053550	21,200001	10,000000	7,816435E-2
172,053550	21,200001	10,000000	7,816435E-2
172,053550	21,200001	10,000000	7,798460E-2
172,053550	21,200001	10,000000	7,798460E-2
172,053550	21,200001	10,000000	7,798460E-2
173,054003	21,200001	10,000000	7,780484E-2
173,054003	21,200001	10,000000	7,762509E-2
173,054003	21,000000	10,000000	7,744534E-2
173,054003	21,000000	10,000000	7,731919E-2
173,054003	21,000000	10,000000	7,714265E-2
173,054003	21,000000	10,000000	7,714265E-2
173,054003	21,000000	10,000000	7,696610E-2
173,054003	21,000000	10,000000	7,678956E-2
173,054003	21,000000	10,000000	7,661302E-2
173,054003	21,000000	10,000000	7,661302E-2
174,053431	21,000000	10,000000	7,643647E-2
174,053431	21,000000	10,000000	7,625993E-2
174,053431	21,000000	10,000000	7,625993E-2
174,053431	21,000000	10,000000	7,625993E-2
174,053431	21,000000	10,000000	7,608339E-2
174,053431	21,000000	10,000000	7,608339E-2
174,053431	21,000000	10,000000	7,590684E-2
174,053431	21,000000	10,000000	7,573030E-2
174,053431	21,000000	10,000000	7,555376E-2
174,053431	21,000000	10,000000	7,537721E-2
175,053846	21,000000	10,000000	7,537721E-2
175,053846	20,300001	10,000000	7,520067E-2
175,053846	20,300001	10,000000	7,521174E-2
175,053846	20,300001	10,000000	7,521174E-2
175,053846	20,300001	10,000000	7,504644E-2
175,053846	20,300001	10,000000	0,000000E+0
175,053846	20,300001	10,000000	0,000000E+0
175,053846	20,300001	10,000000	0,000000E+0
175,053846	20,300001	10,000000	0,000000E+0
175,053846	20,300001	10,000000	0,000000E+0
176,053255	20,300001	10,000000	0,000000E+0
176,053255	19,400002	10,000000	0,000000E+0
176,053255	19,400002	10,000000	0,000000E+0
176,053255	19,400002	10,000000	0,000000E+0
176,053255	19,400002	10,000000	0,000000E+0
176,053255	19,400002	10,000000	0,000000E+0
176,053255	19,400002	10,000000	0,000000E+0
176,053255	19,400002	10,000000	0,000000E+0
176,053255	19,400002	10,000000	0,000000E+0
176,053255	19,400002	10,000000	0,000000E+0
177,053683	19,400002	10,000000	0,000000E+0
177,053683	14,300000	10,000000	0,000000E+0
177,053683	14,300000	10,000000	0,000000E+0
177,053683	14,300000	10,000000	0,000000E+0
177,053683	14,300000	10,000000	0,000000E+0
177,053683	14,300000	10,000000	0,000000E+0
177,053683	14,300000	10,000000	0,000000E+0
177,053683	14,300000	10,000000	0,000000E+0
177,053683	14,300000	10,000000	0,000000E+0
177,053683	14,300000	10,000000	0,000000E+0
178,053134	14,300000	10,000000	0,000000E+0
178,053134	14,300000	10,000000	0,000000E+0
178,053134	12,900001	10,000000	0,000000E+0
178,053134	12,900001	10,000000	0,000000E+0
178,053134	12,900001	10,000000	0,000000E+0
178,053134	12,900001	10,000000	0,000000E+0
178,053134	12,900001	10,000000	0,000000E+0
178,053134	12,900001	10,000000	0,000000E+0
178,053134	12,900001	10,000000	0,000000E+0
178,053134	12,900001	10,000000	0,000000E+0
179,053599	12,900001	10,000000	0,000000E+0
179,053599	12,900001	10,000000	0,000000E+0
179,053599	13,700001	10,000000	0,000000E+0
179,053599	13,700001	10,000000	0,000000E+0
179,053599	13,700001	10,000000	0,000000E+0
179,053599	13,700001	10,000000	0,000000E+0
179,053599	13,700001	10,000000	0,000000E+0
179,053599	13,700001	10,000000	0,000000E+0
179,053599	13,700001	10,000000	0,000000E+0
179,053599	13,700001	10,000000	0,000000E+0
180,053958	13,700001	10,000000	0,000000E+0
180,053958	13,700001	10,000000	0,000000E+0
180,053958	13,700001	10,000000	0,000000E+0
180,053958	13,700001	10,000000	0,000000E+0
180,053958	13,700001	10,000000	0,000000E+0
180,053958	13,700001	10,000000	0,000000E+0
180,053958	14,700001	10,000000	0,000000E+0
180,053958	14,700001	10,000000	0,000000E+0
180,053958	14,700001	10,000000	0,000000E+0
180,053958	14,700001	10,000000	0,000000E+0
181,053463	14,700001	10,000000	0,000000E+0
181,053463	14,700001	10,000000	0,000000E+0
181,053463	14,700001	10,000000	0,000000E+0
181,053463	14,700001	10,000000	0,000000E+0
181,053463	14,700001	10,000000	0,000000E+0
181,053463	14,700001	10,000000	0,000000E+0
181,053463	13,900001	10,000000	0,000000E+0
181,053463	13,900001	10,000000	0,000000E+0
181,053463	13,900001	10,000000	0,000000E+0
181,053463	13,900001	10,000000	0,000000E+0
182,053806	13,900001	10,000000	0,000000E+0
182,053806	13,900001	10,000000	0,000000E+0
182,053806	13,900001	10,000000	0,000000E+0
182,053806	13,900001	10,000000	0,000000E+0
182,053806	13,900001	10,000000	0,000000E+0
182,053806	14,000000	10,000000	0,000000E+0
182,053806	14,000000	10,000000	0,000000E+0
182,053806	14,000000	10,000000	0,000000E+0
182,053806	14,000000	10,000000	0,000000E+0
182,053806	14,000000	10,000000	0,000000E+0
183,053221	14,000000	10,000000	0,000000E+0
183,053221	14,000000	10,000000	0,000000E+0
183,053221	14,000000	10,000000	0,000000E+0
183,053221	14,000000	10,000000	0,000000E+0
183,053221	14,000000	10,000000	0,000000E+0
183,053221	14,000000	10,000000	0,000000E+0
183,053221	14,300000	10,000000	0,000000E+0
183,053221	14,300000	10,000000	0,000000E+0
183,053221	14,300000	10,000000	0,000000E+0
183,053221	14,300000	10,000000	0,000000E+0
184,054666	14,300000	10,000000	0,000000E+0
184,054666	14,300000	10,000000	0,000000E+0
184,054666	14,300000	10,000000	0,000000E+0
184,054666	14,300000	10,000000	0,000000E+0
184,054666	14,300000	10,000000	0,000000E+0
184,054666	14,300000	10,000000	0,000000E+0
184,054666	13,900001	10,000000	0,000000E+0
184,054666	13,900001	10,000000	0,000000E+0
184,054666	13,900001	10,000000	3,819743E-5
184,054666	13,900001	10,000000	3,819743E-5
185,055071	13,900001	10,000000	0,000000E+0
185,055071	13,900001	10,000000	0,000000E+0
185,055071	13,900001	10,000000	0,000000E+0
185,055071	13,900001	10,000000	0,000000E+0
185,055071	13,900001	10,000000	0,000000E+0
185,055071	13,900001	10,000000	0,000000E+0
185,055071	13,900001	10,000000	0,000000E+0
185,055071	13,900001	10,000000	0,000000E+0
185,055071	13,900001	10,000000	0,000000E+0
185,055071	13,900001	10,000000	0,000000E+0
186,054492	13,900001	10,000000	0,000000E+0
186,054492	1,200000	10,000000	0,000000E+0
186,054492	1,200000	10,000000	0,000000E+0
186,054492	1,200000	10,000000	3,341321E-3
186,054492	1,200000	10,000000	3,341321E-3
186,054492	1,200000	10,000000	3,482556E-3
186,054492	1,200000	10,000000	3,623790E-3
186,054492	1,200000	10,000000	3,765025E-3
186,054492	1,200000	10,000000	3,906259E-3
186,054492	1,200000	10,000000	4,047494E-3
187,054954	1,200000	10,000000	4,188729E-3
187,054954	0,100000	10,000000	4,624790E-3
187,054954	0,100000	10,000000	4,783679E-3
187,054954	0,100000	10,000000	4,783679E-3
187,054954	0,100000	10,000000	4,942568E-3
187,054954	0,100000	10,000000	5,101457E-3
187,054954	0,100000	10,000000	5,260346E-3
187,054954	0,100000	10,000000	5,260346E-3
187,054954	0,100000	10,000000	5,419235E-3
187,054954	0,100000	10,000000	5,419235E-3
188,054347	0,100000	10,000000	5,578124E-3
188,054347	0,100000	10,000000	5,737012E-3
188,054347	0,100000	10,000000	5,895901E-3
188,054347	0,100000	10,000000	6,054790E-3
188,054347	0,100000	10,000000	6,054790E-3
188,054347	0,100000	10,000000	6,213679E-3
188,054347	0,100000	10,000000	6,372568E-3
188,054347	0,100000	10,000000	6,531457E-3
