25,012403	0,000000	0,000000	0,000000E+0
0,002915	0,000000	0,000000	0,000000E+0
0,002915	0,000000	0,000000	0,000000E+0
0,002915	0,000000	0,000000	0,000000E+0
0,002915	0,000000	0,000000	0,000000E+0
0,002915	0,000000	0,000000	0,000000E+0
0,002915	0,000000	0,000000	0,000000E+0
0,002915	0,000000	0,000000	0,000000E+0
0,002915	0,000000	0,000000	0,000000E+0
0,002915	0,000000	0,000000	0,000000E+0
0,002915	0,000000	0,000000	0,000000E+0
1,001933	0,000000	0,000000	0,000000E+0
1,001933	0,000000	0,000000	0,000000E+0
1,001933	0,000000	0,000000	0,000000E+0
1,001933	0,000000	0,000000	0,000000E+0
1,001933	0,000000	0,000000	0,000000E+0
1,001933	0,000000	0,000000	0,000000E+0
1,001933	0,000000	0,000000	0,000000E+0
1,001933	0,000000	0,000000	0,000000E+0
1,001933	0,000000	0,000000	0,000000E+0
1,001933	0,000000	0,000000	0,000000E+0
2,003426	0,000000	0,000000	0,000000E+0
2,003426	0,000000	0,000000	0,000000E+0
2,003426	0,000000	0,000000	0,000000E+0
2,003426	0,000000	0,000000	0,000000E+0
2,003426	0,000000	0,000000	0,000000E+0
2,003426	0,000000	0,000000	0,000000E+0
2,003426	0,000000	0,000000	0,000000E+0
2,003426	0,000000	0,000000	0,000000E+0
2,003426	0,000000	0,000000	0,000000E+0
2,003426	0,000000	0,000000	0,000000E+0
3,003862	0,000000	0,000000	0,000000E+0
3,003862	0,000000	0,000000	0,000000E+0
3,003862	0,000000	0,000000	0,000000E+0
3,003862	0,000000	0,000000	0,000000E+0
3,003862	0,000000	0,000000	0,000000E+0
3,003862	0,000000	0,000000	0,000000E+0
3,003862	0,000000	0,000000	0,000000E+0
3,003862	0,000000	0,000000	0,000000E+0
3,003862	0,000000	0,000000	0,000000E+0
3,003862	0,000000	0,000000	0,000000E+0
4,003237	0,000000	0,000000	0,000000E+0
4,003237	0,000000	0,000000	0,000000E+0
4,003237	0,000000	0,000000	0,000000E+0
4,003237	0,000000	0,000000	0,000000E+0
4,003237	0,000000	0,000000	0,000000E+0
4,003237	0,000000	0,000000	0,000000E+0
4,003237	0,000000	0,000000	0,000000E+0
4,003237	0,000000	0,000000	0,000000E+0
4,003237	0,000000	0,000000	0,000000E+0
4,003237	0,000000	0,000000	0,000000E+0
5,004671	0,000000	0,000000	0,000000E+0
5,004671	0,000000	0,000000	0,000000E+0
5,004671	0,000000	0,000000	0,000000E+0
5,004671	0,000000	0,000000	0,000000E+0
5,004671	0,000000	0,000000	0,000000E+0
5,004671	0,000000	0,000000	0,000000E+0
5,004671	0,000000	0,000000	0,000000E+0
5,004671	0,000000	0,000000	0,000000E+0
5,004671	0,000000	0,000000	0,000000E+0
5,004671	0,000000	0,000000	0,000000E+0
6,004034	0,000000	0,000000	0,000000E+0
6,004034	0,000000	0,000000	0,000000E+0
6,004034	0,000000	0,000000	0,000000E+0
6,004034	0,000000	0,000000	0,000000E+0
6,004034	0,000000	0,000000	0,000000E+0
6,004034	0,000000	0,000000	0,000000E+0
6,004034	0,000000	0,000000	0,000000E+0
6,004034	0,000000	0,000000	0,000000E+0
6,004034	0,000000	0,000000	0,000000E+0
6,004034	0,000000	0,000000	0,000000E+0
7,005310	0,000000	0,000000	0,000000E+0
7,005310	0,000000	0,000000	0,000000E+0
7,005310	0,000000	0,000000	0,000000E+0
7,005310	0,000000	0,000000	0,000000E+0
7,005310	0,000000	0,000000	0,000000E+0
7,005310	0,000000	0,000000	0,000000E+0
7,005310	0,000000	0,000000	0,000000E+0
7,005310	0,000000	0,000000	0,000000E+0
7,005310	0,000000	0,000000	0,000000E+0
7,005310	0,000000	0,000000	0,000000E+0
8,005801	0,000000	0,000000	0,000000E+0
8,005801	0,000000	0,000000	0,000000E+0
8,005801	0,000000	0,000000	0,000000E+0
8,005801	0,000000	0,000000	0,000000E+0
8,005801	0,000000	0,000000	0,000000E+0
8,005801	0,000000	0,000000	0,000000E+0
8,005801	0,000000	0,000000	0,000000E+0
8,005801	0,000000	0,000000	0,000000E+0
8,005801	0,000000	0,000000	0,000000E+0
8,005801	0,000000	0,000000	0,000000E+0
9,005130	0,000000	0,000000	0,000000E+0
9,005130	0,000000	0,000000	0,000000E+0
9,005130	0,000000	0,000000	0,000000E+0
9,005130	0,000000	0,000000	0,000000E+0
9,005130	0,000000	0,000000	0,000000E+0
9,005130	0,000000	0,000000	0,000000E+0
9,005130	0,000000	0,000000	0,000000E+0
9,005130	0,000000	0,000000	0,000000E+0
9,005130	0,000000	0,000000	0,000000E+0
9,005130	0,000000	0,000000	0,000000E+0
10,005592	0,000000	0,000000	0,000000E+0
10,005592	0,000000	0,000000	0,000000E+0
10,005592	0,000000	0,000000	0,000000E+0
10,005592	0,000000	0,000000	0,000000E+0
10,005592	0,000000	0,000000	0,000000E+0
10,005592	0,000000	0,000000	0,000000E+0
10,005592	0,000000	0,000000	0,000000E+0
10,005592	0,000000	0,000000	0,000000E+0
10,005592	0,000000	0,000000	0,000000E+0
10,005592	0,000000	0,000000	0,000000E+0
11,006000	0,000000	0,000000	0,000000E+0
11,006000	0,000000	0,000000	0,000000E+0
11,006000	0,000000	0,000000	0,000000E+0
11,006000	0,000000	0,000000	0,000000E+0
11,006000	0,000000	0,000000	0,000000E+0
11,006000	0,000000	0,000000	0,000000E+0
11,006000	0,000000	0,000000	0,000000E+0
11,006000	0,000000	0,000000	0,000000E+0
11,006000	0,000000	0,000000	0,000000E+0
11,006000	0,000000	0,000000	0,000000E+0
12,006453	0,000000	0,000000	0,000000E+0
12,006453	0,000000	0,000000	0,000000E+0
12,006453	0,000000	0,000000	0,000000E+0
12,006453	0,000000	0,000000	0,000000E+0
12,006453	0,000000	0,000000	0,000000E+0
12,006453	0,000000	0,000000	0,000000E+0
12,006453	0,000000	0,000000	0,000000E+0
12,006453	0,000000	0,000000	0,000000E+0
12,006453	0,000000	0,000000	0,000000E+0
12,006453	0,000000	0,000000	0,000000E+0
13,006876	0,000000	0,000000	0,000000E+0
13,006876	0,000000	0,000000	0,000000E+0
13,006876	0,000000	0,000000	0,000000E+0
13,006876	0,000000	0,000000	0,000000E+0
13,006876	0,000000	0,000000	0,000000E+0
13,006876	0,000000	0,000000	0,000000E+0
13,006876	0,000000	0,000000	0,000000E+0
13,006876	0,000000	0,000000	0,000000E+0
13,006876	0,000000	0,000000	0,000000E+0
13,006876	0,000000	0,000000	0,000000E+0
14,007274	0,000000	0,000000	0,000000E+0
14,007274	0,000000	0,000000	0,000000E+0
14,007274	0,000000	0,000000	0,000000E+0
14,007274	0,000000	0,000000	0,000000E+0
14,007274	0,000000	0,000000	0,000000E+0
14,007274	0,000000	0,000000	0,000000E+0
14,007274	0,000000	0,000000	0,000000E+0
14,007274	0,000000	0,000000	0,000000E+0
14,007274	0,000000	0,000000	0,000000E+0
14,007274	0,000000	0,000000	0,000000E+0
15,007760	0,000000	0,000000	0,000000E+0
15,007760	0,000000	0,000000	0,000000E+0
15,007760	0,000000	0,000000	0,000000E+0
15,007760	0,000000	0,000000	0,000000E+0
15,007760	0,000000	0,000000	0,000000E+0
15,007760	0,000000	0,000000	0,000000E+0
15,007760	0,000000	0,000000	0,000000E+0
15,007760	0,000000	0,000000	0,000000E+0
15,007760	0,000000	0,000000	0,000000E+0
15,007760	0,000000	0,000000	0,000000E+0
16,008102	0,000000	0,000000	0,000000E+0
16,008102	0,000000	0,000000	0,000000E+0
16,008102	0,000000	0,000000	0,000000E+0
16,008102	0,000000	0,000000	0,000000E+0
16,008102	0,000000	0,000000	0,000000E+0
16,008102	0,000000	0,000000	0,000000E+0
16,008102	0,000000	0,000000	0,000000E+0
16,008102	0,000000	0,000000	0,000000E+0
16,008102	0,000000	0,000000	0,000000E+0
16,008102	0,000000	0,000000	0,000000E+0
17,009554	0,000000	0,000000	0,000000E+0
17,009554	0,000000	0,000000	0,000000E+0
17,009554	0,000000	0,000000	0,000000E+0
17,009554	0,000000	0,000000	0,000000E+0
17,009554	0,000000	0,000000	0,000000E+0
17,009554	0,000000	0,000000	0,000000E+0
17,009554	0,000000	0,000000	0,000000E+0
17,009554	0,000000	0,000000	0,000000E+0
17,009554	0,000000	0,000000	0,000000E+0
17,009554	0,000000	0,000000	0,000000E+0
18,008957	0,000000	0,000000	0,000000E+0
18,008957	0,000000	0,000000	0,000000E+0
18,008957	0,000000	0,000000	0,000000E+0
18,008957	0,000000	0,000000	0,000000E+0
18,008957	0,000000	0,000000	0,000000E+0
18,008957	0,000000	0,000000	0,000000E+0
18,008957	0,000000	0,000000	0,000000E+0
18,008957	0,000000	0,000000	0,000000E+0
18,008957	0,000000	0,000000	0,000000E+0
18,008957	0,000000	0,000000	0,000000E+0
19,009383	0,000000	0,000000	0,000000E+0
19,009383	0,000000	0,000000	0,000000E+0
19,009383	0,000000	0,000000	0,000000E+0
19,009383	0,000000	0,000000	0,000000E+0
19,009383	0,000000	0,000000	0,000000E+0
19,009383	0,000000	0,000000	0,000000E+0
19,009383	0,000000	0,000000	0,000000E+0
19,009383	0,000000	0,000000	0,000000E+0
19,009383	0,000000	0,000000	0,000000E+0
19,009383	0,000000	0,000000	0,000000E+0
20,010875	0,000000	0,000000	0,000000E+0
20,010875	0,000000	0,000000	0,000000E+0
20,010875	0,000000	0,000000	0,000000E+0
20,010875	0,000000	0,000000	0,000000E+0
20,010875	0,000000	0,000000	0,000000E+0
20,010875	0,000000	0,000000	0,000000E+0
20,010875	0,000000	0,000000	0,000000E+0
20,010875	0,000000	0,000000	0,000000E+0
20,010875	0,000000	0,000000	0,000000E+0
20,010875	0,000000	0,000000	0,000000E+0
21,011310	0,000000	0,000000	0,000000E+0
21,011310	0,000000	0,000000	0,000000E+0
21,011310	0,000000	0,000000	0,000000E+0
21,011310	0,000000	0,000000	0,000000E+0
21,011310	0,000000	0,000000	0,000000E+0
21,011310	0,000000	0,000000	0,000000E+0
21,011310	0,000000	0,000000	0,000000E+0
21,011310	0,000000	0,000000	0,000000E+0
21,011310	0,000000	0,000000	0,000000E+0
21,011310	0,000000	0,000000	0,000000E+0
22,012692	0,000000	0,000000	0,000000E+0
22,012692	0,000000	0,000000	0,000000E+0
22,012692	0,000000	0,000000	0,000000E+0
22,012692	0,000000	0,000000	0,000000E+0
22,012692	0,000000	0,000000	0,000000E+0
22,012692	0,000000	0,000000	0,000000E+0
22,012692	0,000000	0,000000	0,000000E+0
22,012692	0,000000	0,000000	0,000000E+0
22,012692	0,000000	0,000000	0,000000E+0
22,012692	0,000000	0,000000	0,000000E+0
23,012062	0,000000	0,000000	0,000000E+0
23,012062	0,000000	0,000000	0,000000E+0
23,012062	0,000000	0,000000	0,000000E+0
23,012062	0,000000	0,000000	0,000000E+0
23,012062	0,000000	0,000000	0,000000E+0
23,012062	0,000000	0,000000	0,000000E+0
23,012062	0,000000	0,000000	0,000000E+0
23,012062	0,000000	0,000000	0,000000E+0
23,012062	0,000000	0,000000	0,000000E+0
23,012062	0,000000	0,000000	0,000000E+0
24,013521	0,000000	0,000000	0,000000E+0
24,013521	0,000000	0,000000	0,000000E+0
24,013521	0,000000	0,000000	0,000000E+0
24,013521	0,000000	0,000000	0,000000E+0
24,013521	0,000000	0,000000	0,000000E+0
24,013521	0,000000	0,000000	0,000000E+0
24,013521	0,000000	0,000000	0,000000E+0
24,013521	0,000000	0,000000	0,000000E+0
24,013521	0,000000	0,000000	0,000000E+0
24,013521	0,000000	0,000000	0,000000E+0
25,012914	0,000000	0,000000	0,000000E+0
25,012914	0,000000	0,000000	0,000000E+0
25,012914	0,000000	0,000000	0,000000E+0
