t	IF	IR	VF	VR	VelSP	VelRE
788,224	0,000	0,020	3,000E-1	2,400E+1	0,000E+0	0,000E+0
0,005	0,000	0,020	3,000E-1	2,400E+1	0,000E+0	0,000E+0
1,005	0,000	0,020	3,000E-1	2,400E+1	0,000E+0	0,000E+0
2,004	0,000	0,020	3,000E-1	2,400E+1	0,000E+0	0,000E+0
3,005	0,000	0,020	3,000E-1	2,400E+1	0,000E+0	0,000E+0
4,005	0,000	0,020	3,000E-1	2,400E+1	0,000E+0	0,000E+0
5,005	0,000	0,020	3,000E-1	2,400E+1	0,000E+0	0,000E+0
6,005	0,000	0,020	3,000E-1	2,400E+1	0,000E+0	0,000E+0
7,004	0,000	0,020	3,000E-1	2,400E+1	0,000E+0	0,000E+0
8,005	0,000	0,020	3,000E-1	2,400E+1	0,000E+0	0,000E+0
9,005	0,000	0,020	3,000E-1	2,400E+1	0,000E+0	0,000E+0
10,005	0,000	0,020	3,000E-1	2,400E+1	0,000E+0	0,000E+0
11,006	0,000	0,020	3,000E-1	2,400E+1	0,000E+0	0,000E+0
12,006	0,000	0,020	3,000E-1	2,400E+1	0,000E+0	0,000E+0
13,007	0,000	0,020	3,000E-1	2,400E+1	0,000E+0	0,000E+0
14,007	0,000	0,020	3,000E-1	2,400E+1	0,000E+0	0,000E+0
15,008	0,000	0,020	3,000E-1	2,400E+1	0,000E+0	0,000E+0
16,008	0,000	0,020	3,000E-1	2,400E+1	0,000E+0	0,000E+0
17,008	0,000	0,020	3,000E-1	2,400E+1	3,500E+3	0,000E+0
18,008	0,000	0,020	3,000E-1	2,400E+1	3,500E+3	0,000E+0
19,008	0,000	0,020	3,000E-1	2,400E+1	3,500E+3	0,000E+0
20,009	0,000	0,020	3,000E-1	2,400E+1	3,500E+3	8,720E+2
21,008	0,000	0,020	3,000E-1	2,400E+1	3,500E+3	3,577E+3
22,009	0,000	0,020	3,000E-1	2,400E+1	3,500E+3	3,791E+3
23,010	0,000	0,020	3,000E-1	2,400E+1	3,500E+3	3,522E+3
24,010	0,000	0,020	3,000E-1	2,400E+1	3,500E+3	3,320E+3
25,010	0,000	0,020	3,000E-1	2,400E+1	3,500E+3	3,340E+3
26,011	0,000	0,020	3,000E-1	2,400E+1	3,500E+3	3,531E+3
27,011	0,000	0,020	3,000E-1	2,400E+1	3,000E+3	3,512E+3
28,010	0,000	0,020	3,000E-1	2,400E+1	3,000E+3	3,220E+3
29,011	0,000	0,020	3,000E-1	2,400E+1	3,000E+3	2,871E+3
30,012	0,000	0,020	3,000E-1	2,400E+1	3,000E+3	2,675E+3
31,012	0,000	0,020	3,000E-1	2,400E+1	3,000E+3	2,871E+3
32,012	0,000	0,020	3,000E-1	2,400E+1	3,000E+3	3,064E+3
33,012	0,000	0,020	3,000E-1	2,400E+1	3,000E+3	3,059E+3
34,012	0,000	0,020	3,000E-1	2,400E+1	3,000E+3	2,992E+3
35,012	0,000	0,020	3,000E-1	2,400E+1	3,000E+3	2,962E+3
36,012	0,000	0,020	3,000E-1	2,400E+1	3,000E+3	2,998E+3
37,013	0,000	0,020	3,000E-1	2,400E+1	3,000E+3	3,026E+3
38,012	0,000	0,020	3,000E-1	2,400E+1	3,000E+3	2,997E+3
39,013	0,000	0,020	3,000E-1	2,400E+1	3,000E+3	2,992E+3
40,012	0,000	0,020	3,000E-1	2,400E+1	3,000E+3	2,995E+3
41,014	0,000	0,020	3,000E-1	2,400E+1	3,000E+3	3,005E+3
42,014	0,000	0,020	3,000E-1	2,400E+1	3,000E+3	2,998E+3
43,014	0,000	0,020	3,000E-1	2,400E+1	3,000E+3	2,999E+3
44,014	0,000	0,020	3,000E-1	2,400E+1	3,000E+3	2,996E+3
45,014	0,000	0,020	3,000E-1	2,400E+1	3,000E+3	3,004E+3
46,014	0,000	0,020	3,000E-1	2,400E+1	3,000E+3	2,980E+3
47,014	0,029	0,020	1,910E+0	2,400E+1	3,000E+3	2,997E+3
48,015	0,037	0,020	1,910E+0	2,400E+1	3,000E+3	2,998E+3
49,016	0,037	0,020	2,320E+0	2,400E+1	3,000E+3	3,000E+3
50,016	0,047	0,020	2,870E+0	2,400E+1	3,000E+3	2,997E+3
51,016	0,055	0,020	2,870E+0	2,400E+1	3,000E+3	3,000E+3
52,016	0,055	0,020	3,280E+0	2,400E+1	3,000E+3	3,000E+3
53,017	0,064	0,020	3,670E+0	2,400E+1	3,000E+3	2,991E+3
54,017	0,071	0,120	3,670E+0	2,400E+1	3,000E+3	2,996E+3
55,017	0,071	0,120	4,140E+0	2,400E+1	3,000E+3	2,988E+3
56,017	0,120	0,120	6,690E+0	2,400E+1	3,000E+3	2,985E+3
57,018	0,120	0,120	6,690E+0	2,400E+1	3,000E+3	3,000E+3
58,018	0,120	0,120	6,560E+0	2,400E+1	3,000E+3	2,979E+3
59,017	0,120	0,120	6,560E+0	2,400E+1	3,000E+3	2,991E+3
60,018	0,121	0,120	6,560E+0	2,400E+1	3,000E+3	2,994E+3
61,018	0,121	0,120	6,630E+0	2,400E+1	3,000E+3	2,998E+3
62,018	0,124	0,120	6,870E+0	2,400E+1	3,000E+3	3,000E+3
63,018	0,127	0,120	6,870E+0	2,400E+1	3,000E+3	2,995E+3
64,019	0,127	0,120	6,970E+0	2,400E+1	3,000E+3	3,011E+3
65,019	0,130	0,120	7,130E+0	2,400E+1	3,000E+3	2,995E+3
66,020	0,131	0,120	7,130E+0	2,400E+1	3,000E+3	2,997E+3
67,020	0,131	0,120	7,190E+0	2,400E+1	3,000E+3	2,992E+3
68,020	0,133	0,120	7,270E+0	2,400E+1	3,000E+3	3,001E+3
69,022	0,135	0,120	7,270E+0	2,400E+1	3,000E+3	2,991E+3
70,022	0,135	0,120	7,340E+0	2,400E+1	3,000E+3	2,999E+3
71,022	0,136	0,120	7,410E+0	2,400E+1	3,000E+3	2,999E+3
72,022	0,136	0,120	7,450E+0	2,400E+1	3,000E+3	3,009E+3
73,023	0,136	0,120	7,450E+0	2,400E+1	3,000E+3	2,997E+3
74,024	0,137	0,120	7,490E+0	2,400E+1	3,000E+3	3,000E+3
75,024	0,138	0,120	7,490E+0	2,400E+1	3,000E+3	3,002E+3
76,023	0,138	0,120	7,530E+0	2,400E+1	3,000E+3	2,997E+3
77,024	0,138	0,120	7,550E+0	2,400E+1	3,000E+3	3,001E+3
78,025	0,139	0,120	7,550E+0	2,400E+1	3,000E+3	3,001E+3
79,025	0,139	0,120	7,570E+0	2,400E+1	3,000E+3	2,997E+3
80,025	0,139	0,120	7,590E+0	2,400E+1	3,000E+3	2,997E+3
81,025	0,140	0,120	7,590E+0	2,400E+1	3,000E+3	2,991E+3
82,025	0,140	0,120	7,610E+0	2,400E+1	3,000E+3	3,001E+3
83,024	0,140	0,120	7,640E+0	2,400E+1	3,000E+3	2,996E+3
84,025	0,140	0,120	7,640E+0	2,400E+1	3,000E+3	3,001E+3
85,026	0,140	0,120	7,650E+0	2,400E+1	3,000E+3	2,990E+3
86,026	0,141	0,120	7,660E+0	2,400E+1	3,000E+3	2,999E+3
87,028	0,141	0,120	7,660E+0	2,400E+1	3,000E+3	3,004E+3
88,027	0,141	0,120	7,670E+0	2,400E+1	3,000E+3	3,012E+3
89,028	0,141	0,120	7,680E+0	2,400E+1	3,000E+3	3,003E+3
90,030	0,141	0,120	7,680E+0	2,400E+1	3,000E+3	2,999E+3
91,030	0,141	0,120	7,690E+0	2,400E+1	3,000E+3	2,998E+3
92,030	0,141	0,120	7,690E+0	2,400E+1	3,000E+3	3,003E+3
93,030	0,141	0,120	7,710E+0	2,400E+1	3,000E+3	3,000E+3
94,031	0,141	0,120	7,710E+0	2,400E+1	3,000E+3	2,981E+3
95,031	0,141	0,120	7,710E+0	2,400E+1	3,000E+3	3,007E+3
96,030	0,142	0,120	7,710E+0	2,400E+1	3,000E+3	3,009E+3
97,031	0,142	0,120	7,710E+0	2,400E+1	3,000E+3	2,992E+3
98,031	0,142	0,120	7,720E+0	2,400E+1	3,000E+3	2,997E+3
99,031	0,142	0,120	7,720E+0	2,400E+1	3,000E+3	2,999E+3
100,032	0,142	0,120	7,730E+0	2,400E+1	3,000E+3	3,006E+3
101,032	0,142	0,120	7,730E+0	2,400E+1	3,000E+3	3,006E+3
102,033	0,142	0,120	7,730E+0	2,400E+1	3,000E+3	2,997E+3
103,032	0,142	0,120	7,740E+0	2,400E+1	3,000E+3	2,998E+3
104,033	0,142	0,120	7,730E+0	2,400E+1	3,000E+3	3,000E+3
105,034	0,142	0,120	7,730E+0	2,400E+1	3,000E+3	3,002E+3
106,034	0,142	0,120	7,740E+0	2,400E+1	3,000E+3	3,007E+3
107,034	0,142	0,120	7,750E+0	2,400E+1	3,000E+3	2,964E+3
108,033	0,142	0,120	7,750E+0	2,400E+1	3,000E+3	2,997E+3
109,034	0,142	0,120	7,760E+0	2,400E+1	3,000E+3	3,001E+3
110,033	0,142	0,120	7,750E+0	2,400E+1	3,000E+3	3,001E+3
111,034	0,143	0,120	7,750E+0	2,400E+1	3,000E+3	3,002E+3
112,035	0,143	0,120	7,760E+0	2,400E+1	3,000E+3	3,013E+3
113,034	0,142	0,120	7,770E+0	2,400E+1	3,000E+3	2,997E+3
114,035	0,143	0,120	7,770E+0	2,400E+1	3,000E+3	2,996E+3
115,035	0,143	0,120	7,770E+0	2,400E+1	3,000E+3	2,992E+3
116,037	0,143	0,120	7,770E+0	2,400E+1	3,000E+3	3,000E+3
117,038	0,143	0,120	7,770E+0	2,400E+1	3,000E+3	3,002E+3
118,039	0,143	0,120	7,780E+0	2,400E+1	3,000E+3	2,998E+3
119,040	0,143	0,120	7,770E+0	2,400E+1	3,000E+3	2,999E+3
120,039	0,143	0,120	7,770E+0	2,400E+1	3,000E+3	2,997E+3
121,041	0,143	0,120	7,770E+0	2,400E+1	3,000E+3	2,995E+3
122,041	0,143	0,120	7,780E+0	2,400E+1	3,000E+3	3,013E+3
123,042	0,143	0,120	7,780E+0	2,400E+1	3,000E+3	2,998E+3
124,042	0,143	0,120	7,780E+0	2,400E+1	3,000E+3	2,999E+3
125,042	0,143	0,120	7,780E+0	2,400E+1	3,000E+3	2,985E+3
126,042	0,143	0,120	7,780E+0	2,400E+1	3,000E+3	3,002E+3
127,041	0,143	0,120	7,780E+0	2,400E+1	3,000E+3	3,003E+3
128,042	0,143	0,120	7,780E+0	2,400E+1	3,000E+3	3,005E+3
129,042	0,143	0,120	7,780E+0	2,400E+1	3,000E+3	3,001E+3
130,043	0,143	0,120	7,780E+0	2,400E+1	3,000E+3	2,987E+3
131,043	0,143	0,120	7,780E+0	2,400E+1	3,000E+3	3,002E+3
132,043	0,143	0,120	7,780E+0	2,400E+1	3,000E+3	3,002E+3
133,043	0,143	0,120	7,780E+0	2,400E+1	3,000E+3	3,002E+3
134,042	0,143	0,120	7,780E+0	2,400E+1	3,000E+3	2,995E+3
135,043	0,143	0,120	7,790E+0	2,400E+1	3,000E+3	2,995E+3
136,044	0,143	0,120	7,790E+0	2,400E+1	3,000E+3	3,000E+3
137,044	0,143	0,120	7,790E+0	2,400E+1	3,000E+3	2,996E+3
138,044	0,143	0,120	7,790E+0	2,400E+1	3,000E+3	3,010E+3
139,044	0,143	0,120	7,790E+0	2,400E+1	3,000E+3	3,000E+3
140,044	0,143	0,120	7,800E+0	2,400E+1	3,000E+3	2,997E+3
141,043	0,143	0,120	7,800E+0	2,400E+1	3,000E+3	3,009E+3
142,044	0,143	0,120	7,800E+0	2,400E+1	3,000E+3	2,993E+3
143,044	0,143	0,120	7,800E+0	2,400E+1	3,000E+3	3,004E+3
144,044	0,143	0,120	7,800E+0	2,400E+1	3,000E+3	2,997E+3
145,044	0,143	0,120	7,800E+0	2,400E+1	3,000E+3	2,987E+3
146,045	0,143	0,120	7,800E+0	2,400E+1	3,000E+3	3,000E+3
147,045	0,143	0,120	7,800E+0	2,400E+1	3,000E+3	2,990E+3
148,046	0,143	0,120	7,800E+0	2,400E+1	3,000E+3	2,995E+3
149,046	0,143	0,120	7,790E+0	2,400E+1	3,000E+3	3,000E+3
150,045	0,143	0,120	7,790E+0	2,400E+1	3,000E+3	2,999E+3
151,047	0,143	0,120	7,800E+0	2,400E+1	3,000E+3	2,994E+3
152,047	0,143	0,120	7,800E+0	2,400E+1	3,000E+3	3,004E+3
153,047	0,143	0,120	7,800E+0	2,400E+1	3,000E+3	2,992E+3
154,047	0,143	0,120	7,810E+0	2,400E+1	3,000E+3	3,003E+3
155,048	0,143	0,120	7,810E+0	2,400E+1	3,000E+3	3,005E+3
156,049	0,143	0,120	7,810E+0	2,400E+1	3,000E+3	3,000E+3
157,050	0,143	0,120	7,810E+0	2,400E+1	3,000E+3	2,998E+3
158,050	0,143	0,120	7,810E+0	2,400E+1	3,000E+3	2,997E+3
159,051	0,143	0,120	7,810E+0	2,400E+1	3,000E+3	3,005E+3
160,052	0,143	0,120	7,810E+0	2,400E+1	3,000E+3	2,995E+3
161,051	0,143	0,120	7,810E+0	2,400E+1	3,000E+3	2,993E+3
162,052	0,143	0,120	7,810E+0	2,400E+1	3,000E+3	3,005E+3
163,052	0,143	0,120	7,810E+0	2,400E+1	3,000E+3	3,006E+3
164,052	0,143	0,120	7,810E+0	2,400E+1	3,000E+3	3,000E+3
165,051	0,143	0,120	7,810E+0	2,400E+1	3,000E+3	3,009E+3
166,052	0,143	0,120	7,810E+0	2,400E+1	3,000E+3	2,994E+3
167,052	0,143	0,120	7,810E+0	2,400E+1	3,000E+3	3,001E+3
168,052	0,143	0,120	7,810E+0	2,400E+1	3,000E+3	3,006E+3
169,052	0,143	0,120	7,810E+0	2,400E+1	3,000E+3	3,004E+3
170,051	0,143	0,120	7,810E+0	2,400E+1	3,000E+3	3,004E+3
171,053	0,143	0,120	7,820E+0	2,400E+1	3,000E+3	2,994E+3
172,053	0,143	0,120	7,820E+0	2,400E+1	3,000E+3	3,000E+3
173,053	0,143	0,120	7,820E+0	2,400E+1	3,000E+3	2,989E+3
174,054	0,143	0,120	7,820E+0	2,400E+1	3,000E+3	2,992E+3
175,054	0,143	0,120	7,820E+0	2,400E+1	3,000E+3	2,999E+3
176,055	0,143	0,120	7,820E+0	2,400E+1	3,000E+3	3,004E+3
177,055	0,143	0,120	7,820E+0	2,400E+1	3,000E+3	3,006E+3
178,056	0,143	0,120	7,820E+0	2,400E+1	3,000E+3	3,001E+3
179,056	0,143	0,120	7,820E+0	2,400E+1	3,000E+3	3,003E+3
180,056	0,143	0,120	7,820E+0	2,400E+1	3,000E+3	2,997E+3
181,056	0,143	0,120	7,820E+0	2,400E+1	3,000E+3	2,997E+3
182,056	0,143	0,120	7,820E+0	2,400E+1	3,000E+3	3,004E+3
183,056	0,143	0,120	7,820E+0	2,400E+1	3,000E+3	3,003E+3
184,055	0,143	0,120	7,820E+0	2,400E+1	3,000E+3	2,999E+3
185,056	0,143	0,120	7,820E+0	2,400E+1	3,000E+3	3,002E+3
186,056	0,143	0,120	7,820E+0	2,400E+1	3,000E+3	3,010E+3
187,056	0,143	0,120	7,820E+0	2,400E+1	3,000E+3	2,994E+3
188,056	0,144	0,120	7,820E+0	2,400E+1	3,000E+3	3,001E+3
189,057	0,144	0,120	7,820E+0	2,400E+1	3,000E+3	3,000E+3
190,057	0,143	0,120	7,830E+0	2,400E+1	3,000E+3	3,016E+3
191,056	0,143	0,120	7,830E+0	2,400E+1	3,000E+3	3,000E+3
192,057	0,143	0,120	7,830E+0	2,400E+1	3,000E+3	3,006E+3
193,057	0,144	0,120	7,830E+0	2,400E+1	3,000E+3	2,989E+3
194,057	0,144	0,120	7,830E+0	2,400E+1	3,000E+3	2,992E+3
195,057	0,144	0,120	7,830E+0	2,400E+1	3,000E+3	3,003E+3
196,056	0,144	0,120	7,830E+0	2,400E+1	3,000E+3	3,005E+3
197,057	0,144	0,120	7,830E+0	2,400E+1	3,000E+3	3,006E+3
198,056	0,144	0,120	7,830E+0	2,400E+1	3,000E+3	2,998E+3
199,057	0,144	0,120	7,830E+0	2,400E+1	3,000E+3	3,019E+3
200,058	0,144	0,120	7,840E+0	2,400E+1	3,000E+3	2,988E+3
201,058	0,144	0,120	7,840E+0	2,400E+1	3,000E+3	3,001E+3
202,058	0,144	0,120	7,830E+0	2,400E+1	3,000E+3	2,998E+3
203,058	0,144	0,120	7,830E+0	2,400E+1	3,000E+3	3,007E+3
204,059	0,144	0,120	7,830E+0	2,400E+1	3,000E+3	2,999E+3
205,060	0,144	0,120	7,830E+0	2,400E+1	3,000E+3	3,004E+3
206,060	0,144	0,120	7,830E+0	2,400E+1	3,000E+3	2,998E+3
207,060	0,144	0,120	7,840E+0	2,400E+1	3,000E+3	3,006E+3
208,061	0,144	0,120	7,840E+0	2,400E+1	3,000E+3	3,010E+3
209,061	0,144	0,120	7,840E+0	2,400E+1	3,000E+3	3,004E+3
210,060	0,144	0,120	7,840E+0	2,400E+1	3,000E+3	3,003E+3
211,062	0,144	0,120	7,840E+0	2,400E+1	3,000E+3	2,994E+3
212,062	0,144	0,120	7,840E+0	2,400E+1	3,000E+3	2,998E+3
213,062	0,144	0,120	7,840E+0	2,400E+1	3,000E+3	2,995E+3
214,062	0,144	0,120	7,840E+0	2,400E+1	3,000E+3	3,000E+3
215,062	0,144	0,120	7,840E+0	2,400E+1	3,000E+3	3,002E+3
216,062	0,144	0,120	7,840E+0	2,400E+1	3,000E+3	3,001E+3
217,061	0,144	0,120	7,850E+0	2,400E+1	3,000E+3	3,004E+3
218,062	0,144	0,120	7,850E+0	2,400E+1	3,000E+3	3,009E+3
219,061	0,144	0,120	7,850E+0	2,400E+1	3,000E+3	2,997E+3
220,063	0,144	0,120	7,850E+0	2,400E+1	3,000E+3	3,003E+3
221,063	0,144	0,120	7,840E+0	2,400E+1	3,000E+3	3,007E+3
222,063	0,144	0,120	7,840E+0	2,400E+1	3,000E+3	2,997E+3
223,064	0,144	0,120	7,840E+0	2,400E+1	3,000E+3	3,001E+3
224,064	0,144	0,120	7,840E+0	2,400E+1	3,000E+3	2,992E+3
225,064	0,144	0,120	7,840E+0	2,400E+1	3,000E+3	2,995E+3
226,064	0,144	0,120	7,850E+0	2,400E+1	3,000E+3	3,006E+3
227,064	0,144	0,120	7,840E+0	2,400E+1	3,000E+3	3,003E+3
228,064	0,144	0,120	7,840E+0	2,400E+1	3,000E+3	2,997E+3
229,064	0,144	0,120	7,850E+0	2,400E+1	3,000E+3	3,000E+3
230,064	0,144	0,120	7,850E+0	2,400E+1	3,000E+3	3,002E+3
231,064	0,144	0,120	7,850E+0	2,400E+1	3,000E+3	3,001E+3
232,063	0,144	0,120	7,850E+0	2,400E+1	3,000E+3	2,998E+3
233,064	0,144	0,120	7,850E+0	2,400E+1	3,000E+3	3,000E+3
234,064	0,144	0,120	7,850E+0	2,400E+1	3,000E+3	2,995E+3
235,065	0,144	0,120	7,850E+0	2,400E+1	3,000E+3	3,000E+3
236,065	0,144	0,120	7,850E+0	2,400E+1	3,000E+3	2,999E+3
237,065	0,144	0,120	7,850E+0	2,400E+1	3,000E+3	3,003E+3
238,065	0,144	0,120	7,850E+0	2,400E+1	3,000E+3	3,003E+3
239,065	0,144	0,120	7,850E+0	2,400E+1	3,000E+3	3,007E+3
240,065	0,144	0,120	7,850E+0	2,400E+1	3,000E+3	3,001E+3
241,065	0,144	0,120	7,860E+0	2,400E+1	3,000E+3	2,995E+3
242,066	0,144	0,120	7,860E+0	2,400E+1	3,000E+3	3,004E+3
243,065	0,144	0,120	7,860E+0	2,400E+1	3,000E+3	2,998E+3
244,066	0,144	0,120	7,860E+0	2,400E+1	3,000E+3	3,019E+3
245,066	0,144	0,120	7,860E+0	2,400E+1	3,000E+3	3,001E+3
246,066	0,144	0,120	7,860E+0	2,400E+1	3,000E+3	3,000E+3
247,066	0,144	0,120	7,860E+0	2,400E+1	3,000E+3	3,006E+3
248,066	0,144	0,120	7,860E+0	2,400E+1	3,000E+3	3,001E+3
249,067	0,144	0,120	7,860E+0	2,400E+1	3,000E+3	3,005E+3
250,066	0,144	0,120	7,860E+0	2,400E+1	3,000E+3	3,006E+3
251,067	0,144	0,120	7,860E+0	2,400E+1	3,000E+3	3,004E+3
252,067	0,144	0,120	7,860E+0	2,400E+1	3,000E+3	3,004E+3
253,068	0,144	0,120	7,860E+0	2,400E+1	3,000E+3	2,997E+3
254,068	0,144	0,120	7,850E+0	2,400E+1	3,000E+3	3,006E+3
255,067	0,144	0,120	7,850E+0	2,400E+1	3,000E+3	3,010E+3
256,069	0,144	0,120	7,860E+0	2,400E+1	3,000E+3	2,998E+3
257,068	0,144	0,120	7,860E+0	2,400E+1	3,000E+3	2,992E+3
258,069	0,144	0,120	7,860E+0	2,400E+1	3,000E+3	3,004E+3
259,069	0,144	0,120	7,860E+0	2,400E+1	3,000E+3	3,004E+3
260,069	0,144	0,120	7,860E+0	2,400E+1	3,000E+3	2,996E+3
261,069	0,144	0,120	7,860E+0	2,400E+1	3,000E+3	3,007E+3
262,069	0,144	0,120	7,870E+0	2,400E+1	3,000E+3	3,003E+3
263,070	0,144	0,120	7,870E+0	2,400E+1	3,000E+3	3,000E+3
264,069	0,144	0,120	7,860E+0	2,400E+1	3,000E+3	3,003E+3
265,070	0,144	0,120	7,860E+0	2,400E+1	3,000E+3	3,009E+3
266,070	0,144	0,120	7,860E+0	2,400E+1	3,000E+3	3,005E+3
267,070	0,144	0,120	7,870E+0	2,400E+1	3,000E+3	3,000E+3
268,070	0,144	0,120	7,870E+0	2,400E+1	3,000E+3	3,003E+3
269,069	0,144	0,120	7,870E+0	2,400E+1	3,000E+3	2,995E+3
270,070	0,144	0,120	7,870E+0	2,400E+1	3,000E+3	2,994E+3
271,069	0,144	0,120	7,870E+0	2,400E+1	3,000E+3	3,006E+3
272,070	0,144	0,120	7,860E+0	2,400E+1	3,000E+3	3,007E+3
273,070	0,144	0,120	7,860E+0	2,400E+1	3,000E+3	2,997E+3
274,070	0,144	0,120	7,860E+0	2,400E+1	3,000E+3	2,999E+3
275,070	0,144	0,120	7,860E+0	2,400E+1	3,000E+3	3,004E+3
276,069	0,144	0,120	7,880E+0	2,400E+1	3,000E+3	2,997E+3
277,070	0,144	0,120	7,870E+0	2,400E+1	3,000E+3	2,995E+3
278,070	0,144	0,120	7,870E+0	2,400E+1	3,000E+3	3,007E+3
279,071	0,144	0,120	7,870E+0	2,400E+1	3,000E+3	3,012E+3
280,072	0,144	0,120	7,870E+0	2,400E+1	3,000E+3	3,003E+3
281,072	0,144	0,120	7,870E+0	2,400E+1	3,000E+3	3,004E+3
282,072	0,144	0,120	7,870E+0	2,400E+1	3,000E+3	2,994E+3
283,071	0,144	0,120	7,870E+0	2,400E+1	3,000E+3	2,998E+3
284,073	0,144	0,120	7,870E+0	2,400E+1	3,000E+3	2,997E+3
285,074	0,144	0,120	7,870E+0	2,400E+1	3,000E+3	3,002E+3
286,075	0,144	0,120	7,870E+0	2,400E+1	3,000E+3	3,007E+3
287,075	0,144	0,120	7,870E+0	2,400E+1	3,000E+3	2,995E+3
288,075	0,144	0,120	7,870E+0	2,400E+1	3,000E+3	2,997E+3
289,076	0,144	0,120	7,870E+0	2,400E+1	3,000E+3	3,000E+3
290,075	0,144	0,120	7,870E+0	2,400E+1	3,000E+3	2,993E+3
291,077	0,144	0,120	7,880E+0	2,400E+1	3,000E+3	2,999E+3
292,077	0,144	0,120	7,870E+0	2,400E+1	3,000E+3	3,004E+3
293,077	0,144	0,120	7,870E+0	2,400E+1	3,000E+3	2,991E+3
294,077	0,144	0,120	7,870E+0	2,400E+1	3,000E+3	3,001E+3
295,077	0,144	0,120	7,870E+0	2,400E+1	3,000E+3	2,998E+3
296,077	0,144	0,120	7,880E+0	2,400E+1	3,000E+3	3,006E+3
297,077	0,144	0,120	7,880E+0	2,400E+1	3,000E+3	3,000E+3
298,077	0,144	0,120	7,880E+0	2,400E+1	3,000E+3	3,006E+3
299,077	0,144	0,120	7,880E+0	2,400E+1	3,000E+3	3,004E+3
300,077	0,144	0,120	7,880E+0	2,400E+1	3,000E+3	2,996E+3
301,078	0,144	0,120	7,880E+0	2,400E+1	3,000E+3	3,000E+3
302,079	0,144	0,120	7,880E+0	2,400E+1	3,000E+3	2,998E+3
303,079	0,144	0,120	7,870E+0	2,400E+1	3,000E+3	2,996E+3
304,080	0,144	0,120	7,870E+0	2,400E+1	3,000E+3	2,994E+3
305,080	0,144	0,120	7,880E+0	2,400E+1	3,000E+3	3,000E+3
306,081	0,144	0,120	7,880E+0	2,400E+1	3,000E+3	2,995E+3
307,082	0,144	0,120	7,880E+0	2,400E+1	3,000E+3	2,999E+3
308,082	0,144	0,120	7,880E+0	2,400E+1	3,000E+3	2,994E+3
309,083	0,144	0,120	7,880E+0	2,400E+1	3,000E+3	2,988E+3
310,082	0,144	0,120	7,880E+0	2,400E+1	3,000E+3	3,004E+3
311,084	0,144	0,120	7,880E+0	2,400E+1	3,000E+3	3,003E+3
312,084	0,144	0,120	7,880E+0	2,400E+1	3,000E+3	2,985E+3
313,084	0,144	0,120	7,880E+0	2,400E+1	3,000E+3	2,999E+3
314,085	0,144	0,120	7,880E+0	2,400E+1	3,000E+3	2,997E+3
315,085	0,144	0,120	7,880E+0	2,400E+1	3,000E+3	3,004E+3
316,084	0,144	0,120	7,880E+0	2,400E+1	3,000E+3	3,001E+3
317,085	0,144	0,120	7,890E+0	2,400E+1	3,000E+3	3,006E+3
318,084	0,144	0,120	7,890E+0	2,400E+1	3,000E+3	2,997E+3
319,085	0,144	0,120	7,880E+0	2,400E+1	3,000E+3	3,011E+3
320,085	0,144	0,120	7,880E+0	2,400E+1	3,000E+3	2,995E+3
321,085	0,144	0,120	7,890E+0	2,400E+1	3,000E+3	3,008E+3
322,086	0,144	0,120	7,890E+0	2,400E+1	3,000E+3	3,004E+3
323,085	0,144	0,120	7,890E+0	2,400E+1	3,000E+3	3,011E+3
324,087	0,144	0,120	7,880E+0	2,400E+1	3,000E+3	3,001E+3
325,086	0,144	0,120	7,890E+0	2,400E+1	3,000E+3	2,998E+3
326,087	0,144	0,120	7,890E+0	2,400E+1	3,000E+3	2,995E+3
327,087	0,144	0,120	7,890E+0	2,400E+1	3,000E+3	2,999E+3
328,087	0,144	0,120	7,880E+0	2,400E+1	3,000E+3	3,004E+3
329,087	0,144	0,120	7,880E+0	2,400E+1	3,000E+3	3,002E+3
330,088	0,144	0,120	7,880E+0	2,400E+1	3,000E+3	3,008E+3
331,089	0,144	0,120	7,880E+0	2,400E+1	3,000E+3	2,995E+3
332,089	0,144	0,120	7,890E+0	2,400E+1	3,000E+3	3,002E+3
333,089	0,144	0,120	7,890E+0	2,400E+1	3,000E+3	3,000E+3
334,089	0,144	0,120	7,890E+0	2,400E+1	3,000E+3	3,005E+3
335,088	0,144	0,120	7,890E+0	2,400E+1	3,000E+3	2,996E+3
336,090	0,144	0,120	7,890E+0	2,400E+1	3,000E+3	3,001E+3
337,090	0,144	0,120	7,890E+0	2,400E+1	3,000E+3	3,003E+3
338,090	0,144	0,120	7,890E+0	2,400E+1	3,000E+3	3,002E+3
339,090	0,144	0,120	7,890E+0	2,400E+1	3,000E+3	2,997E+3
340,090	0,144	0,120	7,890E+0	2,400E+1	3,000E+3	3,004E+3
341,090	0,144	0,120	7,900E+0	2,400E+1	3,000E+3	2,995E+3
342,089	0,144	0,120	7,900E+0	2,400E+1	3,000E+3	3,002E+3
343,090	0,144	0,120	7,900E+0	2,400E+1	3,000E+3	3,004E+3
344,092	0,144	0,120	7,890E+0	2,400E+1	3,000E+3	3,007E+3
345,092	0,144	0,120	7,890E+0	2,400E+1	3,000E+3	3,013E+3
346,092	0,144	0,120	7,890E+0	2,400E+1	3,000E+3	3,011E+3
347,092	0,144	0,120	7,890E+0	2,400E+1	3,000E+3	3,007E+3
348,091	0,144	0,120	7,890E+0	2,400E+1	3,000E+3	3,006E+3
349,093	0,144	0,120	7,890E+0	2,400E+1	3,000E+3	2,994E+3
350,093	0,144	0,120	7,890E+0	2,400E+1	3,000E+3	2,998E+3
351,093	0,144	0,120	7,890E+0	2,400E+1	3,000E+3	3,000E+3
352,093	0,144	0,120	7,900E+0	2,400E+1	3,000E+3	2,991E+3
353,092	0,144	0,120	7,900E+0	2,400E+1	3,000E+3	3,011E+3
354,093	0,144	0,120	7,900E+0	2,400E+1	3,000E+3	2,995E+3
355,093	0,144	0,120	7,900E+0	2,400E+1	3,000E+3	3,001E+3
356,093	0,144	0,120	7,900E+0	2,400E+1	3,000E+3	3,008E+3
357,094	0,144	0,120	7,900E+0	2,400E+1	3,000E+3	3,007E+3
358,094	0,144	0,120	7,900E+0	2,400E+1	3,000E+3	3,000E+3
359,094	0,144	0,120	7,900E+0	2,400E+1	3,000E+3	3,000E+3
360,094	0,144	0,120	7,900E+0	2,400E+1	3,000E+3	3,005E+3
361,094	0,144	0,120	7,900E+0	2,400E+1	3,000E+3	2,995E+3
362,094	0,144	0,120	7,900E+0	2,400E+1	3,000E+3	3,000E+3
363,093	0,144	0,120	7,900E+0	2,400E+1	3,000E+3	3,014E+3
364,094	0,144	0,120	7,900E+0	2,400E+1	3,000E+3	3,000E+3
365,094	0,144	0,120	7,900E+0	2,400E+1	3,000E+3	2,998E+3
366,094	0,144	0,120	7,900E+0	2,400E+1	3,000E+3	3,002E+3
367,093	0,144	0,120	7,900E+0	2,400E+1	3,000E+3	2,998E+3
368,094	0,144	0,120	7,910E+0	2,400E+1	3,000E+3	3,016E+3
369,093	0,144	0,120	7,900E+0	2,400E+1	3,000E+3	3,010E+3
370,094	0,144	0,120	7,900E+0	2,400E+1	3,000E+3	3,017E+3
371,094	0,144	0,120	7,900E+0	2,400E+1	3,000E+3	2,998E+3
372,094	0,144	0,120	7,900E+0	2,400E+1	3,000E+3	2,997E+3
373,095	0,144	0,120	7,900E+0	2,400E+1	3,000E+3	2,998E+3
374,094	0,144	0,120	7,900E+0	2,400E+1	3,000E+3	2,997E+3
375,095	0,144	0,120	7,900E+0	2,400E+1	3,000E+3	3,009E+3
376,094	0,144	0,120	7,900E+0	2,400E+1	3,000E+3	3,001E+3
377,095	0,144	0,120	7,900E+0	2,400E+1	3,000E+3	3,003E+3
378,095	0,144	0,120	7,900E+0	2,400E+1	3,000E+3	2,998E+3
379,095	0,144	0,120	7,910E+0	2,400E+1	3,000E+3	3,000E+3
380,095	0,144	0,120	7,910E+0	2,400E+1	3,000E+3	3,008E+3
381,094	0,144	0,120	7,910E+0	2,400E+1	3,000E+3	2,996E+3
382,096	0,144	0,120	7,910E+0	2,400E+1	3,000E+3	3,013E+3
383,095	0,144	0,120	7,910E+0	2,400E+1	3,000E+3	2,998E+3
384,097	0,144	0,120	7,910E+0	2,400E+1	3,000E+3	2,992E+3
385,097	0,144	0,120	7,910E+0	2,400E+1	3,000E+3	3,004E+3
386,098	0,144	0,120	7,910E+0	2,400E+1	3,000E+3	3,008E+3
387,098	0,144	0,120	7,910E+0	2,400E+1	3,000E+3	2,988E+3
388,098	0,144	0,120	7,910E+0	2,400E+1	3,000E+3	2,998E+3
389,098	0,144	0,120	7,910E+0	2,400E+1	3,000E+3	2,997E+3
390,098	0,144	0,120	7,900E+0	2,400E+1	3,000E+3	3,016E+3
391,098	0,144	0,120	7,900E+0	2,400E+1	3,000E+3	3,013E+3
392,099	0,144	0,120	7,910E+0	2,400E+1	3,000E+3	3,003E+3
393,098	0,144	0,120	7,910E+0	2,400E+1	3,000E+3	2,999E+3
394,099	0,144	0,120	7,910E+0	2,400E+1	3,000E+3	2,998E+3
395,099	0,144	0,120	7,910E+0	2,400E+1	3,000E+3	3,002E+3
396,099	0,144	0,120	7,910E+0	2,400E+1	3,000E+3	2,998E+3
397,099	0,144	0,120	7,910E+0	2,400E+1	3,000E+3	3,013E+3
398,098	0,144	0,120	7,910E+0	2,400E+1	3,000E+3	2,994E+3
399,099	0,144	0,120	7,910E+0	2,400E+1	3,000E+3	3,010E+3
400,099	0,144	0,120	7,910E+0	2,400E+1	3,000E+3	3,000E+3
401,099	0,144	0,120	7,910E+0	2,400E+1	3,000E+3	3,001E+3
402,099	0,144	0,120	7,910E+0	2,400E+1	3,000E+3	3,000E+3
403,099	0,144	0,120	7,910E+0	2,400E+1	3,000E+3	3,008E+3
404,099	0,144	0,120	7,910E+0	2,400E+1	3,000E+3	3,009E+3
405,098	0,144	0,120	7,910E+0	2,400E+1	3,000E+3	2,998E+3
406,099	0,144	0,120	7,910E+0	2,400E+1	3,000E+3	3,007E+3
407,100	0,144	0,120	7,910E+0	2,400E+1	3,000E+3	2,998E+3
408,101	0,144	0,120	7,910E+0	2,400E+1	3,000E+3	3,001E+3
409,101	0,144	0,120	7,910E+0	2,400E+1	3,000E+3	3,006E+3
410,101	0,144	0,120	7,910E+0	2,400E+1	3,000E+3	2,997E+3
411,101	0,144	0,120	7,910E+0	2,400E+1	3,000E+3	2,993E+3
412,100	0,144	0,120	7,910E+0	2,400E+1	3,000E+3	3,004E+3
413,101	0,144	0,120	7,910E+0	2,400E+1	3,000E+3	3,007E+3
414,101	0,144	0,120	7,920E+0	2,400E+1	3,000E+3	3,013E+3
415,102	0,144	0,120	7,920E+0	2,400E+1	3,000E+3	2,994E+3
416,102	0,144	0,120	7,920E+0	2,400E+1	3,000E+3	3,010E+3
417,101	0,144	0,120	7,920E+0	2,400E+1	3,000E+3	3,007E+3
418,102	0,144	0,120	7,920E+0	2,400E+1	3,000E+3	3,007E+3
419,102	0,144	0,120	7,920E+0	2,400E+1	3,000E+3	3,001E+3
420,102	0,144	0,120	7,920E+0	2,400E+1	3,000E+3	2,999E+3
421,101	0,144	0,120	7,920E+0	2,400E+1	3,000E+3	3,002E+3
422,102	0,144	0,120	7,920E+0	2,400E+1	3,000E+3	3,000E+3
423,101	0,144	0,120	7,920E+0	2,400E+1	3,000E+3	3,007E+3
424,102	0,144	0,120	7,920E+0	2,400E+1	3,000E+3	3,003E+3
425,103	0,144	0,120	7,920E+0	2,400E+1	3,000E+3	3,003E+3
426,103	0,144	0,120	7,920E+0	2,400E+1	3,000E+3	2,994E+3
427,103	0,144	0,120	7,920E+0	2,400E+1	3,000E+3	2,998E+3
428,103	0,144	0,120	7,920E+0	2,400E+1	3,000E+3	3,010E+3
429,103	0,144	0,120	7,920E+0	2,400E+1	3,000E+3	2,995E+3
430,102	0,144	0,120	7,920E+0	2,400E+1	3,000E+3	3,014E+3
431,103	0,144	0,120	7,920E+0	2,400E+1	3,000E+3	3,008E+3
432,102	0,144	0,120	7,920E+0	2,400E+1	3,000E+3	2,999E+3
433,103	0,144	0,120	7,920E+0	2,400E+1	3,000E+3	3,004E+3
434,103	0,144	0,120	7,920E+0	2,400E+1	3,000E+3	3,009E+3
435,103	0,123	0,120	6,740E+0	2,400E+1	3,000E+3	3,027E+3
436,104	0,123	0,120	6,740E+0	2,400E+1	3,000E+3	3,006E+3
437,104	0,120	0,120	6,640E+0	2,400E+1	3,000E+3	2,986E+3
438,104	0,120	0,100	6,640E+0	2,400E+1	3,000E+3	3,018E+3
439,103	0,120	0,100	6,640E+0	2,400E+1	3,000E+3	2,998E+3
440,104	0,100	0,100	5,580E+0	2,400E+1	3,000E+3	3,007E+3
441,104	0,100	0,100	5,580E+0	2,400E+1	3,000E+3	2,974E+3
442,104	0,100	0,200	5,580E+0	2,400E+1	3,000E+3	2,528E+3
443,104	0,200	0,200	1,104E+1	2,400E+1	3,000E+3	2,938E+3
444,104	0,200	0,200	1,088E+1	2,400E+1	3,000E+3	2,997E+3
445,104	0,200	0,200	1,088E+1	2,400E+1	3,000E+3	3,001E+3
446,105	0,200	0,200	1,088E+1	2,400E+1	3,000E+3	3,012E+3
447,105	0,200	0,200	1,088E+1	2,400E+1	3,000E+3	2,998E+3
448,105	0,200	0,050	1,088E+1	2,400E+1	3,000E+3	3,001E+3
449,105	0,200	0,050	1,006E+1	2,400E+1	3,000E+3	3,407E+3
450,106	0,050	0,050	2,930E+0	2,400E+1	3,000E+3	3,035E+3
451,105	0,050	0,050	2,930E+0	2,400E+1	3,000E+3	2,759E+3
452,106	0,050	0,050	2,930E+0	2,400E+1	3,000E+3	2,862E+3
453,106	0,050	0,050	2,930E+0	2,400E+1	3,000E+3	3,035E+3
454,106	0,050	0,050	2,930E+0	2,400E+1	3,000E+3	3,010E+3
455,107	0,050	0,050	2,930E+0	2,400E+1	3,000E+3	2,994E+3
456,107	0,050	0,050	2,930E+0	2,400E+1	3,000E+3	3,002E+3
457,107	0,050	0,050	2,930E+0	2,400E+1	3,000E+3	3,006E+3
458,107	0,050	0,050	2,930E+0	2,400E+1	3,000E+3	3,000E+3
459,107	0,050	0,050	2,930E+0	2,400E+1	3,000E+3	3,007E+3
460,107	0,050	0,050	2,930E+0	2,400E+1	3,000E+3	2,998E+3
461,108	0,050	0,050	2,930E+0	2,400E+1	3,000E+3	3,006E+3
462,107	0,050	0,050	2,930E+0	2,400E+1	3,000E+3	3,001E+3
463,108	0,050	0,050	2,930E+0	2,400E+1	3,000E+3	3,051E+3
464,108	0,000	0,050	3,000E-1	2,400E+1	3,000E+3	3,024E+3
465,108	0,000	0,050	3,000E-1	2,400E+1	0,000E+0	2,825E+3
466,109	0,000	0,050	3,000E-1	2,400E+1	0,000E+0	2,326E+3
467,109	0,000	0,050	3,000E-1	2,400E+1	0,000E+0	1,846E+3
468,109	0,000	0,050	3,000E-1	2,400E+1	0,000E+0	1,426E+3
469,108	0,000	0,050	3,000E-1	2,400E+1	0,000E+0	0,000E+0
470,109	0,000	0,050	3,000E-1	2,400E+1	0,000E+0	0,000E+0
471,109	0,000	0,050	3,000E-1	2,400E+1	0,000E+0	0,000E+0
