t	IF	IR	VF	VR	VelSP	VelRE
86,029	0,000	0,000	3,000E-1	2,400E+1	0,000E+0	0,000E+0
0,004	0,000	0,000	3,000E-1	2,400E+1	0,000E+0	0,000E+0
1,003	0,000	0,000	3,000E-1	2,400E+1	0,000E+0	0,000E+0
2,004	0,000	0,000	3,000E-1	2,400E+1	0,000E+0	0,000E+0
3,004	0,000	0,000	3,000E-1	2,400E+1	0,000E+0	0,000E+0
4,003	0,000	0,000	3,000E-1	2,400E+1	0,000E+0	0,000E+0
5,005	0,000	0,000	3,000E-1	2,400E+1	0,000E+0	0,000E+0
6,004	0,000	0,000	3,000E-1	2,400E+1	0,000E+0	0,000E+0
7,006	0,000	0,000	3,000E-1	2,400E+1	0,000E+0	0,000E+0
8,006	0,000	0,000	3,000E-1	2,400E+1	0,000E+0	0,000E+0
9,007	0,000	0,000	3,000E-1	2,400E+1	0,000E+0	0,000E+0
10,007	0,000	0,000	3,000E-1	2,400E+1	0,000E+0	0,000E+0
11,007	0,000	0,000	3,000E-1	2,400E+1	0,000E+0	0,000E+0
12,008	0,000	0,000	3,000E-1	2,400E+1	0,000E+0	0,000E+0
13,007	0,000	0,000	3,000E-1	2,400E+1	0,000E+0	0,000E+0
14,008	0,000	0,000	3,000E-1	2,400E+1	0,000E+0	0,000E+0
15,007	0,000	0,000	3,000E-1	2,400E+1	0,000E+0	0,000E+0
16,008	0,000	0,000	3,000E-1	2,400E+1	3,500E+3	0,000E+0
17,008	0,000	0,000	3,000E-1	2,400E+1	3,500E+3	0,000E+0
18,007	0,000	0,000	3,000E-1	2,400E+1	3,500E+3	0,000E+0
19,009	0,000	0,000	3,000E-1	2,400E+1	3,500E+3	0,000E+0
20,008	0,000	0,000	3,000E-1	2,400E+1	3,500E+3	2,626E+3
21,009	0,000	0,000	3,000E-1	2,400E+1	3,500E+3	3,836E+3
22,009	0,000	0,000	3,000E-1	2,400E+1	3,500E+3	3,590E+3
23,010	0,000	0,000	3,000E-1	2,400E+1	3,500E+3	3,327E+3
24,011	0,000	0,000	3,000E-1	2,400E+1	3,500E+3	3,311E+3
25,010	0,000	0,000	3,000E-1	2,400E+1	3,500E+3	3,536E+3
26,011	0,000	0,000	3,000E-1	2,400E+1	3,500E+3	3,525E+3
27,010	0,000	0,000	3,000E-1	2,400E+1	3,500E+3	3,483E+3
28,011	0,000	0,000	3,000E-1	2,400E+1	3,500E+3	3,493E+3
29,010	0,000	0,000	3,000E-1	2,400E+1	3,500E+3	3,505E+3
30,010	0,000	0,000	3,000E-1	2,400E+1	3,500E+3	3,488E+3
31,011	0,000	0,000	3,000E-1	2,400E+1	3,500E+3	3,488E+3
32,010	0,000	0,000	3,000E-1	2,400E+1	3,500E+3	3,493E+3
33,011	0,000	0,000	3,000E-1	2,400E+1	3,500E+3	3,498E+3
34,010	0,000	0,000	3,000E-1	2,400E+1	3,500E+3	3,512E+3
35,011	0,000	0,000	3,000E-1	2,400E+1	3,500E+3	3,503E+3
36,011	0,000	0,000	3,000E-1	2,400E+1	3,500E+3	3,513E+3
37,011	0,000	0,000	3,000E-1	2,400E+1	3,500E+3	3,513E+3
38,012	0,000	0,000	3,000E-1	2,400E+1	3,500E+3	3,498E+3
39,012	0,000	0,000	3,000E-1	2,400E+1	3,500E+3	3,503E+3
40,013	0,000	0,000	3,000E-1	2,400E+1	3,500E+3	3,491E+3
41,013	0,000	0,000	3,000E-1	2,400E+1	3,500E+3	3,482E+3
42,014	0,000	0,000	3,000E-1	2,400E+1	3,500E+3	3,503E+3
43,014	0,000	0,000	3,000E-1	2,400E+1	3,500E+3	3,512E+3
44,014	0,000	0,000	3,000E-1	2,400E+1	3,500E+3	3,489E+3
45,015	0,000	0,000	3,000E-1	2,400E+1	3,500E+3	3,501E+3
46,014	0,000	0,000	3,000E-1	2,400E+1	3,500E+3	3,494E+3
47,015	0,000	0,000	3,000E-1	2,400E+1	3,500E+3	3,497E+3
48,014	0,000	0,000	3,000E-1	2,400E+1	3,500E+3	3,504E+3
49,015	0,000	0,000	3,000E-1	2,400E+1	3,500E+3	3,510E+3
50,015	0,000	0,000	3,000E-1	2,400E+1	3,500E+3	3,501E+3
51,014	0,000	0,000	3,000E-1	2,400E+1	3,500E+3	3,502E+3
52,015	0,000	0,000	3,000E-1	2,400E+1	3,500E+3	3,488E+3
53,015	0,000	0,000	3,000E-1	2,400E+1	3,500E+3	3,510E+3
54,016	0,000	0,000	3,000E-1	2,400E+1	3,500E+3	3,504E+3
55,015	0,000	0,000	3,000E-1	2,400E+1	3,500E+3	3,501E+3
56,016	0,000	0,000	3,000E-1	2,400E+1	3,500E+3	3,491E+3
57,017	0,000	0,000	3,000E-1	2,400E+1	3,500E+3	3,502E+3
58,016	0,000	0,000	3,000E-1	2,400E+1	3,500E+3	3,514E+3
59,017	0,000	0,000	3,000E-1	2,400E+1	3,500E+3	3,492E+3
60,016	0,000	0,000	3,000E-1	2,400E+1	3,500E+3	3,512E+3
61,018	0,000	0,000	3,000E-1	2,400E+1	3,500E+3	3,494E+3
62,019	0,000	0,000	3,000E-1	2,400E+1	3,500E+3	3,493E+3
63,018	0,000	0,000	3,000E-1	2,400E+1	3,500E+3	3,512E+3
64,019	0,000	0,000	3,000E-1	2,400E+1	3,500E+3	3,498E+3
65,018	0,000	0,000	3,000E-1	2,400E+1	3,500E+3	3,505E+3
66,019	0,000	0,000	3,000E-1	2,400E+1	3,500E+3	3,506E+3
67,018	0,000	0,000	3,000E-1	2,400E+1	3,500E+3	3,488E+3
68,019	0,000	0,000	3,000E-1	2,400E+1	3,500E+3	3,507E+3
69,019	0,000	0,000	3,000E-1	2,400E+1	3,500E+3	3,505E+3
70,018	0,000	0,000	3,000E-1	2,400E+1	3,500E+3	3,488E+3
71,019	0,000	0,000	3,000E-1	2,400E+1	3,500E+3	3,506E+3
72,019	0,000	0,000	3,000E-1	2,400E+1	3,500E+3	3,528E+3
73,021	0,000	0,000	3,000E-1	2,400E+1	3,500E+3	3,503E+3
74,020	0,000	0,000	3,000E-1	2,400E+1	3,500E+3	3,499E+3
75,022	0,000	0,000	3,000E-1	2,400E+1	3,500E+3	3,519E+3
76,022	0,000	0,000	3,000E-1	2,400E+1	3,500E+3	3,512E+3
77,022	0,000	0,000	3,000E-1	2,400E+1	3,500E+3	3,484E+3
78,024	0,000	0,000	3,000E-1	2,400E+1	3,500E+3	3,511E+3
79,023	0,000	0,000	3,000E-1	2,400E+1	3,500E+3	3,503E+3
80,025	0,000	0,000	3,000E-1	2,400E+1	3,500E+3	3,504E+3
81,025	0,000	0,000	3,000E-1	2,400E+1	3,500E+3	3,501E+3
82,026	0,000	0,000	3,000E-1	2,400E+1	3,500E+3	3,499E+3
83,026	0,000	0,000	3,000E-1	2,400E+1	3,500E+3	3,506E+3
84,027	0,000	0,000	3,000E-1	2,400E+1	3,500E+3	3,499E+3
85,026	0,000	0,000	3,000E-1	2,400E+1	3,000E+3	3,412E+3
86,026	0,000	0,000	3,000E-1	2,400E+1	3,000E+3	3,097E+3
87,027	0,000	0,000	3,000E-1	2,400E+1	3,000E+3	2,812E+3
88,026	0,000	0,000	3,000E-1	2,400E+1	3,000E+3	2,734E+3
89,027	0,000	0,000	3,000E-1	2,400E+1	3,000E+3	2,975E+3
90,026	0,000	0,000	3,000E-1	2,400E+1	3,000E+3	3,089E+3
91,027	0,000	0,000	3,000E-1	2,400E+1	3,000E+3	3,015E+3
92,027	0,000	0,000	3,000E-1	2,400E+1	3,000E+3	2,966E+3
93,026	0,000	0,000	3,000E-1	2,400E+1	3,000E+3	2,973E+3
94,027	0,000	0,000	3,000E-1	2,400E+1	3,000E+3	3,013E+3
95,028	0,000	0,000	3,000E-1	2,400E+1	3,000E+3	3,010E+3
96,028	0,000	0,000	3,000E-1	2,400E+1	3,000E+3	2,991E+3
97,030	0,000	0,000	3,000E-1	2,400E+1	3,000E+3	2,998E+3
98,029	0,000	0,000	3,000E-1	2,400E+1	3,000E+3	3,012E+3
99,031	0,000	0,000	3,000E-1	2,400E+1	3,000E+3	2,996E+3
100,030	0,000	0,000	3,000E-1	2,400E+1	3,000E+3	3,003E+3
101,031	0,000	0,000	3,000E-1	2,400E+1	3,000E+3	2,995E+3
102,031	0,000	0,000	3,000E-1	2,400E+1	3,000E+3	3,002E+3
103,031	0,000	0,000	3,000E-1	2,400E+1	3,000E+3	3,008E+3
104,032	0,000	0,000	3,000E-1	2,400E+1	3,000E+3	3,000E+3
105,032	0,000	0,000	3,000E-1	2,400E+1	3,000E+3	3,003E+3
106,034	0,000	0,000	3,000E-1	2,400E+1	3,000E+3	2,997E+3
107,033	0,006	0,000	6,700E-1	2,400E+1	3,000E+3	2,991E+3
108,035	0,014	0,000	6,700E-1	2,400E+1	3,000E+3	2,993E+3
109,035	0,014	0,000	1,200E+0	2,400E+1	3,000E+3	3,003E+3
110,034	0,025	0,000	1,740E+0	2,400E+1	3,000E+3	2,991E+3
111,035	0,025	0,000	1,740E+0	2,400E+1	3,000E+3	3,000E+3
112,034	0,033	0,000	2,130E+0	2,400E+1	3,000E+3	2,995E+3
113,035	0,042	0,000	2,590E+0	2,400E+1	3,000E+3	2,993E+3
114,035	0,052	0,000	2,590E+0	2,400E+1	3,000E+3	2,997E+3
115,035	0,052	0,000	3,150E+0	2,400E+1	3,000E+3	3,002E+3
116,036	0,059	0,000	3,490E+0	2,400E+1	3,000E+3	2,994E+3
117,035	0,059	0,000	3,490E+0	2,400E+1	3,000E+3	3,002E+3
118,036	0,069	0,000	4,000E+0	2,400E+1	3,000E+3	3,001E+3
119,035	0,077	0,000	4,370E+0	2,400E+1	3,000E+3	2,994E+3
120,036	0,084	0,000	4,370E+0	2,400E+1	3,000E+3	2,998E+3
121,036	0,084	0,000	4,840E+0	2,400E+1	3,000E+3	3,004E+3
122,038	0,093	0,000	5,200E+0	2,400E+1	3,000E+3	2,997E+3
123,038	0,099	0,000	5,200E+0	2,400E+1	3,000E+3	2,994E+3
124,037	0,099	0,000	5,600E+0	2,400E+1	3,000E+3	3,001E+3
125,039	0,104	0,000	5,870E+0	2,400E+1	3,000E+3	3,002E+3
126,039	0,110	0,000	5,870E+0	2,400E+1	3,000E+3	3,000E+3
127,041	0,110	0,000	6,160E+0	2,400E+1	3,000E+3	2,994E+3
128,042	0,115	0,000	6,430E+0	2,400E+1	3,000E+3	2,998E+3
129,041	0,119	0,000	6,430E+0	2,400E+1	3,000E+3	2,991E+3
130,042	0,119	0,000	6,630E+0	2,400E+1	3,000E+3	2,999E+3
131,042	0,123	0,000	6,780E+0	2,400E+1	3,000E+3	2,991E+3
132,043	0,123	0,000	6,780E+0	2,400E+1	3,000E+3	2,991E+3
133,042	0,125	0,000	6,930E+0	2,400E+1	3,000E+3	3,003E+3
134,043	0,128	0,000	6,990E+0	2,400E+1	3,000E+3	3,000E+3
135,043	0,130	0,000	6,990E+0	2,400E+1	3,000E+3	3,000E+3
136,042	0,130	0,000	7,160E+0	2,400E+1	3,000E+3	2,990E+3
137,043	0,131	0,000	7,220E+0	2,400E+1	3,000E+3	2,999E+3
138,043	0,131	0,000	7,220E+0	2,400E+1	3,000E+3	3,000E+3
139,044	0,133	0,000	7,280E+0	2,400E+1	3,000E+3	2,989E+3
140,044	0,134	0,000	7,340E+0	2,400E+1	3,000E+3	3,015E+3
141,045	0,135	0,000	7,340E+0	2,400E+1	3,000E+3	3,001E+3
142,045	0,135	0,000	7,400E+0	2,400E+1	3,000E+3	2,994E+3
143,044	0,136	0,000	7,410E+0	2,400E+1	3,000E+3	3,002E+3
144,045	0,136	0,000	7,410E+0	2,400E+1	3,000E+3	2,998E+3
145,044	0,136	0,000	7,460E+0	2,400E+1	3,000E+3	3,003E+3
146,044	0,137	0,000	7,470E+0	2,400E+1	3,000E+3	2,993E+3
147,045	0,137	0,000	7,470E+0	2,400E+1	3,000E+3	3,004E+3
148,044	0,137	0,000	7,520E+0	2,400E+1	3,000E+3	2,997E+3
149,046	0,137	0,000	7,520E+0	2,400E+1	3,000E+3	3,014E+3
150,046	0,137	0,000	7,520E+0	2,400E+1	3,000E+3	3,001E+3
151,048	0,138	0,000	7,550E+0	2,400E+1	3,000E+3	3,002E+3
152,049	0,138	0,000	7,550E+0	2,400E+1	3,000E+3	2,989E+3
153,049	0,138	0,000	7,550E+0	2,400E+1	3,000E+3	3,004E+3
154,051	0,138	0,000	7,570E+0	2,400E+1	3,000E+3	2,999E+3
155,051	0,139	0,000	7,590E+0	2,400E+1	3,000E+3	2,998E+3
156,052	0,139	0,000	7,590E+0	2,400E+1	3,000E+3	2,992E+3
157,051	0,139	0,000	7,590E+0	2,400E+1	3,000E+3	3,006E+3
158,053	0,139	0,000	7,600E+0	2,400E+1	3,000E+3	2,995E+3
159,052	0,139	0,000	7,600E+0	2,400E+1	3,000E+3	3,000E+3
160,053	0,139	0,000	7,610E+0	2,400E+1	3,000E+3	2,985E+3
161,052	0,139	0,000	7,620E+0	2,400E+1	3,000E+3	2,997E+3
162,053	0,139	0,000	7,620E+0	2,400E+1	3,000E+3	2,999E+3
163,053	0,139	0,000	7,630E+0	2,400E+1	3,000E+3	2,999E+3
164,052	0,139	0,000	7,630E+0	2,400E+1	3,000E+3	3,004E+3
165,053	0,140	0,000	7,630E+0	2,400E+1	3,000E+3	2,994E+3
166,052	0,140	0,000	7,630E+0	2,400E+1	3,000E+3	2,994E+3
167,053	0,140	0,000	7,640E+0	2,400E+1	3,000E+3	3,002E+3
168,052	0,140	0,000	7,640E+0	2,400E+1	3,000E+3	3,003E+3
169,052	0,140	0,000	7,650E+0	2,400E+1	3,000E+3	3,000E+3
170,054	0,140	0,000	7,650E+0	2,400E+1	3,000E+3	3,003E+3
171,053	0,140	0,000	7,650E+0	2,400E+1	3,000E+3	2,995E+3
172,054	0,140	0,000	7,650E+0	2,400E+1	3,000E+3	3,000E+3
173,054	0,140	0,000	7,660E+0	2,400E+1	3,000E+3	2,988E+3
174,055	0,140	0,000	7,660E+0	2,400E+1	3,000E+3	2,997E+3
175,055	0,140	0,000	7,660E+0	2,400E+1	3,000E+3	3,008E+3
176,055	0,140	0,000	7,670E+0	2,400E+1	3,000E+3	3,004E+3
177,056	0,140	0,000	7,670E+0	2,400E+1	3,000E+3	2,997E+3
178,055	0,140	0,000	7,670E+0	2,400E+1	3,000E+3	2,997E+3
179,056	0,140	0,000	7,670E+0	2,400E+1	3,000E+3	2,994E+3
180,055	0,140	0,000	7,670E+0	2,400E+1	3,000E+3	3,001E+3
181,056	0,140	0,000	7,670E+0	2,400E+1	3,000E+3	2,995E+3
182,056	0,140	0,000	7,680E+0	2,400E+1	3,000E+3	3,004E+3
183,056	0,140	0,000	7,680E+0	2,400E+1	3,000E+3	3,003E+3
184,057	0,140	0,000	7,680E+0	2,400E+1	3,000E+3	3,003E+3
185,056	0,140	0,000	7,690E+0	2,400E+1	3,000E+3	2,986E+3
186,058	0,140	0,000	7,690E+0	2,400E+1	3,000E+3	2,989E+3
187,057	0,141	0,000	7,680E+0	2,400E+1	3,000E+3	2,993E+3
188,059	0,141	0,000	7,690E+0	2,400E+1	3,000E+3	2,998E+3
189,059	0,141	0,000	7,690E+0	2,400E+1	3,000E+3	2,991E+3
190,058	0,141	0,000	7,690E+0	2,400E+1	3,000E+3	2,988E+3
191,059	0,141	0,000	7,690E+0	2,400E+1	3,000E+3	3,003E+3
192,058	0,141	0,000	7,690E+0	2,400E+1	3,000E+3	3,005E+3
193,059	0,141	0,000	7,690E+0	2,400E+1	3,000E+3	3,004E+3
194,058	0,141	0,000	7,690E+0	2,400E+1	3,000E+3	3,002E+3
195,058	0,141	0,000	7,690E+0	2,400E+1	3,000E+3	3,005E+3
196,059	0,141	0,000	7,700E+0	2,400E+1	3,000E+3	2,997E+3
197,059	0,141	0,000	7,690E+0	2,400E+1	3,000E+3	3,000E+3
198,060	0,141	0,000	7,690E+0	2,400E+1	3,000E+3	3,002E+3
199,059	0,141	0,000	7,690E+0	2,400E+1	3,000E+3	2,989E+3
200,060	0,141	0,000	7,690E+0	2,400E+1	3,000E+3	3,008E+3
201,060	0,141	0,000	7,690E+0	2,400E+1	3,000E+3	3,002E+3
202,061	0,141	0,000	7,690E+0	2,400E+1	3,000E+3	2,994E+3
203,060	0,141	0,000	7,690E+0	2,400E+1	3,000E+3	3,001E+3
204,061	0,141	0,000	7,700E+0	2,400E+1	3,000E+3	2,997E+3
205,062	0,141	0,000	7,700E+0	2,400E+1	3,000E+3	3,005E+3
206,061	0,141	0,000	7,710E+0	2,400E+1	3,000E+3	3,000E+3
207,062	0,141	0,000	7,710E+0	2,400E+1	3,000E+3	3,005E+3
208,061	0,141	0,000	7,710E+0	2,400E+1	3,000E+3	2,991E+3
209,062	0,141	0,000	7,710E+0	2,400E+1	3,000E+3	2,992E+3
210,061	0,141	0,000	7,710E+0	2,400E+1	3,000E+3	3,006E+3
211,062	0,141	0,000	7,710E+0	2,400E+1	3,000E+3	2,994E+3
212,064	0,141	0,000	7,710E+0	2,400E+1	3,000E+3	3,006E+3
213,063	0,141	0,000	7,710E+0	2,400E+1	3,000E+3	3,004E+3
214,064	0,141	0,000	7,710E+0	2,400E+1	3,000E+3	3,007E+3
215,063	0,141	0,000	7,710E+0	2,400E+1	3,000E+3	2,993E+3
216,063	0,141	0,000	7,710E+0	2,400E+1	3,000E+3	2,998E+3
217,064	0,141	0,000	7,710E+0	2,400E+1	3,000E+3	2,999E+3
218,063	0,141	0,000	7,710E+0	2,400E+1	3,000E+3	2,988E+3
219,064	0,141	0,000	7,710E+0	2,400E+1	3,000E+3	3,002E+3
220,063	0,141	0,000	7,710E+0	2,400E+1	3,000E+3	2,995E+3
221,064	0,141	0,000	7,710E+0	2,400E+1	3,000E+3	3,002E+3
222,063	0,141	0,000	7,720E+0	2,400E+1	3,000E+3	2,997E+3
223,063	0,141	0,000	7,720E+0	2,400E+1	3,000E+3	2,994E+3
224,064	0,141	0,000	7,720E+0	2,400E+1	3,000E+3	2,997E+3
225,064	0,141	0,000	7,720E+0	2,400E+1	3,000E+3	2,994E+3
226,066	0,141	0,000	7,730E+0	2,400E+1	3,000E+3	2,990E+3
227,066	0,141	0,000	7,730E+0	2,400E+1	3,000E+3	3,002E+3
228,067	0,141	0,000	7,730E+0	2,400E+1	3,000E+3	2,994E+3
229,067	0,141	0,000	7,720E+0	2,400E+1	3,000E+3	2,991E+3
230,067	0,141	0,000	7,720E+0	2,400E+1	3,000E+3	2,992E+3
231,068	0,141	0,000	7,720E+0	2,400E+1	3,000E+3	3,003E+3
232,068	0,141	0,000	7,720E+0	2,400E+1	3,000E+3	2,997E+3
233,067	0,141	0,000	7,720E+0	2,400E+1	3,000E+3	2,986E+3
234,068	0,141	0,000	7,720E+0	2,400E+1	3,000E+3	3,000E+3
235,068	0,141	0,000	7,720E+0	2,400E+1	3,000E+3	3,000E+3
236,069	0,141	0,000	7,720E+0	2,400E+1	3,000E+3	2,991E+3
237,069	0,141	0,000	7,730E+0	2,400E+1	3,000E+3	2,994E+3
238,069	0,141	0,000	7,730E+0	2,400E+1	3,000E+3	2,992E+3
239,071	0,141	0,000	7,730E+0	2,400E+1	3,000E+3	3,001E+3
240,070	0,141	0,000	7,730E+0	2,400E+1	3,000E+3	3,000E+3
241,071	0,141	0,000	7,730E+0	2,400E+1	3,000E+3	2,996E+3
242,071	0,141	0,000	7,730E+0	2,400E+1	3,000E+3	2,999E+3
243,070	0,141	0,000	7,730E+0	2,400E+1	3,000E+3	2,979E+3
244,072	0,141	0,000	7,730E+0	2,400E+1	3,000E+3	3,004E+3
245,071	0,141	0,000	7,730E+0	2,400E+1	3,000E+3	3,001E+3
246,072	0,141	0,000	7,730E+0	2,400E+1	3,000E+3	2,997E+3
247,071	0,141	0,000	7,730E+0	2,400E+1	3,000E+3	3,004E+3
248,072	0,141	0,000	7,730E+0	2,400E+1	3,000E+3	2,993E+3
249,072	0,141	0,000	7,730E+0	2,400E+1	3,000E+3	3,006E+3
250,071	0,141	0,000	7,730E+0	2,400E+1	3,000E+3	3,012E+3
251,072	0,141	0,000	7,730E+0	2,400E+1	3,000E+3	3,000E+3
252,071	0,141	0,000	7,740E+0	2,400E+1	3,000E+3	3,000E+3
253,072	0,141	0,000	7,740E+0	2,400E+1	3,000E+3	2,992E+3
254,072	0,141	0,000	7,730E+0	2,400E+1	3,000E+3	2,998E+3
255,071	0,141	0,000	7,730E+0	2,400E+1	3,000E+3	3,003E+3
256,072	0,141	0,000	7,730E+0	2,400E+1	3,000E+3	3,000E+3
257,072	0,141	0,000	7,730E+0	2,400E+1	3,000E+3	2,998E+3
258,073	0,141	0,000	7,730E+0	2,400E+1	3,000E+3	2,998E+3
259,072	0,141	0,000	7,730E+0	2,400E+1	3,000E+3	2,991E+3
260,073	0,141	0,000	7,730E+0	2,400E+1	3,000E+3	3,000E+3
261,073	0,141	0,000	7,740E+0	2,400E+1	3,000E+3	2,999E+3
262,072	0,141	0,000	7,750E+0	2,400E+1	3,000E+3	2,989E+3
263,073	0,141	0,000	7,750E+0	2,400E+1	3,000E+3	2,998E+3
264,072	0,141	0,000	7,740E+0	2,400E+1	3,000E+3	2,995E+3
265,073	0,141	0,000	7,740E+0	2,400E+1	3,000E+3	2,995E+3
266,072	0,141	0,000	7,740E+0	2,400E+1	3,000E+3	3,007E+3
267,072	0,141	0,000	7,740E+0	2,400E+1	3,000E+3	3,005E+3
268,073	0,141	0,000	7,740E+0	2,400E+1	3,000E+3	2,995E+3
269,072	0,141	0,000	7,740E+0	2,400E+1	3,000E+3	3,007E+3
270,072	0,141	0,000	7,740E+0	2,400E+1	3,000E+3	2,985E+3
271,073	0,141	0,000	7,740E+0	2,400E+1	3,000E+3	2,998E+3
272,072	0,141	0,000	7,740E+0	2,400E+1	3,000E+3	3,002E+3
273,073	0,141	0,000	7,740E+0	2,400E+1	3,000E+3	2,998E+3
274,072	0,141	0,000	7,740E+0	2,400E+1	3,000E+3	2,991E+3
275,073	0,141	0,000	7,740E+0	2,400E+1	3,000E+3	2,987E+3
276,073	0,141	0,000	7,750E+0	2,400E+1	3,000E+3	2,992E+3
277,072	0,141	0,000	7,750E+0	2,400E+1	3,000E+3	2,988E+3
278,073	0,141	0,000	7,750E+0	2,400E+1	3,000E+3	2,983E+3
279,072	0,141	0,000	7,750E+0	2,400E+1	3,000E+3	3,003E+3
280,073	0,141	0,000	7,750E+0	2,400E+1	3,000E+3	2,998E+3
281,072	0,141	0,000	7,760E+0	2,400E+1	3,000E+3	3,003E+3
282,073	0,141	0,000	7,750E+0	2,400E+1	3,000E+3	3,001E+3
283,073	0,141	0,000	7,750E+0	2,400E+1	3,000E+3	3,003E+3
284,072	0,141	0,000	7,750E+0	2,400E+1	3,000E+3	3,009E+3
285,074	0,141	0,000	7,750E+0	2,400E+1	3,000E+3	3,003E+3
286,073	0,141	0,000	7,750E+0	2,400E+1	3,000E+3	3,000E+3
287,075	0,141	0,000	7,740E+0	2,400E+1	3,000E+3	3,002E+3
288,075	0,141	0,000	7,740E+0	2,400E+1	3,000E+3	2,998E+3
289,077	0,141	0,000	7,740E+0	2,400E+1	3,000E+3	3,003E+3
290,077	0,141	0,000	7,750E+0	2,400E+1	3,000E+3	3,011E+3
291,076	0,141	0,000	7,750E+0	2,400E+1	3,000E+3	2,997E+3
292,077	0,141	0,000	7,750E+0	2,400E+1	3,000E+3	3,010E+3
293,076	0,141	0,000	7,750E+0	2,400E+1	3,000E+3	3,001E+3
294,077	0,141	0,000	7,750E+0	2,400E+1	3,000E+3	2,999E+3
295,077	0,141	0,000	7,750E+0	2,400E+1	3,000E+3	3,006E+3
296,078	0,141	0,000	7,750E+0	2,400E+1	3,000E+3	3,000E+3
297,078	0,141	0,000	7,750E+0	2,400E+1	3,000E+3	3,006E+3
298,079	0,141	0,000	7,760E+0	2,400E+1	3,000E+3	2,999E+3
299,079	0,141	0,000	7,760E+0	2,400E+1	3,000E+3	2,997E+3
300,078	0,141	0,000	7,760E+0	2,400E+1	3,000E+3	3,001E+3
301,080	0,141	0,000	7,760E+0	2,400E+1	3,000E+3	3,000E+3
302,080	0,141	0,000	7,760E+0	2,400E+1	3,000E+3	2,998E+3
303,081	0,141	0,000	7,750E+0	2,400E+1	3,000E+3	3,003E+3
304,080	0,141	0,000	7,760E+0	2,400E+1	3,000E+3	3,005E+3
305,081	0,141	0,000	7,760E+0	2,400E+1	3,000E+3	2,995E+3
306,081	0,141	0,000	7,750E+0	2,400E+1	3,000E+3	3,006E+3
307,080	0,141	0,000	7,760E+0	2,400E+1	3,000E+3	2,999E+3
308,081	0,141	0,000	7,760E+0	2,400E+1	3,000E+3	2,994E+3
309,080	0,141	0,000	7,760E+0	2,400E+1	3,000E+3	2,998E+3
310,081	0,141	0,000	7,760E+0	2,400E+1	3,000E+3	2,989E+3
311,080	0,141	0,000	7,760E+0	2,400E+1	3,000E+3	3,014E+3
312,081	0,141	0,000	7,760E+0	2,400E+1	3,000E+3	3,002E+3
313,082	0,141	0,000	7,760E+0	2,400E+1	3,000E+3	3,001E+3
314,081	0,141	0,000	7,760E+0	2,400E+1	3,000E+3	3,001E+3
315,082	0,141	0,000	7,760E+0	2,400E+1	3,000E+3	2,990E+3
316,081	0,141	0,000	7,760E+0	2,400E+1	3,000E+3	3,000E+3
317,082	0,141	0,000	7,760E+0	2,400E+1	3,000E+3	3,004E+3
318,081	0,141	0,000	7,760E+0	2,400E+1	3,000E+3	2,995E+3
319,081	0,141	0,000	7,760E+0	2,400E+1	3,000E+3	2,995E+3
320,082	0,141	0,000	7,760E+0	2,400E+1	3,000E+3	2,987E+3
321,081	0,141	0,000	7,760E+0	2,400E+1	3,000E+3	3,006E+3
322,083	0,141	0,000	7,770E+0	2,400E+1	3,000E+3	3,007E+3
323,082	0,141	0,000	7,770E+0	2,400E+1	3,000E+3	3,005E+3
324,083	0,141	0,000	7,760E+0	2,400E+1	3,000E+3	3,014E+3
325,082	0,141	0,000	7,760E+0	2,400E+1	3,000E+3	3,000E+3
326,083	0,141	0,000	7,760E+0	2,400E+1	3,000E+3	2,994E+3
327,084	0,141	0,000	7,760E+0	2,400E+1	3,000E+3	2,992E+3
328,085	0,141	0,000	7,760E+0	2,400E+1	3,000E+3	3,010E+3
329,084	0,141	0,000	7,760E+0	2,400E+1	3,000E+3	2,998E+3
330,085	0,141	0,000	7,760E+0	2,400E+1	3,000E+3	2,988E+3
331,084	0,141	0,000	7,760E+0	2,400E+1	3,000E+3	3,004E+3
332,085	0,141	0,000	7,760E+0	2,400E+1	3,000E+3	3,000E+3
333,084	0,141	0,000	7,760E+0	2,400E+1	3,000E+3	2,988E+3
334,084	0,141	0,000	7,760E+0	2,400E+1	3,000E+3	2,996E+3
335,085	0,141	0,000	7,760E+0	2,400E+1	3,000E+3	2,998E+3
336,084	0,141	0,000	7,770E+0	2,400E+1	3,000E+3	2,998E+3
337,085	0,142	0,000	7,770E+0	2,400E+1	3,000E+3	3,000E+3
338,084	0,142	0,100	7,770E+0	2,400E+1	3,000E+3	2,990E+3
339,085	0,141	0,100	7,770E+0	2,400E+1	3,000E+3	3,094E+3
340,085	0,100	0,100	7,770E+0	2,400E+1	3,000E+3	2,983E+3
341,085	0,100	0,100	5,570E+0	2,400E+1	3,000E+3	3,004E+3
342,086	0,100	0,100	5,560E+0	2,400E+1	3,000E+3	3,001E+3
343,085	0,100	0,100	5,560E+0	2,400E+1	3,000E+3	2,999E+3
344,086	0,100	0,050	5,560E+0	2,400E+1	3,000E+3	3,078E+3
345,086	0,050	0,050	2,920E+0	2,400E+1	3,000E+3	3,022E+3
346,087	0,016	0,000	2,920E+0	2,400E+1	3,000E+3	2,993E+3
347,088	0,016	0,000	3,000E-1	2,400E+1	3,000E+3	3,031E+3
348,087	0,000	0,000	3,000E-1	2,400E+1	3,000E+3	3,012E+3
349,089	0,000	0,000	3,000E-1	2,400E+1	0,000E+0	2,880E+3
350,088	0,000	0,000	3,000E-1	2,400E+1	0,000E+0	2,391E+3
351,089	0,000	0,000	3,000E-1	2,400E+1	0,000E+0	1,908E+3
352,088	0,000	0,000	3,000E-1	2,400E+1	0,000E+0	1,700E+3
