0,000000	0,000000	0,000000	5,583364E+0
0,062213	0,000000	0,000000	5,583364E+0
0,062213	0,000000	0,000000	5,583364E+0
0,062213	0,000000	0,000000	5,583364E+0
0,062213	0,000000	0,000000	5,583364E+0
0,062213	0,000000	0,000000	5,583364E+0
0,062213	0,000000	0,000000	5,583364E+0
0,062213	0,000000	0,000000	5,583364E+0
0,062213	0,000000	0,000000	5,583364E+0
0,062213	0,000000	0,000000	5,583364E+0
0,062213	0,000000	0,000000	5,583364E+0
1,062160	0,000000	0,000000	5,583364E+0
1,062160	0,000000	0,000000	0,000000E+0
1,062160	0,000000	0,000000	0,000000E+0
1,062160	0,000000	0,000000	0,000000E+0
1,062160	0,000000	0,000000	0,000000E+0
1,062160	0,000000	0,000000	0,000000E+0
1,062160	0,000000	0,000000	0,000000E+0
1,062160	0,000000	0,000000	0,000000E+0
1,062160	0,000000	0,000000	0,000000E+0
1,062160	0,000000	0,000000	0,000000E+0
2,063589	0,000000	0,000000	0,000000E+0
2,063589	0,000000	0,000000	0,000000E+0
2,063589	0,000000	0,000000	0,000000E+0
2,063589	0,000000	0,000000	0,000000E+0
2,063589	0,000000	0,000000	0,000000E+0
2,063589	0,000000	0,000000	0,000000E+0
2,063589	0,000000	0,000000	0,000000E+0
2,063589	0,000000	0,000000	0,000000E+0
2,063589	0,000000	0,000000	0,000000E+0
2,063589	0,000000	0,000000	0,000000E+0
3,062725	0,000000	0,000000	0,000000E+0
3,062725	0,000000	0,000000	0,000000E+0
3,062725	0,000000	0,000000	0,000000E+0
3,062725	0,000000	0,000000	0,000000E+0
3,062725	0,000000	0,000000	0,000000E+0
3,062725	0,000000	0,000000	0,000000E+0
3,062725	0,000000	0,000000	0,000000E+0
3,062725	0,000000	0,000000	0,000000E+0
3,062725	0,000000	0,000000	0,000000E+0
3,062725	0,000000	0,000000	0,000000E+0
4,064027	0,000000	0,000000	0,000000E+0
4,064027	0,000000	0,000000	0,000000E+0
4,064027	0,000000	0,000000	0,000000E+0
4,064027	0,000000	0,000000	0,000000E+0
4,064027	0,000000	0,000000	0,000000E+0
4,064027	0,000000	0,000000	0,000000E+0
4,064027	0,000000	0,000000	0,000000E+0
4,064027	0,000000	0,000000	0,000000E+0
4,064027	0,000000	0,000000	0,000000E+0
4,064027	0,000000	0,000000	0,000000E+0
5,065419	0,000000	0,000000	0,000000E+0
5,065419	0,000000	0,000000	0,000000E+0
5,065419	0,000000	0,000000	0,000000E+0
5,065419	0,000000	0,000000	0,000000E+0
5,065419	0,000000	0,000000	0,000000E+0
5,065419	0,000000	0,000000	0,000000E+0
5,065419	0,000000	0,000000	0,000000E+0
5,065419	0,000000	0,000000	0,000000E+0
5,065419	0,000000	0,000000	0,000000E+0
5,065419	0,000000	0,000000	0,000000E+0
6,065837	0,000000	0,000000	0,000000E+0
6,065837	0,000000	0,000000	0,000000E+0
6,065837	0,000000	0,000000	0,000000E+0
6,065837	0,000000	0,000000	0,000000E+0
6,065837	0,000000	0,000000	0,000000E+0
6,065837	0,000000	0,000000	0,000000E+0
6,065837	0,000000	0,000000	0,000000E+0
6,065837	0,000000	0,000000	0,000000E+0
6,065837	0,000000	0,000000	0,000000E+0
6,065837	0,000000	0,000000	0,000000E+0
7,066263	0,000000	0,000000	0,000000E+0
7,066263	0,000000	0,000000	0,000000E+0
7,066263	0,000000	0,000000	0,000000E+0
7,066263	0,000000	0,000000	0,000000E+0
7,066263	0,000000	0,000000	0,000000E+0
7,066263	0,000000	0,000000	0,000000E+0
7,066263	0,000000	0,000000	0,000000E+0
7,066263	0,000000	0,000000	0,000000E+0
7,066263	0,000000	0,000000	0,000000E+0
7,066263	0,000000	0,000000	0,000000E+0
8,065680	0,000000	0,000000	0,000000E+0
8,065680	0,000000	0,000000	0,000000E+0
8,065680	0,000000	0,000000	0,000000E+0
8,065680	0,000000	0,000000	0,000000E+0
8,065680	0,000000	0,000000	0,000000E+0
8,065680	0,000000	0,000000	0,000000E+0
8,065680	0,000000	0,000000	0,000000E+0
8,065680	0,000000	0,000000	0,000000E+0
8,065680	0,000000	0,000000	0,000000E+0
8,065680	0,000000	0,000000	0,000000E+0
9,066110	0,000000	0,000000	0,000000E+0
9,066110	0,000000	0,000000	0,000000E+0
9,066110	0,000000	0,000000	0,000000E+0
9,066110	0,000000	0,000000	0,000000E+0
9,066110	0,000000	0,000000	0,000000E+0
9,066110	0,000000	0,000000	0,000000E+0
9,066110	0,000000	0,000000	0,000000E+0
9,066110	0,000000	0,000000	0,000000E+0
9,066110	0,000000	0,000000	0,000000E+0
9,066110	0,000000	0,000000	0,000000E+0
10,066529	0,000000	0,000000	0,000000E+0
10,066529	0,000000	0,000000	0,000000E+0
10,066529	0,000000	0,000000	0,000000E+0
10,066529	0,000000	0,000000	0,000000E+0
10,066529	0,000000	0,000000	0,000000E+0
10,066529	0,000000	0,000000	0,000000E+0
10,066529	0,000000	0,000000	0,000000E+0
10,066529	0,000000	0,000000	0,000000E+0
10,066529	0,000000	0,000000	0,000000E+0
10,066529	0,000000	0,000000	0,000000E+0
11,065957	0,000000	0,000000	0,000000E+0
11,065957	0,000000	0,000000	0,000000E+0
11,065957	0,000000	0,000000	0,000000E+0
11,065957	0,000000	0,000000	0,000000E+0
11,065957	0,000000	0,000000	0,000000E+0
11,065957	0,000000	0,000000	0,000000E+0
11,065957	0,000000	0,000000	0,000000E+0
11,065957	0,000000	0,000000	0,000000E+0
11,065957	0,000000	0,000000	0,000000E+0
11,065957	0,000000	0,000000	0,000000E+0
12,066367	0,000000	0,000000	0,000000E+0
12,066367	0,000000	0,000000	0,000000E+0
12,066367	0,000000	0,000000	0,000000E+0
12,066367	0,000000	0,000000	0,000000E+0
12,066367	0,000000	0,000000	0,000000E+0
12,066367	0,000000	0,000000	0,000000E+0
12,066367	0,000000	0,000000	0,000000E+0
12,066367	0,000000	0,000000	0,000000E+0
12,066367	0,000000	0,000000	0,000000E+0
12,066367	0,000000	0,000000	0,000000E+0
13,065797	0,000000	0,000000	0,000000E+0
13,065797	0,000000	0,000000	0,000000E+0
13,065797	0,000000	0,000000	0,000000E+0
13,065797	0,000000	0,000000	0,000000E+0
13,065797	0,000000	0,000000	0,000000E+0
13,065797	0,000000	0,000000	0,000000E+0
13,065797	0,000000	0,000000	0,000000E+0
13,065797	0,000000	0,000000	0,000000E+0
13,065797	0,000000	0,000000	0,000000E+0
13,065797	0,000000	0,000000	0,000000E+0
14,067223	0,000000	0,000000	0,000000E+0
14,067223	0,000000	0,000000	0,000000E+0
14,067223	0,000000	0,000000	0,000000E+0
14,067223	0,000000	0,000000	0,000000E+0
14,067223	0,000000	0,000000	0,000000E+0
14,067223	0,000000	0,000000	0,000000E+0
14,067223	0,000000	0,000000	0,000000E+0
14,067223	0,000000	0,000000	0,000000E+0
14,067223	0,000000	0,000000	0,000000E+0
14,067223	0,000000	0,000000	0,000000E+0
15,066650	0,000000	0,000000	0,000000E+0
15,066650	0,000000	0,000000	0,000000E+0
15,066650	0,000000	0,000000	0,000000E+0
15,066650	0,000000	0,000000	0,000000E+0
15,066650	0,000000	0,000000	0,000000E+0
15,066650	0,000000	0,000000	0,000000E+0
15,066650	0,000000	0,000000	0,000000E+0
15,066650	0,000000	0,000000	0,000000E+0
15,066650	0,000000	0,000000	0,000000E+0
15,066650	0,000000	0,000000	0,000000E+0
16,067079	0,000000	0,000000	0,000000E+0
16,067079	0,000000	0,000000	0,000000E+0
16,067079	0,000000	0,000000	0,000000E+0
16,067079	0,000000	0,000000	0,000000E+0
16,067079	0,000000	0,000000	0,000000E+0
16,067079	0,000000	0,000000	0,000000E+0
16,067079	0,000000	0,000000	0,000000E+0
16,067079	0,000000	0,000000	0,000000E+0
16,067079	0,000000	0,000000	0,000000E+0
16,067079	0,000000	0,000000	0,000000E+0
17,067496	0,000000	0,000000	0,000000E+0
17,067496	0,000000	0,000000	0,000000E+0
17,067496	0,000000	0,000000	0,000000E+0
17,067496	0,000000	0,000000	0,000000E+0
17,067496	0,000000	0,000000	0,000000E+0
17,067496	0,000000	0,000000	0,000000E+0
17,067496	0,000000	0,000000	0,000000E+0
17,067496	0,000000	0,000000	0,000000E+0
17,067496	0,000000	0,000000	0,000000E+0
17,067496	0,000000	0,000000	0,000000E+0
18,066913	0,000000	0,000000	0,000000E+0
18,066913	0,000000	0,000000	0,000000E+0
18,066913	0,000000	0,000000	0,000000E+0
18,066913	0,000000	0,000000	0,000000E+0
18,066913	0,000000	0,000000	0,000000E+0
18,066913	0,000000	0,000000	0,000000E+0
18,066913	0,000000	0,000000	0,000000E+0
18,066913	0,000000	0,000000	0,000000E+0
18,066913	0,000000	0,000000	0,000000E+0
18,066913	0,000000	0,000000	0,000000E+0
19,067355	0,000000	0,000000	0,000000E+0
19,067355	0,000000	0,000000	0,000000E+0
19,067355	0,000000	0,000000	0,000000E+0
19,067355	0,000000	0,000000	0,000000E+0
19,067355	0,000000	0,000000	0,000000E+0
19,067355	0,000000	0,000000	0,000000E+0
19,067355	0,000000	0,000000	0,000000E+0
19,067355	0,000000	0,000000	0,000000E+0
19,067355	0,000000	0,000000	0,000000E+0
19,067355	0,000000	0,000000	0,000000E+0
20,066760	0,000000	0,000000	0,000000E+0
20,066760	0,000000	0,000000	0,000000E+0
20,066760	0,000000	0,000000	0,000000E+0
20,066760	0,000000	0,000000	0,000000E+0
20,066760	0,000000	0,000000	0,000000E+0
20,066760	0,000000	0,000000	0,000000E+0
20,066760	0,000000	0,000000	0,000000E+0
20,066760	0,000000	0,000000	0,000000E+0
20,066760	0,000000	0,000000	0,000000E+0
20,066760	0,000000	0,000000	0,000000E+0
21,067194	0,000000	0,000000	0,000000E+0
21,067194	0,000000	0,000000	0,000000E+0
21,067194	0,000000	0,000000	0,000000E+0
21,067194	0,000000	0,000000	0,000000E+0
21,067194	0,000000	0,000000	0,000000E+0
21,067194	0,000000	0,000000	0,000000E+0
21,067194	0,000000	0,000000	0,000000E+0
21,067194	0,000000	0,000000	0,000000E+0
21,067194	0,000000	0,000000	0,000000E+0
21,067194	0,000000	0,000000	0,000000E+0
22,068613	0,000000	0,000000	0,000000E+0
22,068613	0,000000	0,000000	0,000000E+0
22,068613	0,000000	0,000000	0,000000E+0
22,068613	0,000000	0,000000	0,000000E+0
22,068613	0,000000	0,000000	0,000000E+0
22,068613	0,000000	0,000000	0,000000E+0
22,068613	0,000000	0,000000	0,000000E+0
22,068613	0,000000	0,000000	0,000000E+0
22,068613	0,000000	0,000000	0,000000E+0
22,068613	0,000000	0,000000	0,000000E+0
23,068036	0,000000	0,000000	0,000000E+0
23,068036	0,000000	0,000000	0,000000E+0
23,068036	0,000000	0,000000	0,000000E+0
23,068036	0,000000	0,000000	0,000000E+0
23,068036	0,000000	0,000000	0,000000E+0
23,068036	0,000000	0,000000	0,000000E+0
23,068036	0,000000	0,000000	0,000000E+0
23,068036	0,000000	0,000000	0,000000E+0
23,068036	0,000000	0,000000	0,000000E+0
23,068036	0,000000	0,000000	0,000000E+0
24,068461	0,000000	0,000000	0,000000E+0
24,068461	0,000000	0,000000	0,000000E+0
24,068461	0,000000	0,000000	0,000000E+0
24,068461	0,000000	0,000000	0,000000E+0
24,068461	0,000000	0,000000	0,000000E+0
24,068461	0,000000	0,000000	0,000000E+0
24,068461	0,000000	0,000000	0,000000E+0
24,068461	0,000000	0,000000	0,000000E+0
24,068461	0,000000	0,000000	0,000000E+0
24,068461	0,000000	0,000000	0,000000E+0
25,067882	0,000000	0,000000	0,000000E+0
25,067882	0,000000	0,000000	0,000000E+0
25,067882	0,000000	0,000000	0,000000E+0
25,067882	0,000000	0,000000	0,000000E+0
25,067882	0,000000	0,000000	0,000000E+0
25,067882	0,000000	0,000000	0,000000E+0
25,067882	0,000000	0,000000	0,000000E+0
25,067882	0,000000	0,000000	0,000000E+0
25,067882	0,000000	0,000000	0,000000E+0
25,067882	0,000000	0,000000	0,000000E+0
26,068325	0,000000	0,000000	0,000000E+0
26,068325	0,000000	0,000000	0,000000E+0
26,068325	0,000000	0,000000	0,000000E+0
26,068325	0,000000	0,000000	0,000000E+0
26,068325	0,000000	0,000000	0,000000E+0
26,068325	0,000000	0,000000	0,000000E+0
26,068325	0,000000	0,000000	0,000000E+0
26,068325	0,000000	0,000000	0,000000E+0
26,068325	0,000000	0,000000	0,000000E+0
26,068325	0,000000	0,000000	0,000000E+0
27,067731	0,000000	0,000000	0,000000E+0
27,067731	0,000000	0,000000	0,000000E+0
27,067731	0,000000	0,000000	0,000000E+0
27,067731	0,000000	0,000000	0,000000E+0
27,067731	0,000000	0,000000	0,000000E+0
27,067731	0,000000	0,000000	0,000000E+0
27,067731	0,000000	0,000000	0,000000E+0
27,067731	0,000000	0,000000	0,000000E+0
27,067731	0,000000	0,000000	0,000000E+0
27,067731	0,000000	0,000000	0,000000E+0
28,068148	0,000000	0,000000	0,000000E+0
28,068148	0,000000	0,000000	0,000000E+0
28,068148	0,000000	0,000000	0,000000E+0
28,068148	0,000000	0,000000	0,000000E+0
28,068148	0,000000	0,000000	0,000000E+0
28,068148	0,000000	0,000000	0,000000E+0
28,068148	0,000000	0,000000	0,000000E+0
28,068148	0,000000	0,000000	0,000000E+0
28,068148	0,000000	0,000000	0,000000E+0
28,068148	0,000000	0,000000	0,000000E+0
29,068569	0,000000	0,000000	0,000000E+0
29,068569	0,000000	0,000000	0,000000E+0
29,068569	0,000000	0,000000	0,000000E+0
29,068569	0,000000	0,000000	0,000000E+0
29,068569	0,000000	0,000000	0,000000E+0
29,068569	0,000000	0,000000	0,000000E+0
29,068569	0,000000	0,000000	0,000000E+0
29,068569	0,000000	0,000000	0,000000E+0
29,068569	0,000000	0,000000	0,000000E+0
29,068569	0,000000	0,000000	0,000000E+0
30,067994	0,000000	0,000000	0,000000E+0
30,067994	0,000000	0,000000	0,000000E+0
30,067994	0,000000	0,000000	0,000000E+0
30,067994	0,000000	0,000000	0,000000E+0
30,067994	0,000000	0,000000	0,000000E+0
30,067994	0,000000	0,000000	0,000000E+0
30,067994	0,000000	0,000000	0,000000E+0
30,067994	0,000000	0,000000	0,000000E+0
30,067994	0,000000	0,000000	0,000000E+0
30,067994	0,000000	0,000000	0,000000E+0
31,068415	0,000000	0,000000	0,000000E+0
31,068415	0,000000	0,000000	0,000000E+0
31,068415	0,000000	0,000000	0,000000E+0
31,068415	0,000000	0,000000	0,000000E+0
31,068415	0,000000	0,000000	0,000000E+0
31,068415	0,000000	0,000000	0,000000E+0
31,068415	0,000000	0,000000	0,000000E+0
31,068415	0,000000	0,000000	0,000000E+0
31,068415	0,000000	0,000000	0,000000E+0
31,068415	0,000000	0,000000	0,000000E+0
32,067840	0,000000	0,000000	0,000000E+0
32,067840	0,000000	0,000000	0,000000E+0
32,067840	0,000000	0,000000	0,000000E+0
32,067840	0,000000	0,000000	0,000000E+0
32,067840	0,000000	0,000000	0,000000E+0
32,067840	0,000000	0,000000	0,000000E+0
32,067840	0,000000	0,000000	0,000000E+0
32,067840	0,000000	0,000000	0,000000E+0
32,067840	3,300000	0,000000	0,000000E+0
32,067840	3,300000	0,000000	0,000000E+0
33,068265	3,300000	0,000000	0,000000E+0
33,068265	3,300000	0,000000	0,000000E+0
33,068265	3,300000	0,000000	0,000000E+0
33,068265	3,300000	0,000000	0,000000E+0
33,068265	3,300000	0,000000	0,000000E+0
33,068265	3,300000	0,000000	0,000000E+0
33,068265	90,799995	0,000000	0,000000E+0
33,068265	90,799995	0,000000	0,000000E+0
33,068265	90,799995	0,000000	0,000000E+0
33,068265	90,799995	0,000000	0,000000E+0
34,067699	90,799995	0,000000	0,000000E+0
34,067699	90,799995	0,000000	0,000000E+0
34,067699	90,799995	0,000000	0,000000E+0
34,067699	90,799995	0,000000	0,000000E+0
34,067699	90,799995	0,000000	0,000000E+0
34,067699	90,799995	0,000000	0,000000E+0
34,067699	90,799995	0,000000	0,000000E+0
34,067699	90,799995	0,000000	0,000000E+0
34,067699	24,000000	0,000000	0,000000E+0
34,067699	24,000000	0,000000	0,000000E+0
35,068120	24,000000	0,000000	0,000000E+0
35,068120	24,000000	0,000000	0,000000E+0
35,068120	24,000000	0,000000	0,000000E+0
35,068120	24,000000	0,000000	0,000000E+0
35,068120	24,000000	0,000000	0,000000E+0
35,068120	24,000000	0,000000	0,000000E+0
35,068120	24,000000	0,000000	0,000000E+0
35,068120	24,000000	0,000000	0,000000E+0
35,068120	24,000000	0,000000	0,000000E+0
35,068120	24,000000	0,000000	0,000000E+0
36,068537	102,500000	0,000000	0,000000E+0
36,068537	102,500000	0,000000	0,000000E+0
36,068537	102,500000	0,000000	0,000000E+0
36,068537	102,500000	0,000000	0,000000E+0
36,068537	102,500000	0,000000	0,000000E+0
36,068537	102,500000	0,000000	0,000000E+0
36,068537	102,500000	0,000000	0,000000E+0
36,068537	102,500000	0,000000	0,000000E+0
36,068537	102,500000	0,000000	0,000000E+0
36,068537	102,500000	0,000000	0,000000E+0
37,067959	102,500000	0,000000	0,000000E+0
37,067959	102,500000	0,000000	0,000000E+0
37,067959	20,400000	0,000000	0,000000E+0
37,067959	20,400000	0,000000	0,000000E+0
37,067959	20,400000	0,000000	0,000000E+0
37,067959	20,400000	0,000000	0,000000E+0
37,067959	20,400000	0,000000	0,000000E+0
37,067959	20,400000	0,000000	0,000000E+0
37,067959	20,400000	0,000000	0,000000E+0
37,067959	20,400000	0,000000	0,000000E+0
38,068388	20,400000	0,000000	0,000000E+0
38,068388	20,400000	0,000000	0,000000E+0
38,068388	23,000000	0,000000	0,000000E+0
38,068388	23,000000	0,000000	0,000000E+0
38,068388	23,000000	0,000000	0,000000E+0
38,068388	23,000000	0,000000	0,000000E+0
38,068388	23,000000	0,000000	0,000000E+0
38,068388	23,000000	0,000000	0,000000E+0
38,068388	23,000000	0,000000	0,000000E+0
38,068388	23,000000	0,000000	0,000000E+0
39,067810	23,000000	0,000000	0,000000E+0
39,067810	23,000000	0,000000	0,000000E+0
39,067810	36,699997	0,000000	0,000000E+0
39,067810	36,699997	0,000000	0,000000E+0
39,067810	36,699997	0,000000	0,000000E+0
39,067810	36,699997	0,000000	0,000000E+0
39,067810	36,699997	0,000000	0,000000E+0
39,067810	36,699997	0,000000	0,000000E+0
39,067810	36,699997	0,000000	0,000000E+0
39,067810	36,699997	0,000000	0,000000E+0
40,069236	36,699997	0,000000	0,000000E+0
40,069236	36,699997	0,000000	0,000000E+0
40,069236	36,699997	0,000000	0,000000E+0
40,069236	31,799999	0,000000	0,000000E+0
40,069236	31,799999	0,000000	0,000000E+0
40,069236	31,799999	0,000000	0,000000E+0
40,069236	31,799999	0,000000	0,000000E+0
40,069236	31,799999	0,000000	0,000000E+0
40,069236	31,799999	0,000000	0,000000E+0
40,069236	31,799999	0,000000	0,000000E+0
41,068661	31,799999	0,000000	0,000000E+0
41,068661	31,799999	0,000000	0,000000E+0
41,068661	31,799999	0,000000	0,000000E+0
41,068661	31,799999	0,000000	0,000000E+0
41,068661	29,100000	0,000000	0,000000E+0
41,068661	29,100000	0,000000	0,000000E+0
41,068661	29,100000	0,000000	0,000000E+0
41,068661	29,100000	0,000000	0,000000E+0
41,068661	29,100000	0,000000	0,000000E+0
41,068661	29,100000	0,000000	0,000000E+0
42,069083	29,100000	0,000000	0,000000E+0
42,069083	29,100000	0,000000	0,000000E+0
42,069083	29,100000	0,000000	0,000000E+0
42,069083	29,100000	0,000000	0,000000E+0
42,069083	29,100000	0,000000	0,000000E+0
42,069083	29,100000	0,000000	0,000000E+0
42,069083	29,100000	0,000000	0,000000E+0
42,069083	29,100000	0,000000	0,000000E+0
42,069083	29,100000	0,000000	0,000000E+0
42,069083	29,100000	0,000000	0,000000E+0
43,069509	29,100000	0,000000	0,000000E+0
43,069509	30,000000	0,000000	0,000000E+0
43,069509	30,000000	0,000000	0,000000E+0
43,069509	30,000000	0,000000	0,000000E+0
43,069509	30,000000	0,000000	0,000000E+0
43,069509	30,000000	0,000000	0,000000E+0
43,069509	30,000000	0,000000	0,000000E+0
43,069509	30,000000	0,000000	0,000000E+0
43,069509	30,000000	0,000000	0,000000E+0
43,069509	30,000000	0,000000	0,000000E+0
44,068941	30,000000	0,000000	0,000000E+0
44,068941	30,000000	0,000000	0,000000E+0
44,068941	30,200001	0,000000	0,000000E+0
44,068941	30,200001	0,000000	0,000000E+0
44,068941	30,200001	0,000000	0,000000E+0
44,068941	30,200001	0,000000	0,000000E+0
44,068941	30,200001	0,000000	0,000000E+0
44,068941	30,200001	0,000000	0,000000E+0
44,068941	30,200001	0,000000	0,000000E+0
44,068941	30,200001	0,000000	0,000000E+0
45,069368	30,200001	0,000000	0,000000E+0
45,069368	30,200001	0,000000	0,000000E+0
45,069368	30,299999	0,000000	0,000000E+0
45,069368	30,299999	0,000000	0,000000E+0
45,069368	30,299999	0,000000	0,000000E+0
45,069368	30,299999	0,000000	0,000000E+0
45,069368	30,299999	0,000000	0,000000E+0
45,069368	30,299999	0,000000	0,000000E+0
45,069368	30,299999	0,000000	0,000000E+0
45,069368	30,299999	0,000000	0,000000E+0
46,068796	30,299999	0,000000	0,000000E+0
46,068796	29,799999	0,000000	0,000000E+0
46,068796	29,799999	0,000000	0,000000E+0
46,068796	29,799999	0,000000	0,000000E+0
46,068796	29,799999	0,000000	0,000000E+0
46,068796	29,799999	0,000000	0,000000E+0
46,068796	29,799999	0,000000	0,000000E+0
46,068796	29,799999	0,000000	0,000000E+0
46,068796	29,799999	0,000000	0,000000E+0
46,068796	29,799999	0,000000	0,000000E+0
47,069197	29,799999	0,000000	0,000000E+0
47,069197	29,799999	0,000000	0,000000E+0
47,069197	29,799999	0,000000	0,000000E+0
47,069197	30,100000	0,000000	0,000000E+0
47,069197	30,100000	0,000000	0,000000E+0
47,069197	30,100000	0,000000	0,000000E+0
47,069197	30,100000	0,000000	0,000000E+0
47,069197	30,100000	0,000000	0,000000E+0
47,069197	30,100000	0,000000	0,000000E+0
47,069197	30,100000	0,000000	0,000000E+0
48,069623	30,100000	0,000000	0,000000E+0
48,069623	30,100000	0,000000	0,000000E+0
48,069623	30,100000	0,000000	0,000000E+0
48,069623	30,100000	0,000000	0,000000E+0
48,069623	30,100000	0,000000	0,000000E+0
48,069623	30,100000	0,000000	0,000000E+0
48,069623	30,100000	0,000000	0,000000E+0
48,069623	30,100000	0,000000	0,000000E+0
48,069623	30,100000	0,000000	0,000000E+0
48,069623	30,100000	0,000000	0,000000E+0
49,069045	30,100000	0,000000	0,000000E+0
49,069045	29,799999	0,000000	0,000000E+0
49,069045	29,799999	0,000000	0,000000E+0
49,069045	29,799999	0,000000	0,000000E+0
49,069045	29,799999	0,000000	0,000000E+0
49,069045	29,799999	0,000000	0,000000E+0
49,069045	29,799999	0,000000	0,000000E+0
49,069045	29,799999	0,000000	0,000000E+0
49,069045	29,799999	0,000000	0,000000E+0
49,069045	29,799999	0,000000	0,000000E+0
50,069493	29,799999	0,000000	0,000000E+0
50,069493	30,200001	0,000000	0,000000E+0
50,069493	30,200001	0,000000	0,000000E+0
50,069493	30,200001	0,000000	0,000000E+0
50,069493	30,200001	0,000000	0,000000E+0
50,069493	30,200001	0,000000	0,000000E+0
50,069493	30,200001	0,000000	0,000000E+0
50,069493	30,200001	0,000000	0,000000E+0
50,069493	30,200001	0,000000	0,000000E+0
50,069493	30,200001	0,000000	0,000000E+0
51,068891	30,200001	0,000000	0,000000E+0
51,068891	29,700001	0,000000	0,000000E+0
51,068891	29,700001	0,000000	0,000000E+0
51,068891	29,700001	0,000000	0,000000E+0
51,068891	29,700001	0,000000	0,000000E+0
51,068891	29,700001	0,000000	0,000000E+0
51,068891	29,700001	0,000000	0,000000E+0
51,068891	29,700001	0,000000	0,000000E+0
51,068891	29,700001	0,000000	0,000000E+0
51,068891	29,700001	0,000000	0,000000E+0
52,069318	29,700001	0,000000	0,000000E+0
52,069318	29,400000	0,000000	0,000000E+0
52,069318	29,400000	0,000000	0,000000E+0
52,069318	29,400000	0,000000	0,000000E+0
52,069318	29,400000	0,000000	0,000000E+0
52,069318	29,400000	0,000000	0,000000E+0
52,069318	29,400000	0,000000	0,000000E+0
52,069318	29,400000	0,000000	0,000000E+0
52,069318	29,400000	0,000000	0,000000E+0
52,069318	29,400000	0,000000	0,000000E+0
53,068755	29,400000	0,000000	0,000000E+0
53,068755	29,400000	0,000000	0,000000E+0
53,068755	29,400000	0,000000	0,000000E+0
53,068755	29,700001	0,000000	0,000000E+0
53,068755	29,700001	0,000000	0,000000E+0
53,068755	29,700001	0,000000	0,000000E+0
53,068755	29,700001	0,000000	0,000000E+0
53,068755	29,700001	0,000000	0,000000E+0
53,068755	29,700001	0,000000	0,000000E+0
53,068755	29,700001	0,000000	0,000000E+0
54,069169	29,700001	0,000000	0,000000E+0
54,069169	29,700001	0,000000	0,000000E+0
54,069169	29,700001	0,000000	0,000000E+0
54,069169	0,000000	0,000000	0,000000E+0
54,069169	0,000000	0,000000	0,000000E+0
54,069169	0,000000	0,000000	0,000000E+0
54,069169	0,000000	0,000000	0,000000E+0
54,069169	0,000000	0,000000	0,000000E+0
54,069169	0,000000	0,000000	0,000000E+0
54,069169	0,000000	0,000000	0,000000E+0
55,069587	0,000000	0,000000	0,000000E+0
55,069587	0,000000	0,000000	0,000000E+0
55,069587	0,000000	0,000000	0,000000E+0
55,069587	0,000000	0,000000	0,000000E+0
55,069587	0,000000	0,000000	0,000000E+0
55,069587	0,000000	0,000000	0,000000E+0
55,069587	0,000000	0,000000	0,000000E+0
55,069587	0,000000	0,000000	0,000000E+0
55,069587	0,000000	0,000000	0,000000E+0
55,069587	0,000000	0,000000	0,000000E+0
56,069041	0,000000	0,000000	0,000000E+0
56,069041	0,000000	0,000000	0,000000E+0
56,069041	0,000000	0,000000	0,000000E+0
56,069041	0,000000	0,000000	0,000000E+0
56,069041	0,000000	0,000000	0,000000E+0
56,069041	0,000000	0,000000	0,000000E+0
56,069041	0,000000	0,000000	0,000000E+0
56,069041	0,000000	0,000000	0,000000E+0
56,069041	0,000000	0,000000	0,000000E+0
56,069041	0,000000	0,000000	0,000000E+0
57,069444	0,000000	0,000000	0,000000E+0
57,069444	0,000000	0,000000	0,000000E+0
57,069444	0,000000	0,000000	0,000000E+0
57,069444	0,000000	0,000000	0,000000E+0
57,069444	0,000000	0,000000	0,000000E+0
57,069444	0,000000	0,000000	0,000000E+0
57,069444	0,000000	0,000000	0,000000E+0
57,069444	0,000000	0,000000	0,000000E+0
57,069444	0,000000	0,000000	0,000000E+0
57,069444	0,000000	0,000000	0,000000E+0
58,068881	0,000000	0,000000	0,000000E+0
58,068881	0,000000	0,000000	0,000000E+0
58,068881	0,000000	0,000000	0,000000E+0
58,068881	0,000000	0,000000	0,000000E+0
58,068881	0,000000	0,000000	0,000000E+0
58,068881	0,000000	0,000000	0,000000E+0
58,068881	0,000000	0,000000	0,000000E+0
58,068881	0,000000	0,000000	0,000000E+0
58,068881	0,000000	0,000000	0,000000E+0
58,068881	0,000000	0,000000	0,000000E+0
59,069301	0,000000	0,000000	0,000000E+0
59,069301	0,000000	0,000000	0,000000E+0
59,069301	0,000000	0,000000	0,000000E+0
59,069301	0,000000	0,000000	0,000000E+0
59,069301	0,000000	0,000000	0,000000E+0
59,069301	0,000000	0,000000	0,000000E+0
59,069301	0,000000	0,000000	0,000000E+0
59,069301	0,000000	0,000000	0,000000E+0
59,069301	0,000000	0,000000	0,000000E+0
59,069301	0,000000	0,000000	0,000000E+0
60,068703	0,000000	0,000000	0,000000E+0
60,068703	0,000000	0,000000	0,000000E+0
60,068703	0,000000	0,000000	0,000000E+0
60,068703	0,000000	0,000000	0,000000E+0
60,068703	0,000000	0,000000	0,000000E+0
60,068703	0,000000	0,000000	0,000000E+0
60,068703	0,000000	0,000000	0,000000E+0
60,068703	0,000000	0,000000	0,000000E+0
60,068703	0,000000	0,000000	0,000000E+0
60,068703	0,000000	0,000000	0,000000E+0
61,069122	0,000000	0,000000	0,000000E+0
61,069122	0,000000	0,000000	0,000000E+0
61,069122	0,000000	0,000000	0,000000E+0
61,069122	0,000000	0,000000	0,000000E+0
61,069122	0,000000	0,000000	0,000000E+0
61,069122	0,000000	0,000000	0,000000E+0
61,069122	0,000000	0,000000	0,000000E+0
61,069122	0,000000	0,000000	0,000000E+0
61,069122	0,000000	0,000000	0,000000E+0
61,069122	0,000000	0,000000	0,000000E+0
62,070569	0,000000	0,000000	0,000000E+0
62,070569	0,000000	0,000000	0,000000E+0
62,070569	0,000000	0,000000	0,000000E+0
62,070569	0,000000	0,000000	0,000000E+0
62,070569	0,000000	0,000000	0,000000E+0
62,070569	0,000000	0,000000	0,000000E+0
62,070569	0,000000	0,000000	0,000000E+0
62,070569	0,000000	0,000000	0,000000E+0
62,070569	0,000000	0,000000	0,000000E+0
62,070569	0,000000	0,000000	0,000000E+0
63,069988	0,000000	0,000000	0,000000E+0
63,069988	0,000000	0,000000	0,000000E+0
63,069988	0,000000	0,000000	0,000000E+0
63,069988	0,000000	0,000000	0,000000E+0
63,069988	0,000000	0,000000	0,000000E+0
63,069988	0,000000	0,000000	0,000000E+0
63,069988	0,000000	0,000000	0,000000E+0
63,069988	0,000000	0,000000	0,000000E+0
63,069988	0,000000	0,000000	0,000000E+0
63,069988	0,000000	0,000000	0,000000E+0
63,069988	0,000000	0,000000	0,000000E+0
64,071427	0,000000	0,000000	0,000000E+0
64,071427	0,000000	0,000000	0,000000E+0
64,071427	0,000000	0,000000	0,000000E+0
64,071427	0,000000	0,000000	0,000000E+0
64,071427	0,000000	0,000000	0,000000E+0
64,071427	0,000000	0,000000	0,000000E+0
64,071427	0,000000	0,000000	0,000000E+0
64,071427	0,000000	0,000000	0,000000E+0
64,071427	0,000000	0,000000	0,000000E+0
64,071427	0,000000	0,000000	0,000000E+0
65,070839	0,000000	0,000000	0,000000E+0
65,070839	0,000000	0,000000	0,000000E+0
65,070839	0,000000	0,000000	0,000000E+0
65,070839	0,000000	0,000000	0,000000E+0
65,070839	0,000000	0,000000	0,000000E+0
65,070839	0,000000	0,000000	0,000000E+0
65,070839	0,000000	0,000000	0,000000E+0
65,070839	0,000000	0,000000	0,000000E+0
65,070839	0,000000	0,000000	0,000000E+0
65,070839	0,000000	0,000000	0,000000E+0
66,071247	0,000000	0,000000	0,000000E+0
66,071247	0,000000	0,000000	0,000000E+0
66,071247	0,000000	0,000000	0,000000E+0
66,071247	0,000000	0,000000	0,000000E+0
66,071247	0,000000	0,000000	0,000000E+0
66,071247	0,000000	0,000000	0,000000E+0
66,071247	0,000000	0,000000	0,000000E+0
66,071247	0,000000	0,000000	0,000000E+0
66,071247	0,000000	0,000000	0,000000E+0
66,071247	0,000000	0,000000	0,000000E+0
67,071749	0,000000	0,000000	0,000000E+0
67,071749	0,000000	0,000000	0,000000E+0
67,071749	0,000000	0,000000	0,000000E+0
67,071749	0,000000	0,000000	0,000000E+0
67,071749	0,000000	0,000000	0,000000E+0
67,071749	0,000000	0,000000	0,000000E+0
67,071749	0,000000	0,000000	0,000000E+0
67,071749	0,000000	0,000000	0,000000E+0
67,071749	0,000000	0,000000	0,000000E+0
67,071749	0,000000	0,000000	0,000000E+0
68,073091	0,000000	0,000000	0,000000E+0
68,073091	0,000000	0,000000	0,000000E+0
68,073091	0,000000	0,000000	0,000000E+0
68,073091	0,000000	0,000000	0,000000E+0
68,073091	0,000000	0,000000	0,000000E+0
68,073091	0,000000	0,000000	0,000000E+0
68,073091	0,000000	0,000000	0,000000E+0
68,073091	0,000000	0,000000	0,000000E+0
68,073091	0,000000	0,000000	0,000000E+0
68,073091	0,000000	0,000000	0,000000E+0
69,073514	0,000000	0,000000	0,000000E+0
69,073514	0,000000	0,000000	0,000000E+0
69,073514	0,000000	0,000000	0,000000E+0
69,073514	0,000000	0,000000	0,000000E+0
69,073514	0,000000	0,000000	0,000000E+0
69,073514	0,000000	0,000000	0,000000E+0
69,073514	0,000000	0,000000	0,000000E+0
69,073514	0,000000	0,000000	0,000000E+0
69,073514	0,000000	0,000000	0,000000E+0
69,073514	0,000000	0,000000	0,000000E+0
70,072934	0,000000	0,000000	0,000000E+0
70,072934	0,000000	0,000000	0,000000E+0
70,072934	0,000000	0,000000	0,000000E+0
70,072934	0,000000	0,000000	0,000000E+0
70,072934	0,000000	0,000000	0,000000E+0
70,072934	0,000000	0,000000	0,000000E+0
70,072934	0,000000	0,000000	0,000000E+0
70,072934	0,000000	0,000000	0,000000E+0
70,072934	0,000000	0,000000	0,000000E+0
70,072934	0,000000	0,000000	0,000000E+0
71,073377	0,000000	0,000000	0,000000E+0
71,073377	0,000000	0,000000	0,000000E+0
71,073377	0,000000	0,000000	0,000000E+0
71,073377	0,000000	0,000000	0,000000E+0
71,073377	0,000000	0,000000	0,000000E+0
71,073377	0,000000	0,000000	0,000000E+0
71,073377	0,000000	0,000000	0,000000E+0
71,073377	0,000000	0,000000	0,000000E+0
71,073377	0,000000	0,000000	0,000000E+0
71,073377	0,000000	0,000000	0,000000E+0
72,073805	0,000000	0,000000	0,000000E+0
72,073805	0,000000	0,000000	0,000000E+0
72,073805	0,000000	0,000000	0,000000E+0
72,073805	0,000000	0,000000	0,000000E+0
72,073805	0,000000	0,000000	0,000000E+0
72,073805	0,000000	0,000000	0,000000E+0
72,073805	0,000000	0,000000	0,000000E+0
72,073805	0,000000	0,000000	0,000000E+0
72,073805	0,000000	0,000000	0,000000E+0
72,073805	0,000000	0,000000	0,000000E+0
73,074218	0,000000	0,000000	0,000000E+0
73,074218	0,000000	0,000000	0,000000E+0
73,074218	0,000000	0,000000	0,000000E+0
73,074218	0,000000	0,000000	0,000000E+0
73,074218	0,000000	0,000000	0,000000E+0
73,074218	0,000000	0,000000	0,000000E+0
73,074218	0,000000	0,000000	0,000000E+0
73,074218	0,000000	0,000000	0,000000E+0
73,074218	0,000000	0,000000	0,000000E+0
73,074218	0,000000	0,000000	0,000000E+0
74,074627	0,000000	0,000000	0,000000E+0
74,074627	0,000000	0,000000	0,000000E+0
74,074627	0,000000	0,000000	0,000000E+0
74,074627	0,000000	0,000000	0,000000E+0
74,074627	0,000000	0,000000	0,000000E+0
74,074627	0,000000	0,000000	0,000000E+0
74,074627	0,000000	0,000000	0,000000E+0
74,074627	0,000000	0,000000	0,000000E+0
74,074627	0,000000	0,000000	0,000000E+0
74,074627	0,000000	0,000000	0,000000E+0
75,074052	0,000000	0,000000	0,000000E+0
75,074052	0,000000	0,000000	0,000000E+0
75,074052	0,000000	0,000000	0,000000E+0
75,074052	0,000000	0,000000	0,000000E+0
75,074052	0,000000	0,000000	0,000000E+0
75,074052	0,000000	0,000000	0,000000E+0
75,074052	0,000000	0,000000	0,000000E+0
75,074052	0,000000	0,000000	0,000000E+0
75,074052	0,000000	0,000000	0,000000E+0
75,074052	0,000000	0,000000	0,000000E+0
76,074471	0,000000	0,000000	0,000000E+0
76,074471	0,000000	0,000000	0,000000E+0
76,074471	0,000000	0,000000	0,000000E+0
76,074471	0,000000	0,000000	0,000000E+0
76,074471	0,000000	0,000000	0,000000E+0
76,074471	0,000000	0,000000	0,000000E+0
76,074471	0,000000	0,000000	0,000000E+0
76,074471	0,000000	0,000000	0,000000E+0
76,074471	0,000000	0,000000	0,000000E+0
76,074471	0,000000	0,000000	0,000000E+0
77,073899	0,000000	0,000000	0,000000E+0
77,073899	0,000000	0,000000	0,000000E+0
77,073899	0,000000	0,000000	0,000000E+0
77,073899	0,000000	0,000000	0,000000E+0
77,073899	0,000000	0,000000	0,000000E+0
77,073899	0,000000	0,000000	0,000000E+0
77,073899	0,000000	0,000000	0,000000E+0
77,073899	0,000000	0,000000	0,000000E+0
77,073899	0,000000	0,000000	0,000000E+0
77,073899	0,000000	0,000000	0,000000E+0
78,074325	0,000000	0,000000	0,000000E+0
78,074325	0,000000	0,000000	0,000000E+0
78,074325	0,000000	0,000000	0,000000E+0
78,074325	0,000000	0,000000	0,000000E+0
78,074325	0,000000	0,000000	0,000000E+0
78,074325	0,000000	0,000000	0,000000E+0
78,074325	0,000000	0,000000	0,000000E+0
78,074325	0,000000	0,000000	0,000000E+0
78,074325	0,000000	0,000000	0,000000E+0
78,074325	0,000000	0,000000	0,000000E+0
79,073773	0,000000	0,000000	0,000000E+0
79,073773	0,000000	0,000000	0,000000E+0
79,073773	0,000000	0,000000	0,000000E+0
79,073773	0,000000	0,000000	0,000000E+0
79,073773	0,000000	0,000000	0,000000E+0
79,073773	0,000000	0,000000	0,000000E+0
79,073773	0,000000	0,000000	0,000000E+0
79,073773	0,000000	0,000000	0,000000E+0
79,073773	0,000000	0,000000	0,000000E+0
79,073773	0,000000	0,000000	0,000000E+0
80,074173	0,000000	0,000000	0,000000E+0
80,074173	0,000000	0,000000	0,000000E+0
80,074173	0,000000	0,000000	0,000000E+0
80,074173	0,000000	0,000000	0,000000E+0
80,074173	0,000000	0,000000	0,000000E+0
80,074173	0,000000	0,000000	0,000000E+0
80,074173	0,000000	0,000000	0,000000E+0
80,074173	0,000000	0,000000	0,000000E+0
80,074173	0,000000	0,000000	0,000000E+0
80,074173	0,000000	0,000000	0,000000E+0
81,074599	0,000000	0,000000	0,000000E+0
81,074599	0,000000	0,000000	0,000000E+0
81,074599	0,000000	0,000000	0,000000E+0
81,074599	0,000000	0,000000	0,000000E+0
81,074599	0,000000	0,000000	0,000000E+0
81,074599	0,000000	0,000000	0,000000E+0
81,074599	0,000000	0,000000	0,000000E+0
81,074599	0,000000	0,000000	0,000000E+0
81,074599	0,000000	0,000000	0,000000E+0
81,074599	0,000000	0,000000	0,000000E+0
82,074018	0,000000	0,000000	0,000000E+0
82,074018	0,000000	0,000000	0,000000E+0
82,074018	0,000000	0,000000	0,000000E+0
82,074018	0,000000	0,000000	0,000000E+0
82,074018	0,000000	0,000000	0,000000E+0
82,074018	0,000000	0,000000	0,000000E+0
82,074018	0,000000	0,000000	0,000000E+0
82,074018	0,000000	0,000000	0,000000E+0
82,074018	0,000000	0,000000	0,000000E+0
82,074018	0,000000	0,000000	0,000000E+0
83,074438	0,000000	0,000000	0,000000E+0
83,074438	0,000000	0,000000	0,000000E+0
83,074438	0,000000	0,000000	0,000000E+0
83,074438	0,000000	0,000000	0,000000E+0
83,074438	0,000000	0,000000	0,000000E+0
83,074438	0,000000	0,000000	0,000000E+0
83,074438	0,000000	0,000000	0,000000E+0
83,074438	0,000000	0,000000	0,000000E+0
83,074438	0,000000	0,000000	0,000000E+0
83,074438	0,000000	0,000000	0,000000E+0
84,073876	0,000000	0,000000	0,000000E+0
84,073876	0,000000	0,000000	0,000000E+0
84,073876	0,000000	0,000000	0,000000E+0
84,073876	0,000000	0,000000	0,000000E+0
84,073876	0,000000	0,000000	0,000000E+0
84,073876	0,000000	0,000000	0,000000E+0
84,073876	0,000000	0,000000	0,000000E+0
84,073876	0,000000	0,000000	0,000000E+0
84,073876	0,000000	0,000000	0,000000E+0
84,073876	0,000000	0,000000	0,000000E+0
85,074313	0,000000	0,000000	0,000000E+0
85,074313	0,000000	0,000000	0,000000E+0
85,074313	0,000000	0,000000	0,000000E+0
85,074313	0,000000	0,000000	0,000000E+0
85,074313	0,000000	0,000000	0,000000E+0
85,074313	0,000000	0,000000	0,000000E+0
85,074313	0,000000	0,000000	0,000000E+0
85,074313	0,000000	0,000000	0,000000E+0
85,074313	0,000000	0,000000	0,000000E+0
85,074313	0,000000	0,000000	0,000000E+0
86,073710	0,000000	0,000000	0,000000E+0
86,073710	0,000000	0,000000	0,000000E+0
86,073710	0,000000	0,000000	0,000000E+0
86,073710	0,000000	0,000000	0,000000E+0
86,073710	0,000000	0,000000	0,000000E+0
86,073710	0,000000	0,000000	0,000000E+0
