t	IF	IR	VF	VR	VelSP	VelRE
283,073	0,000	0,000	3,000E-1	2,400E+1	0,000E+0	0,000E+0
0,006	0,000	0,000	3,000E-1	2,400E+1	0,000E+0	0,000E+0
1,005	0,000	0,000	3,000E-1	2,400E+1	0,000E+0	0,000E+0
2,005	0,000	0,000	3,000E-1	2,400E+1	0,000E+0	0,000E+0
3,005	0,000	0,000	3,000E-1	2,400E+1	0,000E+0	0,000E+0
4,006	0,000	0,000	3,000E-1	2,400E+1	0,000E+0	0,000E+0
5,007	0,000	0,000	3,000E-1	2,400E+1	0,000E+0	0,000E+0
6,006	0,000	0,000	3,000E-1	2,400E+1	0,000E+0	0,000E+0
7,007	0,000	0,000	3,000E-1	2,400E+1	0,000E+0	0,000E+0
8,006	0,000	0,000	3,000E-1	2,400E+1	0,000E+0	0,000E+0
9,006	0,000	0,000	3,000E-1	2,400E+1	0,000E+0	0,000E+0
10,007	0,000	0,000	3,000E-1	2,400E+1	0,000E+0	0,000E+0
11,007	0,000	0,000	3,000E-1	2,400E+1	0,000E+0	0,000E+0
12,008	0,000	0,000	3,000E-1	2,400E+1	0,000E+0	0,000E+0
13,008	0,000	0,000	3,000E-1	2,400E+1	0,000E+0	0,000E+0
14,008	0,000	0,000	3,000E-1	2,400E+1	0,000E+0	0,000E+0
15,008	0,000	0,000	3,000E-1	2,400E+1	0,000E+0	0,000E+0
16,008	0,000	0,000	3,000E-1	2,400E+1	0,000E+0	0,000E+0
17,009	0,000	0,000	3,000E-1	2,400E+1	0,000E+0	0,000E+0
18,009	0,000	0,000	3,000E-1	2,400E+1	0,000E+0	0,000E+0
19,010	0,000	0,000	3,000E-1	2,400E+1	0,000E+0	0,000E+0
20,009	0,000	0,000	3,000E-1	2,400E+1	3,500E+3	0,000E+0
21,009	0,000	0,000	3,000E-1	2,400E+1	3,500E+3	0,000E+0
22,009	0,000	0,000	3,000E-1	2,400E+1	3,500E+3	0,000E+0
23,009	0,000	0,000	0,000E+0	2,400E+1	3,500E+3	0,000E+0
24,010	0,000	0,000	0,000E+0	2,400E+1	3,500E+3	0,000E+0
25,009	0,000	0,000	0,000E+0	2,400E+1	3,500E+3	0,000E+0
26,010	0,000	0,000	0,000E+0	2,400E+1	3,500E+3	0,000E+0
27,009	0,000	0,000	0,000E+0	2,400E+1	3,500E+3	0,000E+0
28,009	0,000	0,000	0,000E+0	2,400E+1	3,500E+3	0,000E+0
29,010	0,000	0,000	0,000E+0	2,400E+1	3,500E+3	1,523E+3
30,011	0,000	0,000	0,000E+0	2,400E+1	3,500E+3	3,887E+3
31,012	0,000	0,000	0,000E+0	2,400E+1	3,500E+3	3,671E+3
32,011	0,000	0,000	0,000E+0	2,400E+1	3,500E+3	3,400E+3
33,012	0,000	0,000	0,000E+0	2,400E+1	3,500E+3	3,316E+3
34,011	0,000	0,000	0,000E+0	2,400E+1	3,500E+3	3,512E+3
35,011	0,000	0,000	0,000E+0	2,400E+1	3,500E+3	3,545E+3
36,011	0,000	0,000	0,000E+0	2,400E+1	3,500E+3	3,485E+3
37,011	0,000	0,000	0,000E+0	2,400E+1	3,500E+3	3,487E+3
38,012	0,000	0,000	0,000E+0	2,400E+1	3,500E+3	3,500E+3
39,011	0,000	0,000	0,000E+0	2,400E+1	3,500E+3	3,509E+3
40,012	0,000	0,000	0,000E+0	2,400E+1	3,500E+3	3,499E+3
41,011	0,000	0,000	0,000E+0	2,400E+1	3,500E+3	3,494E+3
42,011	0,000	0,000	0,000E+0	2,400E+1	0,000E+0	3,440E+3
43,012	0,000	0,000	0,000E+0	2,400E+1	0,000E+0	2,918E+3
44,012	0,000	0,000	0,000E+0	2,400E+1	0,000E+0	2,657E+3
