t	IF	IR	VF	VR	VelSP	VelRE
0,000	0,000	0,000	0,000E+0	2,400E+1	0,000E+0
0,019	0,000	0,000	0,000E+0	2,400E+1	0,000E+0	0,000E+0
1,019	0,000	0,000	3,000E-1	2,400E+1	0,000E+0	0,000E+0
2,019	0,000	0,000	3,000E-1	2,400E+1	0,000E+0	0,000E+0
3,019	0,000	0,000	3,000E-1	2,400E+1	0,000E+0	0,000E+0
4,019	0,000	0,000	3,000E-1	2,400E+1	0,000E+0	0,000E+0
5,021	0,000	0,000	3,000E-1	2,400E+1	0,000E+0	0,000E+0
6,021	0,000	0,000	3,000E-1	2,400E+1	0,000E+0	0,000E+0
7,021	0,000	0,000	3,000E-1	2,400E+1	0,000E+0	0,000E+0
8,021	0,000	0,000	3,000E-1	2,400E+1	0,000E+0	0,000E+0
9,021	0,000	0,000	3,000E-1	2,400E+1	0,000E+0	0,000E+0
10,021	0,000	0,000	3,000E-1	2,400E+1	0,000E+0	0,000E+0
11,021	0,000	0,000	3,000E-1	2,400E+1	0,000E+0	0,000E+0
12,022	0,000	0,000	3,000E-1	2,400E+1	0,000E+0	0,000E+0
13,021	0,000	0,000	3,000E-1	2,400E+1	0,000E+0	0,000E+0
14,021	0,000	0,000	3,000E-1	2,400E+1	0,000E+0	0,000E+0
15,021	0,000	0,000	3,000E-1	2,400E+1	0,000E+0	0,000E+0
16,021	0,000	0,000	3,000E-1	2,400E+1	0,000E+0	0,000E+0
17,021	0,000	0,000	3,000E-1	2,400E+1	0,000E+0	0,000E+0
18,021	0,000	0,000	3,000E-1	2,400E+1	0,000E+0	0,000E+0
19,021	0,000	0,000	3,000E-1	2,400E+1	0,000E+0	0,000E+0
20,021	0,000	0,000	3,000E-1	2,400E+1	0,000E+0	0,000E+0
21,021	0,000	0,000	3,000E-1	2,400E+1	0,000E+0	0,000E+0
22,021	0,000	0,000	3,000E-1	2,400E+1	0,000E+0	0,000E+0
23,021	0,000	0,000	3,000E-1	2,400E+1	0,000E+0	0,000E+0
24,021	0,000	0,000	3,000E-1	2,400E+1	0,000E+0	0,000E+0
25,021	0,000	0,000	3,000E-1	2,400E+1	0,000E+0	0,000E+0
26,021	0,000	0,000	3,000E-1	2,400E+1	0,000E+0	0,000E+0
27,022	0,000	0,000	3,000E-1	2,400E+1	3,500E+3	0,000E+0
28,022	0,000	0,000	3,000E-1	2,400E+1	3,500E+3	0,000E+0
29,022	0,000	0,000	3,000E-1	2,400E+1	3,500E+3	0,000E+0
30,022	0,000	0,000	3,000E-1	2,400E+1	3,500E+3	0,000E+0
31,023	0,000	0,000	3,000E-1	2,400E+1	3,500E+3	0,000E+0
32,022	0,000	0,000	3,000E-1	2,400E+1	3,500E+3	0,000E+0
33,022	0,000	0,000	3,000E-1	2,400E+1	3,500E+3	0,000E+0
34,022	0,000	0,000	3,000E-1	2,400E+1	3,500E+3	0,000E+0
35,022	0,000	0,000	3,000E-1	2,400E+1	3,500E+3	0,000E+0
36,022	0,000	0,000	3,000E-1	2,400E+1	3,500E+3	2,139E+3
37,022	0,000	0,000	3,000E-1	2,400E+1	3,500E+3	3,842E+3
38,024	0,000	0,000	3,000E-1	2,400E+1	3,500E+3	3,580E+3
39,023	0,000	0,000	3,000E-1	2,400E+1	3,500E+3	3,356E+3
40,023	0,000	0,000	3,000E-1	2,400E+1	3,500E+3	3,386E+3
41,023	0,000	0,000	3,000E-1	2,400E+1	3,500E+3	3,535E+3
42,023	0,000	0,000	3,000E-1	2,400E+1	3,500E+3	3,507E+3
43,023	0,000	0,000	3,000E-1	2,400E+1	3,500E+3	3,495E+3
44,023	0,000	0,000	3,000E-1	2,400E+1	3,500E+3	3,498E+3
45,023	0,000	0,000	3,000E-1	2,400E+1	3,500E+3	3,490E+3
46,023	0,000	0,000	3,000E-1	2,400E+1	3,500E+3	3,509E+3
47,024	0,000	0,000	3,000E-1	2,400E+1	3,000E+3	3,490E+3
48,023	0,000	0,000	3,000E-1	2,400E+1	3,000E+3	3,272E+3
49,025	0,000	0,000	3,000E-1	2,400E+1	3,000E+3	2,934E+3
50,024	0,000	0,000	3,000E-1	2,400E+1	3,000E+3	2,742E+3
51,025	0,000	0,000	3,000E-1	2,400E+1	3,000E+3	2,891E+3
52,026	0,000	0,000	3,000E-1	2,400E+1	3,000E+3	3,051E+3
53,026	0,000	0,000	3,000E-1	2,400E+1	3,000E+3	3,044E+3
54,027	0,000	0,000	3,000E-1	2,400E+1	3,000E+3	2,989E+3
55,028	0,000	0,000	3,000E-1	2,400E+1	3,000E+3	2,983E+3
56,028	0,000	0,000	3,000E-1	2,400E+1	3,000E+3	3,010E+3
57,029	0,000	0,000	3,000E-1	2,400E+1	3,000E+3	2,995E+3
58,029	0,000	0,000	3,000E-1	2,400E+1	3,000E+3	2,997E+3
59,029	0,000	0,000	3,000E-1	2,400E+1	3,000E+3	3,004E+3
60,029	0,000	0,000	3,000E-1	2,400E+1	3,000E+3	3,009E+3
61,031	0,000	0,000	3,000E-1	2,400E+1	3,000E+3	3,013E+3
62,030	0,000	0,000	3,000E-1	2,400E+1	3,000E+3	2,997E+3
63,031	0,000	0,000	3,000E-1	2,400E+1	3,000E+3	2,992E+3
64,031	0,017	0,000	1,100E+0	2,400E+1	3,000E+3	2,988E+3
65,031	0,025	0,000	1,600E+0	2,400E+1	3,000E+3	3,006E+3
66,032	0,032	0,000	1,600E+0	2,400E+1	3,000E+3	3,001E+3
67,031	0,032	0,000	2,020E+0	2,400E+1	3,000E+3	2,991E+3
68,031	0,042	0,000	2,590E+0	2,400E+1	3,000E+3	3,004E+3
69,031	0,042	0,000	2,590E+0	2,400E+1	3,000E+3	2,990E+3
70,031	0,050	0,000	2,950E+0	2,400E+1	3,000E+3	3,016E+3
71,033	0,060	0,000	3,390E+0	2,400E+1	3,000E+3	2,997E+3
72,032	0,068	0,000	3,390E+0	2,400E+1	3,000E+3	2,988E+3
73,032	0,068	0,000	3,940E+0	2,400E+1	3,000E+3	3,008E+3
74,032	0,075	0,000	4,260E+0	2,400E+1	3,000E+3	2,996E+3
75,032	0,084	0,000	4,260E+0	2,400E+1	3,000E+3	3,004E+3
76,032	0,084	0,000	4,720E+0	2,400E+1	3,000E+3	2,995E+3
77,032	0,090	0,000	5,020E+0	2,400E+1	3,000E+3	3,003E+3
78,034	0,096	0,000	5,020E+0	2,400E+1	3,000E+3	2,991E+3
79,034	0,096	0,000	5,370E+0	2,400E+1	3,000E+3	2,998E+3
80,035	0,104	0,000	5,710E+0	2,400E+1	3,000E+3	3,004E+3
81,035	0,110	0,000	5,710E+0	2,400E+1	3,000E+3	2,999E+3
82,035	0,110	0,000	6,060E+0	2,400E+1	3,000E+3	2,994E+3
83,035	0,116	0,000	6,250E+0	2,400E+1	3,000E+3	3,005E+3
84,035	0,119	0,000	6,250E+0	2,400E+1	3,000E+3	2,997E+3
85,035	0,119	0,000	6,440E+0	2,400E+1	3,000E+3	2,999E+3
86,036	0,122	0,000	6,650E+0	2,400E+1	3,000E+3	3,002E+3
87,037	0,126	0,000	6,650E+0	2,400E+1	3,000E+3	3,000E+3
88,039	0,126	0,000	6,860E+0	2,400E+1	3,000E+3	3,003E+3
89,039	0,129	0,000	6,970E+0	2,400E+1	3,000E+3	3,005E+3
90,040	0,130	0,000	6,970E+0	2,400E+1	3,000E+3	3,006E+3
