t	IF	IR	VF	VR	VelSP	VelRE
0,000	0,000	0,000	0,000E+0	2,400E+1	0,000E+0
0,005	0,000	0,000	0,000E+0	2,400E+1	0,000E+0	0,000E+0
1,005	0,000	0,000	3,000E-1	2,400E+1	0,000E+0	0,000E+0
2,004	0,000	0,000	3,000E-1	2,400E+1	0,000E+0	0,000E+0
3,005	0,000	0,000	3,000E-1	2,400E+1	0,000E+0	0,000E+0
4,004	0,000	0,000	3,000E-1	2,400E+1	0,000E+0	0,000E+0
5,004	0,000	0,000	3,000E-1	2,400E+1	0,000E+0	0,000E+0
6,004	0,000	0,000	3,000E-1	2,400E+1	0,000E+0	0,000E+0
7,004	0,000	0,000	3,000E-1	2,400E+1	0,000E+0	0,000E+0
8,005	0,000	0,000	3,000E-1	2,400E+1	0,000E+0	0,000E+0
9,005	0,000	0,000	3,000E-1	2,400E+1	0,000E+0	0,000E+0
10,006	0,000	0,000	3,000E-1	2,400E+1	0,000E+0	0,000E+0
11,005	0,000	0,000	3,000E-1	2,400E+1	0,000E+0	0,000E+0
12,005	0,000	0,000	3,000E-1	2,400E+1	0,000E+0	0,000E+0
13,006	0,000	0,000	3,000E-1	2,400E+1	0,000E+0	0,000E+0
14,005	0,000	0,000	3,000E-1	2,400E+1	0,000E+0	0,000E+0
15,007	0,000	0,000	3,000E-1	2,400E+1	0,000E+0	0,000E+0
16,006	0,000	0,000	3,000E-1	2,400E+1	0,000E+0	0,000E+0
17,007	0,000	0,000	3,000E-1	2,400E+1	0,000E+0	0,000E+0
18,006	0,000	0,000	3,000E-1	2,400E+1	0,000E+0	0,000E+0
19,006	0,000	0,000	3,000E-1	2,400E+1	0,000E+0	0,000E+0
20,007	0,000	0,000	3,000E-1	2,400E+1	0,000E+0	0,000E+0
21,006	0,000	0,000	3,000E-1	2,400E+1	0,000E+0	0,000E+0
22,007	0,000	0,000	3,000E-1	2,400E+1	0,000E+0	0,000E+0
23,006	0,000	0,000	3,000E-1	2,400E+1	0,000E+0	0,000E+0
24,006	0,000	0,000	3,000E-1	2,400E+1	0,000E+0	0,000E+0
25,006	0,000	0,000	3,000E-1	2,400E+1	0,000E+0	0,000E+0
26,006	0,000	0,000	3,000E-1	2,400E+1	3,500E+3	0,000E+0
27,007	0,000	0,000	3,000E-1	2,400E+1	3,500E+3	0,000E+0
28,006	0,000	0,000	3,000E-1	2,400E+1	3,500E+3	0,000E+0
29,008	0,000	0,000	3,000E-1	2,400E+1	3,500E+3	0,000E+0
30,007	0,000	0,000	3,000E-1	2,400E+1	3,500E+3	0,000E+0
31,007	0,000	0,000	3,000E-1	2,400E+1	3,500E+3	0,000E+0
32,008	0,000	0,000	3,000E-1	2,400E+1	3,500E+3	0,000E+0
33,008	0,000	0,000	3,000E-1	2,400E+1	3,500E+3	0,000E+0
34,010	0,000	0,000	3,000E-1	2,400E+1	3,500E+3	0,000E+0
35,010	0,000	0,000	3,000E-1	2,400E+1	3,500E+3	0,000E+0
36,012	0,000	0,000	3,000E-1	2,400E+1	3,500E+3	0,000E+0
37,011	0,000	0,000	3,000E-1	2,400E+1	3,500E+3	0,000E+0
38,011	0,000	0,000	3,000E-1	2,400E+1	3,500E+3	0,000E+0
39,013	0,000	0,000	3,000E-1	2,400E+1	3,500E+3	0,000E+0
40,012	0,000	0,000	3,000E-1	2,400E+1	3,500E+3	0,000E+0
41,014	0,000	0,000	3,000E-1	2,400E+1	3,500E+3	0,000E+0
42,013	0,000	0,000	3,000E-1	2,400E+1	3,500E+3	0,000E+0
43,015	0,000	0,000	3,000E-1	2,400E+1	3,500E+3	0,000E+0
44,014	0,000	0,000	3,000E-1	2,400E+1	3,500E+3	0,000E+0
45,015	0,000	0,000	3,000E-1	2,400E+1	3,500E+3	0,000E+0
46,016	0,000	0,000	3,000E-1	2,400E+1	3,500E+3	0,000E+0
47,015	0,000	0,000	3,000E-1	2,400E+1	3,500E+3	0,000E+0
48,016	0,000	0,000	3,000E-1	2,400E+1	3,500E+3	0,000E+0
49,015	0,000	0,000	3,000E-1	2,400E+1	3,500E+3	0,000E+0
50,016	0,000	0,000	3,000E-1	2,400E+1	3,500E+3	0,000E+0
51,015	0,000	0,000	3,000E-1	2,400E+1	3,500E+3	0,000E+0
52,015	0,000	0,000	3,000E-1	2,400E+1	0,000E+0	0,000E+0
53,017	0,000	0,000	3,000E-1	2,400E+1	0,000E+0	0,000E+0
54,017	0,000	0,000	3,000E-1	2,400E+1	0,000E+0	0,000E+0
