0,000019	64,599998	80,000000	4,004000E-3
0,000017	64,599998	80,000000	4,004000E-3
0,000017	64,599998	80,000000	4,004000E-3
0,000017	64,599998	80,000000	4,004000E-3
0,000017	64,599998	80,000000	4,004000E-3
0,000017	64,599998	80,000000	4,004000E-3
0,000017	64,599998	80,000000	4,004000E-3
0,000017	64,599998	80,000000	4,004000E-3
0,000017	64,599998	80,000000	4,004000E-3
0,000017	64,599998	80,000000	4,004000E-3
0,000017	64,599998	80,000000	4,004000E-3
1,026273	64,599998	80,000000	4,004000E-3
1,026273	64,599998	80,000000	4,251161E-3
1,026273	64,599998	80,000000	4,251161E-3
1,026273	64,599998	80,000000	4,498321E-3
1,026273	64,599998	80,000000	4,745482E-3
1,026273	64,599998	80,000000	4,992642E-3
1,026273	64,599998	80,000000	5,239803E-3
1,026273	64,599998	80,000000	5,486964E-3
1,026273	64,599998	80,000000	5,734124E-3
1,026273	64,599998	80,000000	5,981285E-3
2,027690	64,599998	80,000000	6,228445E-3
2,027690	64,599998	80,000000	6,228445E-3
2,027690	64,599998	80,000000	6,228445E-3
2,027690	64,599998	80,000000	6,475606E-3
2,027690	64,599998	80,000000	6,475606E-3
2,027690	64,599998	80,000000	6,475606E-3
2,027690	64,599998	80,000000	6,722766E-3
2,027690	64,599998	80,000000	6,969927E-3
2,027690	64,599998	80,000000	7,217087E-3
2,027690	64,599998	80,000000	7,464248E-3
3,028134	64,599998	80,000000	7,711408E-3
3,028134	64,599998	80,000000	7,958569E-3
3,028134	64,599998	80,000000	8,205729E-3
3,028134	64,599998	80,000000	8,205729E-3
3,028134	64,599998	80,000000	8,452890E-3
3,028134	64,599998	80,000000	8,452890E-3
3,028134	64,599998	80,000000	8,452890E-3
3,028134	64,599998	80,000000	8,700050E-3
3,028134	64,599998	80,000000	8,700050E-3
3,028134	64,599998	80,000000	8,700050E-3
4,027540	64,599998	80,000000	8,700050E-3
4,027540	64,599998	80,000000	8,947211E-3
4,027540	64,599998	80,000000	9,194371E-3
4,027540	64,599998	80,000000	9,441532E-3
4,027540	64,599998	80,000000	9,688692E-3
4,027540	64,599998	80,000000	9,935853E-3
4,027540	64,599998	80,000000	1,018301E-2
4,027540	64,599998	80,000000	1,043017E-2
4,027540	64,599998	80,000000	1,067733E-2
4,027540	64,599998	80,000000	1,092449E-2
5,033956	64,599998	80,000000	1,117166E-2
5,033956	64,599998	80,000000	1,117166E-2
5,033956	64,599998	80,000000	1,141882E-2
5,033956	64,599998	80,000000	1,141882E-2
5,033956	64,599998	80,000000	1,166598E-2
5,033956	64,599998	80,000000	1,166598E-2
5,033956	64,599998	80,000000	1,191314E-2
5,033956	64,599998	80,000000	1,216030E-2
5,033956	64,599998	80,000000	1,240746E-2
5,033956	64,599998	80,000000	1,265462E-2
6,034375	64,599998	80,000000	1,290178E-2
6,034375	64,599998	80,000000	1,314894E-2
6,034375	64,599998	80,000000	1,339610E-2
6,034375	64,599998	80,000000	1,364326E-2
6,034375	64,599998	80,000000	1,389042E-2
6,034375	64,599998	80,000000	1,413758E-2
6,034375	64,599998	80,000000	1,413758E-2
6,034375	64,599998	80,000000	1,438474E-2
6,034375	64,599998	80,000000	1,463190E-2
6,034375	64,599998	80,000000	1,463190E-2
7,034808	64,599998	80,000000	1,487906E-2
7,034808	64,599998	80,000000	1,512622E-2
7,034808	64,599998	80,000000	1,512622E-2
7,034808	64,599998	80,000000	1,537338E-2
7,034808	64,599998	80,000000	1,562054E-2
7,034808	64,599998	80,000000	1,586771E-2
7,034808	64,599998	80,000000	1,611487E-2
7,034808	64,599998	80,000000	1,636203E-2
7,034808	64,599998	80,000000	1,660919E-2
7,034808	64,599998	80,000000	1,685635E-2
8,035232	64,599998	80,000000	1,710351E-2
8,035232	64,599998	80,000000	1,735067E-2
8,035232	64,599998	80,000000	1,759783E-2
8,035232	64,599998	80,000000	1,759783E-2
8,035232	64,599998	80,000000	1,784499E-2
8,035232	64,599998	80,000000	1,784499E-2
8,035232	64,599998	80,000000	1,809215E-2
8,035232	64,599998	80,000000	1,833931E-2
8,035232	64,599998	80,000000	1,858647E-2
8,035232	64,599998	80,000000	1,858647E-2
9,034656	64,599998	80,000000	1,883363E-2
9,034656	64,599998	80,000000	1,908079E-2
9,034656	64,599998	80,000000	1,932795E-2
9,034656	64,599998	80,000000	1,957511E-2
9,034656	64,599998	80,000000	1,982227E-2
9,034656	64,599998	80,000000	2,006943E-2
9,034656	64,599998	80,000000	2,031659E-2
9,034656	64,599998	80,000000	2,056376E-2
9,034656	64,599998	80,000000	2,056376E-2
9,034656	64,599998	80,000000	2,081092E-2
10,035079	64,599998	80,000000	2,081092E-2
10,035079	64,599998	80,000000	2,105808E-2
10,035079	64,599998	80,000000	2,130524E-2
10,035079	64,599998	80,000000	2,155240E-2
10,035079	64,599998	80,000000	2,179956E-2
10,035079	64,599998	80,000000	2,179956E-2
10,035079	64,599998	80,000000	2,204672E-2
10,035079	64,599998	80,000000	2,229388E-2
10,035079	64,599998	80,000000	2,254104E-2
10,035079	64,599998	80,000000	2,278820E-2
11,034503	64,599998	80,000000	2,303536E-2
11,034503	64,599998	80,000000	2,328252E-2
11,034503	64,599998	80,000000	2,352968E-2
11,034503	64,599998	80,000000	2,352968E-2
11,034503	64,599998	80,000000	2,377684E-2
11,034503	64,599998	80,000000	2,377684E-2
11,034503	64,599998	80,000000	2,402400E-2
11,034503	64,599998	80,000000	2,427116E-2
11,034503	64,599998	80,000000	2,451832E-2
11,034503	64,599998	80,000000	2,451832E-2
12,035920	64,599998	80,000000	2,476548E-2
12,035920	64,599998	80,000000	2,501264E-2
12,035920	64,599998	80,000000	2,525980E-2
12,035920	64,599998	80,000000	2,550697E-2
12,035920	64,599998	80,000000	2,575413E-2
12,035920	64,599998	80,000000	2,600129E-2
12,035920	64,599998	80,000000	2,624845E-2
12,035920	64,599998	80,000000	2,649561E-2
12,035920	64,599998	80,000000	2,649561E-2
12,035920	64,599998	80,000000	2,674277E-2
13,037341	64,599998	80,000000	2,674277E-2
13,037341	64,599998	80,000000	2,698993E-2
13,037341	64,599998	80,000000	2,723709E-2
13,037341	64,599998	80,000000	2,723709E-2
13,037341	64,599998	80,000000	2,748425E-2
13,037341	64,599998	80,000000	2,773141E-2
13,037341	64,599998	80,000000	2,797857E-2
13,037341	64,599998	80,000000	2,822573E-2
13,037341	64,599998	80,000000	2,847289E-2
13,037341	64,599998	80,000000	2,872005E-2
14,036771	64,599998	80,000000	2,896721E-2
14,036771	64,599998	80,000000	2,921437E-2
14,036771	64,599998	80,000000	2,946153E-2
14,036771	64,599998	80,000000	2,946153E-2
14,036771	64,599998	80,000000	2,970869E-2
14,036771	64,599998	80,000000	2,970869E-2
14,036771	64,599998	80,000000	2,995585E-2
14,036771	64,599998	80,000000	3,020302E-2
14,036771	64,599998	80,000000	3,045018E-2
14,036771	64,599998	80,000000	3,069734E-2
15,037190	64,599998	80,000000	3,094450E-2
15,037190	64,599998	80,000000	3,119166E-2
15,037190	64,599998	80,000000	3,119166E-2
15,037190	64,599998	80,000000	3,143882E-2
15,037190	64,599998	80,000000	3,168598E-2
15,037190	64,599998	80,000000	3,193314E-2
15,037190	64,599998	80,000000	3,218030E-2
15,037190	64,599998	80,000000	3,242746E-2
15,037190	64,599998	80,000000	3,242746E-2
15,037190	64,599998	80,000000	3,267462E-2
16,036615	64,599998	80,000000	3,267462E-2
16,036615	64,599998	80,000000	3,292178E-2
16,036615	64,599998	80,000000	3,316894E-2
16,036615	64,599998	80,000000	3,341610E-2
16,036615	64,599998	80,000000	3,366326E-2
16,036615	64,599998	80,000000	3,391042E-2
16,036615	64,599998	80,000000	3,415758E-2
16,036615	64,599998	80,000000	3,440474E-2
16,036615	64,599998	80,000000	3,465190E-2
16,036615	64,599998	80,000000	3,489907E-2
17,037036	64,599998	80,000000	3,489907E-2
17,037036	64,599998	80,000000	3,514623E-2
17,037036	64,599998	80,000000	3,539339E-2
17,037036	64,599998	80,000000	3,539339E-2
17,037036	64,599998	80,000000	3,564055E-2
17,037036	64,599998	80,000000	3,564055E-2
17,037036	64,599998	80,000000	3,588771E-2
17,037036	64,599998	80,000000	3,613487E-2
17,037036	64,599998	80,000000	3,638203E-2
17,037036	64,599998	80,000000	3,662919E-2
18,036462	64,599998	80,000000	3,687635E-2
18,036462	64,599998	80,000000	3,712351E-2
18,036462	64,599998	80,000000	3,737067E-2
18,036462	64,599998	80,000000	3,761783E-2
18,036462	64,599998	80,000000	3,786499E-2
18,036462	64,599998	80,000000	3,811215E-2
18,036462	64,599998	80,000000	3,835931E-2
18,036462	64,599998	80,000000	3,860647E-2
18,036462	64,599998	80,000000	3,860647E-2
18,036462	64,599998	80,000000	3,860647E-2
19,036894	64,599998	80,000000	3,885363E-2
19,036894	64,599998	80,000000	3,885363E-2
19,036894	64,599998	80,000000	3,910079E-2
19,036894	64,599998	80,000000	3,934795E-2
19,036894	64,599998	80,000000	3,959512E-2
19,036894	64,599998	80,000000	3,984228E-2
19,036894	64,599998	80,000000	4,008944E-2
19,036894	64,599998	80,000000	4,033660E-2
19,036894	64,599998	80,000000	4,058376E-2
19,036894	64,599998	80,000000	4,083092E-2
20,042306	64,599998	80,000000	4,083092E-2
20,042306	64,599998	80,000000	4,107808E-2
20,042306	64,599998	80,000000	4,132524E-2
20,042306	64,599998	80,000000	4,132524E-2
20,042306	64,599998	80,000000	4,157240E-2
20,042306	64,599998	80,000000	4,181956E-2
20,042306	64,599998	80,000000	4,181956E-2
20,042306	64,599998	80,000000	4,206672E-2
20,042306	64,599998	80,000000	4,231388E-2
20,042306	64,599998	80,000000	4,256104E-2
21,041748	64,599998	80,000000	4,280820E-2
21,041748	64,599998	80,000000	4,305536E-2
21,041748	64,599998	80,000000	4,330252E-2
21,041748	64,599998	80,000000	4,354968E-2
21,041748	64,599998	80,000000	4,379684E-2
21,041748	64,599998	80,000000	4,404400E-2
21,041748	64,599998	80,000000	4,429116E-2
21,041748	64,599998	80,000000	4,453833E-2
21,041748	64,599998	80,000000	4,453833E-2
21,041748	64,599998	80,000000	4,453833E-2
22,043151	64,599998	80,000000	4,478549E-2
22,043151	64,599998	80,000000	4,503265E-2
22,043151	64,599998	80,000000	4,527981E-2
22,043151	64,599998	80,000000	4,527981E-2
22,043151	64,599998	80,000000	4,552697E-2
22,043151	64,599998	80,000000	4,577413E-2
22,043151	64,599998	80,000000	4,602129E-2
22,043151	64,599998	80,000000	4,626845E-2
22,043151	64,599998	80,000000	4,651561E-2
22,043151	64,599998	80,000000	4,676277E-2
23,043603	64,599998	80,000000	4,700993E-2
23,043603	64,599998	80,000000	4,725709E-2
23,043603	64,599998	80,000000	4,750425E-2
23,043603	64,599998	80,000000	4,750425E-2
23,043603	64,599998	80,000000	4,775141E-2
23,043603	64,599998	80,000000	4,775141E-2
23,043603	64,599998	80,000000	4,799857E-2
23,043603	64,599998	80,000000	4,824573E-2
23,043603	64,599998	80,000000	4,849289E-2
23,043603	64,599998	80,000000	4,874005E-2
24,043998	64,599998	80,000000	4,898721E-2
24,043998	64,599998	80,000000	4,898721E-2
24,043998	64,599998	80,000000	4,923438E-2
24,043998	64,599998	80,000000	4,948154E-2
24,043998	64,599998	80,000000	4,972870E-2
24,043998	64,599998	80,000000	4,997586E-2
24,043998	64,599998	80,000000	5,022302E-2
24,043998	64,599998	80,000000	5,047018E-2
24,043998	64,599998	80,000000	5,047018E-2
24,043998	64,599998	80,000000	5,071734E-2
