t	IF	IR	VF	VR	VelSP	VelRE
218,046	0,000	0,000	3,000E-1	2,400E+1	3,500E+3
0,012	0,000	0,000	3,000E-1	2,400E+1	3,500E+3
1,011	0,000	0,000	3,000E-1	2,400E+1	3,500E+3
2,011	0,000	0,000	3,000E-1	2,400E+1	3,500E+3
3,011	0,000	0,000	3,000E-1	2,400E+1	3,500E+3
4,011	0,000	0,000	3,000E-1	2,400E+1	3,500E+3
5,011	0,000	0,000	3,000E-1	2,400E+1	3,500E+3
6,011	0,000	0,000	3,000E-1	2,400E+1	3,500E+3
7,011	0,000	0,000	3,000E-1	2,400E+1	3,500E+3
8,011	0,000	0,000	3,000E-1	2,400E+1	3,500E+3
9,011	0,000	0,000	3,000E-1	2,400E+1	3,500E+3
10,011	0,000	0,000	3,000E-1	2,400E+1	3,500E+3
11,011	0,000	0,000	3,000E-1	2,400E+1	3,500E+3
12,011	0,000	0,000	3,000E-1	2,400E+1	3,500E+3
13,011	0,000	0,000	3,000E-1	2,400E+1	3,500E+3
14,011	0,000	0,000	3,000E-1	2,400E+1	3,500E+3
15,011	0,000	0,000	3,000E-1	2,400E+1	3,500E+3
16,012	0,000	0,000	3,000E-1	2,400E+1	3,500E+3
17,012	0,000	0,000	3,000E-1	2,400E+1	3,500E+3
