t	IF	IR	VF	VR	VelSP	VelRE
0,000	0,000	0,000	0,000E+0	2,400E+1	0,000E+0
0,002	0,000	0,000	0,000E+0	2,400E+1	0,000E+0	0,000E+0
1,001	0,000	0,000	3,000E-1	2,400E+1	0,000E+0	0,000E+0
2,002	0,000	0,000	3,000E-1	2,400E+1	0,000E+0	0,000E+0
3,002	0,000	0,000	3,000E-1	2,400E+1	0,000E+0	0,000E+0
4,002	0,000	0,000	3,000E-1	2,400E+1	0,000E+0	0,000E+0
5,002	0,000	0,000	3,000E-1	2,400E+1	0,000E+0	0,000E+0
6,001	0,000	0,000	3,000E-1	2,400E+1	0,000E+0	0,000E+0
7,002	0,000	0,000	3,000E-1	2,400E+1	0,000E+0	0,000E+0
8,001	0,000	0,000	3,000E-1	2,400E+1	0,000E+0	0,000E+0
9,002	0,000	0,000	3,000E-1	2,400E+1	0,000E+0	0,000E+0
10,002	0,000	0,000	3,000E-1	2,400E+1	0,000E+0	0,000E+0
11,002	0,000	0,000	3,000E-1	2,400E+1	0,000E+0	0,000E+0
12,003	0,000	0,000	3,000E-1	2,400E+1	0,000E+0	0,000E+0
13,003	0,000	0,000	3,000E-1	2,400E+1	0,000E+0	0,000E+0
14,005	0,000	0,000	3,000E-1	2,400E+1	0,000E+0	0,000E+0
15,004	0,000	0,000	3,000E-1	2,400E+1	0,000E+0	0,000E+0
16,005	0,000	0,000	3,000E-1	2,400E+1	0,000E+0	0,000E+0
17,005	0,000	0,000	3,000E-1	2,400E+1	0,000E+0	0,000E+0
18,006	0,000	0,000	3,000E-1	2,400E+1	0,000E+0	0,000E+0
19,006	0,000	0,000	3,000E-1	2,400E+1	0,000E+0	0,000E+0
20,005	0,000	0,000	3,000E-1	2,400E+1	0,000E+0	0,000E+0
21,007	0,000	0,000	3,000E-1	2,400E+1	3,500E+3	0,000E+0
22,007	0,000	0,000	3,000E-1	2,400E+1	3,500E+3	0,000E+0
23,007	0,000	0,000	3,000E-1	2,400E+1	3,500E+3	0,000E+0
24,007	0,000	0,000	3,000E-1	2,400E+1	3,500E+3	0,000E+0
25,008	0,000	0,000	3,000E-1	2,400E+1	3,500E+3	0,000E+0
26,009	0,000	0,000	3,000E-1	2,400E+1	3,500E+3	0,000E+0
27,009	0,000	0,000	3,000E-1	2,400E+1	3,500E+3	0,000E+0
28,010	0,000	0,000	3,000E-1	2,400E+1	3,500E+3	0,000E+0
29,010	0,000	0,000	3,000E-1	2,400E+1	3,500E+3	3,170E+2
30,010	0,000	0,000	3,000E-1	2,400E+1	3,500E+3	2,942E+3
31,011	0,000	0,000	3,000E-1	2,400E+1	3,500E+3	3,814E+3
32,011	0,000	0,000	3,000E-1	2,400E+1	3,500E+3	3,511E+3
33,012	0,000	0,000	3,000E-1	2,400E+1	3,500E+3	3,306E+3
34,013	0,000	0,000	3,000E-1	2,400E+1	3,500E+3	3,391E+3
35,012	0,000	0,000	3,000E-1	2,400E+1	3,500E+3	3,528E+3
36,013	0,000	0,000	3,000E-1	2,400E+1	3,500E+3	3,505E+3
37,013	0,000	0,000	3,000E-1	2,400E+1	3,500E+3	3,487E+3
38,013	0,000	0,000	3,000E-1	2,400E+1	3,500E+3	3,505E+3
39,013	0,000	0,000	3,000E-1	2,400E+1	3,500E+3	3,513E+3
40,013	0,000	0,000	3,000E-1	2,400E+1	3,500E+3	3,493E+3
41,013	0,000	0,000	3,000E-1	2,400E+1	3,500E+3	3,501E+3
42,013	0,000	0,000	3,000E-1	2,400E+1	3,500E+3	3,498E+3
43,014	0,000	0,000	3,000E-1	2,400E+1	3,500E+3	3,498E+3
44,015	0,000	0,000	3,000E-1	2,400E+1	3,500E+3	3,502E+3
45,016	0,000	0,000	3,000E-1	2,400E+1	3,500E+3	3,498E+3
46,016	0,000	0,000	3,000E-1	2,400E+1	3,500E+3	3,496E+3
47,016	0,000	0,000	3,000E-1	2,400E+1	3,500E+3	3,509E+3
48,017	0,000	0,000	3,000E-1	2,400E+1	3,500E+3	3,503E+3
49,016	0,000	0,000	3,000E-1	2,400E+1	3,000E+3	3,320E+3
50,018	0,000	0,000	3,000E-1	2,400E+1	3,000E+3	3,003E+3
51,019	0,000	0,000	3,000E-1	2,400E+1	3,000E+3	2,760E+3
52,019	0,000	0,000	3,000E-1	2,400E+1	3,000E+3	2,810E+3
53,019	0,000	0,000	3,000E-1	2,400E+1	3,000E+3	3,048E+3
54,019	0,000	0,000	3,000E-1	2,400E+1	3,000E+3	3,049E+3
55,019	0,000	0,000	3,000E-1	2,400E+1	3,000E+3	3,003E+3
56,018	0,000	0,000	3,000E-1	2,400E+1	3,000E+3	2,976E+3
57,020	0,000	0,000	3,000E-1	2,400E+1	3,000E+3	2,991E+3
58,021	0,000	0,000	3,000E-1	2,400E+1	3,000E+3	3,019E+3
59,020	0,000	0,000	3,000E-1	2,400E+1	3,000E+3	3,000E+3
60,022	0,000	0,000	3,000E-1	2,400E+1	3,000E+3	3,004E+3
61,022	0,000	0,000	3,000E-1	2,400E+1	3,000E+3	3,001E+3
62,022	0,000	0,000	3,000E-1	2,400E+1	3,000E+3	2,994E+3
63,023	0,000	0,000	3,000E-1	2,400E+1	3,000E+3	3,000E+3
64,024	0,000	0,000	3,000E-1	2,400E+1	3,000E+3	3,002E+3
65,024	0,000	0,000	3,000E-1	2,400E+1	3,000E+3	3,000E+3
66,023	0,000	0,000	3,000E-1	2,400E+1	3,000E+3	3,001E+3
67,024	0,000	0,000	3,000E-1	2,400E+1	3,000E+3	2,997E+3
68,025	0,000	0,000	3,000E-1	2,400E+1	3,000E+3	3,010E+3
69,025	0,000	0,000	3,000E-1	2,400E+1	3,000E+3	2,994E+3
70,025	0,000	0,000	3,000E-1	2,400E+1	3,000E+3	3,000E+3
71,025	0,000	0,000	3,000E-1	2,400E+1	3,000E+3	3,007E+3
72,026	0,000	0,000	3,000E-1	2,400E+1	3,000E+3	2,997E+3
73,026	0,000	0,000	3,000E-1	2,400E+1	3,000E+3	3,001E+3
74,027	0,000	0,000	3,000E-1	2,400E+1	3,000E+3	3,000E+3
75,028	0,000	0,000	3,000E-1	2,400E+1	3,000E+3	3,006E+3
76,029	0,000	0,000	3,000E-1	2,400E+1	3,000E+3	3,003E+3
77,029	0,000	0,000	3,000E-1	2,400E+1	3,000E+3	2,986E+3
78,030	0,000	0,000	3,000E-1	2,400E+1	3,000E+3	3,005E+3
79,031	0,000	0,000	3,000E-1	2,400E+1	3,000E+3	3,005E+3
80,032	0,000	0,000	3,000E-1	2,400E+1	3,000E+3	2,992E+3
81,033	0,000	0,000	3,000E-1	2,400E+1	3,000E+3	2,998E+3
82,033	0,000	0,000	3,000E-1	2,400E+1	3,000E+3	3,005E+3
83,034	0,011	0,000	9,100E-1	2,400E+1	3,000E+3	2,986E+3
84,034	0,018	0,000	9,100E-1	2,400E+1	3,000E+3	2,993E+3
85,034	0,018	0,000	1,350E+0	2,400E+1	3,000E+3	3,001E+3
86,035	0,029	0,000	1,870E+0	2,400E+1	3,000E+3	2,995E+3
87,036	0,036	0,000	2,230E+0	2,400E+1	3,000E+3	2,997E+3
88,036	0,036	0,000	2,230E+0	2,400E+1	3,000E+3	2,994E+3
89,036	0,044	0,000	2,710E+0	2,400E+1	3,000E+3	2,996E+3
90,037	0,053	0,000	2,710E+0	2,400E+1	3,000E+3	3,004E+3
91,037	0,053	0,000	3,120E+0	2,400E+1	3,000E+3	3,004E+3
92,038	0,061	0,000	3,570E+0	2,400E+1	3,000E+3	2,997E+3
93,038	0,068	0,000	3,570E+0	2,400E+1	3,000E+3	2,987E+3
94,038	0,068	0,000	3,880E+0	2,400E+1	3,000E+3	2,987E+3
95,037	0,077	0,000	4,380E+0	2,400E+1	3,000E+3	3,007E+3
96,038	0,084	0,000	4,380E+0	2,400E+1	3,000E+3	3,001E+3
97,039	0,084	0,000	4,660E+0	2,400E+1	3,000E+3	2,998E+3
98,039	0,091	0,000	5,070E+0	2,400E+1	3,000E+3	3,005E+3
99,039	0,091	0,000	5,070E+0	2,400E+1	3,000E+3	2,994E+3
100,038	0,098	0,000	5,450E+0	2,400E+1	3,000E+3	3,006E+3
101,040	0,105	0,000	5,670E+0	2,400E+1	3,000E+3	2,982E+3
102,041	0,110	0,000	5,670E+0	2,400E+1	3,000E+3	3,003E+3
103,042	0,110	0,000	6,040E+0	2,400E+1	3,000E+3	2,994E+3
104,043	0,116	0,000	6,240E+0	2,400E+1	3,000E+3	2,996E+3
105,043	0,120	0,000	6,500E+0	2,400E+1	3,000E+3	3,005E+3
106,043	0,120	0,000	6,500E+0	2,400E+1	3,000E+3	3,001E+3
107,042	0,123	0,000	6,670E+0	2,400E+1	3,000E+3	2,998E+3
108,043	0,126	0,000	6,670E+0	2,400E+1	3,000E+3	2,995E+3
109,043	0,126	0,000	6,810E+0	2,400E+1	3,000E+3	2,992E+3
110,043	0,128	0,000	6,920E+0	2,400E+1	0,000E+0	2,509E+3
111,043	0,131	0,000	7,030E+0	2,400E+1	0,000E+0	1,238E+3
112,044	0,131	0,000	7,030E+0	2,400E+1	0,000E+0	1,302E+3
113,045	0,000	0,000	3,000E-1	2,400E+1	0,000E+0	0,000E+0
114,044	0,000	0,000	3,000E-1	2,400E+1	0,000E+0	0,000E+0
115,045	0,000	0,000	3,000E-1	2,400E+1	0,000E+0	0,000E+0
116,046	0,000	0,000	3,000E-1	2,400E+1	0,000E+0	0,000E+0
117,046	0,000	0,000	3,000E-1	2,400E+1	0,000E+0	0,000E+0
118,046	0,000	0,000	3,000E-1	2,400E+1	0,000E+0	0,000E+0
