0,000000	0,000000	0,000000	5,583364E+0
0,016953	0,000000	0,000000	5,583364E+0
0,016953	0,000000	0,000000	5,583364E+0
0,016953	0,000000	0,000000	5,583364E+0
0,016953	0,000000	0,000000	5,583364E+0
0,016953	0,000000	0,000000	5,583364E+0
0,016953	0,000000	0,000000	5,583364E+0
0,016953	0,000000	0,000000	5,583364E+0
0,016953	0,000000	0,000000	0,000000E+0
0,016953	0,000000	0,000000	0,000000E+0
0,016953	0,000000	0,000000	0,000000E+0
1,017020	0,000000	0,000000	0,000000E+0
1,017020	0,000000	0,000000	0,000000E+0
1,017020	0,000000	0,000000	0,000000E+0
1,017020	0,000000	0,000000	0,000000E+0
1,017020	0,000000	0,000000	0,000000E+0
1,017020	0,000000	0,000000	0,000000E+0
1,017020	0,000000	0,000000	0,000000E+0
1,017020	0,000000	0,000000	0,000000E+0
1,017020	0,000000	0,000000	0,000000E+0
1,017020	0,000000	0,000000	0,000000E+0
2,016444	0,000000	0,000000	0,000000E+0
2,016444	0,000000	0,000000	0,000000E+0
2,016444	0,000000	0,000000	0,000000E+0
2,016444	0,000000	0,000000	0,000000E+0
2,016444	0,000000	0,000000	0,000000E+0
2,016444	0,000000	0,000000	0,000000E+0
2,016444	0,000000	0,000000	0,000000E+0
2,016444	0,000000	0,000000	0,000000E+0
2,016444	0,000000	0,000000	0,000000E+0
2,016444	0,000000	0,000000	0,000000E+0
3,016864	0,000000	0,000000	0,000000E+0
3,016864	0,000000	0,000000	0,000000E+0
3,016864	0,000000	0,000000	0,000000E+0
3,016864	0,000000	0,000000	0,000000E+0
3,016864	0,000000	0,000000	0,000000E+0
3,016864	0,000000	0,000000	0,000000E+0
3,016864	0,000000	0,000000	0,000000E+0
3,016864	0,000000	0,000000	0,000000E+0
3,016864	0,000000	0,000000	0,000000E+0
3,016864	0,000000	0,000000	0,000000E+0
4,016317	0,000000	0,000000	0,000000E+0
4,016317	0,000000	0,000000	0,000000E+0
4,016317	0,000000	0,000000	0,000000E+0
4,016317	0,000000	0,000000	0,000000E+0
4,016317	0,000000	0,000000	0,000000E+0
4,016317	0,000000	0,000000	0,000000E+0
4,016317	0,000000	0,000000	0,000000E+0
4,016317	0,000000	0,000000	0,000000E+0
4,016317	0,000000	0,000000	0,000000E+0
4,016317	0,000000	0,000000	0,000000E+0
5,016715	0,000000	0,000000	0,000000E+0
5,016715	0,000000	0,000000	0,000000E+0
5,016715	0,000000	0,000000	0,000000E+0
5,016715	0,000000	0,000000	0,000000E+0
5,016715	0,000000	0,000000	0,000000E+0
5,016715	0,000000	0,000000	0,000000E+0
5,016715	0,000000	0,000000	0,000000E+0
5,016715	0,000000	0,000000	0,000000E+0
5,016715	0,000000	0,000000	0,000000E+0
5,016715	0,000000	0,000000	0,000000E+0
6,018138	0,000000	0,000000	0,000000E+0
6,018138	0,000000	0,000000	0,000000E+0
6,018138	0,000000	0,000000	0,000000E+0
6,018138	0,000000	0,000000	0,000000E+0
6,018138	0,000000	0,000000	0,000000E+0
6,018138	0,000000	0,000000	0,000000E+0
6,018138	0,000000	0,000000	0,000000E+0
6,018138	0,000000	0,000000	0,000000E+0
6,018138	0,000000	0,000000	0,000000E+0
6,018138	0,000000	0,000000	0,000000E+0
7,017568	0,000000	0,000000	0,000000E+0
7,017568	0,000000	0,000000	0,000000E+0
7,017568	0,000000	0,000000	0,000000E+0
7,017568	0,000000	0,000000	0,000000E+0
7,017568	0,000000	0,000000	0,000000E+0
7,017568	0,000000	0,000000	0,000000E+0
7,017568	0,000000	0,000000	0,000000E+0
7,017568	0,000000	0,000000	0,000000E+0
7,017568	0,000000	0,000000	0,000000E+0
7,017568	0,000000	0,000000	0,000000E+0
8,018009	0,000000	0,000000	0,000000E+0
8,018009	0,000000	0,000000	0,000000E+0
8,018009	0,000000	0,000000	0,000000E+0
8,018009	0,000000	0,000000	0,000000E+0
8,018009	0,000000	0,000000	0,000000E+0
8,018009	0,000000	0,000000	0,000000E+0
8,018009	0,000000	0,000000	0,000000E+0
8,018009	0,000000	0,000000	0,000000E+0
8,018009	0,000000	0,000000	0,000000E+0
8,018009	0,000000	0,000000	0,000000E+0
9,017411	0,000000	0,000000	0,000000E+0
9,017411	0,000000	0,000000	0,000000E+0
9,017411	0,000000	0,000000	0,000000E+0
9,017411	0,000000	0,000000	0,000000E+0
9,017411	0,000000	0,000000	0,000000E+0
9,017411	0,000000	0,000000	0,000000E+0
9,017411	0,000000	0,000000	0,000000E+0
9,017411	0,000000	0,000000	0,000000E+0
9,017411	0,000000	0,000000	0,000000E+0
9,017411	0,000000	0,000000	0,000000E+0
10,018868	0,000000	0,000000	0,000000E+0
10,018868	0,000000	0,000000	0,000000E+0
10,018868	0,000000	0,000000	0,000000E+0
10,018868	0,000000	0,000000	0,000000E+0
10,018868	0,000000	0,000000	0,000000E+0
10,018868	0,000000	0,000000	0,000000E+0
10,018868	0,000000	0,000000	0,000000E+0
10,018868	0,000000	0,000000	0,000000E+0
10,018868	0,000000	0,000000	0,000000E+0
10,018868	0,000000	0,000000	0,000000E+0
11,019259	0,000000	0,000000	0,000000E+0
11,019259	0,000000	0,000000	0,000000E+0
11,019259	0,000000	0,000000	0,000000E+0
11,019259	0,000000	0,000000	0,000000E+0
11,019259	0,000000	0,000000	0,000000E+0
11,019259	0,000000	0,000000	0,000000E+0
11,019259	0,000000	0,000000	0,000000E+0
11,019259	0,000000	0,000000	0,000000E+0
11,019259	0,000000	0,000000	0,000000E+0
11,019259	0,000000	0,000000	0,000000E+0
12,019685	0,000000	0,000000	0,000000E+0
12,019685	0,000000	0,000000	0,000000E+0
12,019685	0,000000	0,000000	0,000000E+0
12,019685	0,000000	0,000000	0,000000E+0
12,019685	0,000000	0,000000	0,000000E+0
12,019685	0,000000	0,000000	0,000000E+0
12,019685	0,000000	0,000000	0,000000E+0
12,019685	0,000000	0,000000	0,000000E+0
12,019685	0,000000	0,000000	0,000000E+0
12,019685	0,000000	0,000000	0,000000E+0
13,020112	0,000000	0,000000	0,000000E+0
13,020112	0,000000	0,000000	0,000000E+0
13,020112	0,000000	0,000000	0,000000E+0
13,020112	0,000000	0,000000	0,000000E+0
13,020112	0,000000	0,000000	0,000000E+0
13,020112	0,000000	0,000000	0,000000E+0
13,020112	0,000000	0,000000	0,000000E+0
13,020112	0,000000	0,000000	0,000000E+0
13,020112	0,000000	0,000000	0,000000E+0
13,020112	0,000000	0,000000	0,000000E+0
14,019534	0,000000	0,000000	0,000000E+0
14,019534	0,000000	0,000000	0,000000E+0
14,019534	0,000000	0,000000	0,000000E+0
14,019534	0,000000	0,000000	0,000000E+0
14,019534	0,000000	0,000000	0,000000E+0
14,019534	0,000000	0,000000	0,000000E+0
14,019534	0,000000	0,000000	0,000000E+0
14,019534	0,000000	0,000000	0,000000E+0
14,019534	0,000000	0,000000	0,000000E+0
14,019534	0,000000	0,000000	0,000000E+0
15,020953	0,000000	0,000000	0,000000E+0
15,020953	0,000000	0,000000	0,000000E+0
15,020953	0,000000	0,000000	0,000000E+0
15,020953	0,000000	0,000000	0,000000E+0
15,020953	0,000000	0,000000	0,000000E+0
15,020953	0,000000	0,000000	0,000000E+0
15,020953	0,000000	210,000000	0,000000E+0
15,020953	0,000000	210,000000	0,000000E+0
15,020953	0,000000	210,000000	0,000000E+0
15,020953	0,000000	210,000000	0,000000E+0
16,021410	0,000000	210,000000	0,000000E+0
16,021410	0,000000	210,000000	0,000000E+0
16,021410	0,000000	210,000000	0,000000E+0
16,021410	0,000000	210,000000	0,000000E+0
16,021410	0,000000	210,000000	0,000000E+0
16,021410	0,000000	210,000000	0,000000E+0
16,021410	0,000000	210,000000	0,000000E+0
16,021410	0,000000	210,000000	0,000000E+0
16,021410	0,000000	210,000000	0,000000E+0
16,021410	0,000000	210,000000	0,000000E+0
17,021807	0,000000	210,000000	0,000000E+0
17,021807	0,000000	210,000000	0,000000E+0
17,021807	0,000000	210,000000	0,000000E+0
17,021807	0,000000	210,000000	0,000000E+0
17,021807	0,000000	210,000000	0,000000E+0
17,021807	0,000000	210,000000	0,000000E+0
17,021807	0,000000	210,000000	0,000000E+0
17,021807	0,000000	210,000000	0,000000E+0
17,021807	0,000000	210,000000	0,000000E+0
17,021807	0,000000	210,000000	0,000000E+0
18,022237	0,000000	210,000000	0,000000E+0
18,022237	0,000000	210,000000	0,000000E+0
18,022237	0,000000	210,000000	0,000000E+0
18,022237	0,000000	210,000000	0,000000E+0
18,022237	0,000000	210,000000	0,000000E+0
18,022237	0,000000	210,000000	0,000000E+0
18,022237	0,000000	210,000000	0,000000E+0
18,022237	0,000000	210,000000	0,000000E+0
18,022237	0,000000	210,000000	0,000000E+0
18,022237	0,000000	210,000000	0,000000E+0
19,021655	0,000000	210,000000	0,000000E+0
19,021655	0,000000	210,000000	0,000000E+0
19,021655	0,000000	210,000000	0,000000E+0
19,021655	0,000000	210,000000	0,000000E+0
19,021655	0,000000	210,000000	0,000000E+0
19,021655	0,000000	210,000000	0,000000E+0
19,021655	0,000000	210,000000	0,000000E+0
19,021655	0,000000	210,000000	0,000000E+0
19,021655	0,000000	210,000000	0,000000E+0
19,021655	0,000000	210,000000	0,000000E+0
20,023143	0,000000	210,000000	0,000000E+0
20,023143	0,000000	210,000000	0,000000E+0
20,023143	0,000000	210,000000	0,000000E+0
20,023143	0,000000	210,000000	0,000000E+0
20,023143	0,000000	210,000000	0,000000E+0
20,023143	0,000000	210,000000	0,000000E+0
20,023143	0,000000	210,000000	0,000000E+0
20,023143	0,000000	210,000000	0,000000E+0
20,023143	0,000000	210,000000	0,000000E+0
20,023143	0,000000	210,000000	0,000000E+0
21,023515	0,000000	210,000000	0,000000E+0
21,023515	0,000000	210,000000	0,000000E+0
21,023515	0,000000	210,000000	0,000000E+0
21,023515	0,000000	210,000000	0,000000E+0
21,023515	0,000000	210,000000	0,000000E+0
21,023515	0,000000	210,000000	0,000000E+0
21,023515	0,000000	210,000000	0,000000E+0
21,023515	0,000000	210,000000	0,000000E+0
21,023515	0,000000	210,000000	0,000000E+0
21,023515	0,000000	210,000000	0,000000E+0
22,023944	0,000000	210,000000	0,000000E+0
22,023944	0,000000	210,000000	0,000000E+0
22,023944	0,000000	210,000000	0,000000E+0
22,023944	0,000000	210,000000	0,000000E+0
22,023944	0,000000	210,000000	0,000000E+0
22,023944	0,000000	210,000000	0,000000E+0
22,023944	0,000000	210,000000	0,000000E+0
22,023944	0,000000	210,000000	0,000000E+0
22,023944	0,000000	210,000000	0,000000E+0
22,023944	0,000000	210,000000	0,000000E+0
23,023439	0,000000	210,000000	0,000000E+0
23,023439	0,000000	210,000000	0,000000E+0
23,023439	0,000000	210,000000	0,000000E+0
23,023439	0,000000	210,000000	0,000000E+0
23,023439	0,000000	210,000000	0,000000E+0
23,023439	0,000000	210,000000	0,000000E+0
23,023439	0,000000	210,000000	0,000000E+0
23,023439	0,000000	210,000000	0,000000E+0
23,023439	0,000000	210,000000	0,000000E+0
23,023439	0,000000	210,000000	0,000000E+0
24,024803	0,000000	210,000000	0,000000E+0
24,024803	0,000000	210,000000	0,000000E+0
24,024803	0,000000	210,000000	0,000000E+0
24,024803	0,000000	210,000000	0,000000E+0
24,024803	0,000000	210,000000	0,000000E+0
24,024803	0,000000	210,000000	0,000000E+0
24,024803	0,000000	210,000000	0,000000E+0
24,024803	0,000000	210,000000	0,000000E+0
24,024803	0,000000	210,000000	0,000000E+0
24,024803	0,000000	210,000000	0,000000E+0
25,025219	0,000000	210,000000	0,000000E+0
25,025219	0,000000	210,000000	0,000000E+0
25,025219	0,000000	210,000000	0,000000E+0
25,025219	0,000000	210,000000	0,000000E+0
25,025219	0,000000	210,000000	0,000000E+0
25,025219	0,000000	210,000000	0,000000E+0
25,025219	0,000000	210,000000	0,000000E+0
25,025219	0,000000	210,000000	0,000000E+0
25,025219	0,000000	210,000000	0,000000E+0
25,025219	0,000000	210,000000	0,000000E+0
26,024625	0,000000	210,000000	0,000000E+0
26,024625	0,000000	210,000000	0,000000E+0
26,024625	0,000000	210,000000	0,000000E+0
26,024625	0,000000	210,000000	0,000000E+0
26,024625	0,000000	210,000000	0,000000E+0
26,024625	0,000000	210,000000	0,000000E+0
26,024625	0,000000	210,000000	0,000000E+0
26,024625	0,000000	210,000000	0,000000E+0
26,024625	0,000000	210,000000	0,000000E+0
26,024625	0,000000	210,000000	0,000000E+0
27,025069	0,000000	210,000000	0,000000E+0
27,025069	0,000000	210,000000	0,000000E+0
27,025069	0,000000	210,000000	0,000000E+0
27,025069	0,000000	210,000000	0,000000E+0
27,025069	0,000000	210,000000	0,000000E+0
27,025069	0,000000	210,000000	0,000000E+0
27,025069	0,000000	210,000000	0,000000E+0
27,025069	0,000000	210,000000	0,000000E+0
27,025069	0,000000	210,000000	0,000000E+0
27,025069	0,000000	210,000000	0,000000E+0
28,024490	0,000000	210,000000	0,000000E+0
28,024490	0,000000	210,000000	0,000000E+0
28,024490	0,000000	210,000000	0,000000E+0
28,024490	0,000000	210,000000	0,000000E+0
28,024490	0,000000	210,000000	0,000000E+0
28,024490	0,000000	210,000000	0,000000E+0
28,024490	0,000000	210,000000	0,000000E+0
28,024490	0,000000	210,000000	0,000000E+0
28,024490	0,000000	210,000000	0,000000E+0
28,024490	0,000000	210,000000	0,000000E+0
29,025895	0,000000	210,000000	0,000000E+0
29,025895	0,000000	210,000000	0,000000E+0
29,025895	0,000000	210,000000	0,000000E+0
29,025895	0,000000	210,000000	0,000000E+0
29,025895	0,000000	210,000000	0,000000E+0
29,025895	0,000000	210,000000	0,000000E+0
29,025895	0,000000	210,000000	0,000000E+0
29,025895	0,000000	210,000000	0,000000E+0
29,025895	0,000000	210,000000	0,000000E+0
29,025895	0,000000	210,000000	0,000000E+0
30,025316	0,000000	210,000000	0,000000E+0
30,025316	0,000000	210,000000	0,000000E+0
30,025316	0,000000	210,000000	0,000000E+0
30,025316	0,000000	210,000000	0,000000E+0
30,025316	0,000000	210,000000	0,000000E+0
30,025316	0,000000	210,000000	0,000000E+0
30,025316	0,000000	210,000000	0,000000E+0
30,025316	0,000000	210,000000	0,000000E+0
30,025316	0,000000	210,000000	0,000000E+0
30,025316	0,000000	210,000000	0,000000E+0
31,025754	0,000000	210,000000	0,000000E+0
31,025754	0,000000	210,000000	0,000000E+0
31,025754	0,000000	210,000000	0,000000E+0
31,025754	0,000000	210,000000	0,000000E+0
31,025754	0,000000	210,000000	0,000000E+0
31,025754	0,000000	210,000000	0,000000E+0
31,025754	0,000000	210,000000	0,000000E+0
31,025754	0,000000	210,000000	0,000000E+0
31,025754	0,000000	210,000000	0,000000E+0
31,025754	0,000000	210,000000	0,000000E+0
32,027195	0,000000	210,000000	0,000000E+0
32,027195	0,000000	210,000000	0,000000E+0
32,027195	0,000000	210,000000	0,000000E+0
32,027195	0,000000	210,000000	0,000000E+0
32,027195	0,000000	210,000000	0,000000E+0
32,027195	0,000000	210,000000	0,000000E+0
32,027195	0,000000	210,000000	0,000000E+0
32,027195	0,000000	210,000000	0,000000E+0
32,027195	0,000000	210,000000	0,000000E+0
32,027195	0,000000	210,000000	0,000000E+0
33,026644	0,000000	210,000000	0,000000E+0
33,026644	0,000000	210,000000	0,000000E+0
33,026644	0,000000	210,000000	0,000000E+0
33,026644	0,000000	210,000000	0,000000E+0
33,026644	0,000000	210,000000	0,000000E+0
33,026644	0,000000	210,000000	0,000000E+0
33,026644	0,000000	210,000000	0,000000E+0
33,026644	0,000000	210,000000	0,000000E+0
33,026644	0,000000	210,000000	0,000000E+0
33,026644	0,000000	210,000000	0,000000E+0
34,027029	0,000000	210,000000	0,000000E+0
34,027029	0,000000	210,000000	0,000000E+0
34,027029	0,000000	210,000000	0,000000E+0
34,027029	0,000000	210,000000	0,000000E+0
34,027029	0,000000	210,000000	0,000000E+0
34,027029	0,000000	210,000000	0,000000E+0
34,027029	0,000000	210,000000	0,000000E+0
34,027029	0,000000	210,000000	0,000000E+0
34,027029	0,000000	210,000000	0,000000E+0
34,027029	0,000000	210,000000	0,000000E+0
35,026456	0,000000	210,000000	0,000000E+0
35,026456	0,000000	210,000000	0,000000E+0
35,026456	0,000000	210,000000	0,000000E+0
35,026456	0,000000	210,000000	0,000000E+0
35,026456	0,000000	210,000000	0,000000E+0
35,026456	0,000000	210,000000	0,000000E+0
35,026456	0,000000	210,000000	0,000000E+0
35,026456	0,000000	210,000000	0,000000E+0
35,026456	0,000000	210,000000	0,000000E+0
35,026456	0,000000	210,000000	0,000000E+0
36,027896	0,000000	210,000000	0,000000E+0
36,027896	0,000000	210,000000	0,000000E+0
36,027896	0,000000	210,000000	0,000000E+0
36,027896	0,000000	210,000000	0,000000E+0
36,027896	0,000000	210,000000	0,000000E+0
36,027896	0,000000	210,000000	0,000000E+0
36,027896	0,000000	210,000000	0,000000E+0
36,027896	0,000000	210,000000	0,000000E+0
36,027896	0,000000	210,000000	0,000000E+0
36,027896	0,000000	210,000000	0,000000E+0
37,027396	0,000000	210,000000	0,000000E+0
37,027396	0,000000	210,000000	0,000000E+0
37,027396	0,000000	210,000000	0,000000E+0
37,027396	0,000000	210,000000	0,000000E+0
37,027396	0,000000	210,000000	0,000000E+0
37,027396	0,000000	210,000000	0,000000E+0
37,027396	0,000000	210,000000	0,000000E+0
37,027396	0,000000	210,000000	0,000000E+0
37,027396	0,000000	210,000000	0,000000E+0
37,027396	0,000000	210,000000	0,000000E+0
38,027885	0,000000	210,000000	0,000000E+0
38,027885	0,000000	210,000000	0,000000E+0
38,027885	0,000000	210,000000	0,000000E+0
38,027885	0,000000	210,000000	0,000000E+0
38,027885	0,000000	210,000000	0,000000E+0
38,027885	0,000000	210,000000	0,000000E+0
38,027885	0,000000	210,000000	0,000000E+0
38,027885	0,000000	210,000000	0,000000E+0
38,027885	0,000000	210,000000	0,000000E+0
38,027885	0,000000	210,000000	0,000000E+0
39,029134	0,000000	210,000000	0,000000E+0
39,029134	0,000000	210,000000	0,000000E+0
39,029134	0,000000	210,000000	0,000000E+0
39,029134	0,000000	210,000000	0,000000E+0
39,029134	0,000000	210,000000	0,000000E+0
39,029134	0,000000	210,000000	0,000000E+0
39,029134	0,000000	210,000000	0,000000E+0
39,029134	0,000000	210,000000	0,000000E+0
39,029134	0,000000	210,000000	0,000000E+0
39,029134	0,000000	210,000000	0,000000E+0
40,028575	0,000000	210,000000	0,000000E+0
40,028575	0,000000	210,000000	0,000000E+0
40,028575	0,000000	210,000000	0,000000E+0
40,028575	0,000000	210,000000	0,000000E+0
40,028575	0,000000	210,000000	0,000000E+0
40,028575	0,000000	210,000000	0,000000E+0
40,028575	0,000000	210,000000	0,000000E+0
40,028575	0,000000	210,000000	0,000000E+0
40,028575	0,000000	210,000000	0,000000E+0
40,028575	0,000000	210,000000	0,000000E+0
41,028983	0,000000	210,000000	0,000000E+0
41,028983	0,000000	210,000000	0,000000E+0
41,028983	0,000000	210,000000	0,000000E+0
41,028983	0,000000	210,000000	0,000000E+0
41,028983	0,000000	210,000000	0,000000E+0
41,028983	0,000000	210,000000	0,000000E+0
41,028983	0,000000	210,000000	0,000000E+0
41,028983	0,000000	210,000000	0,000000E+0
41,028983	0,000000	210,000000	0,000000E+0
41,028983	0,000000	210,000000	0,000000E+0
42,028434	0,000000	210,000000	0,000000E+0
42,028434	0,000000	210,000000	0,000000E+0
42,028434	0,000000	210,000000	0,000000E+0
42,028434	0,000000	210,000000	0,000000E+0
42,028434	0,000000	210,000000	0,000000E+0
42,028434	0,000000	210,000000	0,000000E+0
42,028434	0,000000	210,000000	0,000000E+0
42,028434	0,000000	210,000000	0,000000E+0
42,028434	0,000000	210,000000	0,000000E+0
42,028434	0,000000	210,000000	0,000000E+0
43,028866	0,000000	210,000000	0,000000E+0
43,028866	0,000000	210,000000	0,000000E+0
43,028866	0,000000	210,000000	0,000000E+0
43,028866	0,000000	210,000000	0,000000E+0
43,028866	0,000000	210,000000	0,000000E+0
43,028866	0,000000	210,000000	0,000000E+0
43,028866	0,000000	210,000000	0,000000E+0
43,028866	0,000000	210,000000	0,000000E+0
43,028866	0,000000	210,000000	0,000000E+0
43,028866	0,000000	210,000000	0,000000E+0
44,030274	0,000000	210,000000	0,000000E+0
44,030274	0,000000	210,000000	0,000000E+0
44,030274	0,000000	210,000000	0,000000E+0
44,030274	0,000000	210,000000	0,000000E+0
44,030274	0,000000	210,000000	0,000000E+0
44,030274	0,000000	210,000000	0,000000E+0
44,030274	0,000000	210,000000	0,000000E+0
44,030274	0,000000	210,000000	0,000000E+0
44,030274	0,000000	210,000000	0,000000E+0
44,030274	0,000000	210,000000	0,000000E+0
45,030695	0,000000	210,000000	0,000000E+0
45,030695	0,000000	210,000000	0,000000E+0
45,030695	0,000000	210,000000	0,000000E+0
45,030695	0,000000	210,000000	0,000000E+0
45,030695	0,000000	210,000000	0,000000E+0
45,030695	0,000000	210,000000	0,000000E+0
45,030695	0,000000	210,000000	0,000000E+0
45,030695	0,000000	210,000000	0,000000E+0
45,030695	0,000000	210,000000	0,000000E+0
45,030695	0,000000	210,000000	0,000000E+0
46,031121	0,000000	210,000000	0,000000E+0
46,031121	0,000000	210,000000	0,000000E+0
46,031121	0,000000	210,000000	0,000000E+0
46,031121	0,000000	210,000000	0,000000E+0
46,031121	0,000000	210,000000	0,000000E+0
46,031121	0,000000	210,000000	0,000000E+0
46,031121	0,000000	210,000000	0,000000E+0
46,031121	0,000000	210,000000	0,000000E+0
46,031121	0,000000	210,000000	0,000000E+0
46,031121	0,000000	210,000000	0,000000E+0
47,030535	0,000000	210,000000	0,000000E+0
47,030535	0,000000	210,000000	0,000000E+0
47,030535	0,000000	210,000000	0,000000E+0
47,030535	0,000000	210,000000	0,000000E+0
47,030535	0,000000	210,000000	0,000000E+0
47,030535	0,000000	210,000000	0,000000E+0
47,030535	0,000000	210,000000	0,000000E+0
47,030535	0,000000	210,000000	0,000000E+0
47,030535	0,000000	210,000000	0,000000E+0
47,030535	0,000000	210,000000	0,000000E+0
48,030981	0,000000	210,000000	0,000000E+0
48,030981	0,000000	210,000000	0,000000E+0
48,030981	0,000000	210,000000	0,000000E+0
48,030981	0,000000	210,000000	0,000000E+0
48,030981	0,000000	210,000000	0,000000E+0
48,030981	0,000000	210,000000	0,000000E+0
48,030981	0,000000	210,000000	0,000000E+0
48,030981	0,000000	210,000000	0,000000E+0
48,030981	0,000000	210,000000	0,000000E+0
48,030981	0,000000	210,000000	0,000000E+0
49,030402	0,000000	210,000000	0,000000E+0
49,030402	0,000000	210,000000	0,000000E+0
49,030402	0,000000	210,000000	0,000000E+0
49,030402	0,000000	210,000000	0,000000E+0
49,030402	0,000000	210,000000	0,000000E+0
49,030402	0,000000	210,000000	0,000000E+0
49,030402	0,000000	210,000000	0,000000E+0
49,030402	0,000000	210,000000	0,000000E+0
49,030402	0,000000	210,000000	0,000000E+0
49,030402	0,000000	210,000000	0,000000E+0
50,030821	0,000000	210,000000	0,000000E+0
50,030821	0,000000	210,000000	0,000000E+0
50,030821	0,000000	210,000000	0,000000E+0
50,030821	0,000000	210,000000	0,000000E+0
50,030821	0,000000	210,000000	0,000000E+0
50,030821	0,000000	210,000000	0,000000E+0
50,030821	0,000000	210,000000	0,000000E+0
50,030821	0,000000	210,000000	0,000000E+0
50,030821	0,000000	210,000000	0,000000E+0
50,030821	0,000000	210,000000	0,000000E+0
51,031230	0,000000	210,000000	0,000000E+0
51,031230	0,000000	210,000000	0,000000E+0
51,031230	0,000000	210,000000	0,000000E+0
51,031230	0,000000	210,000000	0,000000E+0
51,031230	0,000000	210,000000	0,000000E+0
51,031230	0,000000	210,000000	0,000000E+0
51,031230	0,000000	210,000000	0,000000E+0
51,031230	0,000000	210,000000	0,000000E+0
51,031230	0,000000	210,000000	0,000000E+0
51,031230	0,000000	210,000000	0,000000E+0
52,030671	0,000000	210,000000	0,000000E+0
52,030671	0,000000	210,000000	0,000000E+0
52,030671	0,000000	210,000000	0,000000E+0
52,030671	0,000000	210,000000	0,000000E+0
52,030671	0,000000	210,000000	0,000000E+0
52,030671	0,000000	210,000000	0,000000E+0
52,030671	0,000000	210,000000	0,000000E+0
52,030671	0,000000	210,000000	0,000000E+0
52,030671	0,000000	210,000000	0,000000E+0
52,030671	0,000000	210,000000	0,000000E+0
53,031083	0,000000	210,000000	0,000000E+0
53,031083	0,000000	210,000000	0,000000E+0
53,031083	0,000000	210,000000	0,000000E+0
53,031083	0,000000	210,000000	0,000000E+0
53,031083	0,000000	210,000000	0,000000E+0
53,031083	0,000000	210,000000	0,000000E+0
53,031083	0,000000	210,000000	0,000000E+0
53,031083	0,000000	210,000000	0,000000E+0
53,031083	0,000000	210,000000	0,000000E+0
53,031083	0,000000	210,000000	0,000000E+0
54,030529	0,000000	210,000000	0,000000E+0
54,030529	0,000000	210,000000	0,000000E+0
54,030529	0,000000	210,000000	0,000000E+0
54,030529	0,000000	210,000000	0,000000E+0
54,030529	0,000000	210,000000	0,000000E+0
54,030529	0,000000	210,000000	0,000000E+0
54,030529	0,000000	210,000000	0,000000E+0
54,030529	0,000000	210,000000	0,000000E+0
54,030529	0,000000	210,000000	0,000000E+0
54,030529	0,000000	210,000000	0,000000E+0
55,030957	0,000000	210,000000	0,000000E+0
55,030957	0,000000	210,000000	0,000000E+0
55,030957	0,000000	210,000000	0,000000E+0
55,030957	0,000000	210,000000	0,000000E+0
55,030957	0,000000	210,000000	0,000000E+0
55,030957	0,000000	210,000000	0,000000E+0
55,030957	0,000000	210,000000	0,000000E+0
55,030957	0,000000	210,000000	0,000000E+0
55,030957	0,000000	210,000000	0,000000E+0
55,030957	0,000000	210,000000	0,000000E+0
56,030372	0,000000	210,000000	0,000000E+0
56,030372	0,000000	210,000000	0,000000E+0
56,030372	0,000000	210,000000	0,000000E+0
56,030372	0,000000	210,000000	0,000000E+0
56,030372	0,000000	210,000000	0,000000E+0
56,030372	0,000000	210,000000	0,000000E+0
56,030372	0,000000	210,000000	0,000000E+0
56,030372	0,000000	210,000000	0,000000E+0
56,030372	0,000000	210,000000	0,000000E+0
56,030372	0,000000	210,000000	0,000000E+0
57,030796	0,000000	210,000000	0,000000E+0
57,030796	0,000000	210,000000	0,000000E+0
57,030796	0,000000	210,000000	0,000000E+0
57,030796	0,000000	210,000000	0,000000E+0
57,030796	0,000000	210,000000	0,000000E+0
57,030796	0,000000	210,000000	0,000000E+0
57,030796	0,000000	210,000000	0,000000E+0
57,030796	0,000000	210,000000	0,000000E+0
57,030796	0,000000	210,000000	0,000000E+0
57,030796	0,000000	210,000000	0,000000E+0
58,031241	0,000000	210,000000	0,000000E+0
58,031241	0,000000	210,000000	0,000000E+0
58,031241	0,000000	210,000000	0,000000E+0
58,031241	0,000000	210,000000	0,000000E+0
58,031241	0,000000	210,000000	0,000000E+0
58,031241	0,000000	210,000000	0,000000E+0
58,031241	0,000000	210,000000	0,000000E+0
58,031241	0,000000	210,000000	0,000000E+0
58,031241	0,000000	210,000000	0,000000E+0
58,031241	0,000000	210,000000	0,000000E+0
59,030647	0,000000	210,000000	0,000000E+0
59,030647	0,000000	210,000000	0,000000E+0
59,030647	0,000000	210,000000	0,000000E+0
59,030647	0,000000	210,000000	0,000000E+0
59,030647	0,000000	210,000000	0,000000E+0
59,030647	0,000000	210,000000	0,000000E+0
59,030647	0,000000	210,000000	0,000000E+0
59,030647	0,000000	210,000000	0,000000E+0
59,030647	0,000000	210,000000	0,000000E+0
59,030647	0,000000	210,000000	0,000000E+0
60,031073	0,000000	210,000000	0,000000E+0
60,031073	0,000000	210,000000	0,000000E+0
60,031073	0,000000	210,000000	0,000000E+0
60,031073	0,000000	210,000000	0,000000E+0
60,031073	0,000000	210,000000	0,000000E+0
60,031073	0,000000	210,000000	0,000000E+0
60,031073	0,000000	210,000000	0,000000E+0
60,031073	0,000000	210,000000	0,000000E+0
60,031073	0,000000	210,000000	0,000000E+0
60,031073	0,000000	210,000000	0,000000E+0
61,030481	0,000000	210,000000	0,000000E+0
61,030481	0,000000	210,000000	0,000000E+0
61,030481	0,000000	210,000000	0,000000E+0
61,030481	0,000000	210,000000	0,000000E+0
61,030481	0,000000	210,000000	0,000000E+0
61,030481	0,000000	210,000000	0,000000E+0
61,030481	0,000000	210,000000	0,000000E+0
61,030481	0,000000	210,000000	0,000000E+0
61,030481	0,000000	210,000000	0,000000E+0
61,030481	0,000000	210,000000	0,000000E+0
62,031899	0,000000	210,000000	0,000000E+0
62,031899	0,000000	210,000000	0,000000E+0
62,031899	0,000000	210,000000	0,000000E+0
62,031899	0,000000	210,000000	0,000000E+0
62,031899	0,000000	210,000000	0,000000E+0
62,031899	0,000000	210,000000	0,000000E+0
62,031899	0,000000	210,000000	0,000000E+0
62,031899	0,000000	210,000000	0,000000E+0
62,031899	0,000000	210,000000	0,000000E+0
62,031899	0,000000	210,000000	0,000000E+0
63,031332	0,000000	210,000000	0,000000E+0
63,031332	0,000000	210,000000	0,000000E+0
63,031332	0,000000	210,000000	0,000000E+0
63,031332	0,000000	210,000000	0,000000E+0
63,031332	0,000000	210,000000	0,000000E+0
63,031332	0,000000	210,000000	0,000000E+0
63,031332	0,000000	210,000000	0,000000E+0
63,031332	0,000000	210,000000	0,000000E+0
63,031332	0,000000	210,000000	0,000000E+0
63,031332	0,000000	210,000000	0,000000E+0
64,031853	0,000000	210,000000	0,000000E+0
64,031853	0,000000	210,000000	0,000000E+0
64,031853	0,000000	210,000000	0,000000E+0
64,031853	0,000000	210,000000	0,000000E+0
64,031853	0,000000	210,000000	0,000000E+0
64,031853	0,000000	210,000000	0,000000E+0
64,031853	0,000000	210,000000	0,000000E+0
64,031853	0,000000	210,000000	0,000000E+0
64,031853	0,000000	210,000000	0,000000E+0
64,031853	0,000000	210,000000	0,000000E+0
65,032219	0,000000	210,000000	0,000000E+0
65,032219	0,000000	210,000000	0,000000E+0
65,032219	0,000000	210,000000	0,000000E+0
65,032219	0,000000	210,000000	0,000000E+0
65,032219	0,000000	210,000000	0,000000E+0
65,032219	0,000000	210,000000	0,000000E+0
65,032219	0,000000	210,000000	0,000000E+0
65,032219	0,000000	210,000000	0,000000E+0
65,032219	0,000000	210,000000	0,000000E+0
65,032219	0,000000	210,000000	0,000000E+0
66,031609	0,000000	210,000000	0,000000E+0
66,031609	0,000000	210,000000	0,000000E+0
66,031609	0,000000	210,000000	0,000000E+0
66,031609	0,000000	210,000000	0,000000E+0
66,031609	0,000000	210,000000	0,000000E+0
66,031609	0,000000	210,000000	0,000000E+0
66,031609	0,000000	210,000000	0,000000E+0
66,031609	0,000000	210,000000	0,000000E+0
66,031609	0,000000	210,000000	0,000000E+0
66,031609	0,000000	210,000000	0,000000E+0
67,032035	0,000000	210,000000	0,000000E+0
67,032035	0,000000	210,000000	0,000000E+0
67,032035	0,000000	210,000000	0,000000E+0
67,032035	0,000000	210,000000	0,000000E+0
67,032035	0,000000	210,000000	0,000000E+0
67,032035	0,000000	210,000000	0,000000E+0
67,032035	0,000000	210,000000	0,000000E+0
67,032035	0,000000	210,000000	0,000000E+0
67,032035	0,000000	210,000000	0,000000E+0
67,032035	0,000000	210,000000	0,000000E+0
68,031449	0,000000	210,000000	0,000000E+0
68,031449	0,000000	210,000000	0,000000E+0
68,031449	0,000000	210,000000	0,000000E+0
68,031449	0,000000	210,000000	0,000000E+0
68,031449	0,000000	210,000000	0,000000E+0
68,031449	0,000000	210,000000	0,000000E+0
68,031449	0,000000	210,000000	0,000000E+0
68,031449	0,000000	210,000000	0,000000E+0
68,031449	0,000000	210,000000	0,000000E+0
68,031449	0,000000	210,000000	0,000000E+0
69,031960	0,000000	210,000000	0,000000E+0
69,031960	0,000000	210,000000	0,000000E+0
69,031960	0,000000	210,000000	0,000000E+0
69,031960	0,000000	210,000000	0,000000E+0
69,031960	0,000000	210,000000	0,000000E+0
69,031960	0,000000	210,000000	0,000000E+0
69,031960	0,000000	210,000000	0,000000E+0
69,031960	0,000000	210,000000	0,000000E+0
69,031960	0,000000	210,000000	0,000000E+0
69,031960	0,000000	210,000000	0,000000E+0
70,032297	0,000000	210,000000	0,000000E+0
70,032297	0,000000	210,000000	0,000000E+0
70,032297	0,000000	210,000000	0,000000E+0
70,032297	0,000000	210,000000	0,000000E+0
70,032297	0,000000	210,000000	0,000000E+0
70,032297	0,000000	210,000000	0,000000E+0
70,032297	0,000000	210,000000	0,000000E+0
70,032297	0,000000	210,000000	0,000000E+0
70,032297	0,000000	210,000000	0,000000E+0
70,032297	0,000000	210,000000	0,000000E+0
71,032736	0,000000	210,000000	0,000000E+0
71,032736	0,000000	210,000000	0,000000E+0
71,032736	0,000000	210,000000	0,000000E+0
71,032736	0,000000	210,000000	0,000000E+0
71,032736	0,000000	210,000000	0,000000E+0
71,032736	0,000000	210,000000	0,000000E+0
71,032736	0,000000	210,000000	0,000000E+0
71,032736	0,000000	210,000000	0,000000E+0
71,032736	0,000000	210,000000	0,000000E+0
71,032736	0,000000	210,000000	0,000000E+0
72,034159	0,000000	210,000000	0,000000E+0
72,034159	0,000000	210,000000	0,000000E+0
72,034159	0,000000	210,000000	0,000000E+0
72,034159	0,000000	210,000000	0,000000E+0
72,034159	0,000000	210,000000	0,000000E+0
72,034159	0,000000	210,000000	0,000000E+0
72,034159	0,000000	210,000000	0,000000E+0
72,034159	0,000000	210,000000	0,000000E+0
72,034159	0,000000	210,000000	0,000000E+0
72,034159	0,000000	210,000000	0,000000E+0
73,034592	0,000000	210,000000	0,000000E+0
73,034592	0,000000	210,000000	0,000000E+0
73,034592	0,000000	210,000000	0,000000E+0
73,034592	0,000000	210,000000	0,000000E+0
73,034592	0,000000	210,000000	0,000000E+0
73,034592	0,000000	210,000000	0,000000E+0
73,034592	0,000000	210,000000	0,000000E+0
73,034592	0,000000	210,000000	0,000000E+0
73,034592	0,000000	210,000000	0,000000E+0
73,034592	0,000000	210,000000	0,000000E+0
74,036006	0,000000	210,000000	0,000000E+0
74,036006	0,000000	210,000000	0,000000E+0
74,036006	0,000000	210,000000	0,000000E+0
74,036006	0,000000	210,000000	0,000000E+0
74,036006	0,000000	210,000000	0,000000E+0
74,036006	0,000000	210,000000	0,000000E+0
74,036006	0,000000	210,000000	0,000000E+0
74,036006	0,000000	210,000000	0,000000E+0
74,036006	0,000000	210,000000	0,000000E+0
74,036006	0,000000	210,000000	0,000000E+0
75,035433	0,000000	210,000000	0,000000E+0
75,035433	0,000000	210,000000	0,000000E+0
75,035433	0,000000	210,000000	0,000000E+0
75,035433	0,000000	210,000000	0,000000E+0
75,035433	0,000000	210,000000	0,000000E+0
75,035433	0,000000	210,000000	0,000000E+0
75,035433	0,000000	210,000000	0,000000E+0
75,035433	0,000000	210,000000	0,000000E+0
75,035433	0,000000	210,000000	0,000000E+0
75,035433	0,000000	210,000000	0,000000E+0
76,036840	0,000000	210,000000	0,000000E+0
76,036840	0,000000	210,000000	0,000000E+0
76,036840	0,000000	210,000000	0,000000E+0
76,036840	0,000000	210,000000	0,000000E+0
76,036840	0,000000	210,000000	0,000000E+0
76,036840	0,000000	210,000000	0,000000E+0
76,036840	0,000000	210,000000	0,000000E+0
76,036840	0,000000	210,000000	0,000000E+0
76,036840	0,000000	210,000000	0,000000E+0
76,036840	0,000000	210,000000	0,000000E+0
77,037356	0,000000	210,000000	0,000000E+0
77,037356	0,000000	210,000000	0,000000E+0
77,037356	0,000000	210,000000	0,000000E+0
77,037356	0,000000	210,000000	0,000000E+0
77,037356	0,000000	210,000000	0,000000E+0
77,037356	0,000000	210,000000	0,000000E+0
77,037356	0,000000	210,000000	0,000000E+0
77,037356	0,000000	210,000000	0,000000E+0
77,037356	0,000000	210,000000	0,000000E+0
77,037356	0,000000	210,000000	0,000000E+0
78,036751	0,000000	210,000000	0,000000E+0
78,036751	0,000000	210,000000	0,000000E+0
78,036751	0,000000	210,000000	0,000000E+0
78,036751	0,000000	210,000000	0,000000E+0
78,036751	0,000000	210,000000	0,000000E+0
78,036751	0,000000	210,000000	0,000000E+0
78,036751	0,000000	210,000000	0,000000E+0
78,036751	0,000000	210,000000	0,000000E+0
78,036751	0,000000	210,000000	0,000000E+0
78,036751	0,000000	210,000000	0,000000E+0
79,037121	0,000000	210,000000	0,000000E+0
79,037121	0,000000	210,000000	0,000000E+0
79,037121	0,000000	210,000000	0,000000E+0
79,037121	0,000000	210,000000	0,000000E+0
79,037121	0,000000	210,000000	0,000000E+0
79,037121	0,000000	210,000000	0,000000E+0
79,037121	0,000000	210,000000	0,000000E+0
79,037121	0,000000	210,000000	0,000000E+0
79,037121	0,000000	210,000000	0,000000E+0
79,037121	0,000000	210,000000	0,000000E+0
80,036562	0,000000	210,000000	0,000000E+0
80,036562	0,000000	210,000000	0,000000E+0
80,036562	0,000000	210,000000	0,000000E+0
80,036562	0,000000	210,000000	0,000000E+0
80,036562	0,000000	210,000000	0,000000E+0
80,036562	0,000000	210,000000	0,000000E+0
80,036562	0,000000	210,000000	0,000000E+0
80,036562	0,000000	210,000000	0,000000E+0
80,036562	0,000000	210,000000	0,000000E+0
80,036562	0,000000	210,000000	0,000000E+0
81,037959	0,000000	210,000000	0,000000E+0
81,037959	0,000000	210,000000	0,000000E+0
81,037959	0,000000	210,000000	0,000000E+0
81,037959	0,000000	210,000000	0,000000E+0
81,037959	0,000000	210,000000	0,000000E+0
81,037959	0,000000	210,000000	0,000000E+0
81,037959	0,000000	210,000000	0,000000E+0
81,037959	0,000000	210,000000	0,000000E+0
81,037959	0,000000	210,000000	0,000000E+0
81,037959	0,000000	210,000000	0,000000E+0
82,037382	0,000000	210,000000	0,000000E+0
82,037382	0,000000	210,000000	0,000000E+0
82,037382	0,000000	210,000000	0,000000E+0
82,037382	0,000000	210,000000	0,000000E+0
82,037382	0,000000	210,000000	0,000000E+0
82,037382	0,000000	210,000000	0,000000E+0
82,037382	0,000000	210,000000	0,000000E+0
82,037382	0,000000	210,000000	0,000000E+0
82,037382	0,000000	210,000000	0,000000E+0
82,037382	0,000000	210,000000	0,000000E+0
83,037811	0,000000	210,000000	0,000000E+0
83,037811	0,000000	210,000000	0,000000E+0
83,037811	0,000000	210,000000	0,000000E+0
83,037811	0,000000	210,000000	0,000000E+0
83,037811	0,000000	210,000000	0,000000E+0
83,037811	0,000000	210,000000	0,000000E+0
83,037811	0,000000	210,000000	0,000000E+0
83,037811	0,000000	210,000000	0,000000E+0
83,037811	0,000000	210,000000	0,000000E+0
83,037811	0,000000	210,000000	0,000000E+0
84,038231	0,000000	210,000000	0,000000E+0
84,038231	0,000000	210,000000	0,000000E+0
84,038231	0,000000	210,000000	0,000000E+0
84,038231	0,000000	210,000000	0,000000E+0
84,038231	0,000000	210,000000	0,000000E+0
84,038231	0,000000	210,000000	0,000000E+0
84,038231	0,000000	210,000000	0,000000E+0
84,038231	0,000000	210,000000	0,000000E+0
84,038231	0,000000	210,000000	0,000000E+0
84,038231	0,000000	210,000000	0,000000E+0
85,038715	0,000000	210,000000	0,000000E+0
85,038715	0,000000	210,000000	0,000000E+0
85,038715	0,000000	210,000000	0,000000E+0
85,038715	0,000000	210,000000	0,000000E+0
85,038715	0,000000	210,000000	0,000000E+0
85,038715	0,000000	210,000000	0,000000E+0
85,038715	0,000000	210,000000	0,000000E+0
85,038715	0,000000	210,000000	0,000000E+0
85,038715	0,000000	210,000000	0,000000E+0
85,038715	0,000000	210,000000	0,000000E+0
86,040080	0,000000	210,000000	0,000000E+0
86,040080	0,000000	210,000000	0,000000E+0
86,040080	0,000000	210,000000	0,000000E+0
86,040080	0,000000	210,000000	0,000000E+0
86,040080	0,000000	210,000000	0,000000E+0
86,040080	0,000000	210,000000	0,000000E+0
86,040080	0,000000	210,000000	0,000000E+0
86,040080	0,000000	210,000000	0,000000E+0
86,040080	0,000000	210,000000	0,000000E+0
86,040080	0,000000	210,000000	0,000000E+0
87,039523	0,000000	210,000000	0,000000E+0
87,039523	0,000000	210,000000	0,000000E+0
87,039523	0,000000	210,000000	0,000000E+0
87,039523	0,000000	210,000000	0,000000E+0
87,039523	0,000000	210,000000	0,000000E+0
87,039523	0,000000	210,000000	0,000000E+0
87,039523	0,000000	210,000000	0,000000E+0
87,039523	0,000000	210,000000	0,000000E+0
87,039523	0,000000	210,000000	0,000000E+0
87,039523	0,000000	210,000000	0,000000E+0
88,040944	0,000000	210,000000	0,000000E+0
88,040944	0,000000	210,000000	0,000000E+0
88,040944	0,000000	210,000000	0,000000E+0
88,040944	0,000000	210,000000	0,000000E+0
88,040944	0,000000	210,000000	0,000000E+0
88,040944	0,000000	210,000000	0,000000E+0
88,040944	0,000000	210,000000	0,000000E+0
88,040944	0,000000	210,000000	0,000000E+0
88,040944	0,000000	210,000000	0,000000E+0
88,040944	0,000000	210,000000	0,000000E+0
89,041449	0,000000	210,000000	0,000000E+0
89,041449	0,000000	210,000000	0,000000E+0
89,041449	0,000000	210,000000	0,000000E+0
89,041449	0,000000	210,000000	0,000000E+0
89,041449	0,000000	210,000000	0,000000E+0
89,041449	0,000000	210,000000	0,000000E+0
89,041449	0,000000	210,000000	0,000000E+0
89,041449	0,000000	210,000000	0,000000E+0
89,041449	0,000000	210,000000	0,000000E+0
89,041449	0,000000	210,000000	0,000000E+0
90,041801	0,000000	210,000000	0,000000E+0
90,041801	0,000000	210,000000	0,000000E+0
90,041801	0,000000	210,000000	0,000000E+0
90,041801	0,000000	210,000000	0,000000E+0
90,041801	0,000000	210,000000	0,000000E+0
90,041801	0,000000	210,000000	0,000000E+0
90,041801	0,000000	210,000000	0,000000E+0
90,041801	0,000000	210,000000	0,000000E+0
90,041801	0,000000	210,000000	0,000000E+0
90,041801	0,000000	210,000000	0,000000E+0
91,042221	0,000000	210,000000	0,000000E+0
91,042221	0,000000	210,000000	0,000000E+0
91,042221	0,000000	210,000000	0,000000E+0
91,042221	0,000000	210,000000	0,000000E+0
91,042221	0,000000	210,000000	0,000000E+0
91,042221	0,000000	210,000000	0,000000E+0
91,042221	0,000000	210,000000	0,000000E+0
91,042221	0,000000	210,000000	0,000000E+0
91,042221	0,000000	210,000000	0,000000E+0
91,042221	0,000000	210,000000	0,000000E+0
92,041651	0,000000	210,000000	0,000000E+0
92,041651	0,000000	210,000000	0,000000E+0
92,041651	0,000000	210,000000	0,000000E+0
92,041651	0,000000	210,000000	0,000000E+0
92,041651	0,000000	210,000000	0,000000E+0
92,041651	0,000000	210,000000	0,000000E+0
92,041651	0,000000	210,000000	0,000000E+0
92,041651	0,000000	210,000000	0,000000E+0
92,041651	0,000000	210,000000	0,000000E+0
92,041651	0,000000	210,000000	0,000000E+0
93,042124	0,000000	210,000000	0,000000E+0
93,042124	0,000000	210,000000	0,000000E+0
93,042124	0,000000	210,000000	0,000000E+0
93,042124	0,000000	210,000000	0,000000E+0
93,042124	0,000000	210,000000	0,000000E+0
93,042124	0,000000	210,000000	0,000000E+0
93,042124	0,000000	210,000000	0,000000E+0
93,042124	0,000000	210,000000	0,000000E+0
93,042124	0,000000	210,000000	0,000000E+0
93,042124	0,000000	210,000000	0,000000E+0
94,041471	0,000000	210,000000	0,000000E+0
94,041471	0,000000	210,000000	0,000000E+0
94,041471	0,000000	210,000000	0,000000E+0
94,041471	0,000000	210,000000	0,000000E+0
94,041471	0,000000	210,000000	0,000000E+0
94,041471	0,000000	210,000000	0,000000E+0
94,041471	0,000000	210,000000	0,000000E+0
94,041471	0,000000	210,000000	0,000000E+0
94,041471	0,000000	210,000000	0,000000E+0
94,041471	0,000000	210,000000	0,000000E+0
95,041925	0,000000	210,000000	0,000000E+0
95,041925	0,000000	210,000000	0,000000E+0
95,041925	0,000000	210,000000	0,000000E+0
95,041925	0,000000	210,000000	0,000000E+0
95,041925	0,000000	210,000000	0,000000E+0
95,041925	0,000000	210,000000	0,000000E+0
95,041925	0,000000	210,000000	0,000000E+0
95,041925	0,000000	210,000000	0,000000E+0
95,041925	0,000000	210,000000	0,000000E+0
95,041925	0,000000	210,000000	0,000000E+0
96,041351	0,000000	210,000000	0,000000E+0
96,041351	0,000000	210,000000	0,000000E+0
96,041351	0,000000	210,000000	0,000000E+0
96,041351	0,000000	210,000000	0,000000E+0
96,041351	0,000000	210,000000	0,000000E+0
96,041351	0,000000	210,000000	0,000000E+0
96,041351	0,000000	210,000000	0,000000E+0
96,041351	0,000000	210,000000	0,000000E+0
96,041351	0,000000	210,000000	0,000000E+0
96,041351	0,000000	210,000000	0,000000E+0
97,041757	0,000000	210,000000	0,000000E+0
97,041757	0,000000	210,000000	0,000000E+0
97,041757	0,000000	210,000000	0,000000E+0
97,041757	0,000000	210,000000	0,000000E+0
97,041757	0,000000	210,000000	0,000000E+0
97,041757	0,000000	210,000000	0,000000E+0
97,041757	0,000000	210,000000	0,000000E+0
97,041757	0,000000	210,000000	0,000000E+0
97,041757	0,000000	210,000000	0,000000E+0
97,041757	0,000000	210,000000	0,000000E+0
98,042170	0,000000	210,000000	0,000000E+0
98,042170	0,000000	210,000000	0,000000E+0
98,042170	0,000000	210,000000	0,000000E+0
98,042170	0,000000	210,000000	0,000000E+0
98,042170	0,000000	210,000000	0,000000E+0
98,042170	0,000000	210,000000	0,000000E+0
98,042170	0,000000	210,000000	0,000000E+0
98,042170	0,000000	210,000000	0,000000E+0
98,042170	0,000000	210,000000	0,000000E+0
98,042170	0,000000	210,000000	0,000000E+0
99,041600	0,000000	210,000000	0,000000E+0
99,041600	0,000000	210,000000	0,000000E+0
99,041600	0,000000	210,000000	0,000000E+0
99,041600	0,000000	210,000000	0,000000E+0
99,041600	0,000000	210,000000	0,000000E+0
99,041600	0,000000	210,000000	0,000000E+0
99,041600	0,000000	210,000000	0,000000E+0
99,041600	0,000000	210,000000	0,000000E+0
99,041600	0,000000	210,000000	0,000000E+0
99,041600	0,000000	210,000000	0,000000E+0
100,043055	0,000000	210,000000	0,000000E+0
100,043055	0,000000	210,000000	0,000000E+0
100,043055	0,000000	210,000000	0,000000E+0
100,043055	0,000000	210,000000	0,000000E+0
100,043055	0,000000	210,000000	0,000000E+0
100,043055	0,000000	210,000000	0,000000E+0
100,043055	0,000000	210,000000	0,000000E+0
100,043055	0,000000	210,000000	0,000000E+0
100,043055	0,000000	210,000000	0,000000E+0
100,043055	0,000000	210,000000	0,000000E+0
101,042444	0,000000	210,000000	0,000000E+0
101,042444	0,000000	210,000000	0,000000E+0
101,042444	0,000000	210,000000	0,000000E+0
101,042444	0,000000	210,000000	0,000000E+0
101,042444	0,000000	210,000000	0,000000E+0
101,042444	0,000000	210,000000	0,000000E+0
101,042444	0,000000	210,000000	0,000000E+0
101,042444	0,000000	210,000000	0,000000E+0
101,042444	0,000000	210,000000	0,000000E+0
101,042444	0,000000	210,000000	0,000000E+0
102,043913	0,000000	210,000000	0,000000E+0
102,043913	0,000000	210,000000	0,000000E+0
102,043913	0,000000	210,000000	0,000000E+0
102,043913	0,000000	210,000000	0,000000E+0
102,043913	0,000000	210,000000	0,000000E+0
102,043913	0,000000	210,000000	0,000000E+0
102,043913	0,000000	210,000000	0,000000E+0
102,043913	0,000000	210,000000	0,000000E+0
102,043913	0,000000	210,000000	0,000000E+0
102,043913	0,000000	210,000000	0,000000E+0
103,043296	0,000000	210,000000	0,000000E+0
103,043296	0,000000	210,000000	0,000000E+0
103,043296	0,000000	210,000000	0,000000E+0
103,043296	0,000000	210,000000	0,000000E+0
103,043296	0,000000	210,000000	0,000000E+0
103,043296	0,000000	210,000000	0,000000E+0
103,043296	0,000000	210,000000	0,000000E+0
103,043296	0,000000	210,000000	0,000000E+0
103,043296	0,000000	210,000000	0,000000E+0
103,043296	0,000000	210,000000	0,000000E+0
104,043720	0,000000	210,000000	0,000000E+0
104,043720	0,000000	210,000000	0,000000E+0
104,043720	0,000000	210,000000	0,000000E+0
104,043720	0,000000	210,000000	0,000000E+0
104,043720	0,000000	210,000000	0,000000E+0
104,043720	0,000000	210,000000	0,000000E+0
104,043720	0,000000	210,000000	0,000000E+0
104,043720	0,000000	210,000000	0,000000E+0
104,043720	0,000000	210,000000	0,000000E+0
104,043720	0,000000	210,000000	0,000000E+0
105,045141	0,000000	210,000000	0,000000E+0
105,045141	0,000000	210,000000	0,000000E+0
105,045141	0,000000	210,000000	0,000000E+0
105,045141	0,000000	210,000000	0,000000E+0
105,045141	0,000000	210,000000	0,000000E+0
105,045141	0,000000	210,000000	0,000000E+0
105,045141	0,000000	210,000000	0,000000E+0
105,045141	0,000000	210,000000	0,000000E+0
105,045141	0,000000	210,000000	0,000000E+0
105,045141	0,000000	210,000000	0,000000E+0
106,045569	0,000000	210,000000	0,000000E+0
106,045569	0,000000	210,000000	0,000000E+0
106,045569	0,000000	210,000000	0,000000E+0
106,045569	0,000000	210,000000	0,000000E+0
106,045569	0,000000	210,000000	0,000000E+0
106,045569	0,000000	210,000000	0,000000E+0
106,045569	0,000000	210,000000	0,000000E+0
106,045569	0,000000	210,000000	0,000000E+0
106,045569	0,000000	210,000000	0,000000E+0
106,045569	0,000000	210,000000	0,000000E+0
107,046994	0,000000	210,000000	0,000000E+0
107,046994	0,000000	210,000000	0,000000E+0
107,046994	0,000000	210,000000	0,000000E+0
107,046994	0,000000	210,000000	0,000000E+0
107,046994	0,000000	210,000000	0,000000E+0
107,046994	0,000000	210,000000	0,000000E+0
107,046994	0,000000	210,000000	0,000000E+0
107,046994	0,000000	210,000000	0,000000E+0
107,046994	0,000000	210,000000	0,000000E+0
107,046994	0,000000	210,000000	0,000000E+0
108,047414	0,000000	210,000000	0,000000E+0
108,047414	0,000000	210,000000	0,000000E+0
108,047414	0,000000	210,000000	0,000000E+0
108,047414	0,000000	210,000000	0,000000E+0
108,047414	0,000000	210,000000	0,000000E+0
108,047414	0,000000	210,000000	0,000000E+0
108,047414	0,000000	210,000000	0,000000E+0
108,047414	0,000000	210,000000	0,000000E+0
108,047414	0,000000	210,000000	0,000000E+0
108,047414	0,000000	210,000000	0,000000E+0
109,047845	0,000000	210,000000	0,000000E+0
109,047845	0,000000	210,000000	0,000000E+0
109,047845	0,000000	210,000000	0,000000E+0
109,047845	0,000000	210,000000	0,000000E+0
109,047845	0,000000	210,000000	0,000000E+0
109,047845	0,000000	210,000000	0,000000E+0
109,047845	0,000000	210,000000	0,000000E+0
109,047845	0,000000	210,000000	0,000000E+0
109,047845	0,000000	210,000000	0,000000E+0
109,047845	0,000000	210,000000	0,000000E+0
110,048289	0,000000	210,000000	0,000000E+0
110,048289	0,000000	210,000000	0,000000E+0
110,048289	0,000000	210,000000	0,000000E+0
110,048289	0,000000	210,000000	0,000000E+0
110,048289	0,000000	210,000000	0,000000E+0
110,048289	0,000000	210,000000	0,000000E+0
110,048289	0,000000	210,000000	0,000000E+0
110,048289	0,000000	210,000000	0,000000E+0
110,048289	0,000000	210,000000	0,000000E+0
110,048289	0,000000	210,000000	0,000000E+0
111,047696	0,000000	210,000000	0,000000E+0
111,047696	0,000000	210,000000	0,000000E+0
111,047696	0,000000	210,000000	0,000000E+0
111,047696	0,000000	210,000000	0,000000E+0
111,047696	0,000000	210,000000	0,000000E+0
111,047696	0,000000	210,000000	0,000000E+0
111,047696	0,000000	210,000000	0,000000E+0
111,047696	0,000000	210,000000	0,000000E+0
111,047696	0,000000	210,000000	0,000000E+0
111,047696	0,000000	210,000000	0,000000E+0
112,048112	0,000000	210,000000	0,000000E+0
112,048112	0,000000	210,000000	0,000000E+0
112,048112	0,000000	210,000000	0,000000E+0
112,048112	0,000000	210,000000	0,000000E+0
112,048112	0,000000	210,000000	0,000000E+0
112,048112	0,000000	210,000000	0,000000E+0
112,048112	0,000000	210,000000	0,000000E+0
112,048112	0,000000	210,000000	0,000000E+0
112,048112	0,000000	210,000000	0,000000E+0
112,048112	0,000000	210,000000	0,000000E+0
113,047541	0,000000	210,000000	0,000000E+0
113,047541	0,000000	210,000000	0,000000E+0
113,047541	0,000000	210,000000	0,000000E+0
113,047541	0,000000	210,000000	0,000000E+0
113,047541	0,000000	210,000000	0,000000E+0
113,047541	0,000000	210,000000	0,000000E+0
113,047541	0,000000	210,000000	0,000000E+0
113,047541	0,000000	210,000000	0,000000E+0
113,047541	0,000000	210,000000	0,000000E+0
113,047541	0,000000	210,000000	0,000000E+0
114,048953	0,000000	210,000000	0,000000E+0
114,048953	0,000000	210,000000	0,000000E+0
114,048953	0,000000	210,000000	0,000000E+0
114,048953	0,000000	210,000000	0,000000E+0
114,048953	0,000000	210,000000	0,000000E+0
114,048953	0,000000	210,000000	0,000000E+0
114,048953	0,000000	210,000000	0,000000E+0
114,048953	0,000000	210,000000	0,000000E+0
114,048953	0,000000	210,000000	0,000000E+0
114,048953	0,000000	210,000000	0,000000E+0
115,048405	0,000000	210,000000	0,000000E+0
115,048405	0,000000	210,000000	0,000000E+0
115,048405	0,000000	210,000000	0,000000E+0
115,048405	0,000000	210,000000	0,000000E+0
115,048405	0,000000	210,000000	0,000000E+0
115,048405	0,000000	210,000000	0,000000E+0
115,048405	0,000000	210,000000	0,000000E+0
115,048405	0,000000	210,000000	0,000000E+0
115,048405	0,000000	210,000000	0,000000E+0
115,048405	0,000000	210,000000	0,000000E+0
116,049807	0,000000	210,000000	0,000000E+0
116,049807	0,000000	210,000000	0,000000E+0
116,049807	0,000000	210,000000	0,000000E+0
116,049807	0,000000	210,000000	0,000000E+0
116,049807	0,000000	210,000000	0,000000E+0
116,049807	0,000000	210,000000	0,000000E+0
116,049807	0,000000	210,000000	0,000000E+0
116,049807	0,000000	210,000000	0,000000E+0
116,049807	0,000000	210,000000	0,000000E+0
116,049807	0,000000	210,000000	0,000000E+0
117,051275	0,000000	210,000000	0,000000E+0
117,051275	0,000000	210,000000	0,000000E+0
117,051275	0,000000	210,000000	0,000000E+0
117,051275	0,000000	210,000000	0,000000E+0
117,051275	0,000000	210,000000	0,000000E+0
117,051275	0,000000	210,000000	0,000000E+0
117,051275	0,000000	210,000000	0,000000E+0
117,051275	0,000000	210,000000	0,000000E+0
117,051275	0,000000	210,000000	0,000000E+0
117,051275	0,000000	210,000000	0,000000E+0
118,050746	0,000000	210,000000	0,000000E+0
118,050746	0,000000	210,000000	0,000000E+0
118,050746	0,000000	210,000000	0,000000E+0
118,050746	0,000000	210,000000	0,000000E+0
118,050746	0,000000	210,000000	0,000000E+0
118,050746	0,000000	210,000000	0,000000E+0
118,050746	0,000000	210,000000	0,000000E+0
118,050746	0,000000	210,000000	0,000000E+0
118,050746	0,000000	210,000000	0,000000E+0
118,050746	0,000000	210,000000	0,000000E+0
119,051095	0,000000	210,000000	0,000000E+0
119,051095	0,000000	210,000000	0,000000E+0
119,051095	0,000000	210,000000	0,000000E+0
119,051095	0,000000	210,000000	0,000000E+0
119,051095	0,000000	210,000000	0,000000E+0
119,051095	0,000000	210,000000	0,000000E+0
119,051095	0,000000	210,000000	0,000000E+0
119,051095	0,000000	210,000000	0,000000E+0
119,051095	0,000000	210,000000	0,000000E+0
119,051095	0,000000	210,000000	0,000000E+0
120,050570	0,000000	210,000000	0,000000E+0
120,050570	0,000000	210,000000	0,000000E+0
120,050570	0,000000	210,000000	0,000000E+0
120,050570	0,000000	210,000000	0,000000E+0
120,050570	0,000000	210,000000	0,000000E+0
120,050570	0,000000	210,000000	0,000000E+0
120,050570	0,000000	210,000000	0,000000E+0
120,050570	0,000000	210,000000	0,000000E+0
120,050570	0,000000	210,000000	0,000000E+0
120,050570	0,000000	210,000000	0,000000E+0
121,050937	0,000000	210,000000	0,000000E+0
121,050937	0,000000	210,000000	0,000000E+0
121,050937	0,000000	210,000000	0,000000E+0
121,050937	0,000000	210,000000	0,000000E+0
121,050937	0,000000	210,000000	0,000000E+0
121,050937	0,000000	210,000000	0,000000E+0
121,050937	0,000000	210,000000	0,000000E+0
121,050937	0,000000	210,000000	0,000000E+0
121,050937	0,000000	210,000000	0,000000E+0
121,050937	0,000000	210,000000	0,000000E+0
122,050378	0,000000	210,000000	0,000000E+0
122,050378	0,000000	210,000000	0,000000E+0
122,050378	0,000000	210,000000	0,000000E+0
122,050378	0,000000	210,000000	0,000000E+0
122,050378	0,000000	210,000000	0,000000E+0
122,050378	0,000000	210,000000	0,000000E+0
122,050378	0,000000	210,000000	0,000000E+0
122,050378	0,000000	210,000000	0,000000E+0
122,050378	0,000000	210,000000	0,000000E+0
122,050378	0,000000	210,000000	0,000000E+0
123,051809	0,000000	210,000000	0,000000E+0
123,051809	0,000000	210,000000	0,000000E+0
123,051809	0,000000	210,000000	0,000000E+0
123,051809	0,000000	210,000000	0,000000E+0
