472,108674	0,000000	80,000000	1,207455E-1
0,004100	0,000000	80,000000	1,207455E-1
0,004100	0,000000	80,000000	1,207455E-1
0,004100	0,000000	80,000000	1,207455E-1
0,004100	0,000000	80,000000	1,207455E-1
0,004100	0,000000	80,000000	1,207455E-1
0,004100	0,000000	80,000000	1,207455E-1
0,004100	0,000000	80,000000	1,207455E-1
0,004100	0,000000	80,000000	1,207455E-1
0,004100	0,000000	80,000000	2,080000E-2
0,004100	0,000000	80,000000	2,080000E-2
1,004251	0,000000	80,000000	2,080000E-2
1,004251	0,000000	80,000000	2,080000E-2
1,004251	0,000000	80,000000	2,208395E-2
1,004251	0,000000	80,000000	2,208395E-2
1,004251	0,000000	80,000000	2,336790E-2
1,004251	0,000000	80,000000	2,465185E-2
1,004251	0,000000	80,000000	2,465185E-2
1,004251	0,000000	80,000000	2,593580E-2
1,004251	0,000000	80,000000	2,721975E-2
1,004251	0,000000	80,000000	2,850370E-2
2,003698	0,000000	80,000000	2,850370E-2
2,003698	0,000000	80,000000	2,978765E-2
2,003698	0,000000	80,000000	2,978765E-2
2,003698	0,000000	80,000000	2,978765E-2
2,003698	0,000000	80,000000	3,107160E-2
2,003698	0,000000	80,000000	3,107160E-2
2,003698	0,000000	80,000000	3,107160E-2
2,003698	0,000000	80,000000	3,235556E-2
2,003698	0,000000	80,000000	3,363951E-2
2,003698	0,000000	80,000000	3,492346E-2
3,004100	0,000000	80,000000	3,620741E-2
3,004100	0,000000	80,000000	3,749136E-2
3,004100	0,000000	80,000000	3,877531E-2
3,004100	0,000000	80,000000	3,877531E-2
3,004100	0,000000	80,000000	3,877531E-2
3,004100	0,000000	80,000000	4,005926E-2
3,004100	0,000000	80,000000	4,134321E-2
3,004100	0,000000	80,000000	4,134321E-2
3,004100	0,000000	80,000000	4,262716E-2
3,004100	0,000000	80,000000	4,262716E-2
4,004548	0,000000	80,000000	4,391111E-2
4,004548	0,000000	80,000000	4,391111E-2
4,004548	0,000000	80,000000	4,519506E-2
4,004548	0,000000	80,000000	4,647901E-2
4,004548	0,000000	80,000000	4,776296E-2
4,004548	0,000000	80,000000	4,904691E-2
4,004548	0,000000	80,000000	5,033086E-2
4,004548	0,000000	80,000000	5,033086E-2
4,004548	0,000000	80,000000	5,161481E-2
4,004548	0,000000	80,000000	5,289877E-2
5,005980	0,000000	80,000000	5,418272E-2
5,005980	0,000000	80,000000	5,546667E-2
5,005980	0,000000	80,000000	5,675062E-2
5,005980	0,000000	80,000000	5,675062E-2
5,005980	0,000000	80,000000	5,803457E-2
5,005980	0,000000	80,000000	5,803457E-2
5,005980	0,000000	80,000000	5,931852E-2
5,005980	0,000000	80,000000	6,060247E-2
5,005980	0,000000	80,000000	6,188642E-2
5,005980	0,000000	80,000000	6,188642E-2
6,006390	0,000000	80,000000	6,317037E-2
6,006390	0,000000	80,000000	6,445432E-2
6,006390	0,000000	80,000000	6,573827E-2
6,006390	0,000000	80,000000	6,573827E-2
6,006390	0,000000	80,000000	6,702222E-2
6,006390	0,000000	80,000000	6,830617E-2
6,006390	0,000000	80,000000	6,959012E-2
6,006390	0,000000	80,000000	6,959012E-2
6,006390	0,000000	80,000000	6,959012E-2
6,006390	0,000000	80,000000	7,087407E-2
7,006821	0,000000	80,000000	7,087407E-2
7,006821	0,000000	80,000000	7,087407E-2
7,006821	0,000000	80,000000	7,215802E-2
7,006821	0,000000	80,000000	7,344198E-2
7,006821	0,000000	80,000000	7,472593E-2
7,006821	0,000000	80,000000	7,472593E-2
7,006821	0,000000	80,000000	7,600988E-2
7,006821	0,000000	80,000000	7,729383E-2
7,006821	0,000000	80,000000	7,857778E-2
7,006821	0,000000	80,000000	7,986173E-2
8,007225	0,000000	80,000000	8,114568E-2
8,007225	0,000000	80,000000	8,242963E-2
8,007225	0,000000	80,000000	8,371358E-2
8,007225	0,000000	80,000000	8,371358E-2
8,007225	0,000000	80,000000	8,499753E-2
8,007225	0,000000	80,000000	8,499753E-2
8,007225	0,000000	80,000000	8,628148E-2
8,007225	0,000000	80,000000	8,756543E-2
8,007225	0,000000	80,000000	8,756543E-2
8,007225	0,000000	80,000000	8,884938E-2
9,007675	0,000000	80,000000	9,013333E-2
9,007675	0,000000	80,000000	9,141728E-2
9,007675	0,000000	80,000000	5,000000E-2
9,007675	0,000000	80,000000	5,000000E-2
9,007675	0,000000	80,000000	5,000000E-2
9,007675	0,000000	80,000000	5,000000E-2
9,007675	0,000000	80,000000	5,000000E-2
9,007675	0,000000	80,000000	5,000000E-2
9,007675	0,000000	80,000000	5,000000E-2
9,007675	0,000000	80,000000	5,000000E-2
10,008076	0,000000	80,000000	5,000000E-2
10,008076	0,000000	80,000000	5,000000E-2
10,008076	0,000000	80,000000	5,000000E-2
10,008076	0,000000	80,000000	5,000000E-2
10,008076	0,000000	80,000000	5,000000E-2
10,008076	0,000000	80,000000	5,000000E-2
10,008076	0,000000	80,000000	5,000000E-2
10,008076	0,000000	80,000000	5,000000E-2
10,008076	0,000000	80,000000	5,000000E-2
10,008076	0,000000	80,000000	5,000000E-2
11,007497	0,000000	80,000000	5,000000E-2
11,007497	0,000000	80,000000	5,000000E-2
11,007497	0,000000	80,000000	5,000000E-2
11,007497	0,000000	80,000000	5,000000E-2
11,007497	0,000000	80,000000	5,000000E-2
11,007497	0,000000	80,000000	5,000000E-2
11,007497	0,000000	80,000000	5,000000E-2
11,007497	0,000000	80,000000	5,000000E-2
11,007497	0,000000	80,000000	5,000000E-2
11,007497	0,000000	80,000000	5,000000E-2
12,007921	0,000000	80,000000	5,000000E-2
12,007921	0,000000	80,000000	5,000000E-2
12,007921	0,000000	80,000000	5,000000E-2
12,007921	0,000000	80,000000	5,000000E-2
12,007921	0,000000	80,000000	5,000000E-2
12,007921	0,000000	80,000000	5,000000E-2
12,007921	0,000000	80,000000	5,000000E-2
12,007921	0,000000	80,000000	5,000000E-2
12,007921	0,000000	80,000000	5,000000E-2
12,007921	0,000000	80,000000	5,000000E-2
13,009341	0,000000	80,000000	5,000000E-2
13,009341	0,000000	80,000000	5,000000E-2
13,009341	0,000000	80,000000	5,000000E-2
13,009341	0,000000	80,000000	5,000000E-2
13,009341	0,000000	80,000000	5,000000E-2
13,009341	0,000000	80,000000	5,000000E-2
13,009341	0,000000	80,000000	5,000000E-2
13,009341	0,000000	80,000000	5,000000E-2
13,009341	0,000000	80,000000	5,000000E-2
13,009341	0,000000	80,000000	5,000000E-2
14,014327	0,000000	80,000000	5,000000E-2
14,014327	0,000000	80,000000	5,000000E-2
14,014327	0,000000	80,000000	5,000000E-2
14,014327	0,000000	80,000000	5,000000E-2
14,014327	0,000000	80,000000	5,000000E-2
14,014327	0,000000	80,000000	5,000000E-2
14,014327	0,000000	80,000000	0,000000E+0
14,014327	0,000000	80,000000	0,000000E+0
14,014327	0,000000	80,000000	0,000000E+0
14,014327	0,000000	80,000000	0,000000E+0
15,015189	0,000000	80,000000	0,000000E+0
15,015189	0,000000	80,000000	0,000000E+0
15,015189	0,000000	80,000000	0,000000E+0
15,015189	0,000000	80,000000	0,000000E+0
15,015189	0,000000	80,000000	0,000000E+0
15,015189	0,000000	80,000000	0,000000E+0
15,015189	0,000000	80,000000	0,000000E+0
15,015189	0,000000	80,000000	0,000000E+0
15,015189	0,000000	80,000000	0,000000E+0
15,015189	0,000000	80,000000	0,000000E+0
16,014631	0,000000	80,000000	0,000000E+0
16,014631	0,000000	80,000000	0,000000E+0
16,014631	0,000000	80,000000	0,000000E+0
16,014631	0,000000	80,000000	0,000000E+0
16,014631	0,000000	80,000000	0,000000E+0
16,014631	0,000000	80,000000	0,000000E+0
16,014631	0,000000	80,000000	0,000000E+0
16,014631	0,000000	80,000000	0,000000E+0
16,014631	0,000000	80,000000	0,000000E+0
16,014631	0,000000	80,000000	0,000000E+0
17,015065	0,000000	80,000000	0,000000E+0
17,015065	0,000000	80,000000	0,000000E+0
17,015065	0,000000	80,000000	0,000000E+0
17,015065	0,000000	80,000000	0,000000E+0
17,015065	0,000000	80,000000	0,000000E+0
17,015065	0,000000	80,000000	0,000000E+0
17,015065	0,000000	80,000000	0,000000E+0
17,015065	0,000000	80,000000	0,000000E+0
17,015065	0,000000	80,000000	0,000000E+0
17,015065	0,000000	80,000000	0,000000E+0
18,014465	0,000000	80,000000	0,000000E+0
18,014465	0,000000	80,000000	0,000000E+0
18,014465	0,000000	80,000000	0,000000E+0
18,014465	0,000000	80,000000	0,000000E+0
18,014465	0,000000	80,000000	0,000000E+0
18,014465	0,000000	80,000000	0,000000E+0
18,014465	0,000000	80,000000	0,000000E+0
18,014465	0,000000	80,000000	0,000000E+0
18,014465	0,000000	80,000000	0,000000E+0
18,014465	0,000000	80,000000	0,000000E+0
19,014890	0,000000	80,000000	0,000000E+0
19,014890	0,000000	80,000000	0,000000E+0
19,014890	0,000000	80,000000	0,000000E+0
19,014890	0,000000	80,000000	0,000000E+0
19,014890	0,000000	80,000000	0,000000E+0
19,014890	0,000000	80,000000	0,000000E+0
19,014890	0,000000	80,000000	0,000000E+0
19,014890	0,000000	80,000000	0,000000E+0
19,014890	0,000000	80,000000	0,000000E+0
19,014890	0,000000	80,000000	0,000000E+0
20,015340	0,000000	80,000000	0,000000E+0
20,015340	0,000000	80,000000	0,000000E+0
20,015340	0,000000	80,000000	0,000000E+0
20,015340	0,000000	80,000000	0,000000E+0
20,015340	0,000000	80,000000	0,000000E+0
20,015340	0,000000	80,000000	0,000000E+0
20,015340	0,000000	80,000000	0,000000E+0
20,015340	0,000000	80,000000	0,000000E+0
20,015340	0,000000	80,000000	0,000000E+0
20,015340	0,000000	80,000000	0,000000E+0
21,015744	0,000000	80,000000	0,000000E+0
21,015744	0,000000	80,000000	0,000000E+0
21,015744	0,000000	80,000000	0,000000E+0
21,015744	0,000000	80,000000	0,000000E+0
21,015744	0,000000	80,000000	0,000000E+0
21,015744	0,000000	80,000000	0,000000E+0
21,015744	0,000000	80,000000	0,000000E+0
21,015744	0,000000	80,000000	0,000000E+0
21,015744	0,000000	80,000000	0,000000E+0
21,015744	0,000000	80,000000	0,000000E+0
22,016185	0,000000	80,000000	0,000000E+0
22,016185	0,000000	80,000000	0,000000E+0
22,016185	0,000000	80,000000	0,000000E+0
22,016185	0,000000	80,000000	0,000000E+0
22,016185	0,000000	80,000000	0,000000E+0
22,016185	0,000000	80,000000	0,000000E+0
22,016185	0,000000	80,000000	0,000000E+0
22,016185	0,000000	80,000000	0,000000E+0
22,016185	0,000000	80,000000	0,000000E+0
22,016185	0,000000	80,000000	0,000000E+0
23,015594	0,000000	80,000000	0,000000E+0
23,015594	0,000000	80,000000	0,000000E+0
23,015594	0,000000	80,000000	0,000000E+0
23,015594	0,000000	80,000000	0,000000E+0
23,015594	0,000000	80,000000	0,000000E+0
23,015594	0,000000	80,000000	0,000000E+0
23,015594	0,000000	80,000000	0,000000E+0
23,015594	0,000000	80,000000	0,000000E+0
23,015594	0,000000	80,000000	0,000000E+0
23,015594	0,000000	80,000000	0,000000E+0
24,016020	0,000000	80,000000	0,000000E+0
24,016020	0,000000	80,000000	0,000000E+0
24,016020	0,000000	80,000000	0,000000E+0
24,016020	0,000000	80,000000	0,000000E+0
24,016020	0,000000	80,000000	0,000000E+0
24,016020	0,000000	80,000000	0,000000E+0
24,016020	0,000000	80,000000	0,000000E+0
24,016020	0,000000	80,000000	0,000000E+0
24,016020	0,000000	80,000000	0,000000E+0
24,016020	0,000000	80,000000	0,000000E+0
25,015434	0,000000	80,000000	0,000000E+0
25,015434	0,000000	80,000000	0,000000E+0
25,015434	0,000000	80,000000	0,000000E+0
25,015434	0,000000	80,000000	0,000000E+0
25,015434	0,000000	80,000000	0,000000E+0
25,015434	0,000000	80,000000	0,000000E+0
25,015434	0,000000	80,000000	0,000000E+0
25,015434	0,000000	80,000000	0,000000E+0
25,015434	0,000000	80,000000	0,000000E+0
25,015434	0,000000	80,000000	0,000000E+0
26,015859	0,000000	80,000000	0,000000E+0
26,015859	0,000000	80,000000	0,000000E+0
26,015859	0,000000	80,000000	0,000000E+0
26,015859	0,000000	80,000000	0,000000E+0
26,015859	0,000000	80,000000	0,000000E+0
26,015859	0,000000	80,000000	0,000000E+0
26,015859	0,000000	80,000000	0,000000E+0
26,015859	0,000000	80,000000	0,000000E+0
26,015859	0,000000	80,000000	0,000000E+0
26,015859	0,000000	80,000000	0,000000E+0
27,016295	0,000000	80,000000	0,000000E+0
27,016295	0,000000	80,000000	0,000000E+0
27,016295	0,000000	80,000000	0,000000E+0
27,016295	0,000000	80,000000	0,000000E+0
27,016295	0,000000	80,000000	0,000000E+0
27,016295	0,000000	80,000000	0,000000E+0
27,016295	0,000000	80,000000	0,000000E+0
27,016295	0,000000	80,000000	0,000000E+0
27,016295	0,000000	80,000000	0,000000E+0
27,016295	0,000000	80,000000	0,000000E+0
28,015710	0,000000	80,000000	0,000000E+0
28,015710	0,000000	80,000000	0,000000E+0
28,015710	0,000000	80,000000	0,000000E+0
28,015710	0,000000	80,000000	0,000000E+0
28,015710	0,000000	80,000000	0,000000E+0
28,015710	0,000000	80,000000	0,000000E+0
28,015710	0,000000	80,000000	0,000000E+0
28,015710	0,000000	80,000000	0,000000E+0
28,015710	0,000000	80,000000	0,000000E+0
28,015710	0,000000	80,000000	0,000000E+0
29,016131	0,000000	80,000000	0,000000E+0
29,016131	0,000000	80,000000	0,000000E+0
29,016131	0,000000	80,000000	0,000000E+0
29,016131	0,000000	80,000000	0,000000E+0
29,016131	0,000000	80,000000	0,000000E+0
29,016131	0,000000	80,000000	0,000000E+0
29,016131	0,000000	80,000000	0,000000E+0
29,016131	0,000000	80,000000	0,000000E+0
29,016131	0,000000	80,000000	0,000000E+0
29,016131	0,000000	80,000000	0,000000E+0
30,015561	0,000000	80,000000	0,000000E+0
30,015561	0,000000	80,000000	0,000000E+0
30,015561	0,000000	80,000000	0,000000E+0
30,015561	0,000000	80,000000	0,000000E+0
30,015561	0,000000	80,000000	0,000000E+0
30,015561	0,000000	80,000000	0,000000E+0
30,015561	0,000000	80,000000	0,000000E+0
30,015561	0,000000	80,000000	0,000000E+0
30,015561	0,000000	80,000000	0,000000E+0
30,015561	0,000000	80,000000	0,000000E+0
31,015989	0,000000	80,000000	0,000000E+0
31,015989	0,000000	80,000000	0,000000E+0
31,015989	0,000000	80,000000	0,000000E+0
31,015989	0,000000	80,000000	0,000000E+0
31,015989	0,000000	80,000000	0,000000E+0
31,015989	0,000000	80,000000	0,000000E+0
31,015989	0,000000	80,000000	0,000000E+0
31,015989	0,000000	80,000000	0,000000E+0
31,015989	0,000000	80,000000	0,000000E+0
31,015989	0,000000	80,000000	0,000000E+0
32,016458	0,000000	80,000000	0,000000E+0
32,016458	0,000000	80,000000	0,000000E+0
32,016458	0,000000	80,000000	0,000000E+0
32,016458	0,000000	80,000000	0,000000E+0
32,016458	0,000000	80,000000	0,000000E+0
32,016458	0,000000	80,000000	0,000000E+0
32,016458	0,000000	80,000000	0,000000E+0
32,016458	0,000000	80,000000	0,000000E+0
32,016458	0,000000	80,000000	0,000000E+0
32,016458	0,000000	80,000000	0,000000E+0
33,016841	0,000000	80,000000	0,000000E+0
33,016841	0,000000	80,000000	0,000000E+0
33,016841	0,000000	80,000000	0,000000E+0
33,016841	0,000000	80,000000	0,000000E+0
33,016841	0,000000	80,000000	0,000000E+0
33,016841	0,000000	80,000000	0,000000E+0
33,016841	0,000000	80,000000	0,000000E+0
33,016841	0,000000	80,000000	0,000000E+0
33,016841	0,000000	80,000000	0,000000E+0
33,016841	0,000000	80,000000	0,000000E+0
34,018251	0,000000	80,000000	0,000000E+0
34,018251	0,000000	80,000000	0,000000E+0
34,018251	0,000000	80,000000	0,000000E+0
34,018251	0,000000	80,000000	0,000000E+0
34,018251	0,000000	80,000000	0,000000E+0
34,018251	0,000000	80,000000	0,000000E+0
34,018251	0,000000	80,000000	0,000000E+0
34,018251	0,000000	80,000000	0,000000E+0
34,018251	0,000000	80,000000	0,000000E+0
34,018251	0,000000	80,000000	0,000000E+0
35,017772	0,000000	80,000000	0,000000E+0
35,017772	0,000000	80,000000	0,000000E+0
35,017772	0,000000	80,000000	0,000000E+0
35,017772	0,000000	80,000000	0,000000E+0
35,017772	0,000000	80,000000	0,000000E+0
35,017772	0,000000	80,000000	0,000000E+0
35,017772	0,000000	80,000000	0,000000E+0
35,017772	0,000000	80,000000	0,000000E+0
35,017772	0,000000	80,000000	0,000000E+0
35,017772	0,000000	80,000000	0,000000E+0
36,018112	0,000000	80,000000	0,000000E+0
36,018112	0,000000	80,000000	0,000000E+0
36,018112	0,000000	80,000000	0,000000E+0
36,018112	0,000000	80,000000	0,000000E+0
36,018112	0,000000	80,000000	0,000000E+0
36,018112	0,000000	80,000000	0,000000E+0
36,018112	0,000000	80,000000	0,000000E+0
36,018112	0,000000	80,000000	0,000000E+0
36,018112	0,000000	80,000000	0,000000E+0
36,018112	0,000000	80,000000	0,000000E+0
37,017541	0,000000	80,000000	0,000000E+0
37,017541	0,000000	80,000000	0,000000E+0
37,017541	0,000000	80,000000	0,000000E+0
37,017541	0,000000	80,000000	0,000000E+0
37,017541	0,000000	80,000000	0,000000E+0
37,017541	0,000000	80,000000	0,000000E+0
37,017541	0,000000	80,000000	0,000000E+0
37,017541	0,000000	80,000000	0,000000E+0
37,017541	0,000000	80,000000	0,000000E+0
37,017541	0,000000	80,000000	0,000000E+0
38,017952	0,000000	80,000000	0,000000E+0
38,017952	0,000000	80,000000	0,000000E+0
38,017952	0,000000	80,000000	0,000000E+0
38,017952	0,000000	80,000000	0,000000E+0
38,017952	0,000000	80,000000	0,000000E+0
38,017952	0,000000	80,000000	0,000000E+0
38,017952	0,000000	80,000000	0,000000E+0
38,017952	0,000000	80,000000	0,000000E+0
38,017952	0,000000	80,000000	0,000000E+0
38,017952	0,000000	80,000000	0,000000E+0
39,018389	0,000000	80,000000	0,000000E+0
39,018389	0,000000	80,000000	0,000000E+0
39,018389	0,000000	80,000000	0,000000E+0
39,018389	0,000000	80,000000	0,000000E+0
39,018389	0,000000	80,000000	0,000000E+0
39,018389	0,000000	80,000000	0,000000E+0
39,018389	0,000000	80,000000	0,000000E+0
39,018389	0,000000	80,000000	0,000000E+0
39,018389	0,000000	80,000000	0,000000E+0
39,018389	0,000000	80,000000	0,000000E+0
40,017808	0,000000	80,000000	0,000000E+0
40,017808	0,000000	80,000000	0,000000E+0
40,017808	0,000000	80,000000	0,000000E+0
40,017808	0,000000	80,000000	0,000000E+0
40,017808	0,000000	80,000000	0,000000E+0
40,017808	0,000000	80,000000	0,000000E+0
40,017808	0,000000	80,000000	0,000000E+0
40,017808	0,000000	80,000000	0,000000E+0
40,017808	0,000000	80,000000	0,000000E+0
40,017808	0,000000	80,000000	0,000000E+0
41,018247	0,000000	80,000000	0,000000E+0
41,018247	0,000000	80,000000	0,000000E+0
41,018247	0,000000	80,000000	0,000000E+0
41,018247	0,000000	80,000000	0,000000E+0
41,018247	0,000000	80,000000	0,000000E+0
41,018247	0,000000	80,000000	0,000000E+0
41,018247	0,000000	80,000000	0,000000E+0
41,018247	0,000000	80,000000	0,000000E+0
41,018247	0,000000	80,000000	0,000000E+0
41,018247	0,000000	80,000000	0,000000E+0
42,017662	0,000000	80,000000	0,000000E+0
42,017662	0,000000	80,000000	0,000000E+0
42,017662	0,000000	80,000000	0,000000E+0
42,017662	0,000000	80,000000	0,000000E+0
42,017662	0,000000	80,000000	0,000000E+0
42,017662	0,000000	80,000000	0,000000E+0
42,017662	0,000000	80,000000	0,000000E+0
42,017662	0,000000	80,000000	0,000000E+0
42,017662	0,000000	80,000000	0,000000E+0
42,017662	0,000000	80,000000	0,000000E+0
43,018089	0,000000	80,000000	0,000000E+0
43,018089	0,000000	80,000000	0,000000E+0
43,018089	0,000000	80,000000	0,000000E+0
43,018089	0,000000	80,000000	0,000000E+0
43,018089	0,000000	80,000000	0,000000E+0
43,018089	0,000000	80,000000	0,000000E+0
43,018089	0,000000	80,000000	0,000000E+0
43,018089	0,000000	80,000000	0,000000E+0
43,018089	0,000000	80,000000	0,000000E+0
43,018089	0,000000	80,000000	0,000000E+0
44,017503	0,000000	80,000000	0,000000E+0
44,017503	0,000000	80,000000	0,000000E+0
44,017503	0,000000	80,000000	0,000000E+0
44,017503	0,000000	80,000000	0,000000E+0
44,017503	0,000000	80,000000	0,000000E+0
44,017503	0,000000	80,000000	0,000000E+0
44,017503	0,000000	80,000000	0,000000E+0
44,017503	0,000000	80,000000	0,000000E+0
44,017503	0,000000	80,000000	0,000000E+0
44,017503	0,000000	80,000000	0,000000E+0
45,017941	0,000000	80,000000	0,000000E+0
45,017941	0,000000	80,000000	0,000000E+0
45,017941	0,000000	80,000000	0,000000E+0
45,017941	0,000000	80,000000	0,000000E+0
45,017941	0,000000	80,000000	0,000000E+0
45,017941	0,000000	80,000000	0,000000E+0
45,017941	0,000000	80,000000	0,000000E+0
45,017941	0,000000	80,000000	0,000000E+0
45,017941	0,000000	80,000000	0,000000E+0
45,017941	0,000000	80,000000	0,000000E+0
46,019388	0,000000	80,000000	0,000000E+0
46,019388	0,000000	80,000000	0,000000E+0
46,019388	0,000000	80,000000	0,000000E+0
46,019388	0,000000	80,000000	0,000000E+0
46,019388	0,000000	80,000000	0,000000E+0
46,019388	0,000000	80,000000	0,000000E+0
46,019388	0,000000	80,000000	0,000000E+0
46,019388	0,000000	80,000000	0,000000E+0
46,019388	0,000000	80,000000	0,000000E+0
46,019388	0,000000	80,000000	0,000000E+0
47,019785	0,000000	80,000000	0,000000E+0
47,019785	0,000000	80,000000	0,000000E+0
47,019785	0,000000	80,000000	0,000000E+0
47,019785	0,000000	80,000000	0,000000E+0
47,019785	0,000000	80,000000	0,000000E+0
47,019785	0,000000	80,000000	0,000000E+0
47,019785	0,000000	80,000000	0,000000E+0
47,019785	0,000000	80,000000	0,000000E+0
47,019785	0,000000	80,000000	0,000000E+0
47,019785	0,000000	80,000000	0,000000E+0
48,021205	0,000000	80,000000	0,000000E+0
48,021205	0,000000	80,000000	0,000000E+0
48,021205	0,000000	80,000000	0,000000E+0
48,021205	0,000000	80,000000	0,000000E+0
48,021205	0,000000	80,000000	0,000000E+0
48,021205	0,000000	80,000000	0,000000E+0
48,021205	0,000000	80,000000	0,000000E+0
48,021205	0,000000	80,000000	0,000000E+0
48,021205	0,000000	80,000000	0,000000E+0
48,021205	0,000000	80,000000	0,000000E+0
49,020615	0,000000	80,000000	0,000000E+0
49,020615	0,000000	80,000000	0,000000E+0
49,020615	0,000000	80,000000	0,000000E+0
49,020615	0,000000	80,000000	0,000000E+0
49,020615	0,000000	80,000000	0,000000E+0
49,020615	0,000000	80,000000	0,000000E+0
49,020615	0,000000	80,000000	0,000000E+0
49,020615	0,000000	80,000000	0,000000E+0
49,020615	0,000000	80,000000	0,000000E+0
49,020615	0,000000	80,000000	0,000000E+0
50,021066	0,000000	80,000000	0,000000E+0
50,021066	0,000000	80,000000	0,000000E+0
50,021066	0,000000	80,000000	0,000000E+0
50,021066	0,000000	80,000000	0,000000E+0
50,021066	0,000000	80,000000	0,000000E+0
50,021066	0,000000	80,000000	0,000000E+0
50,021066	0,000000	80,000000	0,000000E+0
50,021066	0,000000	80,000000	0,000000E+0
50,021066	0,000000	80,000000	0,000000E+0
50,021066	0,000000	80,000000	0,000000E+0
51,020460	0,000000	80,000000	0,000000E+0
51,020460	0,000000	80,000000	0,000000E+0
51,020460	0,000000	80,000000	0,000000E+0
51,020460	0,000000	80,000000	0,000000E+0
51,020460	0,000000	80,000000	0,000000E+0
51,020460	0,000000	80,000000	0,000000E+0
51,020460	0,000000	80,000000	0,000000E+0
51,020460	0,000000	80,000000	0,000000E+0
51,020460	0,000000	80,000000	0,000000E+0
51,020460	0,000000	80,000000	0,000000E+0
52,021892	0,000000	80,000000	0,000000E+0
52,021892	0,000000	80,000000	0,000000E+0
52,021892	0,000000	80,000000	0,000000E+0
52,021892	0,000000	80,000000	0,000000E+0
52,021892	0,000000	80,000000	0,000000E+0
52,021892	0,000000	80,000000	0,000000E+0
52,021892	0,000000	80,000000	0,000000E+0
52,021892	0,000000	80,000000	0,000000E+0
52,021892	0,000000	80,000000	0,000000E+0
52,021892	0,000000	80,000000	0,000000E+0
53,022312	0,000000	80,000000	0,000000E+0
53,022312	0,000000	80,000000	0,000000E+0
53,022312	0,000000	80,000000	0,000000E+0
53,022312	0,000000	80,000000	0,000000E+0
53,022312	0,000000	80,000000	0,000000E+0
53,022312	0,000000	80,000000	0,000000E+0
53,022312	0,000000	80,000000	0,000000E+0
53,022312	0,000000	80,000000	0,000000E+0
53,022312	0,000000	80,000000	0,000000E+0
53,022312	0,000000	80,000000	0,000000E+0
54,021738	0,000000	80,000000	0,000000E+0
54,021738	0,000000	80,000000	0,000000E+0
54,021738	0,000000	80,000000	0,000000E+0
54,021738	0,000000	80,000000	0,000000E+0
54,021738	0,000000	80,000000	0,000000E+0
54,021738	0,000000	80,000000	0,000000E+0
54,021738	0,000000	80,000000	0,000000E+0
54,021738	0,000000	80,000000	0,000000E+0
54,021738	0,000000	80,000000	0,000000E+0
54,021738	0,000000	80,000000	0,000000E+0
55,022178	0,000000	80,000000	0,000000E+0
55,022178	0,000000	80,000000	0,000000E+0
55,022178	0,000000	80,000000	0,000000E+0
55,022178	0,000000	80,000000	0,000000E+0
55,022178	0,000000	80,000000	0,000000E+0
55,022178	0,000000	80,000000	0,000000E+0
55,022178	0,000000	80,000000	0,000000E+0
55,022178	0,000000	80,000000	0,000000E+0
55,022178	0,000000	80,000000	0,000000E+0
55,022178	0,000000	80,000000	0,000000E+0
56,021610	0,000000	80,000000	0,000000E+0
56,021610	0,000000	80,000000	0,000000E+0
56,021610	0,000000	80,000000	0,000000E+0
56,021610	0,000000	80,000000	0,000000E+0
56,021610	0,000000	80,000000	0,000000E+0
56,021610	0,000000	80,000000	0,000000E+0
56,021610	0,000000	80,000000	0,000000E+0
56,021610	0,000000	80,000000	0,000000E+0
56,021610	0,000000	80,000000	0,000000E+0
56,021610	0,000000	80,000000	0,000000E+0
57,022007	0,000000	80,000000	0,000000E+0
57,022007	0,000000	80,000000	0,000000E+0
57,022007	0,000000	80,000000	0,000000E+0
57,022007	0,000000	80,000000	0,000000E+0
57,022007	0,000000	80,000000	0,000000E+0
57,022007	0,000000	80,000000	0,000000E+0
57,022007	0,000000	80,000000	0,000000E+0
57,022007	0,000000	80,000000	0,000000E+0
57,022007	0,000000	80,000000	0,000000E+0
57,022007	0,000000	80,000000	0,000000E+0
58,021438	0,000000	80,000000	0,000000E+0
58,021438	0,000000	80,000000	0,000000E+0
58,021438	0,000000	80,000000	0,000000E+0
58,021438	0,000000	80,000000	0,000000E+0
58,021438	0,000000	80,000000	0,000000E+0
58,021438	0,000000	80,000000	0,000000E+0
58,021438	0,000000	80,000000	0,000000E+0
58,021438	0,000000	80,000000	0,000000E+0
58,021438	0,000000	80,000000	0,000000E+0
58,021438	0,000000	80,000000	0,000000E+0
59,021885	0,000000	80,000000	0,000000E+0
59,021885	0,000000	80,000000	0,000000E+0
59,021885	0,000000	80,000000	0,000000E+0
59,021885	0,000000	80,000000	0,000000E+0
59,021885	0,000000	80,000000	0,000000E+0
59,021885	0,000000	80,000000	0,000000E+0
59,021885	0,000000	80,000000	0,000000E+0
59,021885	0,000000	80,000000	0,000000E+0
59,021885	0,000000	80,000000	0,000000E+0
59,021885	0,000000	80,000000	0,000000E+0
60,022285	0,000000	80,000000	0,000000E+0
60,022285	0,000000	80,000000	0,000000E+0
60,022285	0,000000	80,000000	0,000000E+0
60,022285	0,000000	80,000000	0,000000E+0
60,022285	0,000000	80,000000	0,000000E+0
60,022285	0,000000	80,000000	0,000000E+0
60,022285	0,000000	80,000000	0,000000E+0
60,022285	0,000000	80,000000	0,000000E+0
60,022285	0,000000	80,000000	0,000000E+0
60,022285	0,000000	80,000000	0,000000E+0
61,022740	0,000000	80,000000	0,000000E+0
61,022740	0,000000	80,000000	0,000000E+0
61,022740	0,000000	80,000000	0,000000E+0
61,022740	0,000000	80,000000	0,000000E+0
61,022740	0,000000	80,000000	0,000000E+0
61,022740	0,000000	80,000000	0,000000E+0
61,022740	0,000000	80,000000	0,000000E+0
61,022740	0,000000	80,000000	0,000000E+0
61,022740	0,000000	80,000000	0,000000E+0
61,022740	0,000000	80,000000	0,000000E+0
62,023163	0,000000	80,000000	0,000000E+0
62,023163	0,000000	80,000000	0,000000E+0
62,023163	0,000000	80,000000	0,000000E+0
62,023163	0,000000	80,000000	0,000000E+0
62,023163	0,000000	80,000000	0,000000E+0
62,023163	0,000000	80,000000	0,000000E+0
62,023163	0,000000	80,000000	0,000000E+0
62,023163	0,000000	80,000000	0,000000E+0
62,023163	0,000000	80,000000	0,000000E+0
62,023163	0,000000	80,000000	0,000000E+0
63,022560	0,000000	80,000000	0,000000E+0
63,022560	0,000000	80,000000	0,000000E+0
63,022560	0,000000	80,000000	0,000000E+0
63,022560	0,000000	80,000000	0,000000E+0
63,022560	0,000000	80,000000	0,000000E+0
63,022560	0,000000	80,000000	0,000000E+0
63,022560	0,000000	80,000000	0,000000E+0
63,022560	0,000000	80,000000	0,000000E+0
63,022560	0,000000	80,000000	0,000000E+0
63,022560	0,000000	80,000000	0,000000E+0
64,023980	0,000000	80,000000	0,000000E+0
64,023980	0,000000	80,000000	0,000000E+0
64,023980	0,000000	80,000000	0,000000E+0
64,023980	0,000000	80,000000	0,000000E+0
64,023980	0,000000	80,000000	0,000000E+0
64,023980	0,000000	80,000000	0,000000E+0
64,023980	0,000000	80,000000	0,000000E+0
64,023980	0,000000	80,000000	0,000000E+0
64,023980	0,000000	80,000000	0,000000E+0
64,023980	0,000000	80,000000	0,000000E+0
65,023458	0,000000	80,000000	0,000000E+0
65,023458	0,000000	80,000000	0,000000E+0
65,023458	0,000000	80,000000	0,000000E+0
65,023458	0,000000	80,000000	0,000000E+0
65,023458	0,000000	80,000000	0,000000E+0
65,023458	0,000000	80,000000	0,000000E+0
65,023458	0,000000	80,000000	0,000000E+0
65,023458	0,000000	80,000000	0,000000E+0
65,023458	0,000000	80,000000	0,000000E+0
65,023458	0,000000	80,000000	0,000000E+0
66,023832	0,000000	80,000000	0,000000E+0
66,023832	0,000000	80,000000	0,000000E+0
66,023832	0,000000	80,000000	0,000000E+0
66,023832	0,000000	80,000000	0,000000E+0
66,023832	0,000000	80,000000	0,000000E+0
66,023832	0,000000	80,000000	0,000000E+0
66,023832	0,000000	80,000000	0,000000E+0
66,023832	0,000000	80,000000	0,000000E+0
66,023832	0,000000	80,000000	0,000000E+0
66,023832	0,000000	80,000000	0,000000E+0
67,025258	0,000000	80,000000	0,000000E+0
67,025258	0,000000	80,000000	0,000000E+0
67,025258	0,000000	80,000000	0,000000E+0
67,025258	0,000000	80,000000	0,000000E+0
67,025258	0,000000	80,000000	0,000000E+0
67,025258	0,000000	80,000000	0,000000E+0
67,025258	0,000000	80,000000	0,000000E+0
67,025258	0,000000	80,000000	0,000000E+0
67,025258	0,000000	80,000000	0,000000E+0
67,025258	0,000000	80,000000	0,000000E+0
68,024680	0,000000	80,000000	0,000000E+0
68,024680	0,000000	80,000000	0,000000E+0
68,024680	0,000000	80,000000	0,000000E+0
68,024680	0,000000	80,000000	0,000000E+0
68,024680	0,000000	80,000000	0,000000E+0
68,024680	0,000000	80,000000	0,000000E+0
68,024680	0,000000	80,000000	0,000000E+0
68,024680	0,000000	80,000000	0,000000E+0
68,024680	0,000000	80,000000	0,000000E+0
68,024680	0,000000	80,000000	0,000000E+0
69,025101	0,000000	80,000000	0,000000E+0
69,025101	0,000000	80,000000	0,000000E+0
69,025101	0,000000	80,000000	0,000000E+0
69,025101	0,000000	80,000000	0,000000E+0
69,025101	0,000000	80,000000	0,000000E+0
69,025101	0,000000	80,000000	0,000000E+0
69,025101	0,000000	80,000000	0,000000E+0
69,025101	0,000000	80,000000	0,000000E+0
69,025101	0,000000	80,000000	0,000000E+0
69,025101	0,000000	80,000000	0,000000E+0
70,024540	0,000000	80,000000	0,000000E+0
70,024540	0,000000	80,000000	0,000000E+0
70,024540	0,000000	80,000000	0,000000E+0
70,024540	0,000000	80,000000	0,000000E+0
70,024540	0,000000	80,000000	0,000000E+0
70,024540	0,000000	80,000000	0,000000E+0
70,024540	0,000000	80,000000	0,000000E+0
70,024540	0,000000	80,000000	0,000000E+0
70,024540	0,000000	80,000000	0,000000E+0
70,024540	0,000000	80,000000	0,000000E+0
71,024951	0,000000	80,000000	0,000000E+0
71,024951	0,000000	80,000000	0,000000E+0
71,024951	0,000000	80,000000	0,000000E+0
71,024951	0,000000	80,000000	0,000000E+0
71,024951	0,000000	80,000000	0,000000E+0
71,024951	0,000000	80,000000	0,000000E+0
71,024951	0,000000	80,000000	0,000000E+0
71,024951	0,000000	80,000000	0,000000E+0
71,024951	0,000000	80,000000	0,000000E+0
71,024951	0,000000	80,000000	0,000000E+0
72,024394	0,000000	80,000000	0,000000E+0
72,024394	0,000000	80,000000	0,000000E+0
72,024394	0,000000	80,000000	0,000000E+0
72,024394	0,000000	80,000000	0,000000E+0
72,024394	0,000000	80,000000	0,000000E+0
72,024394	0,000000	80,000000	0,000000E+0
72,024394	0,000000	80,000000	0,000000E+0
72,024394	0,000000	80,000000	0,000000E+0
72,024394	0,000000	80,000000	0,000000E+0
72,024394	0,000000	80,000000	0,000000E+0
73,024835	0,000000	80,000000	0,000000E+0
73,024835	0,000000	80,000000	0,000000E+0
73,024835	0,000000	80,000000	0,000000E+0
73,024835	0,000000	80,000000	0,000000E+0
73,024835	0,000000	80,000000	0,000000E+0
73,024835	0,000000	80,000000	0,000000E+0
73,024835	0,000000	80,000000	0,000000E+0
73,024835	0,000000	80,000000	0,000000E+0
73,024835	0,000000	80,000000	0,000000E+0
73,024835	0,000000	80,000000	0,000000E+0
74,026244	0,000000	80,000000	0,000000E+0
74,026244	0,000000	80,000000	0,000000E+0
74,026244	0,000000	80,000000	0,000000E+0
74,026244	0,000000	80,000000	0,000000E+0
74,026244	0,000000	80,000000	0,000000E+0
74,026244	0,000000	80,000000	0,000000E+0
74,026244	0,000000	80,000000	0,000000E+0
74,026244	0,000000	80,000000	0,000000E+0
74,026244	0,000000	80,000000	0,000000E+0
74,026244	0,000000	80,000000	0,000000E+0
75,025679	0,000000	80,000000	0,000000E+0
75,025679	0,000000	80,000000	0,000000E+0
75,025679	0,000000	80,000000	0,000000E+0
75,025679	0,000000	80,000000	0,000000E+0
75,025679	0,000000	80,000000	0,000000E+0
75,025679	0,000000	80,000000	0,000000E+0
75,025679	0,000000	80,000000	0,000000E+0
75,025679	0,000000	80,000000	0,000000E+0
75,025679	0,000000	80,000000	0,000000E+0
75,025679	0,000000	80,000000	0,000000E+0
76,026080	0,000000	80,000000	0,000000E+0
76,026080	0,000000	80,000000	0,000000E+0
76,026080	0,000000	80,000000	0,000000E+0
76,026080	0,000000	80,000000	0,000000E+0
76,026080	0,000000	80,000000	0,000000E+0
76,026080	0,000000	80,000000	0,000000E+0
76,026080	0,000000	80,000000	0,000000E+0
76,026080	0,000000	80,000000	0,000000E+0
76,026080	0,000000	80,000000	0,000000E+0
76,026080	0,000000	80,000000	0,000000E+0
77,026513	0,000000	80,000000	0,000000E+0
77,026513	0,000000	80,000000	0,000000E+0
77,026513	0,000000	80,000000	0,000000E+0
77,026513	0,000000	80,000000	0,000000E+0
77,026513	0,000000	80,000000	0,000000E+0
77,026513	0,000000	80,000000	0,000000E+0
77,026513	0,000000	80,000000	0,000000E+0
77,026513	0,000000	80,000000	0,000000E+0
77,026513	0,000000	80,000000	0,000000E+0
77,026513	0,000000	80,000000	0,000000E+0
78,026950	0,000000	80,000000	0,000000E+0
78,026950	0,000000	80,000000	0,000000E+0
78,026950	0,000000	80,000000	0,000000E+0
78,026950	0,000000	80,000000	0,000000E+0
78,026950	0,000000	80,000000	0,000000E+0
78,026950	0,000000	80,000000	0,000000E+0
78,026950	0,000000	80,000000	0,000000E+0
78,026950	0,000000	80,000000	0,000000E+0
78,026950	0,000000	80,000000	0,000000E+0
78,026950	0,000000	80,000000	0,000000E+0
79,027366	0,000000	80,000000	0,000000E+0
79,027366	0,000000	80,000000	0,000000E+0
79,027366	0,000000	80,000000	0,000000E+0
79,027366	0,000000	80,000000	0,000000E+0
79,027366	0,000000	80,000000	0,000000E+0
79,027366	0,000000	80,000000	0,000000E+0
79,027366	0,000000	80,000000	0,000000E+0
79,027366	0,000000	80,000000	0,000000E+0
79,027366	0,000000	80,000000	0,000000E+0
79,027366	0,000000	80,000000	0,000000E+0
80,027772	0,000000	80,000000	0,000000E+0
80,027772	0,000000	80,000000	0,000000E+0
80,027772	0,000000	80,000000	0,000000E+0
80,027772	0,000000	80,000000	0,000000E+0
80,027772	0,000000	80,000000	0,000000E+0
80,027772	0,000000	80,000000	0,000000E+0
80,027772	0,000000	80,000000	0,000000E+0
80,027772	0,000000	80,000000	0,000000E+0
80,027772	0,000000	80,000000	0,000000E+0
80,027772	0,000000	80,000000	0,000000E+0
81,028205	0,000000	80,000000	0,000000E+0
81,028205	0,000000	80,000000	0,000000E+0
81,028205	0,000000	80,000000	0,000000E+0
81,028205	0,000000	80,000000	0,000000E+0
81,028205	0,000000	80,000000	0,000000E+0
81,028205	0,000000	80,000000	0,000000E+0
81,028205	0,000000	80,000000	0,000000E+0
81,028205	0,000000	80,000000	0,000000E+0
81,028205	0,000000	80,000000	0,000000E+0
81,028205	0,000000	80,000000	0,000000E+0
82,027646	0,000000	80,000000	0,000000E+0
82,027646	0,000000	80,000000	0,000000E+0
82,027646	0,000000	80,000000	0,000000E+0
82,027646	0,000000	80,000000	0,000000E+0
82,027646	0,000000	80,000000	0,000000E+0
82,027646	0,000000	80,000000	0,000000E+0
82,027646	0,000000	80,000000	0,000000E+0
82,027646	0,000000	80,000000	0,000000E+0
82,027646	0,000000	80,000000	0,000000E+0
82,027646	0,000000	80,000000	0,000000E+0
83,029045	0,000000	80,000000	0,000000E+0
83,029045	0,000000	80,000000	0,000000E+0
83,029045	0,000000	80,000000	0,000000E+0
83,029045	0,000000	80,000000	0,000000E+0
83,029045	0,000000	80,000000	0,000000E+0
83,029045	0,000000	80,000000	0,000000E+0
83,029045	0,000000	80,000000	0,000000E+0
83,029045	0,000000	80,000000	0,000000E+0
83,029045	0,000000	80,000000	0,000000E+0
83,029045	0,000000	80,000000	0,000000E+0
84,028494	0,000000	80,000000	0,000000E+0
84,028494	0,000000	80,000000	0,000000E+0
84,028494	0,000000	80,000000	0,000000E+0
84,028494	0,000000	80,000000	0,000000E+0
84,028494	0,000000	80,000000	0,000000E+0
84,028494	0,000000	80,000000	0,000000E+0
84,028494	0,000000	80,000000	0,000000E+0
84,028494	0,000000	80,000000	0,000000E+0
84,028494	0,000000	80,000000	0,000000E+0
84,028494	0,000000	80,000000	0,000000E+0
85,028890	0,000000	80,000000	0,000000E+0
85,028890	0,000000	80,000000	0,000000E+0
85,028890	0,000000	80,000000	0,000000E+0
85,028890	0,000000	80,000000	0,000000E+0
85,028890	0,000000	80,000000	0,000000E+0
85,028890	0,000000	80,000000	0,000000E+0
85,028890	0,000000	80,000000	0,000000E+0
85,028890	0,000000	80,000000	0,000000E+0
85,028890	0,000000	80,000000	0,000000E+0
