2742,625820	0,000000	30,000000	5,000000E-2
0,006326	0,000000	30,000000	5,000000E-2
0,006326	0,000000	30,000000	5,000000E-2
0,006326	0,000000	30,000000	5,000000E-2
0,006326	0,000000	30,000000	5,000000E-2
0,006326	0,000000	30,000000	5,000000E-2
0,006326	0,000000	30,000000	5,000000E-2
0,006326	0,000000	30,000000	5,000000E-2
0,006326	0,000000	30,000000	5,000000E-2
0,006326	0,000000	30,000000	5,000000E-2
0,006326	0,000000	30,000000	5,000000E-2
1,006857	0,000000	30,000000	5,000000E-2
1,006857	0,000000	30,000000	5,000000E-2
1,006857	0,000000	30,000000	5,000000E-2
1,006857	0,000000	30,000000	5,000000E-2
1,006857	0,000000	30,000000	5,000000E-2
1,006857	0,000000	30,000000	5,000000E-2
1,006857	0,000000	30,000000	5,000000E-2
1,006857	0,000000	30,000000	5,000000E-2
1,006857	0,000000	30,000000	5,000000E-2
1,006857	0,000000	30,000000	5,000000E-2
2,007292	0,000000	30,000000	5,000000E-2
2,007292	0,000000	30,000000	5,000000E-2
2,007292	0,000000	30,000000	5,000000E-2
2,007292	0,000000	30,000000	5,000000E-2
2,007292	0,000000	30,000000	5,000000E-2
2,007292	0,000000	30,000000	5,000000E-2
2,007292	0,000000	30,000000	5,000000E-2
2,007292	0,000000	30,000000	5,000000E-2
2,007292	0,000000	30,000000	5,000000E-2
2,007292	0,000000	30,000000	5,000000E-2
3,007725	0,000000	30,000000	5,000000E-2
3,007725	0,000000	30,000000	5,000000E-2
3,007725	0,000000	30,000000	5,000000E-2
3,007725	0,000000	30,000000	5,000000E-2
3,007725	0,000000	30,000000	5,000000E-2
3,007725	0,000000	30,000000	5,000000E-2
3,007725	0,000000	30,000000	5,000000E-2
3,007725	0,000000	30,000000	5,000000E-2
3,007725	0,000000	30,000000	5,000000E-2
3,007725	0,000000	30,000000	5,000000E-2
4,008206	0,000000	30,000000	5,000000E-2
4,008206	0,000000	30,000000	5,000000E-2
4,008206	0,000000	30,000000	5,000000E-2
4,008206	0,000000	30,000000	5,000000E-2
4,008206	0,000000	30,000000	5,000000E-2
4,008206	0,000000	30,000000	5,000000E-2
4,008206	0,000000	30,000000	5,000000E-2
4,008206	0,000000	30,000000	5,000000E-2
4,008206	0,000000	30,000000	5,000000E-2
4,008206	0,000000	30,000000	5,000000E-2
5,007576	0,000000	30,000000	5,000000E-2
5,007576	0,000000	30,000000	5,000000E-2
5,007576	0,000000	30,000000	5,000000E-2
5,007576	0,000000	30,000000	5,000000E-2
5,007576	0,000000	30,000000	5,000000E-2
5,007576	0,000000	30,000000	5,000000E-2
5,007576	0,000000	30,000000	5,000000E-2
5,007576	0,000000	30,000000	5,000000E-2
5,007576	0,000000	30,000000	5,000000E-2
5,007576	0,000000	30,000000	5,000000E-2
6,008001	0,000000	30,000000	5,000000E-2
6,008001	0,000000	30,000000	5,000000E-2
6,008001	0,000000	30,000000	5,000000E-2
6,008001	0,000000	30,000000	5,000000E-2
6,008001	0,000000	30,000000	5,000000E-2
6,008001	0,000000	30,000000	5,000000E-2
6,008001	0,000000	30,000000	5,000000E-2
6,008001	0,000000	30,000000	5,000000E-2
6,008001	0,000000	30,000000	5,000000E-2
6,008001	0,000000	30,000000	5,000000E-2
7,007440	0,000000	30,000000	5,000000E-2
7,007440	0,000000	30,000000	5,000000E-2
7,007440	0,000000	30,000000	5,000000E-2
7,007440	0,000000	30,000000	5,000000E-2
7,007440	0,000000	30,000000	5,000000E-2
7,007440	0,000000	30,000000	5,000000E-2
7,007440	0,000000	30,000000	5,000000E-2
7,007440	0,000000	30,000000	5,000000E-2
7,007440	0,000000	30,000000	5,000000E-2
7,007440	0,000000	30,000000	5,000000E-2
8,007851	0,000000	30,000000	5,000000E-2
8,007851	0,000000	30,000000	5,000000E-2
8,007851	0,000000	30,000000	5,000000E-2
8,007851	0,000000	30,000000	5,000000E-2
8,007851	0,000000	30,000000	5,000000E-2
8,007851	0,000000	30,000000	5,000000E-2
8,007851	0,000000	30,000000	5,000000E-2
8,007851	0,000000	30,000000	5,000000E-2
8,007851	0,000000	30,000000	5,000000E-2
8,007851	0,000000	30,000000	5,000000E-2
9,008255	0,000000	30,000000	5,000000E-2
9,008255	0,000000	30,000000	5,000000E-2
9,008255	0,000000	30,000000	5,000000E-2
9,008255	0,000000	30,000000	5,000000E-2
9,008255	0,000000	30,000000	5,000000E-2
9,008255	0,000000	30,000000	5,000000E-2
9,008255	0,000000	30,000000	5,000000E-2
9,008255	0,000000	30,000000	5,000000E-2
9,008255	0,000000	30,000000	5,000000E-2
9,008255	0,000000	30,000000	5,000000E-2
10,007702	0,000000	30,000000	5,000000E-2
10,007702	0,000000	30,000000	5,000000E-2
10,007702	0,000000	30,000000	5,000000E-2
10,007702	0,000000	30,000000	5,000000E-2
10,007702	0,000000	30,000000	5,000000E-2
10,007702	0,000000	30,000000	5,000000E-2
10,007702	0,000000	30,000000	5,000000E-2
10,007702	0,000000	30,000000	5,000000E-2
10,007702	0,000000	30,000000	5,000000E-2
10,007702	0,000000	30,000000	5,000000E-2
11,008118	0,000000	30,000000	5,000000E-2
11,008118	0,000000	30,000000	5,000000E-2
11,008118	0,000000	30,000000	5,000000E-2
11,008118	0,000000	30,000000	5,000000E-2
11,008118	0,000000	30,000000	5,000000E-2
11,008118	0,000000	30,000000	5,000000E-2
11,008118	0,000000	30,000000	5,000000E-2
11,008118	0,000000	30,000000	5,000000E-2
11,008118	0,000000	30,000000	5,000000E-2
11,008118	0,000000	30,000000	5,000000E-2
12,008554	0,000000	30,000000	5,000000E-2
12,008554	0,000000	30,000000	5,000000E-2
12,008554	0,000000	30,000000	5,000000E-2
12,008554	0,000000	30,000000	5,000000E-2
12,008554	0,000000	30,000000	5,000000E-2
12,008554	0,000000	30,000000	5,000000E-2
12,008554	0,000000	30,000000	5,000000E-2
12,008554	0,000000	30,000000	5,000000E-2
12,008554	0,000000	30,000000	5,000000E-2
12,008554	0,000000	30,000000	5,000000E-2
13,009976	0,000000	30,000000	5,000000E-2
13,009976	0,000000	30,000000	5,000000E-2
13,009976	0,000000	30,000000	5,000000E-2
13,009976	0,000000	30,000000	5,000000E-2
13,009976	0,000000	30,000000	5,000000E-2
13,009976	0,000000	30,000000	5,000000E-2
13,009976	0,000000	30,000000	5,000000E-2
13,009976	0,000000	30,000000	5,000000E-2
13,009976	0,000000	30,000000	5,000000E-2
13,009976	0,000000	30,000000	5,000000E-2
14,009408	0,000000	30,000000	5,000000E-2
14,009408	0,000000	30,000000	5,000000E-2
14,009408	0,000000	30,000000	5,000000E-2
14,009408	0,000000	30,000000	5,000000E-2
14,009408	0,000000	30,000000	5,000000E-2
14,009408	0,000000	30,000000	5,000000E-2
14,009408	0,000000	30,000000	5,000000E-2
14,009408	0,000000	30,000000	5,000000E-2
14,009408	0,000000	30,000000	5,000000E-2
14,009408	0,000000	30,000000	5,000000E-2
15,010837	0,000000	30,000000	5,000000E-2
15,010837	0,000000	30,000000	5,000000E-2
15,010837	0,000000	30,000000	5,000000E-2
15,010837	0,000000	30,000000	5,000000E-2
15,010837	0,000000	30,000000	5,000000E-2
15,010837	0,000000	30,000000	5,000000E-2
15,010837	0,000000	30,000000	5,000000E-2
15,010837	0,000000	30,000000	5,000000E-2
15,010837	0,000000	30,000000	5,000000E-2
15,010837	0,000000	30,000000	5,000000E-2
16,011240	0,000000	30,000000	5,000000E-2
16,011240	0,000000	30,000000	5,000000E-2
16,011240	0,000000	30,000000	5,000000E-2
16,011240	0,000000	30,000000	5,000000E-2
16,011240	0,000000	30,000000	5,000000E-2
16,011240	0,000000	30,000000	5,000000E-2
16,011240	0,000000	30,000000	5,000000E-2
16,011240	0,000000	30,000000	5,000000E-2
16,011240	0,000000	30,000000	5,000000E-2
16,011240	0,000000	30,000000	5,000000E-2
17,010668	0,000000	30,000000	5,000000E-2
17,010668	0,000000	30,000000	5,000000E-2
17,010668	0,000000	30,000000	5,000000E-2
17,010668	0,000000	30,000000	5,000000E-2
17,010668	0,000000	30,000000	5,000000E-2
17,010668	0,000000	30,000000	5,000000E-2
17,010668	0,000000	30,000000	5,000000E-2
17,010668	0,000000	30,000000	5,000000E-2
17,010668	0,000000	30,000000	5,000000E-2
17,010668	0,000000	30,000000	5,000000E-2
18,011108	0,000000	30,000000	5,000000E-2
18,011108	0,000000	30,000000	5,000000E-2
18,011108	0,000000	30,000000	5,000000E-2
18,011108	0,000000	30,000000	5,000000E-2
18,011108	0,000000	30,000000	5,000000E-2
18,011108	0,000000	30,000000	5,000000E-2
18,011108	0,000000	30,000000	5,000000E-2
18,011108	0,000000	30,000000	5,000000E-2
18,011108	0,000000	30,000000	5,000000E-2
18,011108	0,000000	30,000000	5,000000E-2
19,010530	0,000000	30,000000	5,000000E-2
19,010530	0,000000	30,000000	5,000000E-2
19,010530	0,000000	30,000000	5,000000E-2
19,010530	0,000000	30,000000	5,000000E-2
19,010530	0,000000	30,000000	5,000000E-2
19,010530	0,000000	30,000000	5,000000E-2
19,010530	0,000000	30,000000	5,000000E-2
19,010530	0,000000	30,000000	5,000000E-2
19,010530	0,000000	30,000000	5,000000E-2
19,010530	0,000000	30,000000	5,000000E-2
20,010937	0,000000	30,000000	5,000000E-2
20,010937	0,000000	30,000000	5,000000E-2
20,010937	0,000000	30,000000	5,000000E-2
20,010937	0,000000	30,000000	5,000000E-2
20,010937	0,000000	30,000000	5,000000E-2
20,010937	0,000000	30,000000	5,000000E-2
20,010937	0,000000	30,000000	5,000000E-2
20,010937	0,000000	30,000000	5,000000E-2
20,010937	0,000000	30,000000	5,000000E-2
20,010937	0,000000	30,000000	5,000000E-2
21,010386	0,000000	30,000000	5,000000E-2
21,010386	0,000000	30,000000	5,000000E-2
21,010386	0,000000	30,000000	5,000000E-2
21,010386	0,000000	30,000000	5,000000E-2
21,010386	0,000000	30,000000	5,000000E-2
21,010386	0,000000	30,000000	5,000000E-2
21,010386	0,000000	30,000000	5,000000E-2
21,010386	0,000000	30,000000	5,000000E-2
21,010386	0,000000	30,000000	5,000000E-2
21,010386	0,000000	30,000000	5,000000E-2
22,011816	0,000000	30,000000	5,000000E-2
22,011816	0,000000	30,000000	5,000000E-2
22,011816	0,000000	30,000000	5,000000E-2
22,011816	0,000000	30,000000	5,000000E-2
22,011816	0,000000	30,000000	5,000000E-2
22,011816	0,000000	30,000000	5,000000E-2
22,011816	0,000000	30,000000	5,000000E-2
22,011816	0,000000	30,000000	5,000000E-2
22,011816	0,000000	30,000000	5,000000E-2
22,011816	0,000000	30,000000	5,000000E-2
23,012211	0,000000	30,000000	5,000000E-2
23,012211	0,000000	30,000000	5,000000E-2
23,012211	0,000000	30,000000	5,000000E-2
23,012211	0,000000	30,000000	5,000000E-2
23,012211	0,000000	30,000000	5,000000E-2
23,012211	0,000000	30,000000	5,000000E-2
23,012211	0,000000	30,000000	5,000000E-2
23,012211	0,000000	30,000000	5,000000E-2
23,012211	0,000000	30,000000	5,000000E-2
23,012211	0,000000	30,000000	5,000000E-2
24,011658	0,000000	30,000000	5,000000E-2
24,011658	0,000000	30,000000	5,000000E-2
24,011658	0,000000	30,000000	5,000000E-2
24,011658	0,000000	30,000000	5,000000E-2
24,011658	0,000000	30,000000	5,000000E-2
24,011658	0,000000	30,000000	5,000000E-2
24,011658	0,000000	30,000000	5,000000E-2
24,011658	0,000000	30,000000	5,000000E-2
24,011658	0,000000	30,000000	5,000000E-2
24,011658	0,000000	30,000000	5,000000E-2
25,012083	0,000000	30,000000	5,000000E-2
25,012083	0,000000	30,000000	5,000000E-2
25,012083	0,000000	30,000000	5,000000E-2
25,012083	0,000000	30,000000	5,000000E-2
25,012083	0,000000	30,000000	5,000000E-2
25,012083	0,000000	30,000000	5,000000E-2
25,012083	0,000000	30,000000	5,000000E-2
25,012083	0,000000	30,000000	5,000000E-2
25,012083	0,000000	30,000000	5,000000E-2
25,012083	0,000000	30,000000	5,000000E-2
26,011520	0,000000	30,000000	5,000000E-2
26,011520	0,000000	30,000000	5,000000E-2
26,011520	0,000000	30,000000	5,000000E-2
26,011520	0,000000	30,000000	5,000000E-2
26,011520	0,000000	30,000000	5,000000E-2
26,011520	0,000000	30,000000	5,000000E-2
26,011520	0,000000	30,000000	5,000000E-2
26,011520	0,000000	30,000000	5,000000E-2
26,011520	0,000000	30,000000	5,000000E-2
26,011520	0,000000	30,000000	5,000000E-2
27,012930	0,000000	30,000000	5,000000E-2
27,012930	0,000000	30,000000	5,000000E-2
27,012930	0,000000	30,000000	5,000000E-2
27,012930	0,000000	30,000000	5,000000E-2
27,012930	0,000000	30,000000	5,000000E-2
27,012930	0,000000	30,000000	5,000000E-2
27,012930	0,000000	30,000000	5,000000E-2
27,012930	0,000000	30,000000	5,000000E-2
27,012930	0,000000	30,000000	5,000000E-2
27,012930	0,000000	30,000000	5,000000E-2
28,012364	0,000000	30,000000	5,000000E-2
28,012364	0,000000	30,000000	5,000000E-2
28,012364	0,000000	30,000000	5,000000E-2
28,012364	0,000000	30,000000	5,000000E-2
28,012364	0,000000	30,000000	5,000000E-2
28,012364	0,000000	30,000000	5,000000E-2
28,012364	0,000000	30,000000	5,000000E-2
28,012364	0,000000	30,000000	5,000000E-2
28,012364	0,000000	30,000000	5,000000E-2
28,012364	0,000000	30,000000	5,000000E-2
29,013771	0,000000	30,000000	5,000000E-2
29,013771	0,000000	30,000000	5,000000E-2
29,013771	0,000000	30,000000	5,000000E-2
29,013771	0,000000	30,000000	5,000000E-2
29,013771	0,000000	30,000000	5,000000E-2
29,013771	0,000000	30,000000	5,000000E-2
29,013771	0,000000	30,000000	5,000000E-2
29,013771	0,000000	30,000000	5,000000E-2
29,013771	0,000000	30,000000	5,000000E-2
29,013771	0,000000	30,000000	5,000000E-2
30,014197	0,000000	30,000000	5,000000E-2
30,014197	0,000000	30,000000	5,000000E-2
30,014197	0,000000	30,000000	5,000000E-2
30,014197	0,000000	30,000000	5,000000E-2
30,014197	0,000000	30,000000	5,000000E-2
30,014197	0,000000	30,000000	5,000000E-2
30,014197	0,000000	30,000000	5,000000E-2
30,014197	0,000000	30,000000	5,000000E-2
30,014197	0,000000	30,000000	5,000000E-2
30,014197	0,000000	30,000000	5,000000E-2
31,013633	0,000000	30,000000	5,000000E-2
31,013633	0,000000	30,000000	5,000000E-2
31,013633	0,000000	30,000000	5,000000E-2
31,013633	0,000000	30,000000	5,000000E-2
31,013633	0,000000	30,000000	5,000000E-2
31,013633	0,000000	30,000000	5,000000E-2
31,013633	0,000000	30,000000	5,000000E-2
31,013633	0,000000	30,000000	5,000000E-2
31,013633	0,000000	30,000000	5,000000E-2
31,013633	0,000000	30,000000	5,000000E-2
32,014069	0,000000	30,000000	5,000000E-2
32,014069	0,000000	30,000000	5,000000E-2
32,014069	0,000000	30,000000	5,000000E-2
32,014069	0,000000	30,000000	5,000000E-2
32,014069	0,000000	30,000000	5,000000E-2
32,014069	0,000000	30,000000	5,000000E-2
32,014069	0,000000	30,000000	5,000000E-2
32,014069	0,000000	30,000000	5,000000E-2
32,014069	0,000000	30,000000	5,000000E-2
32,014069	0,000000	30,000000	5,000000E-2
33,014467	0,000000	30,000000	5,000000E-2
33,014467	0,000000	30,000000	5,000000E-2
33,014467	0,000000	30,000000	5,000000E-2
33,014467	0,000000	30,000000	5,000000E-2
33,014467	0,000000	30,000000	5,000000E-2
33,014467	0,000000	30,000000	5,000000E-2
33,014467	0,000000	30,000000	5,000000E-2
33,014467	0,000000	30,000000	5,000000E-2
33,014467	0,000000	30,000000	5,000000E-2
33,014467	0,000000	30,000000	5,000000E-2
34,015936	0,000000	30,000000	5,000000E-2
34,015936	0,000000	30,000000	5,000000E-2
34,015936	0,000000	30,000000	5,000000E-2
34,015936	0,000000	30,000000	5,000000E-2
34,015936	0,000000	30,000000	5,000000E-2
34,015936	0,000000	30,000000	5,000000E-2
34,015936	0,000000	30,000000	5,000000E-2
34,015936	0,000000	30,000000	5,000000E-2
34,015936	0,000000	30,000000	5,000000E-2
34,015936	0,000000	30,000000	5,000000E-2
35,017324	0,000000	30,000000	5,000000E-2
35,017324	0,000000	30,000000	5,000000E-2
35,017324	0,000000	30,000000	5,000000E-2
35,017324	0,000000	30,000000	5,000000E-2
35,017324	0,000000	30,000000	5,000000E-2
35,017324	0,000000	30,000000	5,000000E-2
35,017324	0,000000	30,000000	5,000000E-2
35,017324	0,000000	30,000000	5,000000E-2
35,017324	0,000000	30,000000	5,000000E-2
35,017324	0,000000	30,000000	5,000000E-2
36,016744	0,000000	30,000000	5,000000E-2
36,016744	0,000000	30,000000	5,000000E-2
36,016744	0,000000	30,000000	5,000000E-2
36,016744	0,000000	30,000000	5,000000E-2
36,016744	0,000000	30,000000	5,000000E-2
36,016744	0,000000	30,000000	5,000000E-2
36,016744	0,000000	30,000000	5,000000E-2
36,016744	0,000000	30,000000	5,000000E-2
36,016744	0,000000	30,000000	5,000000E-2
36,016744	0,000000	30,000000	5,000000E-2
37,017185	0,000000	30,000000	5,000000E-2
37,017185	0,000000	30,000000	5,000000E-2
37,017185	0,000000	30,000000	5,000000E-2
37,017185	0,000000	30,000000	5,000000E-2
37,017185	0,000000	30,000000	5,000000E-2
37,017185	0,000000	30,000000	5,000000E-2
37,017185	0,000000	30,000000	5,000000E-2
37,017185	0,000000	30,000000	5,000000E-2
37,017185	0,000000	30,000000	5,000000E-2
37,017185	0,000000	30,000000	5,000000E-2
38,016590	0,000000	30,000000	5,000000E-2
38,016590	0,000000	30,000000	5,000000E-2
38,016590	0,000000	30,000000	5,000000E-2
38,016590	0,000000	30,000000	5,000000E-2
38,016590	0,000000	30,000000	5,000000E-2
38,016590	0,000000	30,000000	5,000000E-2
38,016590	0,000000	30,000000	5,000000E-2
38,016590	0,000000	30,000000	5,000000E-2
38,016590	0,000000	30,000000	5,000000E-2
38,016590	0,000000	30,000000	5,000000E-2
39,017044	0,000000	30,000000	5,000000E-2
39,017044	0,000000	30,000000	5,000000E-2
39,017044	0,000000	30,000000	5,000000E-2
39,017044	0,000000	30,000000	5,000000E-2
39,017044	0,000000	30,000000	5,000000E-2
39,017044	0,000000	30,000000	5,000000E-2
39,017044	0,000000	30,000000	5,000000E-2
39,017044	0,000000	30,000000	5,000000E-2
39,017044	0,000000	30,000000	5,000000E-2
39,017044	0,000000	30,000000	5,000000E-2
40,017441	0,000000	30,000000	5,000000E-2
40,017441	0,000000	30,000000	5,000000E-2
40,017441	0,000000	30,000000	5,000000E-2
40,017441	0,000000	30,000000	5,000000E-2
40,017441	0,000000	30,000000	5,000000E-2
40,017441	0,000000	30,000000	5,000000E-2
40,017441	0,000000	30,000000	5,000000E-2
40,017441	0,000000	30,000000	5,000000E-2
40,017441	0,000000	30,000000	5,000000E-2
40,017441	0,000000	30,000000	5,000000E-2
41,017865	0,000000	30,000000	5,000000E-2
41,017865	0,000000	30,000000	5,000000E-2
41,017865	0,000000	30,000000	5,000000E-2
41,017865	0,000000	30,000000	5,000000E-2
41,017865	0,000000	30,000000	5,000000E-2
41,017865	0,000000	30,000000	5,000000E-2
41,017865	0,000000	30,000000	5,000000E-2
41,017865	0,000000	30,000000	5,000000E-2
41,017865	0,000000	30,000000	5,000000E-2
41,017865	0,000000	30,000000	5,000000E-2
42,019318	0,000000	30,000000	5,000000E-2
42,019318	0,000000	30,000000	5,000000E-2
42,019318	0,000000	30,000000	5,000000E-2
42,019318	0,000000	30,000000	5,000000E-2
42,019318	0,000000	30,000000	5,000000E-2
42,019318	0,000000	30,000000	5,000000E-2
42,019318	0,000000	30,000000	5,000000E-2
42,019318	0,000000	30,000000	5,000000E-2
42,019318	0,000000	30,000000	5,000000E-2
42,019318	0,000000	30,000000	5,000000E-2
43,018740	0,000000	30,000000	5,000000E-2
43,018740	0,000000	30,000000	5,000000E-2
43,018740	0,000000	30,000000	5,000000E-2
43,018740	0,000000	30,000000	5,000000E-2
43,018740	0,000000	30,000000	5,000000E-2
43,018740	0,000000	30,000000	5,000000E-2
43,018740	0,000000	30,000000	5,000000E-2
43,018740	0,000000	30,000000	5,000000E-2
43,018740	0,000000	30,000000	5,000000E-2
43,018740	0,000000	30,000000	5,000000E-2
44,019150	0,000000	30,000000	5,000000E-2
44,019150	0,000000	30,000000	5,000000E-2
44,019150	0,000000	30,000000	5,000000E-2
44,019150	0,000000	30,000000	5,000000E-2
44,019150	0,000000	30,000000	5,000000E-2
44,019150	0,000000	30,000000	5,000000E-2
44,019150	0,000000	30,000000	5,000000E-2
44,019150	0,000000	30,000000	5,000000E-2
44,019150	0,000000	30,000000	5,000000E-2
44,019150	0,000000	30,000000	5,000000E-2
45,018582	0,000000	30,000000	5,000000E-2
45,018582	0,000000	30,000000	5,000000E-2
45,018582	0,000000	30,000000	5,000000E-2
45,018582	0,000000	30,000000	5,000000E-2
45,018582	0,000000	30,000000	5,000000E-2
45,018582	0,000000	30,000000	5,000000E-2
45,018582	0,000000	30,000000	5,000000E-2
45,018582	0,000000	30,000000	5,000000E-2
45,018582	0,000000	30,000000	5,000000E-2
45,018582	0,000000	30,000000	5,000000E-2
46,019017	0,000000	30,000000	5,000000E-2
46,019017	0,000000	30,000000	5,000000E-2
46,019017	0,000000	30,000000	5,000000E-2
46,019017	0,000000	30,000000	5,000000E-2
46,019017	0,000000	30,000000	5,000000E-2
46,019017	0,000000	30,000000	5,000000E-2
46,019017	0,000000	30,000000	5,000000E-2
46,019017	0,000000	30,000000	5,000000E-2
46,019017	0,000000	30,000000	5,000000E-2
46,019017	0,000000	30,000000	5,000000E-2
47,018475	0,000000	30,000000	5,000000E-2
47,018475	0,000000	30,000000	5,000000E-2
47,018475	0,000000	30,000000	5,000000E-2
47,018475	0,000000	30,000000	5,000000E-2
47,018475	0,000000	30,000000	5,000000E-2
47,018475	0,000000	30,000000	5,000000E-2
47,018475	0,000000	30,000000	5,000000E-2
47,018475	0,000000	30,000000	5,000000E-2
47,018475	0,000000	30,000000	5,000000E-2
47,018475	0,000000	30,000000	5,000000E-2
48,018865	0,000000	30,000000	5,000000E-2
48,018865	0,000000	30,000000	5,000000E-2
48,018865	0,000000	30,000000	5,000000E-2
48,018865	0,000000	30,000000	5,000000E-2
48,018865	0,000000	30,000000	5,000000E-2
48,018865	0,000000	30,000000	5,000000E-2
48,018865	0,000000	30,000000	5,000000E-2
48,018865	0,000000	30,000000	5,000000E-2
48,018865	0,000000	30,000000	5,000000E-2
48,018865	0,000000	30,000000	5,000000E-2
49,020265	0,000000	30,000000	5,000000E-2
49,020265	0,000000	30,000000	5,000000E-2
49,020265	0,000000	30,000000	5,000000E-2
49,020265	0,000000	30,000000	5,000000E-2
49,020265	0,000000	30,000000	5,000000E-2
49,020265	0,000000	30,000000	5,000000E-2
49,020265	0,000000	30,000000	5,000000E-2
49,020265	0,000000	30,000000	5,000000E-2
49,020265	0,000000	30,000000	5,000000E-2
49,020265	0,000000	30,000000	5,000000E-2
50,019690	0,000000	30,000000	5,000000E-2
50,019690	0,000000	30,000000	5,000000E-2
50,019690	0,000000	30,000000	5,000000E-2
50,019690	0,000000	30,000000	5,000000E-2
50,019690	0,000000	30,000000	5,000000E-2
50,019690	0,000000	30,000000	5,000000E-2
50,019690	0,000000	30,000000	5,000000E-2
50,019690	0,000000	30,000000	5,000000E-2
50,019690	0,000000	30,000000	5,000000E-2
50,019690	0,000000	30,000000	5,000000E-2
51,020143	0,000000	30,000000	5,000000E-2
51,020143	0,000000	30,000000	5,000000E-2
51,020143	0,000000	30,000000	5,000000E-2
51,020143	0,000000	30,000000	5,000000E-2
51,020143	0,000000	30,000000	5,000000E-2
51,020143	0,000000	30,000000	5,000000E-2
51,020143	0,000000	30,000000	5,000000E-2
51,020143	0,000000	30,000000	5,000000E-2
51,020143	0,000000	30,000000	5,000000E-2
51,020143	0,000000	30,000000	5,000000E-2
52,020569	0,000000	30,000000	5,000000E-2
52,020569	0,000000	30,000000	5,000000E-2
52,020569	0,000000	30,000000	5,000000E-2
52,020569	0,000000	30,000000	5,000000E-2
52,020569	0,000000	30,000000	5,000000E-2
52,020569	0,000000	30,000000	5,000000E-2
52,020569	0,000000	30,000000	5,000000E-2
52,020569	0,000000	30,000000	5,000000E-2
52,020569	0,000000	30,000000	5,000000E-2
52,020569	0,000000	30,000000	5,000000E-2
53,021970	0,000000	30,000000	5,000000E-2
53,021970	0,000000	30,000000	5,000000E-2
53,021970	0,000000	30,000000	5,000000E-2
53,021970	0,000000	30,000000	5,000000E-2
53,021970	0,000000	30,000000	5,000000E-2
53,021970	0,000000	30,000000	5,000000E-2
53,021970	0,000000	30,000000	5,000000E-2
53,021970	0,000000	30,000000	5,000000E-2
53,021970	0,000000	30,000000	5,000000E-2
53,021970	0,000000	30,000000	5,000000E-2
54,021398	0,000000	30,000000	5,000000E-2
54,021398	0,000000	30,000000	5,000000E-2
54,021398	0,000000	30,000000	5,000000E-2
54,021398	0,000000	30,000000	5,000000E-2
54,021398	0,000000	30,000000	5,000000E-2
54,021398	0,000000	30,000000	5,000000E-2
54,021398	0,000000	30,000000	5,000000E-2
54,021398	0,000000	30,000000	5,000000E-2
54,021398	0,000000	30,000000	5,000000E-2
54,021398	0,000000	30,000000	5,000000E-2
55,021826	0,000000	30,000000	5,000000E-2
55,021826	0,000000	30,000000	5,000000E-2
55,021826	0,000000	30,000000	5,000000E-2
55,021826	0,000000	30,000000	5,000000E-2
55,021826	0,000000	30,000000	5,000000E-2
55,021826	0,000000	30,000000	5,000000E-2
55,021826	0,000000	30,000000	5,000000E-2
55,021826	0,000000	30,000000	5,000000E-2
55,021826	0,000000	30,000000	5,000000E-2
55,021826	0,000000	30,000000	5,000000E-2
56,022248	0,000000	30,000000	5,000000E-2
56,022248	0,000000	30,000000	5,000000E-2
56,022248	0,000000	30,000000	5,000000E-2
56,022248	0,000000	30,000000	5,000000E-2
56,022248	0,000000	30,000000	5,000000E-2
56,022248	0,000000	30,000000	5,000000E-2
56,022248	0,000000	30,000000	5,000000E-2
56,022248	0,000000	30,000000	5,000000E-2
56,022248	0,000000	30,000000	5,000000E-2
56,022248	0,000000	30,000000	5,000000E-2
57,021683	0,000000	30,000000	5,000000E-2
57,021683	0,000000	30,000000	5,000000E-2
57,021683	0,000000	30,000000	5,000000E-2
57,021683	0,000000	30,000000	5,000000E-2
57,021683	0,000000	30,000000	5,000000E-2
57,021683	0,000000	30,000000	5,000000E-2
57,021683	0,000000	30,000000	5,000000E-2
57,021683	0,000000	30,000000	5,000000E-2
57,021683	0,000000	30,000000	5,000000E-2
57,021683	0,000000	30,000000	5,000000E-2
58,022108	0,000000	30,000000	5,000000E-2
58,022108	0,000000	30,000000	5,000000E-2
58,022108	0,000000	30,000000	5,000000E-2
58,022108	0,000000	30,000000	5,000000E-2
58,022108	0,000000	30,000000	5,000000E-2
58,022108	0,000000	30,000000	5,000000E-2
58,022108	0,000000	30,000000	5,000000E-2
58,022108	0,000000	30,000000	5,000000E-2
58,022108	0,000000	30,000000	5,000000E-2
58,022108	0,000000	30,000000	5,000000E-2
59,021527	0,000000	30,000000	5,000000E-2
59,021527	0,000000	30,000000	5,000000E-2
59,021527	0,000000	30,000000	5,000000E-2
59,021527	0,000000	30,000000	5,000000E-2
59,021527	0,000000	30,000000	5,000000E-2
59,021527	0,000000	30,000000	5,000000E-2
59,021527	0,000000	30,000000	5,000000E-2
59,021527	0,000000	30,000000	5,000000E-2
59,021527	0,000000	30,000000	5,000000E-2
59,021527	0,000000	30,000000	5,000000E-2
60,022035	0,000000	30,000000	5,000000E-2
60,022035	0,000000	30,000000	5,000000E-2
60,022035	0,000000	30,000000	5,000000E-2
60,022035	0,000000	30,000000	5,000000E-2
60,022035	0,000000	30,000000	5,000000E-2
60,022035	0,000000	30,000000	5,000000E-2
60,022035	0,000000	30,000000	5,000000E-2
60,022035	0,000000	30,000000	5,000000E-2
60,022035	0,000000	30,000000	5,000000E-2
60,022035	0,000000	30,000000	5,000000E-2
61,021393	0,000000	30,000000	5,000000E-2
61,021393	0,000000	30,000000	5,000000E-2
61,021393	0,000000	30,000000	5,000000E-2
61,021393	0,000000	30,000000	5,000000E-2
61,021393	0,000000	30,000000	5,000000E-2
61,021393	0,000000	30,000000	5,000000E-2
61,021393	0,000000	30,000000	5,000000E-2
61,021393	0,000000	30,000000	5,000000E-2
61,021393	0,000000	30,000000	5,000000E-2
61,021393	0,000000	30,000000	5,000000E-2
62,022823	0,000000	30,000000	5,000000E-2
62,022823	0,000000	30,000000	5,000000E-2
62,022823	0,000000	30,000000	5,000000E-2
62,022823	0,000000	30,000000	5,000000E-2
62,022823	0,000000	30,000000	5,000000E-2
62,022823	0,000000	30,000000	5,000000E-2
62,022823	0,000000	30,000000	5,000000E-2
62,022823	0,000000	30,000000	5,000000E-2
62,022823	0,000000	30,000000	5,000000E-2
62,022823	0,000000	30,000000	5,000000E-2
63,023241	0,000000	30,000000	5,000000E-2
63,023241	0,000000	30,000000	5,000000E-2
63,023241	0,000000	30,000000	5,000000E-2
63,023241	0,000000	30,000000	5,000000E-2
63,023241	0,000000	30,000000	5,000000E-2
63,023241	0,000000	30,000000	5,000000E-2
63,023241	0,000000	30,000000	5,000000E-2
63,023241	0,000000	30,000000	5,000000E-2
63,023241	0,000000	30,000000	5,000000E-2
63,023241	0,000000	30,000000	5,000000E-2
64,022684	0,000000	30,000000	5,000000E-2
64,022684	0,000000	30,000000	5,000000E-2
64,022684	0,000000	30,000000	5,000000E-2
64,022684	0,000000	30,000000	5,000000E-2
64,022684	0,000000	30,000000	5,000000E-2
64,022684	0,000000	30,000000	5,000000E-2
64,022684	0,000000	30,000000	5,000000E-2
64,022684	0,000000	30,000000	5,000000E-2
64,022684	0,000000	30,000000	5,000000E-2
64,022684	0,000000	30,000000	5,000000E-2
65,023070	0,000000	30,000000	5,000000E-2
65,023070	0,000000	30,000000	5,000000E-2
65,023070	0,000000	30,000000	5,000000E-2
65,023070	0,000000	30,000000	5,000000E-2
65,023070	0,000000	30,000000	5,000000E-2
65,023070	0,000000	30,000000	5,000000E-2
65,023070	0,000000	30,000000	5,000000E-2
65,023070	0,000000	30,000000	5,000000E-2
65,023070	0,000000	30,000000	5,000000E-2
65,023070	0,000000	30,000000	5,000000E-2
66,022527	0,000000	30,000000	5,000000E-2
66,022527	0,000000	30,000000	5,000000E-2
66,022527	0,000000	30,000000	5,000000E-2
66,022527	0,000000	30,000000	5,000000E-2
66,022527	0,000000	30,000000	5,000000E-2
66,022527	0,000000	30,000000	5,000000E-2
66,022527	0,000000	30,000000	5,000000E-2
66,022527	0,000000	30,000000	5,000000E-2
66,022527	0,000000	30,000000	5,000000E-2
66,022527	0,000000	30,000000	5,000000E-2
67,023951	0,000000	30,000000	5,000000E-2
67,023951	0,000000	30,000000	5,000000E-2
67,023951	0,000000	30,000000	5,000000E-2
67,023951	0,000000	30,000000	5,000000E-2
67,023951	0,000000	30,000000	5,000000E-2
67,023951	0,000000	30,000000	5,000000E-2
67,023951	0,000000	30,000000	5,000000E-2
67,023951	0,000000	30,000000	5,000000E-2
67,023951	0,000000	30,000000	5,000000E-2
67,023951	0,000000	30,000000	5,000000E-2
68,023375	0,000000	30,000000	5,000000E-2
68,023375	0,000000	30,000000	5,000000E-2
68,023375	0,000000	30,000000	5,000000E-2
68,023375	0,000000	30,000000	5,000000E-2
68,023375	0,000000	30,000000	5,000000E-2
68,023375	0,000000	30,000000	5,000000E-2
68,023375	0,000000	30,000000	5,000000E-2
68,023375	0,000000	30,000000	5,000000E-2
68,023375	0,000000	30,000000	5,000000E-2
68,023375	0,000000	30,000000	5,000000E-2
69,023776	0,000000	30,000000	5,000000E-2
69,023776	0,000000	30,000000	5,000000E-2
69,023776	0,000000	30,000000	5,000000E-2
69,023776	0,000000	30,000000	5,000000E-2
69,023776	0,000000	30,000000	5,000000E-2
69,023776	0,000000	30,000000	5,000000E-2
69,023776	0,000000	30,000000	5,000000E-2
69,023776	0,000000	30,000000	5,000000E-2
69,023776	0,000000	30,000000	5,000000E-2
69,023776	0,000000	30,000000	5,000000E-2
70,024206	0,000000	30,000000	5,000000E-2
70,024206	0,000000	30,000000	5,000000E-2
70,024206	0,000000	30,000000	5,000000E-2
70,024206	0,000000	30,000000	5,000000E-2
70,024206	0,000000	30,000000	5,000000E-2
70,024206	0,000000	30,000000	5,000000E-2
70,024206	0,000000	30,000000	5,000000E-2
70,024206	0,000000	30,000000	5,000000E-2
70,024206	0,000000	30,000000	5,000000E-2
70,024206	0,000000	30,000000	5,000000E-2
71,023622	0,000000	30,000000	5,000000E-2
71,023622	0,000000	30,000000	5,000000E-2
71,023622	0,000000	30,000000	5,000000E-2
71,023622	0,000000	30,000000	5,000000E-2
71,023622	0,000000	30,000000	5,000000E-2
71,023622	0,000000	30,000000	5,000000E-2
71,023622	0,000000	30,000000	5,000000E-2
71,023622	0,000000	30,000000	5,000000E-2
71,023622	0,000000	30,000000	5,000000E-2
71,023622	0,000000	30,000000	5,000000E-2
72,024052	0,000000	30,000000	5,000000E-2
72,024052	0,000000	30,000000	5,000000E-2
72,024052	0,000000	30,000000	5,000000E-2
72,024052	0,000000	30,000000	5,000000E-2
72,024052	0,000000	30,000000	5,000000E-2
72,024052	0,000000	30,000000	5,000000E-2
72,024052	0,000000	30,000000	5,000000E-2
72,024052	0,000000	30,000000	5,000000E-2
72,024052	0,000000	30,000000	5,000000E-2
72,024052	0,000000	30,000000	5,000000E-2
73,023474	0,000000	30,000000	5,000000E-2
73,023474	0,000000	30,000000	5,000000E-2
73,023474	0,000000	30,000000	5,000000E-2
73,023474	0,000000	30,000000	5,000000E-2
73,023474	0,000000	30,000000	5,000000E-2
73,023474	0,000000	30,000000	5,000000E-2
73,023474	0,000000	30,000000	5,000000E-2
73,023474	0,000000	30,000000	5,000000E-2
73,023474	0,000000	30,000000	5,000000E-2
73,023474	0,000000	30,000000	5,000000E-2
74,023922	0,000000	30,000000	5,000000E-2
74,023922	0,000000	30,000000	5,000000E-2
74,023922	0,000000	30,000000	5,000000E-2
74,023922	0,000000	30,000000	5,000000E-2
74,023922	0,000000	30,000000	5,000000E-2
74,023922	0,000000	30,000000	5,000000E-2
74,023922	0,000000	30,000000	5,000000E-2
74,023922	0,000000	30,000000	5,000000E-2
74,023922	0,000000	30,000000	5,000000E-2
74,023922	0,000000	30,000000	5,000000E-2
75,023327	0,000000	30,000000	5,000000E-2
75,023327	0,000000	30,000000	5,000000E-2
75,023327	0,000000	30,000000	5,000000E-2
75,023327	0,000000	30,000000	5,000000E-2
75,023327	0,000000	30,000000	5,000000E-2
75,023327	0,000000	30,000000	5,000000E-2
75,023327	0,000000	30,000000	5,000000E-2
75,023327	0,000000	30,000000	5,000000E-2
75,023327	0,000000	30,000000	5,000000E-2
75,023327	0,000000	30,000000	5,000000E-2
76,023758	0,000000	30,000000	5,000000E-2
76,023758	0,000000	30,000000	5,000000E-2
76,023758	0,000000	30,000000	5,000000E-2
76,023758	0,000000	30,000000	5,000000E-2
76,023758	0,000000	30,000000	5,000000E-2
76,023758	0,000000	30,000000	5,000000E-2
76,023758	0,000000	30,000000	5,000000E-2
76,023758	0,000000	30,000000	5,000000E-2
76,023758	0,000000	30,000000	5,000000E-2
76,023758	0,000000	30,000000	5,000000E-2
77,024189	0,000000	30,000000	5,000000E-2
77,024189	0,000000	30,000000	5,000000E-2
77,024189	0,000000	30,000000	5,000000E-2
77,024189	0,000000	30,000000	5,000000E-2
77,024189	0,000000	30,000000	5,000000E-2
77,024189	0,000000	30,000000	5,000000E-2
77,024189	0,000000	30,000000	5,000000E-2
77,024189	0,000000	30,000000	5,000000E-2
77,024189	0,000000	30,000000	5,000000E-2
77,024189	0,000000	30,000000	5,000000E-2
78,024599	0,000000	30,000000	5,000000E-2
78,024599	0,000000	30,000000	5,000000E-2
78,024599	0,000000	30,000000	5,000000E-2
78,024599	0,000000	30,000000	5,000000E-2
78,024599	0,000000	30,000000	5,000000E-2
78,024599	0,000000	30,000000	5,000000E-2
78,024599	0,000000	30,000000	5,000000E-2
78,024599	0,000000	30,000000	5,000000E-2
78,024599	0,000000	30,000000	5,000000E-2
78,024599	0,000000	30,000000	5,000000E-2
79,025042	0,000000	30,000000	5,000000E-2
79,025042	0,000000	30,000000	5,000000E-2
79,025042	0,000000	30,000000	5,000000E-2
79,025042	0,000000	30,000000	5,000000E-2
79,025042	0,000000	30,000000	5,000000E-2
79,025042	0,000000	30,000000	5,000000E-2
79,025042	0,000000	30,000000	5,000000E-2
79,025042	0,000000	30,000000	5,000000E-2
79,025042	0,000000	30,000000	5,000000E-2
79,025042	0,000000	30,000000	5,000000E-2
80,024463	0,000000	30,000000	5,000000E-2
80,024463	0,000000	30,000000	5,000000E-2
80,024463	0,000000	30,000000	5,000000E-2
80,024463	0,000000	30,000000	5,000000E-2
80,024463	0,000000	30,000000	5,000000E-2
80,024463	0,000000	30,000000	5,000000E-2
80,024463	0,000000	30,000000	5,000000E-2
80,024463	0,000000	30,000000	5,000000E-2
80,024463	0,000000	30,000000	5,000000E-2
80,024463	0,000000	30,000000	5,000000E-2
81,024886	0,000000	30,000000	5,000000E-2
81,024886	0,000000	30,000000	5,000000E-2
81,024886	0,000000	30,000000	5,000000E-2
81,024886	0,000000	30,000000	5,000000E-2
81,024886	0,000000	30,000000	5,000000E-2
81,024886	11,500000	30,000000	5,000000E-2
81,024886	11,500000	30,000000	5,000000E-2
81,024886	11,500000	30,000000	5,000000E-2
81,024886	11,500000	30,000000	5,000000E-2
81,024886	11,500000	30,000000	5,000000E-2
82,025308	11,500000	30,000000	5,000000E-2
82,025308	11,500000	30,000000	5,000000E-2
82,025308	11,500000	30,000000	5,000000E-2
82,025308	11,500000	30,000000	5,000000E-2
82,025308	103,800003	30,000000	5,000000E-2
82,025308	103,800003	30,000000	5,000000E-2
82,025308	103,800003	30,000000	5,000000E-2
82,025308	103,800003	30,000000	5,000000E-2
82,025308	103,800003	30,000000	5,000000E-2
82,025308	103,800003	30,000000	5,000000E-2
83,024735	103,800003	30,000000	5,000000E-2
83,024735	103,800003	30,000000	5,000000E-2
83,024735	103,800003	30,000000	5,000000E-2
83,024735	103,800003	30,000000	5,000000E-2
83,024735	103,800003	30,000000	5,000000E-2
83,024735	29,699999	30,000000	5,000000E-2
83,024735	29,699999	30,000000	5,000000E-2
83,024735	29,699999	30,000000	5,000000E-2
83,024735	29,699999	30,000000	5,000000E-2
83,024735	29,699999	30,000000	5,000000E-2
84,025186	29,699999	30,000000	5,000000E-2
84,025186	29,699999	30,000000	5,000000E-2
84,025186	29,699999	30,000000	5,000000E-2
84,025186	29,699999	30,000000	5,000000E-2
84,025186	0,000000	30,000000	5,000000E-2
84,025186	0,000000	30,000000	5,000000E-2
84,025186	0,000000	30,000000	5,000000E-2
84,025186	0,000000	30,000000	5,000000E-2
84,025186	0,000000	30,000000	5,000000E-2
84,025186	0,000000	30,000000	5,000000E-2
85,024599	0,000000	30,000000	5,000000E-2
85,024599	0,000000	30,000000	5,000000E-2
85,024599	0,000000	30,000000	5,000000E-2
85,024599	0,000000	30,000000	5,000000E-2
85,024599	0,000000	30,000000	5,000000E-2
85,024599	0,000000	30,000000	5,000000E-2
85,024599	0,000000	30,000000	5,000000E-2
85,024599	0,000000	30,000000	5,000000E-2
85,024599	0,000000	30,000000	5,000000E-2
85,024599	0,000000	30,000000	5,000000E-2
86,025027	0,000000	30,000000	5,000000E-2
86,025027	0,000000	30,000000	5,000000E-2
86,025027	0,000000	30,000000	5,000000E-2
86,025027	0,000000	30,000000	5,000000E-2
86,025027	0,000000	30,000000	5,000000E-2
86,025027	0,000000	30,000000	5,000000E-2
86,025027	0,000000	30,000000	5,000000E-2
86,025027	0,000000	30,000000	5,000000E-2
86,025027	11,300000	30,000000	5,000000E-2
86,025027	11,300000	30,000000	5,000000E-2
87,024444	11,300000	30,000000	5,000000E-2
87,024444	11,300000	30,000000	5,000000E-2
87,024444	11,300000	30,000000	5,000000E-2
87,024444	11,300000	30,000000	5,000000E-2
87,024444	11,300000	30,000000	5,000000E-2
87,024444	11,300000	30,000000	5,000000E-2
87,024444	11,300000	30,000000	5,000000E-2
87,024444	11,300000	30,000000	5,000000E-2
87,024444	107,599998	30,000000	5,000000E-2
87,024444	107,599998	30,000000	5,000000E-2
88,024860	107,599998	30,000000	5,000000E-2
88,024860	107,599998	30,000000	5,000000E-2
88,024860	107,599998	30,000000	5,000000E-2
88,024860	107,599998	30,000000	5,000000E-2
88,024860	107,599998	30,000000	5,000000E-2
88,024860	107,599998	30,000000	5,000000E-2
88,024860	107,599998	30,000000	5,000000E-2
88,024860	107,599998	30,000000	5,000000E-2
88,024860	107,599998	30,000000	5,000000E-2
88,024860	32,900002	30,000000	5,000000E-2
89,025309	32,900002	30,000000	5,000000E-2
89,025309	32,900002	30,000000	5,000000E-2
89,025309	32,900002	30,000000	5,000000E-2
89,025309	32,900002	30,000000	5,000000E-2
89,025309	32,900002	30,000000	5,000000E-2
89,025309	32,900002	30,000000	5,000000E-2
89,025309	32,900002	30,000000	5,000000E-2
89,025309	32,900002	30,000000	5,000000E-2
89,025309	32,900002	30,000000	5,000000E-2
89,025309	32,900002	30,000000	5,000000E-2
90,025719	97,900002	30,000000	5,000000E-2
90,025719	97,900002	30,000000	5,000000E-2
90,025719	97,900002	30,000000	5,000000E-2
90,025719	97,900002	30,000000	5,000000E-2
90,025719	97,900002	30,000000	5,000000E-2
90,025719	97,900002	30,000000	5,000000E-2
90,025719	97,900002	30,000000	5,000000E-2
90,025719	97,900002	30,000000	5,000000E-2
90,025719	97,900002	30,000000	5,000000E-2
90,025719	97,900002	30,000000	5,000000E-2
91,026138	97,900002	30,000000	5,000000E-2
91,026138	97,900002	30,000000	5,000000E-2
91,026138	19,900000	30,000000	5,000000E-2
91,026138	19,900000	30,000000	5,000000E-2
91,026138	19,900000	30,000000	5,000000E-2
91,026138	19,900000	30,000000	5,000000E-2
91,026138	19,900000	30,000000	5,000000E-2
91,026138	19,900000	30,000000	5,000000E-2
91,026138	19,900000	30,000000	5,000000E-2
91,026138	19,900000	30,000000	5,000000E-2
92,025567	19,900000	30,000000	5,000000E-2
92,025567	19,900000	30,000000	5,000000E-2
92,025567	19,900000	30,000000	5,000000E-2
92,025567	19,900000	30,000000	5,000000E-2
92,025567	19,900000	30,000000	5,000000E-2
92,025567	19,900000	30,000000	5,000000E-2
92,025567	19,900000	30,000000	5,000000E-2
92,025567	19,900000	30,000000	5,000000E-2
92,025567	19,900000	30,000000	5,000000E-2
92,025567	19,900000	30,000000	5,000000E-2
93,025984	19,900000	30,000000	5,000000E-2
93,025984	19,900000	30,000000	5,000000E-2
93,025984	19,900000	30,000000	5,000000E-2
93,025984	19,900000	30,000000	5,000000E-2
93,025984	19,900000	30,000000	5,000000E-2
93,025984	19,900000	30,000000	5,000000E-2
93,025984	34,300003	30,000000	5,000000E-2
93,025984	34,300003	30,000000	5,000000E-2
93,025984	34,300003	30,000000	5,000000E-2
93,025984	34,300003	30,000000	5,000000E-2
94,025423	34,300003	30,000000	5,000000E-2
94,025423	34,300003	30,000000	5,000000E-2
94,025423	34,300003	30,000000	5,000000E-2
94,025423	34,300003	30,000000	5,000000E-2
94,025423	34,300003	30,000000	5,000000E-2
94,025423	31,900000	30,000000	5,000000E-2
94,025423	31,900000	30,000000	5,000000E-2
94,025423	31,900000	30,000000	5,000000E-2
94,025423	31,900000	30,000000	5,000000E-2
94,025423	31,900000	30,000000	5,000000E-2
95,025832	31,900000	30,000000	5,000000E-2
95,025832	31,900000	30,000000	5,000000E-2
95,025832	31,900000	30,000000	5,000000E-2
95,025832	31,900000	30,000000	5,000000E-2
95,025832	31,900000	30,000000	5,000000E-2
95,025832	31,900000	30,000000	5,000000E-2
95,025832	27,299999	30,000000	5,000000E-2
95,025832	27,299999	30,000000	5,000000E-2
95,025832	27,299999	30,000000	5,000000E-2
95,025832	27,299999	30,000000	5,000000E-2
96,027292	27,299999	30,000000	5,000000E-2
96,027292	27,299999	30,000000	5,000000E-2
96,027292	27,299999	30,000000	5,000000E-2
96,027292	27,299999	30,000000	5,000000E-2
96,027292	27,299999	30,000000	5,000000E-2
96,027292	27,299999	30,000000	5,000000E-2
96,027292	28,100000	30,000000	5,000000E-2
96,027292	28,100000	30,000000	5,000000E-2
96,027292	28,100000	30,000000	5,000000E-2
96,027292	28,100000	30,000000	5,000000E-2
97,026733	28,100000	30,000000	5,000000E-2
97,026733	28,100000	30,000000	5,000000E-2
97,026733	28,100000	30,000000	5,000000E-2
97,026733	28,100000	30,000000	5,000000E-2
97,026733	28,100000	30,000000	5,000000E-2
97,026733	28,100000	30,000000	5,000000E-2
97,026733	29,700001	30,000000	5,000000E-2
97,026733	29,700001	30,000000	5,000000E-2
97,026733	29,700001	30,000000	5,000000E-2
97,026733	29,700001	30,000000	5,000000E-2
98,027142	29,700001	30,000000	5,000000E-2
