t	PL(A)	PL(B)	PL(T)	PL(E)	V(A)	V(B)	V(E)	I(A)	I(B)	I(E)	n_bracos	n_res
0,000	0,000	0,000	0,000E+0	0,000E+0	0,000E+0	0,000E+0	0,000E+0	0,000E+0	0,000E+0	0,000E+0	7	1111
0,000	0,000	0,000	0,000E+0	0,000E+0	0,000E+0	0,000E+0	0,000E+0	0,000E+0	0,000E+0	0,000E+0	7	1111
1,003	0,000	0,000	0,000E+0	0,000E+0	0,000E+0	0,000E+0	0,000E+0	0,000E+0	0,000E+0	0,000E+0	7	1111
2,003	0,000	0,000	0,000E+0	0,000E+0	0,000E+0	0,000E+0	0,000E+0	0,000E+0	0,000E+0	0,000E+0	7	1111
3,003	0,000	0,000	0,000E+0	0,000E+0	0,000E+0	0,000E+0	0,000E+0	0,000E+0	0,000E+0	0,000E+0	7	1111
4,003	0,000	0,000	0,000E+0	0,000E+0	0,000E+0	0,000E+0	0,000E+0	0,000E+0	0,000E+0	0,000E+0	7	1111
5,002	0,000	0,000	0,000E+0	0,000E+0	0,000E+0	0,000E+0	0,000E+0	0,000E+0	0,000E+0	0,000E+0	7	1111
6,004	0,000	0,000	0,000E+0	0,000E+0	0,000E+0	0,000E+0	0,000E+0	0,000E+0	0,000E+0	0,000E+0	7	1111
7,003	0,000	0,000	0,000E+0	0,000E+0	0,000E+0	0,000E+0	0,000E+0	0,000E+0	0,000E+0	0,000E+0	7	1111
8,004	0,000	0,000	0,000E+0	0,000E+0	0,000E+0	0,000E+0	0,000E+0	0,000E+0	0,000E+0	0,000E+0	7	1111
9,004	0,000	0,000	0,000E+0	0,000E+0	0,000E+0	0,000E+0	0,000E+0	0,000E+0	0,000E+0	0,000E+0	7	1111
10,003	0,000	0,000	0,000E+0	0,000E+0	0,000E+0	0,000E+0	0,000E+0	0,000E+0	0,000E+0	0,000E+0	7	1111
11,004	0,000	0,000	0,000E+0	0,000E+0	0,000E+0	0,000E+0	0,000E+0	0,000E+0	0,000E+0	0,000E+0	7	1111
12,003	0,000	0,000	0,000E+0	0,000E+0	0,000E+0	0,000E+0	0,000E+0	0,000E+0	0,000E+0	0,000E+0	7	1111
13,004	0,000	0,000	0,000E+0	0,000E+0	0,000E+0	0,000E+0	0,000E+0	0,000E+0	0,000E+0	0,000E+0	7	1111
14,004	0,000	0,000	0,000E+0	0,000E+0	0,000E+0	0,000E+0	0,000E+0	0,000E+0	0,000E+0	0,000E+0	7	1111
15,004	0,000	0,000	0,000E+0	0,000E+0	0,000E+0	0,000E+0	0,000E+0	0,000E+0	0,000E+0	0,000E+0	7	1111
16,004	0,000	0,000	0,000E+0	0,000E+0	0,000E+0	0,000E+0	0,000E+0	0,000E+0	0,000E+0	0,000E+0	7	1111
17,004	0,000	0,000	0,000E+0	0,000E+0	0,000E+0	0,000E+0	0,000E+0	0,000E+0	0,000E+0	0,000E+0	7	1111
18,004	0,000	0,000	0,000E+0	0,000E+0	0,000E+0	0,000E+0	0,000E+0	0,000E+0	0,000E+0	0,000E+0	7	1111
19,003	0,000	0,000	0,000E+0	0,000E+0	0,000E+0	0,000E+0	0,000E+0	0,000E+0	0,000E+0	0,000E+0	7	1111
20,005	0,000	0,000	0,000E+0	0,000E+0	0,000E+0	0,000E+0	0,000E+0	0,000E+0	0,000E+0	0,000E+0	7	1111
21,005	0,000	0,000	0,000E+0	0,000E+0	0,000E+0	0,000E+0	0,000E+0	0,000E+0	0,000E+0	0,000E+0	7	1111
22,005	0,000	0,000	0,000E+0	0,000E+0	0,000E+0	0,000E+0	0,000E+0	0,000E+0	0,000E+0	0,000E+0	7	1111
23,005	0,000	0,000	0,000E+0	0,000E+0	0,000E+0	0,000E+0	0,000E+0	0,000E+0	0,000E+0	0,000E+0	7	1111
24,005	0,000	0,000	0,000E+0	0,000E+0	0,000E+0	0,000E+0	0,000E+0	0,000E+0	0,000E+0	0,000E+0	7	1111
25,006	0,000	0,000	0,000E+0	0,000E+0	0,000E+0	0,000E+0	0,000E+0	0,000E+0	0,000E+0	0,000E+0	7	1111
26,005	0,000	0,000	0,000E+0	0,000E+0	0,000E+0	0,000E+0	0,000E+0	0,000E+0	0,000E+0	0,000E+0	7	1111
27,006	0,000	0,000	0,000E+0	0,000E+0	0,000E+0	0,000E+0	0,000E+0	0,000E+0	0,000E+0	0,000E+0	7	1111
28,006	0,000	0,000	0,000E+0	0,000E+0	0,000E+0	0,000E+0	0,000E+0	0,000E+0	0,000E+0	0,000E+0	7	1111
29,006	0,000	0,000	0,000E+0	0,000E+0	0,000E+0	0,000E+0	0,000E+0	0,000E+0	0,000E+0	0,000E+0	7	1111
30,007	0,000	0,000	0,000E+0	0,000E+0	0,000E+0	0,000E+0	0,000E+0	0,000E+0	0,000E+0	0,000E+0	7	1111
31,007	0,000	0,000	0,000E+0	0,000E+0	0,000E+0	0,000E+0	0,000E+0	0,000E+0	0,000E+0	0,000E+0	7	1111
32,006	0,000	6,300	6,300E+0	0,000E+0	3,553E+1	3,537E+1	0,000E+0	0,000E+0	1,224E+0	0,000E+0	7	1111
33,007	0,100	100,200	1,003E+2	0,000E+0	5,352E+1	8,282E+1	0,000E+0	0,000E+0	4,988E+0	0,000E+0	7	1111
34,006	10,000	18,200	2,820E+1	0,000E+0	8,357E+1	1,011E+2	0,000E+0	8,470E-1	1,032E+0	0,000E+0	7	1111
35,007	47,600	59,900	1,075E+2	0,000E+0	1,681E+2	1,680E+2	0,000E+0	6,471E-1	6,420E-1	0,000E+0	7	1111
36,008	47,600	59,900	1,075E+2	0,000E+0	1,681E+2	1,680E+2	0,000E+0	6,471E-1	6,420E-1	0,000E+0	7	1111
37,009	12,800	12,100	2,490E+1	0,000E+0	1,750E+2	1,745E+2	0,000E+0	1,233E-1	1,217E-1	0,000E+0	7	1111
38,009	17,900	16,900	3,480E+1	0,000E+0	1,699E+2	1,697E+2	0,000E+0	1,755E-1	1,742E-1	0,000E+0	7	1111
39,009	18,400	17,200	3,560E+1	0,000E+0	1,729E+2	1,722E+2	0,000E+0	1,744E-1	1,716E-1	0,000E+0	7	1111
40,010	17,500	16,300	3,380E+1	0,000E+0	1,724E+2	1,721E+2	0,000E+0	1,667E-1	1,644E-1	0,000E+0	7	1111
41,009	17,600	16,500	3,410E+1	0,000E+0	1,725E+2	1,721E+2	0,000E+0	1,674E-1	1,659E-1	0,000E+0	7	1111
42,010	17,400	16,100	3,350E+1	0,000E+0	1,723E+2	1,721E+2	0,000E+0	1,657E-1	1,628E-1	0,000E+0	7	1111
43,010	17,400	16,100	3,350E+1	0,000E+0	1,723E+2	1,721E+2	0,000E+0	1,657E-1	1,628E-1	0,000E+0	7	1111
44,009	17,100	16,000	3,310E+1	0,000E+0	1,721E+2	1,720E+2	0,000E+0	1,635E-1	1,614E-1	0,000E+0	7	1111
45,010	17,200	16,000	3,320E+1	0,000E+0	1,723E+2	1,719E+2	0,000E+0	1,643E-1	1,622E-1	0,000E+0	7	1111
46,009	17,200	15,900	3,310E+1	0,000E+0	1,724E+2	1,719E+2	0,000E+0	1,642E-1	1,611E-1	0,000E+0	7	1111
47,010	16,900	15,800	3,270E+1	0,000E+0	1,725E+2	1,722E+2	0,000E+0	1,617E-1	1,602E-1	0,000E+0	7	1111
48,009	16,800	15,900	3,270E+1	0,000E+0	1,725E+2	1,725E+2	0,000E+0	1,618E-1	1,610E-1	0,000E+0	7	1111
49,010	16,800	15,900	3,270E+1	0,000E+0	1,725E+2	1,725E+2	0,000E+0	1,618E-1	1,610E-1	0,000E+0	7	1111
50,011	17,100	16,000	3,310E+1	0,000E+0	1,723E+2	1,721E+2	0,000E+0	1,635E-1	1,621E-1	0,000E+0	7	1111
51,010	16,500	15,400	3,190E+1	0,000E+0	1,721E+2	1,719E+2	0,000E+0	1,590E-1	1,568E-1	0,000E+0	7	1111
52,012	16,800	15,800	3,260E+1	0,000E+0	1,721E+2	1,718E+2	0,000E+0	1,615E-1	1,598E-1	0,000E+0	7	1111
53,011	16,800	15,700	3,250E+1	0,000E+0	1,721E+2	1,721E+2	0,000E+0	1,609E-1	1,595E-1	0,000E+0	7	1111
54,012	16,700	15,600	3,230E+1	0,000E+0	1,719E+2	1,717E+2	0,000E+0	1,606E-1	1,586E-1	0,000E+0	7	1111
55,013	16,700	15,600	3,230E+1	0,000E+0	1,720E+2	1,719E+2	0,000E+0	1,603E-1	1,582E-1	0,000E+0	7	1111
56,014	16,600	15,700	3,230E+1	0,000E+0	1,720E+2	1,719E+2	0,000E+0	1,600E-1	1,591E-1	0,000E+0	7	1111
57,014	17,000	15,900	3,290E+1	0,000E+0	1,720E+2	1,719E+2	0,000E+0	1,624E-1	1,604E-1	0,000E+0	7	1111
58,015	16,600	15,600	3,220E+1	0,000E+0	1,719E+2	1,719E+2	0,000E+0	1,593E-1	1,579E-1	0,000E+0	7	1111
59,015	12,200	11,500	2,370E+1	0,000E+0	1,664E+2	1,665E+2	0,000E+0	1,289E-1	1,289E-1	0,000E+0	7	1111
60,016	12,200	11,500	2,370E+1	0,000E+0	1,664E+2	1,665E+2	0,000E+0	1,289E-1	1,289E-1	0,000E+0	7	1111
61,016	3,500	2,800	6,300E+0	0,000E+0	1,324E+2	1,324E+2	0,000E+0	5,410E-2	5,400E-2	0,000E+0	7	1111
62,015	4,900	4,100	9,000E+0	0,000E+0	1,270E+2	1,271E+2	0,000E+0	8,020E-2	8,040E-2	0,000E+0	7	1111
63,016	13,900	12,400	2,630E+1	0,000E+0	1,394E+2	1,398E+2	0,000E+0	1,929E-1	1,951E-1	0,000E+0	7	1111
64,016	15,000	13,500	2,850E+1	0,000E+0	1,502E+2	1,502E+2	0,000E+0	1,812E-1	1,804E-1	0,000E+0	7	1111
65,017	12,100	10,800	2,290E+1	0,000E+0	1,505E+2	1,508E+2	0,000E+0	1,478E-1	1,470E-1	0,000E+0	7	1111
66,016	11,300	10,000	2,130E+1	0,000E+0	1,487E+2	1,488E+2	0,000E+0	1,412E-1	1,401E-1	0,000E+0	7	1111
67,017	11,800	10,700	2,250E+1	0,000E+0	1,490E+2	1,494E+2	0,000E+0	1,467E-1	1,473E-1	0,000E+0	7	1111
68,018	12,100	10,800	2,290E+1	0,000E+0	1,496E+2	1,499E+2	0,000E+0	1,490E-1	1,483E-1	0,000E+0	7	1111
69,017	11,900	10,600	2,250E+1	0,000E+0	1,495E+2	1,496E+2	0,000E+0	1,471E-1	1,462E-1	0,000E+0	7	1111
70,018	11,900	10,700	2,260E+1	0,000E+0	1,496E+2	1,498E+2	0,000E+0	1,475E-1	1,477E-1	0,000E+0	7	1111
71,018	11,800	10,600	2,240E+1	0,000E+0	1,495E+2	1,497E+2	0,000E+0	1,457E-1	1,453E-1	0,000E+0	7	1111
72,019	11,800	10,500	2,230E+1	0,000E+0	1,493E+2	1,494E+2	0,000E+0	1,456E-1	1,449E-1	0,000E+0	7	1111
73,019	11,600	10,400	2,200E+1	0,000E+0	1,493E+2	1,492E+2	0,000E+0	1,443E-1	1,437E-1	0,000E+0	7	1111
74,018	11,900	10,700	2,260E+1	0,000E+0	1,494E+2	1,495E+2	0,000E+0	1,479E-1	1,480E-1	0,000E+0	7	1111
75,019	11,900	10,700	2,260E+1	0,000E+0	1,494E+2	1,495E+2	0,000E+0	1,479E-1	1,480E-1	0,000E+0	7	1111
76,019	11,800	10,600	2,240E+1	0,000E+0	1,495E+2	1,497E+2	0,000E+0	1,464E-1	1,460E-1	0,000E+0	7	1111
77,019	11,700	10,600	2,230E+1	0,000E+0	1,493E+2	1,497E+2	0,000E+0	1,457E-1	1,462E-1	0,000E+0	7	1111
78,019	11,900	10,600	2,250E+1	0,000E+0	1,495E+2	1,494E+2	0,000E+0	1,477E-1	1,470E-1	0,000E+0	7	1111
79,018	11,700	10,500	2,220E+1	0,000E+0	1,494E+2	1,493E+2	0,000E+0	1,445E-1	1,443E-1	0,000E+0	7	1111
80,019	11,900	10,600	2,250E+1	0,000E+0	1,492E+2	1,496E+2	0,000E+0	1,473E-1	1,472E-1	0,000E+0	7	1111
81,018	11,900	10,600	2,250E+1	0,000E+0	1,492E+2	1,496E+2	0,000E+0	1,473E-1	1,472E-1	0,000E+0	7	1111
82,019	11,900	10,700	2,260E+1	0,000E+0	1,493E+2	1,497E+2	0,000E+0	1,466E-1	1,470E-1	0,000E+0	7	1111
83,019	11,800	10,500	2,230E+1	0,000E+0	1,494E+2	1,494E+2	0,000E+0	1,455E-1	1,446E-1	0,000E+0	7	1111
84,018	11,700	10,400	2,210E+1	0,000E+0	1,494E+2	1,495E+2	0,000E+0	1,455E-1	1,448E-1	0,000E+0	7	1111
85,019	11,800	10,500	2,230E+1	0,000E+0	1,493E+2	1,494E+2	0,000E+0	1,466E-1	1,453E-1	0,000E+0	7	1111
86,018	11,700	10,500	2,220E+1	0,000E+0	1,492E+2	1,497E+2	0,000E+0	1,453E-1	1,455E-1	0,000E+0	7	1111
87,019	11,700	10,500	2,220E+1	0,000E+0	1,491E+2	1,495E+2	0,000E+0	1,456E-1	1,463E-1	0,000E+0	7	1111
88,020	11,900	10,700	2,260E+1	0,000E+0	1,494E+2	1,496E+2	0,000E+0	1,473E-1	1,476E-1	0,000E+0	7	1111
89,021	11,900	10,600	2,250E+1	0,000E+0	1,492E+2	1,496E+2	0,000E+0	1,468E-1	1,467E-1	0,000E+0	7	1111
90,021	11,900	10,700	2,260E+1	0,000E+0	1,493E+2	1,497E+2	0,000E+0	1,469E-1	1,471E-1	0,000E+0	7	1111
91,021	12,100	10,700	2,280E+1	0,000E+0	1,495E+2	1,495E+2	0,000E+0	1,492E-1	1,481E-1	0,000E+0	7	1111
92,020	12,100	10,700	2,280E+1	0,000E+0	1,496E+2	1,496E+2	0,000E+0	1,484E-1	1,468E-1	0,000E+0	7	1111
93,021	12,100	10,700	2,280E+1	0,000E+0	1,496E+2	1,496E+2	0,000E+0	1,484E-1	1,468E-1	0,000E+0	7	1111
94,020	12,000	10,700	2,270E+1	0,000E+0	1,496E+2	1,494E+2	0,000E+0	1,482E-1	1,471E-1	0,000E+0	7	1111
95,022	12,200	10,800	2,300E+1	0,000E+0	1,497E+2	1,497E+2	0,000E+0	1,498E-1	1,490E-1	0,000E+0	7	1111
96,022	12,000	10,700	2,270E+1	0,000E+0	1,496E+2	1,497E+2	0,000E+0	1,482E-1	1,473E-1	0,000E+0	7	1111
97,022	12,300	10,800	2,310E+1	0,000E+0	1,496E+2	1,497E+2	0,000E+0	1,513E-1	1,490E-1	0,000E+0	7	1111
98,022	12,200	10,900	2,310E+1	0,000E+0	1,497E+2	1,500E+2	0,000E+0	1,504E-1	1,500E-1	0,000E+0	7	1111
99,021	12,200	10,900	2,310E+1	0,000E+0	1,497E+2	1,500E+2	0,000E+0	1,504E-1	1,500E-1	0,000E+0	7	1111
100,022	12,300	10,900	2,320E+1	0,000E+0	1,498E+2	1,497E+2	0,000E+0	1,518E-1	1,511E-1	0,000E+0	7	1111
101,021	12,600	11,300	2,390E+1	0,000E+0	1,498E+2	1,500E+2	0,000E+0	1,547E-1	1,550E-1	0,000E+0	7	1111
102,023	12,300	11,100	2,340E+1	0,000E+0	1,500E+2	1,500E+2	0,000E+0	1,513E-1	1,512E-1	0,000E+0	7	1111
103,023	12,600	11,300	2,390E+1	0,000E+0	1,499E+2	1,502E+2	0,000E+0	1,544E-1	1,539E-1	0,000E+0	7	1111
104,023	12,700	11,400	2,410E+1	0,000E+0	1,504E+2	1,503E+2	0,000E+0	1,552E-1	1,547E-1	0,000E+0	7	1111
105,024	12,800	11,400	2,420E+1	0,000E+0	1,500E+2	1,503E+2	0,000E+0	1,568E-1	1,554E-1	0,000E+0	7	1111
106,023	12,900	11,500	2,440E+1	0,000E+0	1,500E+2	1,503E+2	0,000E+0	1,572E-1	1,563E-1	0,000E+0	7	1111
107,025	13,000	11,600	2,460E+1	0,000E+0	1,503E+2	1,504E+2	0,000E+0	1,586E-1	1,577E-1	0,000E+0	7	1111
108,024	13,200	11,700	2,490E+1	0,000E+0	1,505E+2	1,503E+2	0,000E+0	1,599E-1	1,594E-1	0,000E+0	7	1111
109,025	13,400	12,000	2,540E+1	0,000E+0	1,504E+2	1,506E+2	0,000E+0	1,631E-1	1,625E-1	0,000E+0	7	1111
110,025	13,600	12,200	2,580E+1	0,000E+0	1,505E+2	1,508E+2	0,000E+0	1,657E-1	1,650E-1	0,000E+0	7	1111
111,026	13,700	12,200	2,590E+1	0,000E+0	1,506E+2	1,507E+2	0,000E+0	1,658E-1	1,648E-1	0,000E+0	7	1111
112,026	13,600	12,200	2,580E+1	0,000E+0	1,505E+2	1,507E+2	0,000E+0	1,648E-1	1,646E-1	0,000E+0	7	1111
113,027	13,800	12,300	2,610E+1	0,000E+0	1,507E+2	1,507E+2	0,000E+0	1,673E-1	1,655E-1	0,000E+0	7	1111
114,026	13,800	12,300	2,610E+1	0,000E+0	1,507E+2	1,507E+2	0,000E+0	1,673E-1	1,655E-1	0,000E+0	7	1111
115,028	14,000	12,600	2,660E+1	0,000E+0	1,509E+2	1,509E+2	0,000E+0	1,695E-1	1,693E-1	0,000E+0	7	1111
116,027	14,500	12,900	2,740E+1	0,000E+0	1,512E+2	1,508E+2	0,000E+0	1,733E-1	1,724E-1	0,000E+0	7	1111
117,029	14,400	12,900	2,730E+1	0,000E+0	1,512E+2	1,511E+2	0,000E+0	1,730E-1	1,723E-1	0,000E+0	7	1111
118,029	14,800	13,300	2,810E+1	0,000E+0	1,511E+2	1,510E+2	0,000E+0	1,776E-1	1,779E-1	0,000E+0	7	1111
119,029	15,000	13,300	2,830E+1	0,000E+0	1,511E+2	1,511E+2	0,000E+0	1,785E-1	1,766E-1	0,000E+0	7	1111
120,029	15,400	14,000	2,940E+1	0,000E+0	1,515E+2	1,514E+2	0,000E+0	1,828E-1	1,832E-1	0,000E+0	7	1111
121,031	15,400	14,000	2,940E+1	0,000E+0	1,515E+2	1,514E+2	0,000E+0	1,828E-1	1,832E-1	0,000E+0	7	1111
122,031	15,900	14,100	3,000E+1	0,000E+0	1,515E+2	1,515E+2	0,000E+0	1,883E-1	1,863E-1	0,000E+0	7	1111
123,032	15,900	14,500	3,040E+1	0,000E+0	1,515E+2	1,517E+2	0,000E+0	1,878E-1	1,892E-1	0,000E+0	7	1111
124,032	16,300	14,600	3,090E+1	0,000E+0	1,515E+2	1,517E+2	0,000E+0	1,919E-1	1,902E-1	0,000E+0	7	1111
125,031	16,600	14,900	3,150E+1	0,000E+0	1,515E+2	1,515E+2	0,000E+0	1,951E-1	1,950E-1	0,000E+0	7	1111
126,033	17,000	15,300	3,230E+1	0,000E+0	1,514E+2	1,517E+2	0,000E+0	1,993E-1	1,986E-1	0,000E+0	7	1111
127,032	17,800	16,000	3,380E+1	0,000E+0	1,518E+2	1,520E+2	0,000E+0	2,079E-1	2,062E-1	0,000E+0	7	1111
128,033	18,000	16,200	3,420E+1	0,000E+0	1,521E+2	1,521E+2	0,000E+0	2,086E-1	2,080E-1	0,000E+0	7	1111
129,033	18,600	16,600	3,520E+1	0,000E+0	1,521E+2	1,521E+2	0,000E+0	2,173E-1	2,144E-1	0,000E+0	7	1111
130,033	18,900	17,200	3,610E+1	0,000E+0	1,522E+2	1,525E+2	0,000E+0	2,196E-1	2,178E-1	0,000E+0	7	1111
131,033	19,200	17,800	3,700E+1	0,000E+0	1,525E+2	1,527E+2	0,000E+0	2,228E-1	2,239E-1	0,000E+0	7	1111
132,032	19,200	17,800	3,700E+1	0,000E+0	1,525E+2	1,527E+2	0,000E+0	2,228E-1	2,239E-1	0,000E+0	7	1111
133,033	12,000	10,600	2,260E+1	0,000E+0	1,507E+2	1,505E+2	0,000E+0	1,472E-1	1,443E-1	0,000E+0	7	1111
134,033	2,400	1,700	4,100E+0	0,000E+0	1,149E+2	1,148E+2	0,000E+0	4,830E-2	4,760E-2	0,000E+0	7	1111
135,034	0,200	0,200	4,000E-1	0,000E+0	7,244E+1	7,238E+1	0,000E+0	0,000E+0	0,000E+0	0,000E+0	7	1111
