t	PL(A)	PL(B)	PL(T)	PL(E)	V(A)	V(B)	V(E)	I(A)	I(B)	I(E)	n_bracos	n_res
0,000	0,000	0,000	0,000E+0	0,000E+0	0,000E+0	0,000E+0	0,000E+0	0,000E+0	0,000E+0	0,000E+0	7	0001
0,019	0,000	0,000	0,000E+0	0,000E+0	0,000E+0	0,000E+0	0,000E+0	0,000E+0	0,000E+0	0,000E+0	7	0001
1,019	0,000	0,000	0,000E+0	0,000E+0	0,000E+0	0,000E+0	0,000E+0	0,000E+0	0,000E+0	0,000E+0	7	0001
2,019	0,000	0,000	0,000E+0	0,000E+0	0,000E+0	0,000E+0	0,000E+0	0,000E+0	0,000E+0	0,000E+0	7	0001
3,019	0,000	0,000	0,000E+0	0,000E+0	0,000E+0	0,000E+0	0,000E+0	0,000E+0	0,000E+0	0,000E+0	7	0001
4,019	0,000	0,000	0,000E+0	0,000E+0	0,000E+0	0,000E+0	0,000E+0	0,000E+0	0,000E+0	0,000E+0	7	0001
5,021	0,000	0,000	0,000E+0	0,000E+0	0,000E+0	0,000E+0	0,000E+0	0,000E+0	0,000E+0	0,000E+0	7	0001
6,021	0,000	0,000	0,000E+0	0,000E+0	0,000E+0	0,000E+0	0,000E+0	0,000E+0	0,000E+0	0,000E+0	7	0001
7,021	0,000	0,000	0,000E+0	0,000E+0	0,000E+0	0,000E+0	0,000E+0	0,000E+0	0,000E+0	0,000E+0	7	0001
8,021	0,000	0,000	0,000E+0	0,000E+0	0,000E+0	0,000E+0	0,000E+0	0,000E+0	0,000E+0	0,000E+0	7	0001
9,021	0,000	0,000	0,000E+0	0,000E+0	0,000E+0	0,000E+0	0,000E+0	0,000E+0	0,000E+0	0,000E+0	7	0001
10,021	0,000	0,000	0,000E+0	0,000E+0	0,000E+0	0,000E+0	0,000E+0	0,000E+0	0,000E+0	0,000E+0	7	0001
11,021	0,000	0,000	0,000E+0	0,000E+0	0,000E+0	0,000E+0	0,000E+0	0,000E+0	0,000E+0	0,000E+0	7	0001
12,022	0,000	0,000	0,000E+0	0,000E+0	0,000E+0	0,000E+0	0,000E+0	0,000E+0	0,000E+0	0,000E+0	7	0001
13,021	0,000	0,000	0,000E+0	0,000E+0	0,000E+0	0,000E+0	0,000E+0	0,000E+0	0,000E+0	0,000E+0	7	0001
14,021	0,000	0,000	0,000E+0	0,000E+0	0,000E+0	0,000E+0	0,000E+0	0,000E+0	0,000E+0	0,000E+0	7	0001
15,021	0,000	0,000	0,000E+0	0,000E+0	0,000E+0	0,000E+0	0,000E+0	0,000E+0	0,000E+0	0,000E+0	7	0001
16,021	0,000	0,000	0,000E+0	0,000E+0	0,000E+0	0,000E+0	0,000E+0	0,000E+0	0,000E+0	0,000E+0	7	0001
17,021	0,000	0,000	0,000E+0	0,000E+0	0,000E+0	0,000E+0	0,000E+0	0,000E+0	0,000E+0	0,000E+0	7	0001
18,021	0,000	0,000	0,000E+0	0,000E+0	0,000E+0	0,000E+0	0,000E+0	0,000E+0	0,000E+0	0,000E+0	7	0001
19,021	0,000	0,000	0,000E+0	0,000E+0	0,000E+0	0,000E+0	0,000E+0	0,000E+0	0,000E+0	0,000E+0	7	0001
20,021	0,000	0,000	0,000E+0	0,000E+0	0,000E+0	0,000E+0	0,000E+0	0,000E+0	0,000E+0	0,000E+0	7	0001
21,021	0,000	0,000	0,000E+0	0,000E+0	0,000E+0	0,000E+0	0,000E+0	0,000E+0	0,000E+0	0,000E+0	7	0001
22,021	0,000	0,000	0,000E+0	0,000E+0	0,000E+0	0,000E+0	0,000E+0	0,000E+0	0,000E+0	0,000E+0	7	0001
23,021	0,000	0,000	0,000E+0	0,000E+0	0,000E+0	0,000E+0	0,000E+0	0,000E+0	0,000E+0	0,000E+0	7	0001
24,021	0,000	0,000	0,000E+0	0,000E+0	0,000E+0	0,000E+0	0,000E+0	0,000E+0	0,000E+0	0,000E+0	7	0001
25,021	0,000	0,000	0,000E+0	0,000E+0	0,000E+0	0,000E+0	0,000E+0	0,000E+0	0,000E+0	0,000E+0	7	0001
26,021	0,000	0,000	0,000E+0	0,000E+0	0,000E+0	0,000E+0	0,000E+0	0,000E+0	0,000E+0	0,000E+0	7	0001
27,022	0,000	0,000	0,000E+0	0,000E+0	0,000E+0	0,000E+0	0,000E+0	0,000E+0	0,000E+0	0,000E+0	7	0001
28,022	0,000	0,000	0,000E+0	0,000E+0	0,000E+0	0,000E+0	0,000E+0	0,000E+0	0,000E+0	0,000E+0	7	0001
29,022	0,000	1,900	1,900E+0	0,000E+0	9,420E+0	2,712E+1	0,000E+0	5,700E-2	6,327E-1	0,000E+0	7	0001
30,022	0,000	87,300	8,730E+1	0,000E+0	3,700E+1	7,970E+1	0,000E+0	0,000E+0	4,647E+0	0,000E+0	7	0001
31,023	7,500	4,500	1,200E+1	0,000E+0	4,314E+1	3,756E+1	0,000E+0	1,310E+0	1,128E+0	0,000E+0	7	0001
32,022	7,500	4,500	1,200E+1	0,000E+0	4,314E+1	3,756E+1	0,000E+0	1,310E+0	1,128E+0	0,000E+0	7	0001
33,022	0,000	0,000	0,000E+0	0,000E+0	4,270E+0	4,350E+0	0,000E+0	0,000E+0	0,000E+0	0,000E+0	7	0001
34,022	6,000	0,000	6,000E+0	0,000E+0	3,526E+1	1,245E+1	0,000E+0	1,183E+0	0,000E+0	0,000E+0	7	0001
35,022	99,400	0,000	9,940E+1	0,000E+0	8,225E+1	3,971E+1	0,000E+0	4,973E+0	0,000E+0	0,000E+0	7	0001
36,022	14,300	20,000	3,430E+1	0,000E+0	9,953E+1	1,009E+2	0,000E+0	8,147E-1	1,105E+0	0,000E+0	7	0001
37,022	14,300	20,000	3,430E+1	0,000E+0	9,953E+1	1,009E+2	0,000E+0	8,147E-1	1,105E+0	0,000E+0	7	0001
38,024	45,100	56,400	1,015E+2	0,000E+0	1,665E+2	1,664E+2	0,000E+0	6,212E-1	6,164E-1	0,000E+0	7	0001
39,023	9,900	9,300	1,920E+1	0,000E+0	1,701E+2	1,700E+2	0,000E+0	1,017E-1	1,008E-1	0,000E+0	7	0001
40,023	10,300	9,500	1,980E+1	0,000E+0	1,647E+2	1,643E+2	0,000E+0	1,112E-1	1,095E-1	0,000E+0	7	0001
41,023	16,000	14,900	3,090E+1	0,000E+0	1,676E+2	1,676E+2	0,000E+0	1,626E-1	1,598E-1	0,000E+0	7	0001
42,023	17,500	16,400	3,390E+1	0,000E+0	1,722E+2	1,719E+2	0,000E+0	1,679E-1	1,661E-1	0,000E+0	7	0001
43,023	14,500	13,600	2,810E+1	0,000E+0	1,717E+2	1,714E+2	0,000E+0	1,422E-1	1,402E-1	0,000E+0	7	0001
44,023	15,000	14,000	2,900E+1	0,000E+0	1,706E+2	1,708E+2	0,000E+0	1,477E-1	1,455E-1	0,000E+0	7	0001
45,023	15,300	14,200	2,950E+1	0,000E+0	1,713E+2	1,712E+2	0,000E+0	1,496E-1	1,467E-1	0,000E+0	7	0001
46,023	14,800	13,800	2,860E+1	0,000E+0	1,710E+2	1,709E+2	0,000E+0	1,452E-1	1,431E-1	0,000E+0	7	0001
47,024	15,200	14,100	2,930E+1	0,000E+0	1,715E+2	1,710E+2	0,000E+0	1,483E-1	1,456E-1	0,000E+0	7	0001
48,023	15,200	14,100	2,930E+1	0,000E+0	1,715E+2	1,710E+2	0,000E+0	1,483E-1	1,456E-1	0,000E+0	7	0001
49,025	12,700	11,800	2,450E+1	0,000E+0	1,683E+2	1,682E+2	0,000E+0	1,303E-1	1,284E-1	0,000E+0	7	0001
50,024	6,300	5,500	1,180E+1	0,000E+0	1,485E+2	1,482E+2	0,000E+0	8,100E-2	8,030E-2	0,000E+0	7	0001
51,025	7,500	6,600	1,410E+1	0,000E+0	1,447E+2	1,449E+2	0,000E+0	9,950E-2	9,910E-2	0,000E+0	7	0001
52,026	13,500	12,000	2,550E+1	0,000E+0	1,517E+2	1,518E+2	0,000E+0	1,615E-1	1,595E-1	0,000E+0	7	0001
53,026	15,400	13,900	2,930E+1	0,000E+0	1,587E+2	1,589E+2	0,000E+0	1,704E-1	1,676E-1	0,000E+0	7	0001
54,027	12,100	11,000	2,310E+1	0,000E+0	1,584E+2	1,580E+2	0,000E+0	1,364E-1	1,356E-1	0,000E+0	7	0001
55,028	11,300	10,300	2,160E+1	0,000E+0	1,559E+2	1,561E+2	0,000E+0	1,313E-1	1,307E-1	0,000E+0	7	0001
56,028	12,200	11,100	2,330E+1	0,000E+0	1,565E+2	1,566E+2	0,000E+0	1,404E-1	1,390E-1	0,000E+0	7	0001
57,029	12,400	11,300	2,370E+1	0,000E+0	1,574E+2	1,574E+2	0,000E+0	1,409E-1	1,400E-1	0,000E+0	7	0001
58,029	11,800	10,900	2,270E+1	0,000E+0	1,567E+2	1,570E+2	0,000E+0	1,357E-1	1,353E-1	0,000E+0	7	0001
59,029	11,900	11,000	2,290E+1	0,000E+0	1,566E+2	1,570E+2	0,000E+0	1,369E-1	1,370E-1	0,000E+0	7	0001
60,029	11,900	11,000	2,290E+1	0,000E+0	1,566E+2	1,570E+2	0,000E+0	1,369E-1	1,370E-1	0,000E+0	7	0001
61,031	12,100	11,000	2,310E+1	0,000E+0	1,570E+2	1,571E+2	0,000E+0	1,384E-1	1,371E-1	0,000E+0	7	0001
62,030	12,100	11,100	2,320E+1	0,000E+0	1,571E+2	1,571E+2	0,000E+0	1,380E-1	1,378E-1	0,000E+0	7	0001
63,031	12,200	11,100	2,330E+1	0,000E+0	1,567E+2	1,570E+2	0,000E+0	1,397E-1	1,389E-1	0,000E+0	7	0001
64,031	12,100	11,000	2,310E+1	0,000E+0	1,570E+2	1,569E+2	0,000E+0	1,385E-1	1,370E-1	0,000E+0	7	0001
65,031	12,600	11,400	2,400E+1	0,000E+0	1,573E+2	1,572E+2	0,000E+0	1,431E-1	1,414E-1	0,000E+0	7	0001
66,032	13,000	11,800	2,480E+1	0,000E+0	1,578E+2	1,578E+2	0,000E+0	1,465E-1	1,449E-1	0,000E+0	7	0001
67,031	13,000	11,700	2,470E+1	0,000E+0	1,573E+2	1,577E+2	0,000E+0	1,476E-1	1,469E-1	0,000E+0	7	0001
68,031	12,900	12,200	2,510E+1	0,000E+0	1,577E+2	1,582E+2	0,000E+0	1,456E-1	1,486E-1	0,000E+0	7	0001
69,031	13,200	12,100	2,530E+1	0,000E+0	1,583E+2	1,579E+2	0,000E+0	1,478E-1	1,477E-1	0,000E+0	7	0001
70,031	13,700	12,400	2,610E+1	0,000E+0	1,581E+2	1,579E+2	0,000E+0	1,535E-1	1,517E-1	0,000E+0	7	0001
71,033	13,700	12,400	2,610E+1	0,000E+0	1,581E+2	1,579E+2	0,000E+0	1,535E-1	1,517E-1	0,000E+0	7	0001
72,032	14,200	13,000	2,720E+1	0,000E+0	1,585E+2	1,584E+2	0,000E+0	1,582E-1	1,573E-1	0,000E+0	7	0001
73,032	15,000	13,600	2,860E+1	0,000E+0	1,588E+2	1,587E+2	0,000E+0	1,657E-1	1,651E-1	0,000E+0	7	0001
74,032	15,200	13,700	2,890E+1	0,000E+0	1,589E+2	1,589E+2	0,000E+0	1,669E-1	1,641E-1	0,000E+0	7	0001
75,032	15,700	14,600	3,030E+1	0,000E+0	1,592E+2	1,592E+2	0,000E+0	1,718E-1	1,720E-1	0,000E+0	7	0001
76,032	15,700	14,600	3,030E+1	0,000E+0	1,592E+2	1,592E+2	0,000E+0	1,718E-1	1,720E-1	0,000E+0	7	0001
77,032	16,400	14,800	3,120E+1	0,000E+0	1,595E+2	1,592E+2	0,000E+0	1,778E-1	1,756E-1	0,000E+0	7	0001
78,034	17,700	15,900	3,360E+1	0,000E+0	1,596E+2	1,596E+2	0,000E+0	1,897E-1	1,871E-1	0,000E+0	7	0001
79,034	18,500	16,600	3,510E+1	0,000E+0	1,597E+2	1,596E+2	0,000E+0	1,966E-1	1,936E-1	0,000E+0	7	0001
80,035	19,700	17,500	3,720E+1	0,000E+0	1,602E+2	1,598E+2	0,000E+0	2,075E-1	2,028E-1	0,000E+0	7	0001
81,035	20,500	19,200	3,970E+1	0,000E+0	1,604E+2	1,605E+2	0,000E+0	2,155E-1	2,161E-1	0,000E+0	7	0001
82,035	22,200	20,700	4,290E+1	0,000E+0	1,608E+2	1,610E+2	0,000E+0	2,329E-1	2,303E-1	0,000E+0	7	0001
83,035	24,300	23,000	4,730E+1	0,000E+0	1,620E+2	1,615E+2	0,000E+0	2,530E-1	2,494E-1	0,000E+0	7	0001
84,035	25,400	24,500	4,990E+1	0,000E+0	1,624E+2	1,618E+2	0,000E+0	2,643E-1	2,624E-1	0,000E+0	7	0001
85,035	26,500	25,900	5,240E+1	0,000E+0	1,624E+2	1,625E+2	0,000E+0	2,773E-1	2,745E-1	0,000E+0	7	0001
86,036	28,100	26,900	5,500E+1	0,000E+0	1,621E+2	1,623E+2	0,000E+0	2,952E-1	2,893E-1	0,000E+0	7	0001
87,037	28,900	28,400	5,730E+1	0,000E+0	1,632E+2	1,629E+2	0,000E+0	3,020E-1	2,991E-1	0,000E+0	7	0001
88,039	28,900	28,400	5,730E+1	0,000E+0	1,632E+2	1,629E+2	0,000E+0	3,020E-1	2,991E-1	0,000E+0	7	0001
89,039	31,000	30,200	6,120E+1	0,000E+0	1,640E+2	1,630E+2	0,000E+0	3,214E-1	3,147E-1	0,000E+0	7	0001
90,040	31,800	32,000	6,380E+1	0,000E+0	1,638E+2	1,638E+2	0,000E+0	3,344E-1	3,324E-1	0,000E+0	7	0001
