t	PL(A)	PL(B)	PL(T)	PL(E)	V(A)	V(B)	V(E)	I(A)	I(B)	I(E)	n_bracos	n_res
1411,349	0,000	0,000	0,000E+0	0,000E+0	0,000E+0	0,000E+0	0,000E+0	0,000E+0	0,000E+0	0,000E+0	5	1001
0,007	0,000	0,000	0,000E+0	0,000E+0	0,000E+0	0,000E+0	0,000E+0	0,000E+0	0,000E+0	0,000E+0	5	1001
1,007	0,000	0,000	0,000E+0	0,000E+0	0,000E+0	0,000E+0	0,000E+0	0,000E+0	0,000E+0	0,000E+0	5	1001
2,009	0,000	0,000	0,000E+0	0,000E+0	0,000E+0	0,000E+0	0,000E+0	0,000E+0	0,000E+0	0,000E+0	5	1001
3,008	0,000	0,000	0,000E+0	0,000E+0	0,000E+0	0,000E+0	0,000E+0	0,000E+0	0,000E+0	0,000E+0	5	1001
4,008	0,000	0,000	0,000E+0	0,000E+0	0,000E+0	0,000E+0	0,000E+0	0,000E+0	0,000E+0	0,000E+0	5	1001
5,008	0,000	0,000	0,000E+0	0,000E+0	0,000E+0	0,000E+0	0,000E+0	0,000E+0	0,000E+0	0,000E+0	5	1001
6,009	0,000	0,000	0,000E+0	0,000E+0	0,000E+0	0,000E+0	0,000E+0	0,000E+0	0,000E+0	0,000E+0	5	1001
7,011	0,000	0,000	0,000E+0	0,000E+0	0,000E+0	0,000E+0	0,000E+0	0,000E+0	0,000E+0	0,000E+0	5	1001
8,010	0,000	0,000	0,000E+0	0,000E+0	0,000E+0	0,000E+0	0,000E+0	0,000E+0	0,000E+0	0,000E+0	7	1001
9,012	0,000	0,000	0,000E+0	0,000E+0	0,000E+0	0,000E+0	0,000E+0	0,000E+0	0,000E+0	0,000E+0	7	1001
10,012	0,000	0,000	0,000E+0	0,000E+0	0,000E+0	0,000E+0	0,000E+0	0,000E+0	0,000E+0	0,000E+0	7	1001
11,013	0,000	0,000	0,000E+0	0,000E+0	0,000E+0	0,000E+0	0,000E+0	0,000E+0	0,000E+0	0,000E+0	7	1001
12,014	0,000	0,000	0,000E+0	0,000E+0	0,000E+0	0,000E+0	0,000E+0	0,000E+0	0,000E+0	0,000E+0	7	1001
13,013	0,000	0,000	0,000E+0	0,000E+0	0,000E+0	0,000E+0	0,000E+0	0,000E+0	0,000E+0	0,000E+0	7	1001
14,014	0,000	0,000	0,000E+0	0,000E+0	0,000E+0	0,000E+0	0,000E+0	0,000E+0	0,000E+0	0,000E+0	7	1001
15,013	0,000	0,000	0,000E+0	0,000E+0	0,000E+0	0,000E+0	0,000E+0	0,000E+0	0,000E+0	0,000E+0	7	1001
16,015	0,000	0,000	0,000E+0	0,000E+0	0,000E+0	0,000E+0	0,000E+0	0,000E+0	0,000E+0	0,000E+0	7	1001
17,015	0,000	0,000	0,000E+0	0,000E+0	0,000E+0	0,000E+0	0,000E+0	0,000E+0	0,000E+0	0,000E+0	7	1001
18,015	0,000	0,000	0,000E+0	0,000E+0	0,000E+0	0,000E+0	0,000E+0	0,000E+0	0,000E+0	0,000E+0	7	1001
19,016	0,000	0,000	0,000E+0	0,000E+0	0,000E+0	0,000E+0	0,000E+0	0,000E+0	0,000E+0	0,000E+0	7	1001
20,015	0,000	0,000	0,000E+0	0,000E+0	0,000E+0	0,000E+0	0,000E+0	0,000E+0	0,000E+0	0,000E+0	7	1001
21,016	3,000	6,100	9,100E+0	0,000E+0	1,222E+1	3,798E+1	0,000E+0	1,215E+0	1,668E+0	0,000E+0	7	1001
22,016	50,100	50,100	1,002E+2	0,000E+0	3,732E+1	5,546E+1	0,000E+0	5,001E+0	4,993E+0	0,000E+0	7	1001
23,017	19,400	36,100	5,550E+1	0,000E+0	1,031E+2	8,392E+1	0,000E+0	1,021E+0	3,723E+0	0,000E+0	7	1001
24,016	45,400	56,200	1,016E+2	0,000E+0	1,682E+2	1,682E+2	0,000E+0	6,209E-1	6,130E-1	0,000E+0	7	1001
25,016	45,400	56,200	1,016E+2	0,000E+0	1,682E+2	1,682E+2	0,000E+0	6,209E-1	6,130E-1	0,000E+0	7	1001
26,017	8,300	7,600	1,590E+1	0,000E+0	1,659E+2	1,658E+2	0,000E+0	8,970E-2	8,870E-2	0,000E+0	7	1001
27,016	9,700	8,800	1,850E+1	0,000E+0	1,619E+2	1,617E+2	0,000E+0	1,072E-1	1,061E-1	0,000E+0	7	1001
28,017	16,100	15,000	3,110E+1	0,000E+0	1,673E+2	1,671E+2	0,000E+0	1,642E-1	1,620E-1	0,000E+0	7	1001
29,016	17,000	15,900	3,290E+1	0,000E+0	1,722E+2	1,725E+2	0,000E+0	1,633E-1	1,618E-1	0,000E+0	7	1001
30,016	13,700	12,800	2,650E+1	0,000E+0	1,715E+2	1,714E+2	0,000E+0	1,355E-1	1,341E-1	0,000E+0	7	1001
31,016	13,700	12,800	2,650E+1	0,000E+0	1,715E+2	1,714E+2	0,000E+0	1,355E-1	1,341E-1	0,000E+0	7	1001
32,016	14,800	13,900	2,870E+1	0,000E+0	1,712E+2	1,712E+2	0,000E+0	1,465E-1	1,450E-1	0,000E+0	7	1001
33,017	15,300	14,300	2,960E+1	0,000E+0	1,708E+2	1,708E+2	0,000E+0	1,513E-1	1,496E-1	0,000E+0	7	1001
34,017	28,800	28,900	5,770E+1	0,000E+0	1,740E+2	1,742E+2	0,000E+0	2,684E-1	2,679E-1	0,000E+0	7	1001
35,018	26,700	26,200	5,290E+1	0,000E+0	1,749E+2	1,748E+2	0,000E+0	2,443E-1	2,420E-1	0,000E+0	7	1001
36,018	26,800	26,300	5,310E+1	0,000E+0	1,747E+2	1,747E+2	0,000E+0	2,455E-1	2,433E-1	0,000E+0	7	1001
37,019	26,800	26,300	5,310E+1	0,000E+0	1,747E+2	1,747E+2	0,000E+0	2,455E-1	2,433E-1	0,000E+0	7	1001
38,019	28,900	28,400	5,730E+1	0,000E+0	1,754E+2	1,750E+2	0,000E+0	2,638E-1	2,602E-1	0,000E+0	7	1001
39,019	29,800	29,400	5,920E+1	0,000E+0	1,757E+2	1,750E+2	0,000E+0	2,708E-1	2,681E-1	0,000E+0	7	1001
40,020	30,100	30,100	6,020E+1	0,000E+0	1,756E+2	1,755E+2	0,000E+0	2,753E-1	2,730E-1	0,000E+0	7	1001
41,019	31,100	31,100	6,220E+1	0,000E+0	1,758E+2	1,758E+2	0,000E+0	2,840E-1	2,808E-1	0,000E+0	7	1001
42,021	31,500	32,000	6,350E+1	0,000E+0	1,757E+2	1,758E+2	0,000E+0	2,883E-1	2,870E-1	0,000E+0	7	1001
43,021	32,900	33,400	6,630E+1	0,000E+0	1,760E+2	1,762E+2	0,000E+0	3,009E-1	2,977E-1	0,000E+0	7	1001
44,021	33,400	34,400	6,780E+1	0,000E+0	1,761E+2	1,761E+2	0,000E+0	3,070E-1	3,055E-1	0,000E+0	7	1001
45,021	33,900	34,900	6,880E+1	0,000E+0	1,763E+2	1,763E+2	0,000E+0	3,108E-1	3,098E-1	0,000E+0	7	1001
46,021	22,200	20,800	4,300E+1	0,000E+0	1,664E+2	1,659E+2	0,000E+0	2,269E-1	2,243E-1	0,000E+0	7	1001
47,022	32,600	32,700	6,530E+1	0,000E+0	1,642E+2	1,642E+2	0,000E+0	3,440E-1	3,420E-1	0,000E+0	7	1001
48,021	32,600	32,700	6,530E+1	0,000E+0	1,642E+2	1,642E+2	0,000E+0	3,440E-1	3,420E-1	0,000E+0	7	1001
49,022	33,900	34,500	6,840E+1	0,000E+0	1,646E+2	1,650E+2	0,000E+0	3,579E-1	3,565E-1	0,000E+0	7	1001
50,021	34,400	34,500	6,890E+1	0,000E+0	1,650E+2	1,646E+2	0,000E+0	3,619E-1	3,571E-1	0,000E+0	7	1001
51,022	35,300	34,200	6,950E+1	0,000E+0	1,658E+2	1,640E+2	0,000E+0	3,672E-1	3,547E-1	0,000E+0	7	1001
52,023	35,100	35,500	7,060E+1	0,000E+0	1,652E+2	1,649E+2	0,000E+0	3,685E-1	3,641E-1	0,000E+0	7	1001
53,022	35,200	36,300	7,150E+1	0,000E+0	1,647E+2	1,659E+2	0,000E+0	3,752E-1	3,700E-1	0,000E+0	7	1001
54,023	36,300	36,500	7,280E+1	0,000E+0	1,654E+2	1,649E+2	0,000E+0	3,818E-1	3,748E-1	0,000E+0	7	1001
55,023	35,800	37,700	7,350E+1	0,000E+0	1,647E+2	1,659E+2	0,000E+0	3,809E-1	3,835E-1	0,000E+0	7	1001
56,024	36,400	37,600	7,400E+1	0,000E+0	1,659E+2	1,656E+2	0,000E+0	3,832E-1	3,816E-1	0,000E+0	7	1001
57,023	37,300	37,400	7,470E+1	0,000E+0	1,665E+2	1,650E+2	0,000E+0	3,908E-1	3,803E-1	0,000E+0	7	1001
58,023	37,300	37,400	7,470E+1	0,000E+0	1,665E+2	1,650E+2	0,000E+0	3,908E-1	3,803E-1	0,000E+0	7	1001
59,025	36,800	38,500	7,530E+1	0,000E+0	1,659E+2	1,667E+2	0,000E+0	3,908E-1	3,885E-1	0,000E+0	7	1001
60,024	37,600	38,200	7,580E+1	0,000E+0	1,660E+2	1,656E+2	0,000E+0	3,958E-1	3,937E-1	0,000E+0	7	1001
61,025	37,600	39,000	7,660E+1	0,000E+0	1,660E+2	1,662E+2	0,000E+0	3,991E-1	3,955E-1	0,000E+0	7	1001
62,024	38,300	38,100	7,640E+1	0,000E+0	1,670E+2	1,649E+2	0,000E+0	4,028E-1	3,892E-1	0,000E+0	7	1001
63,025	38,700	38,300	7,700E+1	0,000E+0	1,671E+2	1,649E+2	0,000E+0	4,047E-1	3,891E-1	0,000E+0	7	1001
64,024	38,100	39,300	7,740E+1	0,000E+0	1,663E+2	1,659E+2	0,000E+0	4,024E-1	3,974E-1	0,000E+0	7	1001
65,024	38,100	39,300	7,740E+1	0,000E+0	1,663E+2	1,659E+2	0,000E+0	4,024E-1	3,974E-1	0,000E+0	7	1001
66,025	38,600	38,800	7,740E+1	0,000E+0	1,672E+2	1,655E+2	0,000E+0	4,018E-1	3,974E-1	0,000E+0	7	1001
67,024	37,900	40,100	7,800E+1	0,000E+0	1,659E+2	1,664E+2	0,000E+0	4,022E-1	4,041E-1	0,000E+0	7	1001
68,025	38,200	39,900	7,810E+1	0,000E+0	1,652E+2	1,661E+2	0,000E+0	4,075E-1	4,072E-1	0,000E+0	7	1001
69,024	39,600	38,300	7,790E+1	0,000E+0	1,680E+2	1,649E+2	0,000E+0	4,062E-1	3,980E-1	0,000E+0	7	1001
70,025	39,000	39,400	7,840E+1	0,000E+0	1,668E+2	1,654E+2	0,000E+0	4,111E-1	3,992E-1	0,000E+0	7	1001
71,025	39,000	39,400	7,840E+1	0,000E+0	1,668E+2	1,654E+2	0,000E+0	4,111E-1	3,992E-1	0,000E+0	7	1001
72,025	38,400	40,100	7,850E+1	0,000E+0	1,660E+2	1,658E+2	0,000E+0	4,079E-1	4,080E-1	0,000E+0	7	1001
73,026	38,000	40,900	7,890E+1	0,000E+0	1,661E+2	1,666E+2	0,000E+0	4,021E-1	4,090E-1	0,000E+0	7	1001
74,025	39,600	39,300	7,890E+1	0,000E+0	1,675E+2	1,651E+2	0,000E+0	4,118E-1	4,026E-1	0,000E+0	7	1001
75,026	38,500	40,300	7,880E+1	0,000E+0	1,658E+2	1,661E+2	0,000E+0	4,106E-1	4,085E-1	0,000E+0	7	1001
76,025	38,500	40,400	7,890E+1	0,000E+0	1,659E+2	1,664E+2	0,000E+0	4,105E-1	4,081E-1	0,000E+0	7	1001
77,025	38,700	40,300	7,900E+1	0,000E+0	1,664E+2	1,661E+2	0,000E+0	4,094E-1	4,073E-1	0,000E+0	7	1001
78,027	39,100	40,000	7,910E+1	0,000E+0	1,666E+2	1,658E+2	0,000E+0	4,147E-1	4,066E-1	0,000E+0	7	1001
79,026	37,900	41,400	7,930E+1	0,000E+0	1,659E+2	1,668E+2	0,000E+0	4,044E-1	4,139E-1	0,000E+0	7	1001
80,027	38,600	40,600	7,920E+1	0,000E+0	1,657E+2	1,665E+2	0,000E+0	4,120E-1	4,114E-1	0,000E+0	7	1001
81,026	38,600	40,600	7,920E+1	0,000E+0	1,657E+2	1,665E+2	0,000E+0	4,120E-1	4,114E-1	0,000E+0	7	1001
82,027	39,400	40,400	7,980E+1	0,000E+0	1,663E+2	1,657E+2	0,000E+0	4,175E-1	4,117E-1	0,000E+0	7	1001
83,026	39,300	40,400	7,970E+1	0,000E+0	1,656E+2	1,658E+2	0,000E+0	4,195E-1	4,136E-1	0,000E+0	7	1001
84,026	39,000	40,700	7,970E+1	0,000E+0	1,660E+2	1,659E+2	0,000E+0	4,155E-1	4,128E-1	0,000E+0	7	1001
85,028	38,800	41,000	7,980E+1	0,000E+0	1,662E+2	1,668E+2	0,000E+0	4,135E-1	4,142E-1	0,000E+0	7	1001
86,027	38,500	40,800	7,930E+1	0,000E+0	1,662E+2	1,668E+2	0,000E+0	4,086E-1	4,096E-1	0,000E+0	7	1001
87,029	38,400	41,300	7,970E+1	0,000E+0	1,656E+2	1,672E+2	0,000E+0	4,089E-1	4,147E-1	0,000E+0	7	1001
88,029	38,400	41,300	7,970E+1	0,000E+0	1,656E+2	1,672E+2	0,000E+0	4,089E-1	4,147E-1	0,000E+0	7	1001
89,030	38,500	40,700	7,920E+1	0,000E+0	1,659E+2	1,662E+2	0,000E+0	4,110E-1	4,113E-1	0,000E+0	7	1001
90,030	38,200	41,100	7,930E+1	0,000E+0	1,659E+2	1,667E+2	0,000E+0	4,099E-1	4,085E-1	0,000E+0	7	1001
91,030	38,600	40,800	7,940E+1	0,000E+0	1,657E+2	1,664E+2	0,000E+0	4,109E-1	4,113E-1	0,000E+0	7	1001
92,031	38,400	41,100	7,950E+1	0,000E+0	1,657E+2	1,657E+2	0,000E+0	4,111E-1	4,094E-1	0,000E+0	7	1001
93,030	39,400	40,400	7,980E+1	0,000E+0	1,663E+2	1,657E+2	0,000E+0	4,179E-1	4,090E-1	0,000E+0	7	1001
94,031	39,500	40,000	7,950E+1	0,000E+0	1,668E+2	1,656E+2	0,000E+0	4,143E-1	4,025E-1	0,000E+0	7	1001
95,030	39,300	40,000	7,930E+1	0,000E+0	1,663E+2	1,656E+2	0,000E+0	4,182E-1	4,071E-1	0,000E+0	7	1001
96,031	39,400	40,200	7,960E+1	0,000E+0	1,671E+2	1,658E+2	0,000E+0	4,132E-1	4,048E-1	0,000E+0	7	1001
97,030	40,400	39,500	7,990E+1	0,000E+0	1,676E+2	1,649E+2	0,000E+0	4,221E-1	4,006E-1	0,000E+0	7	1001
98,030	40,400	39,500	7,990E+1	0,000E+0	1,676E+2	1,649E+2	0,000E+0	4,221E-1	4,006E-1	0,000E+0	7	1001
99,032	39,800	39,900	7,970E+1	0,000E+0	1,669E+2	1,650E+2	0,000E+0	4,175E-1	4,076E-1	0,000E+0	7	1001
100,032	39,600	40,000	7,960E+1	0,000E+0	1,669E+2	1,654E+2	0,000E+0	4,165E-1	4,053E-1	0,000E+0	7	1001
101,031	39,600	40,000	7,960E+1	0,000E+0	1,669E+2	1,654E+2	0,000E+0	4,165E-1	4,053E-1	0,000E+0	7	1001
102,031	39,600	40,000	7,960E+1	0,000E+0	1,669E+2	1,654E+2	0,000E+0	4,165E-1	4,053E-1	0,000E+0	7	1001
103,032	39,300	40,100	7,940E+1	0,000E+0	1,662E+2	1,656E+2	0,000E+0	4,168E-1	4,067E-1	0,000E+0	7	1001
104,031	39,300	40,100	7,940E+1	0,000E+0	1,662E+2	1,656E+2	0,000E+0	4,168E-1	4,067E-1	0,000E+0	7	1001
105,033	39,300	40,100	7,940E+1	0,000E+0	1,662E+2	1,656E+2	0,000E+0	4,168E-1	4,067E-1	0,000E+0	7	1001
106,032	39,100	40,300	7,940E+1	0,000E+0	1,659E+2	1,658E+2	0,000E+0	4,165E-1	4,046E-1	0,000E+0	7	1001
107,033	39,100	40,300	7,940E+1	0,000E+0	1,659E+2	1,658E+2	0,000E+0	4,165E-1	4,046E-1	0,000E+0	7	1001
108,033	39,100	40,300	7,940E+1	0,000E+0	1,659E+2	1,658E+2	0,000E+0	4,165E-1	4,046E-1	0,000E+0	7	1001
109,033	39,100	40,300	7,940E+1	0,000E+0	1,659E+2	1,658E+2	0,000E+0	4,165E-1	4,046E-1	0,000E+0	7	1001
110,034	38,700	40,800	7,950E+1	0,000E+0	1,656E+2	1,664E+2	0,000E+0	4,127E-1	4,129E-1	0,000E+0	7	1001
111,033	39,600	40,000	7,960E+1	0,000E+0	1,671E+2	1,652E+2	0,000E+0	4,166E-1	4,050E-1	0,000E+0	7	1001
112,034	39,200	40,500	7,970E+1	0,000E+0	1,669E+2	1,659E+2	0,000E+0	4,128E-1	4,089E-1	0,000E+0	7	1001
113,034	39,200	40,500	7,970E+1	0,000E+0	1,669E+2	1,659E+2	0,000E+0	4,128E-1	4,089E-1	0,000E+0	7	1001
114,034	39,200	40,400	7,960E+1	0,000E+0	1,657E+2	1,658E+2	0,000E+0	4,183E-1	4,112E-1	0,000E+0	7	1001
115,034	39,600	40,200	7,980E+1	0,000E+0	1,672E+2	1,656E+2	0,000E+0	4,146E-1	4,064E-1	0,000E+0	7	1001
116,034	38,800	40,300	7,910E+1	0,000E+0	1,663E+2	1,661E+2	0,000E+0	4,118E-1	4,068E-1	0,000E+0	6	1001
118,034	39,100	40,600	7,970E+1	0,000E+0	1,660E+2	1,657E+2	0,000E+0	4,153E-1	4,131E-1	0,000E+0	6	1001
118,034	38,800	40,800	7,960E+1	0,000E+0	1,659E+2	1,666E+2	0,000E+0	4,145E-1	4,136E-1	0,000E+0	6	1001
119,035	38,700	40,800	7,950E+1	0,000E+0	1,663E+2	1,668E+2	0,000E+0	4,110E-1	4,115E-1	0,000E+0	6	1001
120,034	38,700	40,800	7,950E+1	0,000E+0	1,663E+2	1,668E+2	0,000E+0	4,110E-1	4,115E-1	0,000E+0	6	1001
121,036	39,900	40,100	8,000E+1	0,000E+0	1,674E+2	1,654E+2	0,000E+0	4,197E-1	4,069E-1	0,000E+0	6	1001
122,035	39,900	40,100	8,000E+1	0,000E+0	1,674E+2	1,654E+2	0,000E+0	4,197E-1	4,069E-1	0,000E+0	6	1001
123,036	39,900	40,100	8,000E+1	0,000E+0	1,674E+2	1,654E+2	0,000E+0	4,197E-1	4,069E-1	0,000E+0	6	1001
124,037	39,200	40,500	7,970E+1	0,000E+0	1,660E+2	1,663E+2	0,000E+0	4,175E-1	4,108E-1	0,000E+0	6	1001
125,036	39,200	40,500	7,970E+1	0,000E+0	1,660E+2	1,663E+2	0,000E+0	4,175E-1	4,108E-1	0,000E+0	6	1001
126,038	39,200	40,500	7,970E+1	0,000E+0	1,660E+2	1,663E+2	0,000E+0	4,175E-1	4,108E-1	0,000E+0	6	1001
127,037	38,800	40,700	7,950E+1	0,000E+0	1,665E+2	1,666E+2	0,000E+0	4,110E-1	4,091E-1	0,000E+0	6	1001
128,038	38,800	40,700	7,950E+1	0,000E+0	1,665E+2	1,666E+2	0,000E+0	4,110E-1	4,091E-1	0,000E+0	6	1001
129,038	38,800	40,700	7,950E+1	0,000E+0	1,665E+2	1,666E+2	0,000E+0	4,110E-1	4,091E-1	0,000E+0	6	1001
130,037	39,200	40,800	8,000E+1	0,000E+0	1,658E+2	1,659E+2	0,000E+0	4,179E-1	4,143E-1	0,000E+0	6	1001
131,038	39,200	40,800	8,000E+1	0,000E+0	1,658E+2	1,659E+2	0,000E+0	4,179E-1	4,143E-1	0,000E+0	6	1001
132,037	39,000	40,200	7,920E+1	0,000E+0	1,664E+2	1,659E+2	0,000E+0	4,114E-1	4,067E-1	0,000E+0	6	1001
133,038	39,100	40,100	7,920E+1	0,000E+0	1,662E+2	1,655E+2	0,000E+0	4,158E-1	4,075E-1	0,000E+0	5	1001
134,037	39,300	40,400	7,970E+1	0,000E+0	1,665E+2	1,658E+2	0,000E+0	4,167E-1	4,091E-1	0,000E+0	5	1001
135,037	39,300	40,400	7,970E+1	0,000E+0	1,665E+2	1,658E+2	0,000E+0	4,167E-1	4,091E-1	0,000E+0	5	1001
136,038	39,400	40,100	7,950E+1	0,000E+0	1,669E+2	1,654E+2	0,000E+0	4,159E-1	4,029E-1	0,000E+0	5	1001
137,037	39,400	40,100	7,950E+1	0,000E+0	1,669E+2	1,654E+2	0,000E+0	4,159E-1	4,029E-1	0,000E+0	5	1001
138,038	39,200	40,600	7,980E+1	0,000E+0	1,666E+2	1,659E+2	0,000E+0	4,154E-1	4,098E-1	0,000E+0	5	1001
139,037	39,200	40,600	7,980E+1	0,000E+0	1,666E+2	1,659E+2	0,000E+0	4,154E-1	4,098E-1	0,000E+0	5	1001
140,037	39,200	40,600	7,980E+1	0,000E+0	1,666E+2	1,659E+2	0,000E+0	4,154E-1	4,098E-1	0,000E+0	5	1001
141,039	39,200	40,600	7,980E+1	0,000E+0	1,666E+2	1,659E+2	0,000E+0	4,154E-1	4,098E-1	0,000E+0	5	1001
142,038	39,000	40,800	7,980E+1	0,000E+0	1,665E+2	1,660E+2	0,000E+0	4,115E-1	4,109E-1	0,000E+0	5	1001
143,039	39,000	40,800	7,980E+1	0,000E+0	1,665E+2	1,660E+2	0,000E+0	4,115E-1	4,109E-1	0,000E+0	5	1001
144,038	39,000	40,800	7,980E+1	0,000E+0	1,665E+2	1,660E+2	0,000E+0	4,115E-1	4,109E-1	0,000E+0	5	1001
145,040	39,200	40,800	8,000E+1	0,000E+0	1,661E+2	1,662E+2	0,000E+0	4,186E-1	4,121E-1	0,000E+0	5	1001
146,040	39,200	40,800	8,000E+1	0,000E+0	1,661E+2	1,662E+2	0,000E+0	4,186E-1	4,121E-1	0,000E+0	5	1001
147,040	39,200	40,800	8,000E+1	0,000E+0	1,661E+2	1,662E+2	0,000E+0	4,186E-1	4,121E-1	0,000E+0	5	1001
148,041	38,700	41,000	7,970E+1	0,000E+0	1,652E+2	1,665E+2	0,000E+0	4,136E-1	4,150E-1	0,000E+0	5	1001
149,040	38,700	41,000	7,970E+1	0,000E+0	1,652E+2	1,665E+2	0,000E+0	4,136E-1	4,150E-1	0,000E+0	5	1001
150,041	39,300	40,300	7,960E+1	0,000E+0	1,663E+2	1,654E+2	0,000E+0	4,165E-1	4,081E-1	0,000E+0	5	1001
151,040	38,600	41,300	7,990E+1	0,000E+0	1,653E+2	1,665E+2	0,000E+0	4,155E-1	4,134E-1	0,000E+0	4	1001
152,041	39,500	40,200	7,970E+1	0,000E+0	1,666E+2	1,660E+2	0,000E+0	4,176E-1	4,071E-1	0,000E+0	4	1001
153,040	38,500	41,100	7,960E+1	0,000E+0	1,651E+2	1,666E+2	0,000E+0	4,115E-1	4,157E-1	0,000E+0	4	1001
154,040	39,800	40,100	7,990E+1	0,000E+0	1,668E+2	1,658E+2	0,000E+0	4,193E-1	4,097E-1	0,000E+0	4	1001
155,041	38,900	40,600	7,950E+1	0,000E+0	1,653E+2	1,660E+2	0,000E+0	4,166E-1	4,130E-1	0,000E+0	4	1001
156,040	38,900	40,600	7,950E+1	0,000E+0	1,653E+2	1,660E+2	0,000E+0	4,166E-1	4,130E-1	0,000E+0	4	1001
157,041	38,900	40,600	7,950E+1	0,000E+0	1,653E+2	1,660E+2	0,000E+0	4,166E-1	4,130E-1	0,000E+0	4	1001
158,040	38,900	40,600	7,950E+1	0,000E+0	1,653E+2	1,660E+2	0,000E+0	4,166E-1	4,130E-1	0,000E+0	4	1001
159,041	38,900	40,600	7,950E+1	0,000E+0	1,653E+2	1,660E+2	0,000E+0	4,166E-1	4,130E-1	0,000E+0	4	1001
160,041	38,900	40,600	7,950E+1	0,000E+0	1,653E+2	1,660E+2	0,000E+0	4,166E-1	4,130E-1	0,000E+0	4	1001
161,041	38,900	40,600	7,950E+1	0,000E+0	1,653E+2	1,660E+2	0,000E+0	4,166E-1	4,130E-1	0,000E+0	4	1001
162,042	39,100	40,800	7,990E+1	0,000E+0	1,663E+2	1,662E+2	0,000E+0	4,132E-1	4,115E-1	0,000E+0	4	1001
163,042	38,600	41,400	8,000E+1	0,000E+0	1,664E+2	1,669E+2	0,000E+0	4,091E-1	4,141E-1	0,000E+0	4	1001
164,043	38,600	41,400	8,000E+1	0,000E+0	1,664E+2	1,669E+2	0,000E+0	4,091E-1	4,141E-1	0,000E+0	4	1001
165,043	39,400	40,200	7,960E+1	0,000E+0	1,665E+2	1,656E+2	0,000E+0	4,157E-1	4,069E-1	0,000E+0	4	1001
166,043	39,400	40,200	7,960E+1	0,000E+0	1,665E+2	1,656E+2	0,000E+0	4,157E-1	4,069E-1	0,000E+0	4	1001
167,044	39,000	40,300	7,930E+1	0,000E+0	1,664E+2	1,660E+2	0,000E+0	4,126E-1	4,078E-1	0,000E+0	4	1001
168,043	39,000	40,600	7,960E+1	0,000E+0	1,657E+2	1,664E+2	0,000E+0	4,160E-1	4,124E-1	0,000E+0	3	1001
169,044	39,500	40,700	8,020E+1	0,000E+0	1,663E+2	1,656E+2	0,000E+0	4,201E-1	4,136E-1	0,000E+0	3	1001
170,044	39,300	40,900	8,020E+1	0,000E+0	1,664E+2	1,662E+2	0,000E+0	4,161E-1	4,129E-1	0,000E+0	3	1001
171,045	38,600	41,400	8,000E+1	0,000E+0	1,662E+2	1,667E+2	0,000E+0	4,105E-1	4,158E-1	0,000E+0	3	1001
172,045	39,000	41,000	8,000E+1	0,000E+0	1,657E+2	1,661E+2	0,000E+0	4,170E-1	4,142E-1	0,000E+0	3	1001
173,046	39,000	41,000	8,000E+1	0,000E+0	1,657E+2	1,661E+2	0,000E+0	4,170E-1	4,142E-1	0,000E+0	3	1001
174,047	39,000	41,000	8,000E+1	0,000E+0	1,657E+2	1,661E+2	0,000E+0	4,170E-1	4,142E-1	0,000E+0	3	1001
175,046	39,300	40,700	8,000E+1	0,000E+0	1,662E+2	1,659E+2	0,000E+0	4,177E-1	4,117E-1	0,000E+0	3	1001
176,047	39,300	40,700	8,000E+1	0,000E+0	1,662E+2	1,659E+2	0,000E+0	4,177E-1	4,117E-1	0,000E+0	3	1001
177,046	39,300	40,700	8,000E+1	0,000E+0	1,662E+2	1,659E+2	0,000E+0	4,177E-1	4,117E-1	0,000E+0	3	1001
178,046	39,300	40,700	8,000E+1	0,000E+0	1,662E+2	1,659E+2	0,000E+0	4,177E-1	4,117E-1	0,000E+0	3	1001
179,046	38,900	40,900	7,980E+1	0,000E+0	1,664E+2	1,662E+2	0,000E+0	4,124E-1	4,124E-1	0,000E+0	3	1001
180,046	39,200	40,600	7,980E+1	0,000E+0	1,662E+2	1,661E+2	0,000E+0	4,160E-1	4,116E-1	0,000E+0	3	1001
181,047	39,200	40,600	7,980E+1	0,000E+0	1,662E+2	1,661E+2	0,000E+0	4,160E-1	4,116E-1	0,000E+0	3	1001
182,046	39,100	40,600	7,970E+1	0,000E+0	1,662E+2	1,660E+2	0,000E+0	4,143E-1	4,105E-1	0,000E+0	3	1001
183,046	39,100	40,600	7,970E+1	0,000E+0	1,662E+2	1,660E+2	0,000E+0	4,143E-1	4,105E-1	0,000E+0	3	1001
184,047	39,400	40,200	7,960E+1	0,000E+0	1,667E+2	1,656E+2	0,000E+0	4,160E-1	4,067E-1	0,000E+0	3	1001
185,048	39,300	40,500	7,980E+1	0,000E+0	1,668E+2	1,663E+2	0,000E+0	4,161E-1	4,099E-1	0,000E+0	3	1001
186,047	38,800	40,700	7,950E+1	0,000E+0	1,661E+2	1,667E+2	0,000E+0	4,122E-1	4,121E-1	0,000E+0	3	1001
187,049	38,900	40,800	7,970E+1	0,000E+0	1,667E+2	1,665E+2	0,000E+0	4,116E-1	4,112E-1	0,000E+0	3	1001
188,049	38,800	41,100	7,990E+1	0,000E+0	1,660E+2	1,669E+2	0,000E+0	4,156E-1	4,132E-1	0,000E+0	2	1001
189,049	39,100	40,800	7,990E+1	0,000E+0	1,665E+2	1,666E+2	0,000E+0	4,164E-1	4,131E-1	0,000E+0	2	1001
190,051	38,900	40,900	7,980E+1	0,000E+0	1,665E+2	1,667E+2	0,000E+0	4,144E-1	4,132E-1	0,000E+0	2	1001
191,050	39,200	40,400	7,960E+1	0,000E+0	1,666E+2	1,656E+2	0,000E+0	4,171E-1	4,015E-1	0,000E+0	2	1001
192,051	39,000	40,600	7,960E+1	0,000E+0	1,664E+2	1,661E+2	0,000E+0	4,117E-1	4,103E-1	0,000E+0	2	1001
193,050	39,000	40,600	7,960E+1	0,000E+0	1,664E+2	1,661E+2	0,000E+0	4,117E-1	4,103E-1	0,000E+0	2	1001
194,052	39,600	40,400	8,000E+1	0,000E+0	1,662E+2	1,657E+2	0,000E+0	4,204E-1	4,106E-1	0,000E+0	2	1001
195,051	39,600	40,400	8,000E+1	0,000E+0	1,662E+2	1,657E+2	0,000E+0	4,204E-1	4,106E-1	0,000E+0	2	1001
196,051	39,600	40,400	8,000E+1	0,000E+0	1,662E+2	1,657E+2	0,000E+0	4,204E-1	4,106E-1	0,000E+0	2	1001
197,052	39,600	40,400	8,000E+1	0,000E+0	1,662E+2	1,657E+2	0,000E+0	4,204E-1	4,106E-1	0,000E+0	2	1001
198,051	39,600	40,400	8,000E+1	0,000E+0	1,662E+2	1,657E+2	0,000E+0	4,204E-1	4,106E-1	0,000E+0	2	1001
199,052	39,600	40,400	8,000E+1	0,000E+0	1,662E+2	1,657E+2	0,000E+0	4,204E-1	4,106E-1	0,000E+0	2	1001
200,052	39,600	40,400	8,000E+1	0,000E+0	1,662E+2	1,657E+2	0,000E+0	4,204E-1	4,106E-1	0,000E+0	2	1001
201,052	39,000	41,100	8,010E+1	0,000E+0	1,664E+2	1,667E+2	0,000E+0	4,128E-1	4,138E-1	0,000E+0	2	1001
202,053	39,000	41,100	8,010E+1	0,000E+0	1,664E+2	1,667E+2	0,000E+0	4,128E-1	4,138E-1	0,000E+0	2	1001
203,053	39,300	40,700	8,000E+1	0,000E+0	1,664E+2	1,661E+2	0,000E+0	4,182E-1	4,118E-1	0,000E+0	2	1001
204,054	39,300	40,700	8,000E+1	0,000E+0	1,664E+2	1,661E+2	0,000E+0	4,182E-1	4,118E-1	0,000E+0	2	1001
205,053	39,200	40,800	8,000E+1	0,000E+0	1,663E+2	1,660E+2	0,000E+0	4,153E-1	4,122E-1	0,000E+0	2	1001
206,054	39,200	40,800	8,000E+1	0,000E+0	1,663E+2	1,660E+2	0,000E+0	4,153E-1	4,122E-1	0,000E+0	2	1001
207,054	39,500	40,600	8,010E+1	0,000E+0	1,666E+2	1,657E+2	0,000E+0	4,179E-1	4,099E-1	0,000E+0	2	1001
208,054	39,200	40,900	8,010E+1	0,000E+0	1,655E+2	1,664E+2	0,000E+0	4,190E-1	4,158E-1	0,000E+0	2	1001
209,055	38,800	41,000	7,980E+1	0,000E+0	1,661E+2	1,666E+2	0,000E+0	4,125E-1	4,143E-1	0,000E+0	2	1001
210,055	40,100	39,900	8,000E+1	0,000E+0	1,672E+2	1,652E+2	0,000E+0	4,196E-1	4,064E-1	0,000E+0	2	1001
211,056	39,000	40,800	7,980E+1	0,000E+0	1,658E+2	1,661E+2	0,000E+0	4,168E-1	4,137E-1	0,000E+0	2	1001
212,055	39,500	40,500	8,000E+1	0,000E+0	1,668E+2	1,659E+2	0,000E+0	4,182E-1	4,096E-1	0,000E+0	2	1001
213,057	39,200	40,700	7,990E+1	0,000E+0	1,658E+2	1,661E+2	0,000E+0	4,191E-1	4,139E-1	0,000E+0	1	1001
214,057	38,900	40,900	7,980E+1	0,000E+0	1,661E+2	1,665E+2	0,000E+0	4,149E-1	4,104E-1	0,000E+0	1	1001
215,056	39,700	40,300	8,000E+1	0,000E+0	1,670E+2	1,654E+2	0,000E+0	4,191E-1	4,075E-1	0,000E+0	1	1001
216,058	39,500	40,400	7,990E+1	0,000E+0	1,669E+2	1,654E+2	0,000E+0	4,158E-1	4,074E-1	0,000E+0	1	1001
217,057	39,500	40,400	7,990E+1	0,000E+0	1,669E+2	1,654E+2	0,000E+0	4,158E-1	4,074E-1	0,000E+0	1	1001
218,058	39,200	40,800	8,000E+1	0,000E+0	1,664E+2	1,662E+2	0,000E+0	4,154E-1	4,130E-1	0,000E+0	1	1001
219,057	39,200	40,800	8,000E+1	0,000E+0	1,664E+2	1,662E+2	0,000E+0	4,154E-1	4,130E-1	0,000E+0	1	1001
220,058	39,200	40,800	8,000E+1	0,000E+0	1,664E+2	1,662E+2	0,000E+0	4,154E-1	4,130E-1	0,000E+0	1	1001
221,058	38,900	41,000	7,990E+1	0,000E+0	1,663E+2	1,665E+2	0,000E+0	4,164E-1	4,092E-1	0,000E+0	1	1001
222,057	38,900	41,000	7,990E+1	0,000E+0	1,663E+2	1,665E+2	0,000E+0	4,164E-1	4,092E-1	0,000E+0	1	1001
223,058	38,900	41,000	7,990E+1	0,000E+0	1,663E+2	1,665E+2	0,000E+0	4,164E-1	4,092E-1	0,000E+0	1	1001
224,057	38,900	41,000	7,990E+1	0,000E+0	1,663E+2	1,665E+2	0,000E+0	4,164E-1	4,092E-1	0,000E+0	1	1001
225,058	39,400	40,400	7,980E+1	0,000E+0	1,661E+2	1,657E+2	0,000E+0	4,180E-1	4,089E-1	0,000E+0	1	1001
226,058	39,400	40,400	7,980E+1	0,000E+0	1,661E+2	1,657E+2	0,000E+0	4,180E-1	4,089E-1	0,000E+0	1	1001
227,059	39,400	40,400	7,980E+1	0,000E+0	1,661E+2	1,657E+2	0,000E+0	4,180E-1	4,089E-1	0,000E+0	1	1001
228,059	39,800	40,200	8,000E+1	0,000E+0	1,672E+2	1,654E+2	0,000E+0	4,199E-1	4,063E-1	0,000E+0	1	1001
229,058	39,800	40,200	8,000E+1	0,000E+0	1,672E+2	1,654E+2	0,000E+0	4,199E-1	4,063E-1	0,000E+0	1	1001
230,059	39,100	40,900	8,000E+1	0,000E+0	1,663E+2	1,665E+2	0,000E+0	4,155E-1	4,130E-1	0,000E+0	1	1001
231,058	38,500	41,400	7,990E+1	0,000E+0	1,647E+2	1,670E+2	0,000E+0	4,199E-1	4,136E-1	0,000E+0	0	1001
232,059	39,500	40,400	7,990E+1	0,000E+0	1,667E+2	1,656E+2	0,000E+0	4,183E-1	4,089E-1	0,000E+0	0	1001
233,058	39,900	39,900	7,980E+1	0,000E+0	1,675E+2	1,652E+2	0,000E+0	4,181E-1	4,050E-1	0,000E+0	0	1001
234,059	38,900	41,100	8,000E+1	0,000E+0	1,659E+2	1,659E+2	0,000E+0	4,153E-1	4,151E-1	0,000E+0	0	1001
235,060	39,200	40,500	7,970E+1	0,000E+0	1,666E+2	1,667E+2	0,000E+0	4,159E-1	4,081E-1	0,000E+0	0	1001
236,059	39,200	40,500	7,970E+1	0,000E+0	1,666E+2	1,667E+2	0,000E+0	4,159E-1	4,081E-1	0,000E+0	0	1001
237,060	39,200	40,500	7,970E+1	0,000E+0	1,666E+2	1,667E+2	0,000E+0	4,159E-1	4,081E-1	0,000E+0	0	1001
238,059	39,200	40,500	7,970E+1	0,000E+0	1,666E+2	1,667E+2	0,000E+0	4,159E-1	4,081E-1	0,000E+0	0	1001
239,060	39,200	40,500	7,970E+1	0,000E+0	1,666E+2	1,667E+2	0,000E+0	4,159E-1	4,081E-1	0,000E+0	0	1001
240,060	39,300	40,500	7,980E+1	0,000E+0	1,664E+2	1,656E+2	0,000E+0	4,167E-1	4,098E-1	0,000E+0	0	1001
241,061	39,300	40,500	7,980E+1	0,000E+0	1,664E+2	1,656E+2	0,000E+0	4,167E-1	4,098E-1	0,000E+0	0	1001
242,062	39,300	40,500	7,980E+1	0,000E+0	1,664E+2	1,656E+2	0,000E+0	4,167E-1	4,098E-1	0,000E+0	0	1001
243,062	39,000	41,000	8,000E+1	0,000E+0	1,664E+2	1,660E+2	0,000E+0	4,118E-1	4,145E-1	0,000E+0	0	1001
244,063	39,000	41,000	8,000E+1	0,000E+0	1,664E+2	1,660E+2	0,000E+0	4,118E-1	4,145E-1	0,000E+0	0	1001
245,062	39,700	40,400	8,010E+1	0,000E+0	1,667E+2	1,654E+2	0,000E+0	4,197E-1	4,089E-1	0,000E+0	0	1001
246,063	39,700	40,400	8,010E+1	0,000E+0	1,667E+2	1,654E+2	0,000E+0	4,197E-1	4,089E-1	0,000E+0	0	1001
247,063	38,400	41,100	7,950E+1	0,000E+0	1,650E+2	1,667E+2	0,000E+0	4,147E-1	4,136E-1	0,000E+0	0	1001
248,063	39,600	40,300	7,990E+1	0,000E+0	1,665E+2	1,654E+2	0,000E+0	4,191E-1	4,084E-1	0,000E+0	0	1001
249,065	39,500	40,700	8,020E+1	0,000E+0	1,669E+2	1,659E+2	0,000E+0	4,155E-1	4,096E-1	0,000E+0	0	1001
250,064	39,400	40,700	8,010E+1	0,000E+0	1,666E+2	1,658E+2	0,000E+0	4,167E-1	4,104E-1	0,000E+0	0	1001
251,065	39,300	40,500	7,980E+1	0,000E+0	1,665E+2	1,657E+2	0,000E+0	4,151E-1	4,096E-1	0,000E+0	0	1001
252,064	39,500	40,700	8,020E+1	0,000E+0	1,665E+2	1,658E+2	0,000E+0	4,188E-1	4,101E-1	0,000E+0	0	1001
253,065	39,500	40,700	8,020E+1	0,000E+0	1,665E+2	1,658E+2	0,000E+0	4,188E-1	4,101E-1	0,000E+0	0	1001
254,067	40,200	39,800	8,000E+1	0,000E+0	1,672E+2	1,648E+2	0,000E+0	4,187E-1	4,099E-1	0,000E+0	0	1010
255,066	39,600	40,500	8,010E+1	0,000E+0	1,668E+2	1,660E+2	0,000E+0	4,191E-1	4,089E-1	0,000E+0	0	1010
256,068	39,600	40,600	8,020E+1	0,000E+0	1,666E+2	1,660E+2	0,000E+0	4,179E-1	4,096E-1	0,000E+0	0	1010
257,067	39,900	40,500	8,040E+1	0,000E+0	1,668E+2	1,654E+2	0,000E+0	4,191E-1	4,091E-1	0,000E+0	0	1010
258,068	39,100	40,700	7,980E+1	0,000E+0	1,656E+2	1,658E+2	0,000E+0	4,182E-1	4,128E-1	0,000E+0	0	1010
259,067	39,400	40,400	7,980E+1	0,000E+0	1,662E+2	1,653E+2	0,000E+0	4,154E-1	4,115E-1	0,000E+0	0	1010
260,067	39,200	40,800	8,000E+1	0,000E+0	1,656E+2	1,656E+2	0,000E+0	4,184E-1	4,123E-1	0,000E+0	0	1010
261,068	39,100	40,800	7,990E+1	0,000E+0	1,657E+2	1,660E+2	0,000E+0	4,181E-1	4,152E-1	0,000E+0	0	1010
262,067	40,000	40,200	8,020E+1	0,000E+0	1,668E+2	1,647E+2	0,000E+0	4,205E-1	4,087E-1	0,000E+0	0	1010
263,068	40,000	40,200	8,020E+1	0,000E+0	1,668E+2	1,647E+2	0,000E+0	4,205E-1	4,087E-1	0,000E+0	0	1010
264,067	39,600	40,200	7,980E+1	0,000E+0	1,660E+2	1,654E+2	0,000E+0	4,204E-1	4,089E-1	0,000E+0	0	1010
265,068	39,000	40,600	7,960E+1	0,000E+0	1,657E+2	1,662E+2	0,000E+0	4,175E-1	4,120E-1	0,000E+0	0	1010
266,067	39,300	40,800	8,010E+1	0,000E+0	1,666E+2	1,663E+2	0,000E+0	4,160E-1	4,120E-1	0,000E+0	0	1010
267,067	38,600	41,000	7,960E+1	0,000E+0	1,657E+2	1,663E+2	0,000E+0	4,163E-1	4,116E-1	0,000E+0	0	1010
268,068	39,200	40,800	8,000E+1	0,000E+0	1,662E+2	1,662E+2	0,000E+0	4,164E-1	4,135E-1	0,000E+0	0	1010
269,067	39,400	40,900	8,030E+1	0,000E+0	1,664E+2	1,657E+2	0,000E+0	4,176E-1	4,126E-1	0,000E+0	0	1010
270,069	39,100	41,000	8,010E+1	0,000E+0	1,653E+2	1,662E+2	0,000E+0	4,196E-1	4,169E-1	0,000E+0	0	1010
271,069	39,400	40,500	7,990E+1	0,000E+0	1,668E+2	1,658E+2	0,000E+0	4,163E-1	4,085E-1	0,000E+0	0	1010
272,070	39,400	40,500	7,990E+1	0,000E+0	1,668E+2	1,658E+2	0,000E+0	4,163E-1	4,085E-1	0,000E+0	0	1010
273,069	39,400	40,500	7,990E+1	0,000E+0	1,668E+2	1,658E+2	0,000E+0	4,163E-1	4,085E-1	0,000E+0	0	1010
274,069	39,400	40,500	7,990E+1	0,000E+0	1,668E+2	1,658E+2	0,000E+0	4,163E-1	4,085E-1	0,000E+0	0	1010
275,070	39,400	40,500	7,990E+1	0,000E+0	1,668E+2	1,658E+2	0,000E+0	4,163E-1	4,085E-1	0,000E+0	0	1010
276,069	39,900	40,100	8,000E+1	0,000E+0	1,667E+2	1,653E+2	0,000E+0	4,205E-1	4,109E-1	0,000E+0	0	1010
277,070	39,900	40,100	8,000E+1	0,000E+0	1,667E+2	1,653E+2	0,000E+0	4,205E-1	4,109E-1	0,000E+0	0	1010
278,069	39,900	40,100	8,000E+1	0,000E+0	1,667E+2	1,653E+2	0,000E+0	4,205E-1	4,109E-1	0,000E+0	0	1010
279,070	39,900	40,100	8,000E+1	0,000E+0	1,667E+2	1,653E+2	0,000E+0	4,205E-1	4,109E-1	0,000E+0	0	1010
280,069	38,800	41,100	7,990E+1	0,000E+0	1,657E+2	1,662E+2	0,000E+0	4,152E-1	4,162E-1	0,000E+0	0	1010
281,069	39,200	40,800	8,000E+1	0,000E+0	1,657E+2	1,660E+2	0,000E+0	4,174E-1	4,132E-1	0,000E+0	0	1010
282,070	39,200	40,800	8,000E+1	0,000E+0	1,657E+2	1,660E+2	0,000E+0	4,174E-1	4,132E-1	0,000E+0	0	1010
283,069	39,400	40,600	8,000E+1	0,000E+0	1,667E+2	1,656E+2	0,000E+0	4,158E-1	4,098E-1	0,000E+0	0	1010
284,070	40,000	40,300	8,030E+1	0,000E+0	1,673E+2	1,651E+2	0,000E+0	4,205E-1	4,070E-1	0,000E+0	0	1010
285,069	39,300	40,400	7,970E+1	0,000E+0	1,659E+2	1,655E+2	0,000E+0	4,186E-1	4,122E-1	0,000E+0	1	1010
286,071	39,400	40,500	7,990E+1	0,000E+0	1,663E+2	1,659E+2	0,000E+0	4,182E-1	4,102E-1	0,000E+0	1	1010
287,071	38,700	41,700	8,040E+1	0,000E+0	1,659E+2	1,668E+2	0,000E+0	4,132E-1	4,161E-1	0,000E+0	1	1010
288,072	39,700	39,900	7,960E+1	0,000E+0	1,673E+2	1,654E+2	0,000E+0	4,177E-1	4,041E-1	0,000E+0	1	1010
289,073	39,400	40,700	8,010E+1	0,000E+0	1,666E+2	1,652E+2	0,000E+0	4,176E-1	4,101E-1	0,000E+0	1	1010
290,072	39,400	40,700	8,010E+1	0,000E+0	1,666E+2	1,652E+2	0,000E+0	4,176E-1	4,101E-1	0,000E+0	1	1010
291,072	39,400	40,700	8,010E+1	0,000E+0	1,666E+2	1,652E+2	0,000E+0	4,176E-1	4,101E-1	0,000E+0	1	1010
292,073	39,400	40,700	8,010E+1	0,000E+0	1,666E+2	1,652E+2	0,000E+0	4,176E-1	4,101E-1	0,000E+0	1	1010
293,072	39,400	40,700	8,010E+1	0,000E+0	1,666E+2	1,652E+2	0,000E+0	4,176E-1	4,101E-1	0,000E+0	1	1010
294,073	39,700	40,300	8,000E+1	0,000E+0	1,672E+2	1,655E+2	0,000E+0	4,175E-1	4,070E-1	0,000E+0	1	1010
295,072	39,700	40,300	8,000E+1	0,000E+0	1,672E+2	1,655E+2	0,000E+0	4,175E-1	4,070E-1	0,000E+0	1	1010
296,073	39,700	40,300	8,000E+1	0,000E+0	1,672E+2	1,655E+2	0,000E+0	4,175E-1	4,070E-1	0,000E+0	1	1010
297,072	39,000	41,000	8,000E+1	0,000E+0	1,666E+2	1,662E+2	0,000E+0	4,144E-1	4,135E-1	0,000E+0	1	1010
298,073	39,000	41,000	8,000E+1	0,000E+0	1,666E+2	1,662E+2	0,000E+0	4,144E-1	4,135E-1	0,000E+0	1	1010
299,075	39,000	41,000	8,000E+1	0,000E+0	1,666E+2	1,662E+2	0,000E+0	4,144E-1	4,135E-1	0,000E+0	1	1010
300,075	39,500	40,500	8,000E+1	0,000E+0	1,669E+2	1,656E+2	0,000E+0	4,181E-1	4,087E-1	0,000E+0	1	1010
301,076	39,200	40,700	7,990E+1	0,000E+0	1,663E+2	1,662E+2	0,000E+0	4,160E-1	4,102E-1	0,000E+0	1	1010
302,075	39,200	40,600	7,980E+1	0,000E+0	1,661E+2	1,660E+2	0,000E+0	4,169E-1	4,113E-1	0,000E+0	2	1010
303,075	38,700	41,300	8,000E+1	0,000E+0	1,659E+2	1,667E+2	0,000E+0	4,139E-1	4,127E-1	0,000E+0	2	1010
304,076	39,200	40,600	7,980E+1	0,000E+0	1,666E+2	1,661E+2	0,000E+0	4,156E-1	4,099E-1	0,000E+0	2	1010
305,075	39,200	40,600	7,980E+1	0,000E+0	1,666E+2	1,661E+2	0,000E+0	4,156E-1	4,099E-1	0,000E+0	2	1010
306,077	39,200	40,700	7,990E+1	0,000E+0	1,663E+2	1,662E+2	0,000E+0	4,163E-1	4,128E-1	0,000E+0	2	1010
307,076	39,200	40,700	7,990E+1	0,000E+0	1,663E+2	1,662E+2	0,000E+0	4,163E-1	4,128E-1	0,000E+0	2	1010
308,077	39,200	40,700	7,990E+1	0,000E+0	1,663E+2	1,662E+2	0,000E+0	4,163E-1	4,128E-1	0,000E+0	2	1010
309,076	39,600	40,600	8,020E+1	0,000E+0	1,666E+2	1,657E+2	0,000E+0	4,192E-1	4,112E-1	0,000E+0	2	1010
310,077	39,600	40,600	8,020E+1	0,000E+0	1,666E+2	1,657E+2	0,000E+0	4,192E-1	4,112E-1	0,000E+0	2	1010
311,078	39,600	40,600	8,020E+1	0,000E+0	1,666E+2	1,657E+2	0,000E+0	4,192E-1	4,112E-1	0,000E+0	2	1010
312,077	39,200	40,900	8,010E+1	0,000E+0	1,664E+2	1,661E+2	0,000E+0	4,151E-1	4,123E-1	0,000E+0	2	1010
313,079	39,200	40,900	8,010E+1	0,000E+0	1,664E+2	1,661E+2	0,000E+0	4,151E-1	4,123E-1	0,000E+0	2	1010
314,078	39,200	40,900	8,010E+1	0,000E+0	1,664E+2	1,661E+2	0,000E+0	4,151E-1	4,123E-1	0,000E+0	2	1010
315,079	39,200	40,900	8,010E+1	0,000E+0	1,664E+2	1,661E+2	0,000E+0	4,151E-1	4,123E-1	0,000E+0	2	1010
316,078	39,700	40,300	8,000E+1	0,000E+0	1,671E+2	1,659E+2	0,000E+0	4,185E-1	4,077E-1	0,000E+0	2	1010
317,078	39,700	40,300	8,000E+1	0,000E+0	1,671E+2	1,659E+2	0,000E+0	4,185E-1	4,077E-1	0,000E+0	2	1010
318,079	39,000	40,900	7,990E+1	0,000E+0	1,656E+2	1,663E+2	0,000E+0	4,177E-1	4,157E-1	0,000E+0	2	1010
319,078	39,000	40,900	7,990E+1	0,000E+0	1,656E+2	1,663E+2	0,000E+0	4,177E-1	4,157E-1	0,000E+0	2	1010
321,078	38,600	41,400	8,000E+1	0,000E+0	1,657E+2	1,669E+2	0,000E+0	4,097E-1	4,164E-1	0,000E+0	2	1010
321,078	38,800	41,300	8,010E+1	0,000E+0	1,665E+2	1,666E+2	0,000E+0	4,134E-1	4,152E-1	0,000E+0	2	1010
322,079	39,200	40,700	7,990E+1	0,000E+0	1,658E+2	1,659E+2	0,000E+0	4,189E-1	4,138E-1	0,000E+0	2	1010
323,079	39,200	40,800	8,000E+1	0,000E+0	1,653E+2	1,661E+2	0,000E+0	4,215E-1	4,176E-1	0,000E+0	2	1010
324,079	39,300	40,500	7,980E+1	0,000E+0	1,663E+2	1,657E+2	0,000E+0	4,173E-1	4,105E-1	0,000E+0	2	1010
325,080	39,600	40,500	8,010E+1	0,000E+0	1,662E+2	1,656E+2	0,000E+0	4,209E-1	4,121E-1	0,000E+0	2	1010
326,079	38,900	41,100	8,000E+1	0,000E+0	1,659E+2	1,661E+2	0,000E+0	4,171E-1	4,173E-1	0,000E+0	3	1010
327,080	38,900	40,900	7,980E+1	0,000E+0	1,662E+2	1,663E+2	0,000E+0	4,148E-1	4,126E-1	0,000E+0	3	1010
328,079	39,600	40,100	7,970E+1	0,000E+0	1,669E+2	1,654E+2	0,000E+0	4,172E-1	4,089E-1	0,000E+0	3	1010
329,079	39,200	40,900	8,010E+1	0,000E+0	1,661E+2	1,662E+2	0,000E+0	4,170E-1	4,145E-1	0,000E+0	3	1010
330,080	39,200	40,900	8,010E+1	0,000E+0	1,661E+2	1,662E+2	0,000E+0	4,170E-1	4,145E-1	0,000E+0	3	1010
331,079	39,200	40,900	8,010E+1	0,000E+0	1,661E+2	1,662E+2	0,000E+0	4,170E-1	4,145E-1	0,000E+0	3	1010
332,080	39,200	40,900	8,010E+1	0,000E+0	1,661E+2	1,662E+2	0,000E+0	4,170E-1	4,145E-1	0,000E+0	3	1010
333,079	39,200	40,900	8,010E+1	0,000E+0	1,661E+2	1,662E+2	0,000E+0	4,170E-1	4,145E-1	0,000E+0	3	1010
334,080	39,200	40,900	8,010E+1	0,000E+0	1,661E+2	1,662E+2	0,000E+0	4,170E-1	4,145E-1	0,000E+0	3	1010
335,079	39,200	40,900	8,010E+1	0,000E+0	1,661E+2	1,662E+2	0,000E+0	4,170E-1	4,145E-1	0,000E+0	3	1010
336,079	39,500	40,900	8,040E+1	0,000E+0	1,667E+2	1,663E+2	0,000E+0	4,204E-1	4,156E-1	0,000E+0	3	1010
337,080	39,500	40,900	8,040E+1	0,000E+0	1,667E+2	1,663E+2	0,000E+0	4,204E-1	4,156E-1	0,000E+0	3	1010
338,079	39,200	40,900	8,010E+1	0,000E+0	1,665E+2	1,662E+2	0,000E+0	4,160E-1	4,134E-1	0,000E+0	3	1010
339,080	39,200	40,900	8,010E+1	0,000E+0	1,665E+2	1,662E+2	0,000E+0	4,160E-1	4,134E-1	0,000E+0	3	1010
340,079	40,300	40,100	8,040E+1	0,000E+0	1,675E+2	1,652E+2	0,000E+0	4,233E-1	4,063E-1	0,000E+0	3	1010
341,080	40,300	40,100	8,040E+1	0,000E+0	1,675E+2	1,652E+2	0,000E+0	4,233E-1	4,063E-1	0,000E+0	3	1010
342,079	38,700	41,100	7,980E+1	0,000E+0	1,660E+2	1,665E+2	0,000E+0	4,130E-1	4,145E-1	0,000E+0	3	1010
343,080	39,100	40,900	8,000E+1	0,000E+0	1,659E+2	1,662E+2	0,000E+0	4,188E-1	4,153E-1	0,000E+0	4	1010
344,079	39,300	40,700	8,000E+1	0,000E+0	1,671E+2	1,661E+2	0,000E+0	4,169E-1	4,113E-1	0,000E+0	4	1010
345,080	39,600	40,200	7,980E+1	0,000E+0	1,668E+2	1,657E+2	0,000E+0	4,196E-1	4,065E-1	0,000E+0	4	1010
346,080	39,600	40,200	7,980E+1	0,000E+0	1,668E+2	1,657E+2	0,000E+0	4,196E-1	4,065E-1	0,000E+0	4	1010
347,080	39,600	40,200	7,980E+1	0,000E+0	1,668E+2	1,657E+2	0,000E+0	4,196E-1	4,065E-1	0,000E+0	4	1010
348,082	39,600	40,200	7,980E+1	0,000E+0	1,668E+2	1,657E+2	0,000E+0	4,196E-1	4,065E-1	0,000E+0	4	1010
349,081	39,600	40,200	7,980E+1	0,000E+0	1,668E+2	1,657E+2	0,000E+0	4,196E-1	4,065E-1	0,000E+0	4	1010
350,083	39,800	40,400	8,020E+1	0,000E+0	1,672E+2	1,659E+2	0,000E+0	4,180E-1	4,079E-1	0,000E+0	4	1010
351,083	39,800	40,400	8,020E+1	0,000E+0	1,672E+2	1,659E+2	0,000E+0	4,180E-1	4,079E-1	0,000E+0	4	1010
352,084	39,800	40,400	8,020E+1	0,000E+0	1,672E+2	1,659E+2	0,000E+0	4,180E-1	4,079E-1	0,000E+0	4	1010
353,083	39,800	40,400	8,020E+1	0,000E+0	1,672E+2	1,659E+2	0,000E+0	4,180E-1	4,079E-1	0,000E+0	4	1010
354,083	40,100	39,900	8,000E+1	0,000E+0	1,673E+2	1,649E+2	0,000E+0	4,207E-1	4,047E-1	0,000E+0	4	1010
355,085	39,600	40,100	7,970E+1	0,000E+0	1,667E+2	1,659E+2	0,000E+0	4,179E-1	4,070E-1	0,000E+0	4	1010
356,084	39,600	40,100	7,970E+1	0,000E+0	1,667E+2	1,659E+2	0,000E+0	4,179E-1	4,070E-1	0,000E+0	4	1010
357,085	39,200	40,800	8,000E+1	0,000E+0	1,661E+2	1,660E+2	0,000E+0	4,178E-1	4,138E-1	0,000E+0	4	1010
358,084	39,900	40,700	8,060E+1	0,000E+0	1,667E+2	1,657E+2	0,000E+0	4,228E-1	4,117E-1	0,000E+0	5	1010
359,085	39,600	40,800	8,040E+1	0,000E+0	1,668E+2	1,660E+2	0,000E+0	4,194E-1	4,115E-1	0,000E+0	5	1010
360,085	39,500	40,600	8,010E+1	0,000E+0	1,664E+2	1,659E+2	0,000E+0	4,208E-1	4,132E-1	0,000E+0	5	1010
361,086	39,300	40,500	7,980E+1	0,000E+0	1,664E+2	1,659E+2	0,000E+0	4,182E-1	4,121E-1	0,000E+0	5	1010
362,087	39,300	40,500	7,980E+1	0,000E+0	1,664E+2	1,659E+2	0,000E+0	4,182E-1	4,121E-1	0,000E+0	5	1010
363,086	39,300	40,500	7,980E+1	0,000E+0	1,664E+2	1,659E+2	0,000E+0	4,182E-1	4,121E-1	0,000E+0	5	1010
364,088	39,300	40,500	7,980E+1	0,000E+0	1,664E+2	1,659E+2	0,000E+0	4,182E-1	4,121E-1	0,000E+0	5	1010
365,088	39,300	40,500	7,980E+1	0,000E+0	1,664E+2	1,659E+2	0,000E+0	4,182E-1	4,121E-1	0,000E+0	5	1010
366,089	39,600	40,600	8,020E+1	0,000E+0	1,670E+2	1,662E+2	0,000E+0	4,190E-1	4,111E-1	0,000E+0	5	1010
367,089	39,600	40,600	8,020E+1	0,000E+0	1,670E+2	1,662E+2	0,000E+0	4,190E-1	4,111E-1	0,000E+0	5	1010
368,090	39,600	40,600	8,020E+1	0,000E+0	1,670E+2	1,662E+2	0,000E+0	4,190E-1	4,111E-1	0,000E+0	5	1010
369,091	39,400	40,200	7,960E+1	0,000E+0	1,669E+2	1,659E+2	0,000E+0	4,147E-1	4,108E-1	0,000E+0	5	1010
370,090	39,400	40,200	7,960E+1	0,000E+0	1,669E+2	1,659E+2	0,000E+0	4,147E-1	4,108E-1	0,000E+0	5	1010
371,092	39,200	40,700	7,990E+1	0,000E+0	1,663E+2	1,661E+2	0,000E+0	4,167E-1	4,132E-1	0,000E+0	5	1010
372,091	39,200	40,700	7,990E+1	0,000E+0	1,663E+2	1,661E+2	0,000E+0	4,167E-1	4,132E-1	0,000E+0	5	1010
373,092	39,200	40,600	7,980E+1	0,000E+0	1,660E+2	1,658E+2	0,000E+0	4,191E-1	4,138E-1	0,000E+0	5	1010
374,091	39,200	40,600	7,980E+1	0,000E+0	1,660E+2	1,658E+2	0,000E+0	4,191E-1	4,138E-1	0,000E+0	6	1010
375,091	39,100	41,000	8,010E+1	0,000E+0	1,661E+2	1,662E+2	0,000E+0	4,157E-1	4,139E-1	0,000E+0	6	1010
376,093	39,300	40,700	8,000E+1	0,000E+0	1,666E+2	1,662E+2	0,000E+0	4,161E-1	4,106E-1	0,000E+0	6	1010
377,092	39,400	40,500	7,990E+1	0,000E+0	1,665E+2	1,659E+2	0,000E+0	4,176E-1	4,107E-1	0,000E+0	6	1010
378,093	38,600	41,100	7,970E+1	0,000E+0	1,661E+2	1,663E+2	0,000E+0	4,135E-1	4,089E-1	0,000E+0	6	1010
379,092	38,600	41,100	7,970E+1	0,000E+0	1,661E+2	1,663E+2	0,000E+0	4,135E-1	4,089E-1	0,000E+0	6	1010
380,093	38,600	41,100	7,970E+1	0,000E+0	1,661E+2	1,663E+2	0,000E+0	4,135E-1	4,089E-1	0,000E+0	6	1010
381,092	38,600	41,100	7,970E+1	0,000E+0	1,661E+2	1,663E+2	0,000E+0	4,135E-1	4,089E-1	0,000E+0	6	1010
382,092	39,100	40,700	7,980E+1	0,000E+0	1,663E+2	1,661E+2	0,000E+0	4,149E-1	4,120E-1	0,000E+0	6	1010
383,093	39,100	40,700	7,980E+1	0,000E+0	1,663E+2	1,661E+2	0,000E+0	4,149E-1	4,120E-1	0,000E+0	6	1010
384,092	39,100	40,700	7,980E+1	0,000E+0	1,663E+2	1,661E+2	0,000E+0	4,149E-1	4,120E-1	0,000E+0	6	1010
385,094	39,100	40,700	7,980E+1	0,000E+0	1,663E+2	1,661E+2	0,000E+0	4,149E-1	4,120E-1	0,000E+0	6	1010
386,093	39,400	40,800	8,020E+1	0,000E+0	1,664E+2	1,663E+2	0,000E+0	4,192E-1	4,158E-1	0,000E+0	6	1010
387,094	39,400	40,800	8,020E+1	0,000E+0	1,664E+2	1,663E+2	0,000E+0	4,192E-1	4,158E-1	0,000E+0	6	1010
388,093	39,000	40,700	7,970E+1	0,000E+0	1,659E+2	1,661E+2	0,000E+0	4,163E-1	4,135E-1	0,000E+0	6	1010
389,093	39,000	40,700	7,970E+1	0,000E+0	1,659E+2	1,661E+2	0,000E+0	4,163E-1	4,135E-1	0,000E+0	6	1010
390,094	39,900	39,900	7,980E+1	0,000E+0	1,676E+2	1,656E+2	0,000E+0	4,174E-1	4,033E-1	0,000E+0	6	1010
391,094	39,800	40,300	8,010E+1	0,000E+0	1,673E+2	1,657E+2	0,000E+0	4,188E-1	4,080E-1	0,000E+0	7	1010
392,096	39,300	40,500	7,980E+1	0,000E+0	1,661E+2	1,661E+2	0,000E+0	4,190E-1	4,125E-1	0,000E+0	7	1010
393,095	39,300	40,600	7,990E+1	0,000E+0	1,668E+2	1,653E+2	0,000E+0	4,174E-1	4,048E-1	0,000E+0	7	1010
394,096	39,200	40,600	7,980E+1	0,000E+0	1,666E+2	1,659E+2	0,000E+0	4,151E-1	4,109E-1	0,000E+0	7	1010
395,095	39,700	40,600	8,030E+1	0,000E+0	1,669E+2	1,658E+2	0,000E+0	4,205E-1	4,095E-1	0,000E+0	7	1010
396,096	39,700	40,600	8,030E+1	0,000E+0	1,669E+2	1,658E+2	0,000E+0	4,205E-1	4,095E-1	0,000E+0	7	1010
397,098	39,700	40,600	8,030E+1	0,000E+0	1,669E+2	1,658E+2	0,000E+0	4,205E-1	4,095E-1	0,000E+0	7	1010
398,097	39,700	40,600	8,030E+1	0,000E+0	1,669E+2	1,658E+2	0,000E+0	4,205E-1	4,095E-1	0,000E+0	7	1010
399,098	39,800	40,200	8,000E+1	0,000E+0	1,671E+2	1,655E+2	0,000E+0	4,181E-1	4,070E-1	0,000E+0	7	1010
400,098	39,800	40,200	8,000E+1	0,000E+0	1,671E+2	1,655E+2	0,000E+0	4,181E-1	4,070E-1	0,000E+0	7	1010
401,098	39,800	40,200	8,000E+1	0,000E+0	1,671E+2	1,655E+2	0,000E+0	4,181E-1	4,070E-1	0,000E+0	7	1010
402,099	39,300	40,700	8,000E+1	0,000E+0	1,664E+2	1,661E+2	0,000E+0	4,185E-1	4,135E-1	0,000E+0	7	1010
403,100	39,300	40,700	8,000E+1	0,000E+0	1,664E+2	1,661E+2	0,000E+0	4,185E-1	4,135E-1	0,000E+0	7	1010
404,099	39,300	40,700	8,000E+1	0,000E+0	1,664E+2	1,661E+2	0,000E+0	4,185E-1	4,135E-1	0,000E+0	7	1010
405,100	39,300	40,700	8,000E+1	0,000E+0	1,664E+2	1,661E+2	0,000E+0	4,185E-1	4,135E-1	0,000E+0	7	1010
406,099	39,600	40,000	7,960E+1	0,000E+0	1,665E+2	1,656E+2	0,000E+0	4,192E-1	4,072E-1	0,000E+0	7	1010
407,099	39,600	40,000	7,960E+1	0,000E+0	1,665E+2	1,656E+2	0,000E+0	4,192E-1	4,072E-1	0,000E+0	7	1010
408,100	39,100	40,800	7,990E+1	0,000E+0	1,663E+2	1,665E+2	0,000E+0	4,158E-1	4,128E-1	0,000E+0	7	1010
409,099	39,100	40,800	7,990E+1	0,000E+0	1,663E+2	1,665E+2	0,000E+0	4,158E-1	4,128E-1	0,000E+0	7	1010
410,100	39,700	40,500	8,020E+1	0,000E+0	1,668E+2	1,659E+2	0,000E+0	4,194E-1	4,106E-1	0,000E+0	7	1011
411,099	39,900	40,200	8,010E+1	0,000E+0	1,669E+2	1,652E+2	0,000E+0	4,191E-1	4,110E-1	0,000E+0	7	1011
412,099	38,800	41,300	8,010E+1	0,000E+0	1,662E+2	1,665E+2	0,000E+0	4,141E-1	4,129E-1	0,000E+0	7	1011
413,099	39,300	40,600	7,990E+1	0,000E+0	1,666E+2	1,663E+2	0,000E+0	4,172E-1	4,106E-1	0,000E+0	7	1011
414,099	38,900	41,000	7,990E+1	0,000E+0	1,658E+2	1,675E+2	0,000E+0	4,180E-1	4,153E-1	0,000E+0	7	1011
415,100	39,000	40,700	7,970E+1	0,000E+0	1,659E+2	1,660E+2	0,000E+0	4,177E-1	4,141E-1	0,000E+0	7	1011
416,100	39,000	40,900	7,990E+1	0,000E+0	1,664E+2	1,664E+2	0,000E+0	4,151E-1	4,122E-1	0,000E+0	7	1011
417,102	39,000	40,900	7,990E+1	0,000E+0	1,664E+2	1,664E+2	0,000E+0	4,151E-1	4,122E-1	0,000E+0	7	1011
418,102	39,400	40,600	8,000E+1	0,000E+0	1,669E+2	1,660E+2	0,000E+0	4,174E-1	4,108E-1	0,000E+0	7	1011
419,102	39,100	41,000	8,010E+1	0,000E+0	1,665E+2	1,665E+2	0,000E+0	4,164E-1	4,141E-1	0,000E+0	7	1011
420,102	39,100	41,000	8,010E+1	0,000E+0	1,665E+2	1,665E+2	0,000E+0	4,164E-1	4,141E-1	0,000E+0	7	1011
421,102	38,400	41,500	7,990E+1	0,000E+0	1,660E+2	1,667E+2	0,000E+0	4,119E-1	4,136E-1	0,000E+0	7	1011
422,103	38,400	41,500	7,990E+1	0,000E+0	1,660E+2	1,667E+2	0,000E+0	4,119E-1	4,136E-1	0,000E+0	7	1011
423,103	39,600	40,700	8,030E+1	0,000E+0	1,666E+2	1,660E+2	0,000E+0	4,187E-1	4,114E-1	0,000E+0	7	1011
424,105	39,000	40,700	7,970E+1	0,000E+0	1,655E+2	1,666E+2	0,000E+0	4,173E-1	4,139E-1	0,000E+0	7	1011
425,104	38,900	41,300	8,020E+1	0,000E+0	1,657E+2	1,667E+2	0,000E+0	4,158E-1	4,168E-1	0,000E+0	7	1011
426,104	39,600	40,400	8,000E+1	0,000E+0	1,670E+2	1,656E+2	0,000E+0	4,172E-1	4,095E-1	0,000E+0	7	1011
427,105	39,600	40,400	8,000E+1	0,000E+0	1,670E+2	1,656E+2	0,000E+0	4,172E-1	4,095E-1	0,000E+0	7	1011
428,104	39,600	40,400	8,000E+1	0,000E+0	1,670E+2	1,656E+2	0,000E+0	4,172E-1	4,095E-1	0,000E+0	7	1011
429,105	39,600	40,400	8,000E+1	0,000E+0	1,670E+2	1,656E+2	0,000E+0	4,172E-1	4,095E-1	0,000E+0	7	1011
430,104	39,600	40,400	8,000E+1	0,000E+0	1,670E+2	1,656E+2	0,000E+0	4,172E-1	4,095E-1	0,000E+0	7	1011
431,105	39,500	40,300	7,980E+1	0,000E+0	1,668E+2	1,656E+2	0,000E+0	4,169E-1	4,077E-1	0,000E+0	7	1011
432,105	39,500	40,300	7,980E+1	0,000E+0	1,668E+2	1,656E+2	0,000E+0	4,169E-1	4,077E-1	0,000E+0	7	1011
433,106	39,500	40,300	7,980E+1	0,000E+0	1,668E+2	1,656E+2	0,000E+0	4,169E-1	4,077E-1	0,000E+0	7	1011
434,108	39,500	40,500	8,000E+1	0,000E+0	1,667E+2	1,658E+2	0,000E+0	4,187E-1	4,103E-1	0,000E+0	7	1011
435,108	39,500	40,500	8,000E+1	0,000E+0	1,667E+2	1,658E+2	0,000E+0	4,187E-1	4,103E-1	0,000E+0	7	1011
436,109	39,300	40,700	8,000E+1	0,000E+0	1,662E+2	1,666E+2	0,000E+0	4,194E-1	4,127E-1	0,000E+0	7	1011
437,108	39,300	40,700	8,000E+1	0,000E+0	1,662E+2	1,666E+2	0,000E+0	4,194E-1	4,127E-1	0,000E+0	7	1011
438,109	39,400	40,300	7,970E+1	0,000E+0	1,669E+2	1,658E+2	0,000E+0	4,164E-1	4,086E-1	0,000E+0	6	1011
439,108	39,200	40,800	8,000E+1	0,000E+0	1,666E+2	1,662E+2	0,000E+0	4,161E-1	4,121E-1	0,000E+0	6	1011
440,108	39,600	40,700	8,030E+1	0,000E+0	1,666E+2	1,661E+2	0,000E+0	4,192E-1	4,099E-1	0,000E+0	6	1011
441,109	39,300	40,600	7,990E+1	0,000E+0	1,665E+2	1,657E+2	0,000E+0	4,172E-1	4,125E-1	0,000E+0	6	1011
442,108	39,300	40,600	7,990E+1	0,000E+0	1,665E+2	1,657E+2	0,000E+0	4,172E-1	4,125E-1	0,000E+0	6	1011
443,108	39,100	40,700	7,980E+1	0,000E+0	1,661E+2	1,660E+2	0,000E+0	4,165E-1	4,146E-1	0,000E+0	6	1011
444,109	39,100	40,700	7,980E+1	0,000E+0	1,661E+2	1,660E+2	0,000E+0	4,165E-1	4,146E-1	0,000E+0	6	1011
445,108	39,100	40,700	7,980E+1	0,000E+0	1,661E+2	1,660E+2	0,000E+0	4,165E-1	4,146E-1	0,000E+0	6	1011
446,109	39,100	40,700	7,980E+1	0,000E+0	1,661E+2	1,660E+2	0,000E+0	4,165E-1	4,146E-1	0,000E+0	6	1011
447,108	39,100	40,700	7,980E+1	0,000E+0	1,661E+2	1,660E+2	0,000E+0	4,165E-1	4,146E-1	0,000E+0	6	1011
448,110	39,100	40,700	7,980E+1	0,000E+0	1,661E+2	1,660E+2	0,000E+0	4,165E-1	4,146E-1	0,000E+0	6	1011
449,109	39,100	40,700	7,980E+1	0,000E+0	1,661E+2	1,660E+2	0,000E+0	4,165E-1	4,146E-1	0,000E+0	6	1011
450,110	40,300	39,900	8,020E+1	0,000E+0	1,675E+2	1,651E+2	0,000E+0	4,205E-1	4,065E-1	0,000E+0	6	1011
451,109	40,300	39,900	8,020E+1	0,000E+0	1,675E+2	1,651E+2	0,000E+0	4,205E-1	4,065E-1	0,000E+0	6	1011
452,110	38,900	41,300	8,020E+1	0,000E+0	1,653E+2	1,668E+2	0,000E+0	4,169E-1	4,177E-1	0,000E+0	6	1011
453,109	38,900	41,300	8,020E+1	0,000E+0	1,653E+2	1,668E+2	0,000E+0	4,169E-1	4,177E-1	0,000E+0	6	1011
454,109	39,500	40,400	7,990E+1	0,000E+0	1,669E+2	1,662E+2	0,000E+0	4,180E-1	4,092E-1	0,000E+0	6	1011
455,111	39,500	40,400	7,990E+1	0,000E+0	1,669E+2	1,662E+2	0,000E+0	4,180E-1	4,092E-1	0,000E+0	6	1011
456,111	38,900	40,800	7,970E+1	0,000E+0	1,664E+2	1,664E+2	0,000E+0	4,138E-1	4,130E-1	0,000E+0	5	1011
457,112	39,200	40,800	8,000E+1	0,000E+0	1,666E+2	1,660E+2	0,000E+0	4,160E-1	4,124E-1	0,000E+0	5	1011
458,112	39,400	40,800	8,020E+1	0,000E+0	1,662E+2	1,659E+2	0,000E+0	4,200E-1	4,137E-1	0,000E+0	5	1011
459,113	39,500	40,700	8,020E+1	0,000E+0	1,662E+2	1,660E+2	0,000E+0	4,207E-1	4,140E-1	0,000E+0	5	1011
460,114	39,500	40,700	8,020E+1	0,000E+0	1,662E+2	1,660E+2	0,000E+0	4,207E-1	4,140E-1	0,000E+0	5	1011
461,113	39,500	40,700	8,020E+1	0,000E+0	1,662E+2	1,660E+2	0,000E+0	4,207E-1	4,140E-1	0,000E+0	5	1011
462,115	39,900	40,000	7,990E+1	0,000E+0	1,671E+2	1,652E+2	0,000E+0	4,215E-1	4,048E-1	0,000E+0	5	1011
463,115	39,900	40,000	7,990E+1	0,000E+0	1,671E+2	1,652E+2	0,000E+0	4,215E-1	4,048E-1	0,000E+0	5	1011
464,117	39,900	40,000	7,990E+1	0,000E+0	1,671E+2	1,652E+2	0,000E+0	4,215E-1	4,048E-1	0,000E+0	5	1011
465,116	39,900	40,000	7,990E+1	0,000E+0	1,671E+2	1,652E+2	0,000E+0	4,215E-1	4,048E-1	0,000E+0	5	1011
466,116	39,400	40,800	8,020E+1	0,000E+0	1,662E+2	1,661E+2	0,000E+0	4,191E-1	4,136E-1	0,000E+0	5	1011
467,117	39,600	40,500	8,010E+1	0,000E+0	1,662E+2	1,657E+2	0,000E+0	4,195E-1	4,118E-1	0,000E+0	5	1011
468,117	39,600	40,500	8,010E+1	0,000E+0	1,662E+2	1,657E+2	0,000E+0	4,195E-1	4,118E-1	0,000E+0	5	1011
469,117	39,000	40,800	7,980E+1	0,000E+0	1,662E+2	1,661E+2	0,000E+0	4,147E-1	4,122E-1	0,000E+0	5	1011
470,118	39,000	40,800	7,980E+1	0,000E+0	1,662E+2	1,661E+2	0,000E+0	4,147E-1	4,122E-1	0,000E+0	5	1011
471,117	38,700	41,000	7,970E+1	0,000E+0	1,661E+2	1,664E+2	0,000E+0	4,130E-1	4,111E-1	0,000E+0	5	1011
472,118	38,900	41,100	8,000E+1	0,000E+0	1,660E+2	1,663E+2	0,000E+0	4,160E-1	4,171E-1	0,000E+0	5	1011
473,118	39,200	40,700	7,990E+1	0,000E+0	1,657E+2	1,660E+2	0,000E+0	4,198E-1	4,155E-1	0,000E+0	4	1011
474,119	38,600	41,500	8,010E+1	0,000E+0	1,655E+2	1,666E+2	0,000E+0	4,140E-1	4,162E-1	0,000E+0	4	1011
475,118	39,800	40,100	7,990E+1	0,000E+0	1,671E+2	1,653E+2	0,000E+0	4,198E-1	4,072E-1	0,000E+0	4	1011
476,119	38,600	41,400	8,000E+1	0,000E+0	1,654E+2	1,664E+2	0,000E+0	4,170E-1	4,170E-1	0,000E+0	4	1011
477,118	38,600	41,400	8,000E+1	0,000E+0	1,654E+2	1,664E+2	0,000E+0	4,170E-1	4,170E-1	0,000E+0	4	1011
478,118	39,400	40,900	8,030E+1	0,000E+0	1,662E+2	1,660E+2	0,000E+0	4,210E-1	4,161E-1	0,000E+0	4	1011
479,119	39,400	40,900	8,030E+1	0,000E+0	1,662E+2	1,660E+2	0,000E+0	4,210E-1	4,161E-1	0,000E+0	4	1011
480,120	39,100	40,900	8,000E+1	0,000E+0	1,661E+2	1,664E+2	0,000E+0	4,186E-1	4,145E-1	0,000E+0	4	1011
481,119	39,100	40,900	8,000E+1	0,000E+0	1,661E+2	1,664E+2	0,000E+0	4,186E-1	4,145E-1	0,000E+0	4	1011
482,119	39,100	40,900	8,000E+1	0,000E+0	1,661E+2	1,664E+2	0,000E+0	4,186E-1	4,145E-1	0,000E+0	4	1011
483,121	39,100	40,900	8,000E+1	0,000E+0	1,661E+2	1,664E+2	0,000E+0	4,186E-1	4,145E-1	0,000E+0	4	1011
484,121	39,500	40,400	7,990E+1	0,000E+0	1,676E+2	1,658E+2	0,000E+0	4,139E-1	4,098E-1	0,000E+0	4	1011
485,122	39,500	40,400	7,990E+1	0,000E+0	1,676E+2	1,658E+2	0,000E+0	4,139E-1	4,098E-1	0,000E+0	4	1011
486,122	39,500	40,400	7,990E+1	0,000E+0	1,676E+2	1,658E+2	0,000E+0	4,139E-1	4,098E-1	0,000E+0	4	1011
487,123	39,300	41,100	8,040E+1	0,000E+0	1,661E+2	1,662E+2	0,000E+0	4,184E-1	4,169E-1	0,000E+0	4	1011
488,123	39,300	41,100	8,040E+1	0,000E+0	1,661E+2	1,662E+2	0,000E+0	4,184E-1	4,169E-1	0,000E+0	4	1011
489,122	39,400	40,500	7,990E+1	0,000E+0	1,669E+2	1,658E+2	0,000E+0	4,167E-1	4,097E-1	0,000E+0	4	1011
490,123	39,100	41,000	8,010E+1	0,000E+0	1,658E+2	1,663E+2	0,000E+0	4,188E-1	4,146E-1	0,000E+0	3	1011
491,122	39,400	40,700	8,010E+1	0,000E+0	1,658E+2	1,659E+2	0,000E+0	4,209E-1	4,145E-1	0,000E+0	3	1011
492,123	39,400	40,700	8,010E+1	0,000E+0	1,658E+2	1,659E+2	0,000E+0	4,209E-1	4,145E-1	0,000E+0	3	1011
493,122	39,400	40,500	7,990E+1	0,000E+0	1,660E+2	1,656E+2	0,000E+0	4,195E-1	4,123E-1	0,000E+0	3	1011
494,122	39,200	40,700	7,990E+1	0,000E+0	1,659E+2	1,661E+2	0,000E+0	4,186E-1	4,149E-1	0,000E+0	3	1011
495,123	39,200	40,700	7,990E+1	0,000E+0	1,659E+2	1,661E+2	0,000E+0	4,186E-1	4,149E-1	0,000E+0	3	1011
496,122	39,200	40,700	7,990E+1	0,000E+0	1,659E+2	1,661E+2	0,000E+0	4,186E-1	4,149E-1	0,000E+0	3	1011
497,123	39,200	40,700	7,990E+1	0,000E+0	1,659E+2	1,661E+2	0,000E+0	4,186E-1	4,149E-1	0,000E+0	3	1011
498,122	39,200	40,700	7,990E+1	0,000E+0	1,659E+2	1,661E+2	0,000E+0	4,186E-1	4,149E-1	0,000E+0	3	1011
499,123	39,200	40,900	8,010E+1	0,000E+0	1,661E+2	1,662E+2	0,000E+0	4,192E-1	4,163E-1	0,000E+0	3	1011
500,124	39,200	40,900	8,010E+1	0,000E+0	1,661E+2	1,662E+2	0,000E+0	4,192E-1	4,163E-1	0,000E+0	3	1011
501,123	39,200	40,900	8,010E+1	0,000E+0	1,661E+2	1,662E+2	0,000E+0	4,192E-1	4,163E-1	0,000E+0	3	1011
502,124	39,200	40,900	8,010E+1	0,000E+0	1,661E+2	1,662E+2	0,000E+0	4,192E-1	4,163E-1	0,000E+0	3	1011
503,123	39,500	40,600	8,010E+1	0,000E+0	1,665E+2	1,661E+2	0,000E+0	4,200E-1	4,108E-1	0,000E+0	3	1011
504,123	39,200	41,100	8,030E+1	0,000E+0	1,669E+2	1,662E+2	0,000E+0	4,160E-1	4,132E-1	0,000E+0	3	1011
505,124	39,200	41,100	8,030E+1	0,000E+0	1,669E+2	1,662E+2	0,000E+0	4,160E-1	4,132E-1	0,000E+0	3	1011
506,123	38,200	41,500	7,970E+1	0,000E+0	1,654E+2	1,663E+2	0,000E+0	4,125E-1	4,144E-1	0,000E+0	3	1011
507,123	39,400	40,200	7,960E+1	0,000E+0	1,658E+2	1,662E+2	0,000E+0	4,199E-1	4,150E-1	0,000E+0	3	1011
508,124	38,700	41,400	8,010E+1	0,000E+0	1,657E+2	1,669E+2	0,000E+0	4,160E-1	4,164E-1	0,000E+0	2	1011
509,123	39,500	41,200	8,070E+1	0,000E+0	1,664E+2	1,663E+2	0,000E+0	4,225E-1	4,151E-1	0,000E+0	2	1011
510,124	39,200	40,400	7,960E+1	0,000E+0	1,661E+2	1,659E+2	0,000E+0	4,170E-1	4,109E-1	0,000E+0	2	1011
511,123	39,600	40,500	8,010E+1	0,000E+0	1,666E+2	1,659E+2	0,000E+0	4,189E-1	4,107E-1	0,000E+0	2	1011
512,124	40,000	40,300	8,030E+1	0,000E+0	1,667E+2	1,657E+2	0,000E+0	4,240E-1	4,111E-1	0,000E+0	2	1011
513,123	40,000	40,300	8,030E+1	0,000E+0	1,667E+2	1,657E+2	0,000E+0	4,240E-1	4,111E-1	0,000E+0	2	1011
514,123	40,000	40,300	8,030E+1	0,000E+0	1,667E+2	1,657E+2	0,000E+0	4,240E-1	4,111E-1	0,000E+0	2	1011
515,124	40,000	40,300	8,030E+1	0,000E+0	1,667E+2	1,657E+2	0,000E+0	4,240E-1	4,111E-1	0,000E+0	2	1011
516,124	40,000	40,300	8,030E+1	0,000E+0	1,667E+2	1,657E+2	0,000E+0	4,240E-1	4,111E-1	0,000E+0	2	1011
517,125	39,000	41,000	8,000E+1	0,000E+0	1,661E+2	1,664E+2	0,000E+0	4,167E-1	4,150E-1	0,000E+0	2	1011
518,124	39,000	41,000	8,000E+1	0,000E+0	1,661E+2	1,664E+2	0,000E+0	4,167E-1	4,150E-1	0,000E+0	2	1011
519,125	40,400	39,800	8,020E+1	0,000E+0	1,673E+2	1,647E+2	0,000E+0	4,213E-1	4,088E-1	0,000E+0	2	1011
520,125	39,900	40,200	8,010E+1	0,000E+0	1,672E+2	1,656E+2	0,000E+0	4,201E-1	4,068E-1	0,000E+0	2	1011
521,126	39,900	40,200	8,010E+1	0,000E+0	1,672E+2	1,656E+2	0,000E+0	4,201E-1	4,068E-1	0,000E+0	2	1011
522,127	39,900	40,200	8,010E+1	0,000E+0	1,672E+2	1,656E+2	0,000E+0	4,201E-1	4,068E-1	0,000E+0	2	1011
523,126	39,900	40,200	8,010E+1	0,000E+0	1,672E+2	1,656E+2	0,000E+0	4,201E-1	4,068E-1	0,000E+0	2	1011
524,128	38,600	41,300	7,990E+1	0,000E+0	1,657E+2	1,665E+2	0,000E+0	4,166E-1	4,121E-1	0,000E+0	2	1011
525,128	39,600	40,500	8,010E+1	0,000E+0	1,660E+2	1,659E+2	0,000E+0	4,232E-1	4,134E-1	0,000E+0	2	1011
526,128	38,900	41,000	7,990E+1	0,000E+0	1,663E+2	1,664E+2	0,000E+0	4,138E-1	4,132E-1	0,000E+0	1	1011
527,129	40,500	39,300	7,980E+1	0,000E+0	1,681E+2	1,647E+2	0,000E+0	4,161E-1	4,082E-1	0,000E+0	1	1011
528,129	39,100	40,700	7,980E+1	0,000E+0	1,667E+2	1,662E+2	0,000E+0	4,145E-1	4,106E-1	0,000E+0	1	1011
529,128	39,300	40,900	8,020E+1	0,000E+0	1,661E+2	1,660E+2	0,000E+0	4,209E-1	4,133E-1	0,000E+0	1	1011
530,129	39,300	40,900	8,020E+1	0,000E+0	1,661E+2	1,660E+2	0,000E+0	4,209E-1	4,133E-1	0,000E+0	1	1011
531,128	39,300	40,900	8,020E+1	0,000E+0	1,661E+2	1,660E+2	0,000E+0	4,209E-1	4,133E-1	0,000E+0	1	1011
532,128	39,300	40,900	8,020E+1	0,000E+0	1,661E+2	1,660E+2	0,000E+0	4,209E-1	4,133E-1	0,000E+0	1	1011
533,129	39,700	40,200	7,990E+1	0,000E+0	1,665E+2	1,656E+2	0,000E+0	4,209E-1	4,103E-1	0,000E+0	1	1011
534,128	39,700	40,200	7,990E+1	0,000E+0	1,665E+2	1,656E+2	0,000E+0	4,209E-1	4,103E-1	0,000E+0	1	1011
535,129	39,100	40,900	8,000E+1	0,000E+0	1,662E+2	1,662E+2	0,000E+0	4,170E-1	4,133E-1	0,000E+0	1	1011
536,128	39,100	40,900	8,000E+1	0,000E+0	1,662E+2	1,662E+2	0,000E+0	4,170E-1	4,133E-1	0,000E+0	1	1011
537,129	39,100	40,900	8,000E+1	0,000E+0	1,662E+2	1,662E+2	0,000E+0	4,170E-1	4,133E-1	0,000E+0	1	1011
538,130	40,600	39,400	8,000E+1	0,000E+0	1,681E+2	1,642E+2	0,000E+0	4,185E-1	4,069E-1	0,000E+0	1	1011
539,129	40,600	39,400	8,000E+1	0,000E+0	1,681E+2	1,642E+2	0,000E+0	4,185E-1	4,069E-1	0,000E+0	1	1011
540,130	40,600	39,400	8,000E+1	0,000E+0	1,681E+2	1,642E+2	0,000E+0	4,185E-1	4,069E-1	0,000E+0	1	1011
541,129	40,600	39,400	8,000E+1	0,000E+0	1,681E+2	1,642E+2	0,000E+0	4,185E-1	4,069E-1	0,000E+0	1	1011
542,130	39,500	40,100	7,960E+1	0,000E+0	1,667E+2	1,654E+2	0,000E+0	4,190E-1	4,080E-1	0,000E+0	1	1011
543,129	39,400	40,500	7,990E+1	0,000E+0	1,668E+2	1,660E+2	0,000E+0	4,178E-1	4,102E-1	0,000E+0	0	1011
544,129	39,500	40,600	8,010E+1	0,000E+0	1,668E+2	1,659E+2	0,000E+0	4,188E-1	4,110E-1	0,000E+0	0	1011
545,130	39,700	40,100	7,980E+1	0,000E+0	1,667E+2	1,653E+2	0,000E+0	4,207E-1	4,093E-1	0,000E+0	0	1011
546,129	39,700	40,100	7,980E+1	0,000E+0	1,667E+2	1,653E+2	0,000E+0	4,207E-1	4,093E-1	0,000E+0	0	1011
547,130	39,700	40,200	7,990E+1	0,000E+0	1,667E+2	1,654E+2	0,000E+0	4,177E-1	4,066E-1	0,000E+0	0	1011
548,129	39,700	40,200	7,990E+1	0,000E+0	1,667E+2	1,654E+2	0,000E+0	4,177E-1	4,066E-1	0,000E+0	0	1011
549,129	39,700	40,200	7,990E+1	0,000E+0	1,667E+2	1,654E+2	0,000E+0	4,177E-1	4,066E-1	0,000E+0	0	1011
550,129	39,500	40,600	8,010E+1	0,000E+0	1,667E+2	1,656E+2	0,000E+0	4,174E-1	4,117E-1	0,000E+0	0	1011
551,129	39,500	40,600	8,010E+1	0,000E+0	1,667E+2	1,656E+2	0,000E+0	4,174E-1	4,117E-1	0,000E+0	0	1011
553,129	39,500	40,600	8,010E+1	0,000E+0	1,667E+2	1,656E+2	0,000E+0	4,174E-1	4,117E-1	0,000E+0	0	1011
553,129	39,600	40,500	8,010E+1	0,000E+0	1,660E+2	1,657E+2	0,000E+0	4,211E-1	4,118E-1	0,000E+0	0	1011
554,130	39,600	40,500	8,010E+1	0,000E+0	1,660E+2	1,657E+2	0,000E+0	4,211E-1	4,118E-1	0,000E+0	0	1011
555,129	39,600	40,500	8,010E+1	0,000E+0	1,660E+2	1,657E+2	0,000E+0	4,211E-1	4,118E-1	0,000E+0	0	1011
556,130	39,600	40,500	8,010E+1	0,000E+0	1,660E+2	1,657E+2	0,000E+0	4,211E-1	4,118E-1	0,000E+0	0	1011
557,129	39,000	41,000	8,000E+1	0,000E+0	1,655E+2	1,662E+2	0,000E+0	4,180E-1	4,175E-1	0,000E+0	0	1011
558,129	39,000	41,000	8,000E+1	0,000E+0	1,655E+2	1,662E+2	0,000E+0	4,180E-1	4,175E-1	0,000E+0	0	1011
559,130	39,300	40,900	8,020E+1	0,000E+0	1,661E+2	1,661E+2	0,000E+0	4,198E-1	4,149E-1	0,000E+0	0	1011
560,129	39,300	40,900	8,020E+1	0,000E+0	1,661E+2	1,661E+2	0,000E+0	4,198E-1	4,149E-1	0,000E+0	0	1011
561,131	39,600	40,200	7,980E+1	0,000E+0	1,666E+2	1,661E+2	0,000E+0	4,194E-1	4,094E-1	0,000E+0	0	1011
562,131	38,600	41,800	8,040E+1	0,000E+0	1,663E+2	1,672E+2	0,000E+0	4,116E-1	4,187E-1	0,000E+0	0	1011
563,133	38,600	41,300	7,990E+1	0,000E+0	1,663E+2	1,667E+2	0,000E+0	4,101E-1	4,146E-1	0,000E+0	0	1100
564,132	40,000	40,000	8,000E+1	0,000E+0	1,673E+2	1,654E+2	0,000E+0	4,186E-1	4,054E-1	0,000E+0	0	1100
565,132	39,500	40,300	7,980E+1	0,000E+0	1,666E+2	1,654E+2	0,000E+0	4,182E-1	4,080E-1	0,000E+0	0	1100
566,134	39,400	40,700	8,010E+1	0,000E+0	1,665E+2	1,658E+2	0,000E+0	4,176E-1	4,126E-1	0,000E+0	0	1100
567,133	39,400	40,700	8,010E+1	0,000E+0	1,665E+2	1,658E+2	0,000E+0	4,176E-1	4,126E-1	0,000E+0	0	1100
568,135	38,900	41,100	8,000E+1	0,000E+0	1,656E+2	1,662E+2	0,000E+0	4,170E-1	4,177E-1	0,000E+0	0	1100
569,135	38,700	41,200	7,990E+1	0,000E+0	1,659E+2	1,664E+2	0,000E+0	4,130E-1	4,154E-1	0,000E+0	0	1100
570,137	39,000	41,000	8,000E+1	0,000E+0	1,663E+2	1,665E+2	0,000E+0	4,147E-1	4,141E-1	0,000E+0	0	1100
571,136	39,000	40,800	7,980E+1	0,000E+0	1,664E+2	1,661E+2	0,000E+0	4,146E-1	4,110E-1	0,000E+0	0	1100
572,136	39,000	40,800	7,980E+1	0,000E+0	1,664E+2	1,661E+2	0,000E+0	4,146E-1	4,110E-1	0,000E+0	0	1100
573,137	39,000	40,900	7,990E+1	0,000E+0	1,659E+2	1,658E+2	0,000E+0	4,179E-1	4,153E-1	0,000E+0	0	1100
574,136	39,300	40,600	7,990E+1	0,000E+0	1,659E+2	1,656E+2	0,000E+0	4,204E-1	4,139E-1	0,000E+0	0	1100
575,136	39,900	40,300	8,020E+1	0,000E+0	1,668E+2	1,652E+2	0,000E+0	4,210E-1	4,096E-1	0,000E+0	0	1100
576,138	40,100	39,900	8,000E+1	0,000E+0	1,673E+2	1,649E+2	0,000E+0	4,220E-1	4,053E-1	0,000E+0	0	1100
577,137	39,100	40,800	7,990E+1	0,000E+0	1,663E+2	1,660E+2	0,000E+0	4,153E-1	4,128E-1	0,000E+0	0	1100
578,138	39,100	40,800	7,990E+1	0,000E+0	1,663E+2	1,660E+2	0,000E+0	4,153E-1	4,128E-1	0,000E+0	0	1100
579,137	39,100	40,800	7,990E+1	0,000E+0	1,663E+2	1,660E+2	0,000E+0	4,153E-1	4,128E-1	0,000E+0	0	1100
580,138	39,100	40,800	7,990E+1	0,000E+0	1,663E+2	1,660E+2	0,000E+0	4,153E-1	4,128E-1	0,000E+0	0	1100
581,139	39,100	40,800	7,990E+1	0,000E+0	1,663E+2	1,660E+2	0,000E+0	4,153E-1	4,128E-1	0,000E+0	0	1100
582,138	39,100	40,800	7,990E+1	0,000E+0	1,663E+2	1,660E+2	0,000E+0	4,153E-1	4,128E-1	0,000E+0	0	1100
583,139	39,700	40,400	8,010E+1	0,000E+0	1,665E+2	1,656E+2	0,000E+0	4,195E-1	4,093E-1	0,000E+0	0	1100
584,141	39,700	40,400	8,010E+1	0,000E+0	1,665E+2	1,656E+2	0,000E+0	4,195E-1	4,093E-1	0,000E+0	0	1100
585,140	38,900	41,100	8,000E+1	0,000E+0	1,654E+2	1,662E+2	0,000E+0	4,168E-1	4,171E-1	0,000E+0	0	1100
586,140	38,900	41,100	8,000E+1	0,000E+0	1,654E+2	1,662E+2	0,000E+0	4,168E-1	4,171E-1	0,000E+0	0	1100
587,141	39,500	40,500	8,000E+1	0,000E+0	1,660E+2	1,655E+2	0,000E+0	4,198E-1	4,126E-1	0,000E+0	0	1100
588,140	39,500	40,500	8,000E+1	0,000E+0	1,660E+2	1,655E+2	0,000E+0	4,198E-1	4,126E-1	0,000E+0	0	1100
589,142	39,500	40,500	8,000E+1	0,000E+0	1,660E+2	1,655E+2	0,000E+0	4,198E-1	4,126E-1	0,000E+0	0	1100
590,141	38,800	41,100	7,990E+1	0,000E+0	1,651E+2	1,663E+2	0,000E+0	4,176E-1	4,174E-1	0,000E+0	0	1100
591,141	39,300	40,700	8,000E+1	0,000E+0	1,661E+2	1,658E+2	0,000E+0	4,184E-1	4,128E-1	0,000E+0	0	1100
592,142	39,300	40,700	8,000E+1	0,000E+0	1,660E+2	1,658E+2	0,000E+0	4,176E-1	4,128E-1	0,000E+0	0	1100
593,141	40,100	40,000	8,010E+1	0,000E+0	1,671E+2	1,652E+2	0,000E+0	4,209E-1	4,064E-1	0,000E+0	0	1100
594,142	39,300	40,900	8,020E+1	0,000E+0	1,660E+2	1,660E+2	0,000E+0	4,184E-1	4,134E-1	0,000E+0	0	1100
595,142	39,200	40,600	7,980E+1	0,000E+0	1,661E+2	1,660E+2	0,000E+0	4,188E-1	4,097E-1	0,000E+0	0	1100
596,143	39,400	40,400	7,980E+1	0,000E+0	1,662E+2	1,656E+2	0,000E+0	4,179E-1	4,109E-1	0,000E+0	0	1100
597,142	39,400	40,500	7,990E+1	0,000E+0	1,664E+2	1,657E+2	0,000E+0	4,190E-1	4,124E-1	0,000E+0	0	1100
598,142	39,000	40,800	7,980E+1	0,000E+0	1,656E+2	1,663E+2	0,000E+0	4,165E-1	4,151E-1	0,000E+0	0	1100
599,143	40,300	39,900	8,020E+1	0,000E+0	1,672E+2	1,643E+2	0,000E+0	4,216E-1	4,057E-1	0,000E+0	0	1100
600,142	40,300	39,900	8,020E+1	0,000E+0	1,672E+2	1,643E+2	0,000E+0	4,216E-1	4,057E-1	0,000E+0	0	1100
601,143	40,300	39,900	8,020E+1	0,000E+0	1,672E+2	1,643E+2	0,000E+0	4,216E-1	4,057E-1	0,000E+0	0	1100
602,142	40,300	39,900	8,020E+1	0,000E+0	1,672E+2	1,643E+2	0,000E+0	4,216E-1	4,057E-1	0,000E+0	0	1100
603,143	40,300	39,900	8,020E+1	0,000E+0	1,672E+2	1,643E+2	0,000E+0	4,216E-1	4,057E-1	0,000E+0	0	1100
604,143	39,200	40,800	8,000E+1	0,000E+0	1,661E+2	1,659E+2	0,000E+0	4,168E-1	4,122E-1	0,000E+0	0	1100
605,143	39,200	40,800	8,000E+1	0,000E+0	1,661E+2	1,659E+2	0,000E+0	4,168E-1	4,122E-1	0,000E+0	0	1100
606,144	39,200	40,800	8,000E+1	0,000E+0	1,661E+2	1,659E+2	0,000E+0	4,168E-1	4,122E-1	0,000E+0	0	1100
607,144	38,900	41,000	7,990E+1	0,000E+0	1,656E+2	1,662E+2	0,000E+0	4,152E-1	4,151E-1	0,000E+0	0	1100
608,146	38,900	41,000	7,990E+1	0,000E+0	1,656E+2	1,662E+2	0,000E+0	4,152E-1	4,151E-1	0,000E+0	0	1100
609,145	38,900	41,000	7,990E+1	0,000E+0	1,656E+2	1,662E+2	0,000E+0	4,152E-1	4,151E-1	0,000E+0	0	1100
610,147	38,900	41,000	7,990E+1	0,000E+0	1,656E+2	1,662E+2	0,000E+0	4,152E-1	4,151E-1	0,000E+0	0	1100
611,146	38,900	41,000	7,990E+1	0,000E+0	1,656E+2	1,662E+2	0,000E+0	4,152E-1	4,151E-1	0,000E+0	0	1100
612,147	38,900	41,000	7,990E+1	0,000E+0	1,656E+2	1,662E+2	0,000E+0	4,152E-1	4,151E-1	0,000E+0	0	1100
613,147	39,500	40,700	8,020E+1	0,000E+0	1,665E+2	1,655E+2	0,000E+0	4,198E-1	4,127E-1	0,000E+0	0	1100
614,148	39,500	40,700	8,020E+1	0,000E+0	1,665E+2	1,655E+2	0,000E+0	4,198E-1	4,127E-1	0,000E+0	0	1100
615,147	39,600	40,400	8,000E+1	0,000E+0	1,663E+2	1,656E+2	0,000E+0	4,202E-1	4,107E-1	0,000E+0	0	1100
616,147	39,300	40,500	7,980E+1	0,000E+0	1,661E+2	1,656E+2	0,000E+0	4,196E-1	4,118E-1	0,000E+0	0	1100
617,148	39,400	40,800	8,020E+1	0,000E+0	1,662E+2	1,657E+2	0,000E+0	4,182E-1	4,143E-1	0,000E+0	0	1100
618,147	39,600	40,600	8,020E+1	0,000E+0	1,666E+2	1,656E+2	0,000E+0	4,200E-1	4,108E-1	0,000E+0	1	1100
619,148	39,700	40,400	8,010E+1	0,000E+0	1,664E+2	1,656E+2	0,000E+0	4,192E-1	4,096E-1	0,000E+0	1	1100
620,149	39,600	40,400	8,000E+1	0,000E+0	1,662E+2	1,655E+2	0,000E+0	4,212E-1	4,114E-1	0,000E+0	1	1100
621,148	39,000	40,700	7,970E+1	0,000E+0	1,655E+2	1,661E+2	0,000E+0	4,169E-1	4,139E-1	0,000E+0	1	1100
622,149	39,000	40,700	7,970E+1	0,000E+0	1,655E+2	1,661E+2	0,000E+0	4,169E-1	4,139E-1	0,000E+0	1	1100
623,148	39,000	40,700	7,970E+1	0,000E+0	1,655E+2	1,661E+2	0,000E+0	4,169E-1	4,139E-1	0,000E+0	1	1100
624,148	39,000	40,700	7,970E+1	0,000E+0	1,655E+2	1,661E+2	0,000E+0	4,169E-1	4,139E-1	0,000E+0	1	1100
625,150	39,600	40,300	7,990E+1	0,000E+0	1,663E+2	1,657E+2	0,000E+0	4,208E-1	4,101E-1	0,000E+0	1	1100
626,149	39,600	40,300	7,990E+1	0,000E+0	1,663E+2	1,657E+2	0,000E+0	4,208E-1	4,101E-1	0,000E+0	1	1100
627,150	39,600	40,300	7,990E+1	0,000E+0	1,663E+2	1,657E+2	0,000E+0	4,208E-1	4,101E-1	0,000E+0	1	1100
628,149	39,800	40,400	8,020E+1	0,000E+0	1,665E+2	1,653E+2	0,000E+0	4,210E-1	4,086E-1	0,000E+0	1	1100
629,150	39,800	40,400	8,020E+1	0,000E+0	1,665E+2	1,653E+2	0,000E+0	4,210E-1	4,086E-1	0,000E+0	1	1100
630,149	39,800	40,400	8,020E+1	0,000E+0	1,665E+2	1,653E+2	0,000E+0	4,210E-1	4,086E-1	0,000E+0	1	1100
631,149	39,800	40,400	8,020E+1	0,000E+0	1,665E+2	1,653E+2	0,000E+0	4,210E-1	4,086E-1	0,000E+0	1	1100
632,150	39,500	40,500	8,000E+1	0,000E+0	1,667E+2	1,655E+2	0,000E+0	4,184E-1	4,099E-1	0,000E+0	1	1100
633,149	38,800	40,900	7,970E+1	0,000E+0	1,658E+2	1,658E+2	0,000E+0	4,142E-1	4,134E-1	0,000E+0	1	1100
634,150	39,300	40,600	7,990E+1	0,000E+0	1,664E+2	1,656E+2	0,000E+0	4,167E-1	4,109E-1	0,000E+0	1	1100
635,149	39,300	40,600	7,990E+1	0,000E+0	1,664E+2	1,656E+2	0,000E+0	4,167E-1	4,109E-1	0,000E+0	1	1100
636,150	39,500	40,600	8,010E+1	0,000E+0	1,659E+2	1,652E+2	0,000E+0	4,197E-1	4,149E-1	0,000E+0	1	1100
637,150	38,600	41,400	8,000E+1	0,000E+0	1,651E+2	1,662E+2	0,000E+0	4,144E-1	4,191E-1	0,000E+0	1	1100
638,151	39,000	40,700	7,970E+1	0,000E+0	1,652E+2	1,657E+2	0,000E+0	4,198E-1	4,152E-1	0,000E+0	1	1100
639,150	40,000	40,400	8,040E+1	0,000E+0	1,663E+2	1,650E+2	0,000E+0	4,251E-1	4,123E-1	0,000E+0	1	1100
640,151	38,800	41,000	7,980E+1	0,000E+0	1,646E+2	1,659E+2	0,000E+0	4,191E-1	4,184E-1	0,000E+0	1	1100
641,150	38,700	41,300	8,000E+1	0,000E+0	1,652E+2	1,663E+2	0,000E+0	4,156E-1	4,177E-1	0,000E+0	1	1100
642,150	39,200	41,000	8,020E+1	0,000E+0	1,655E+2	1,659E+2	0,000E+0	4,176E-1	4,166E-1	0,000E+0	1	1100
643,152	32,900	33,900	6,680E+1	0,000E+0	1,650E+2	1,651E+2	0,000E+0	3,584E-1	3,584E-1	0,000E+0	1	1100
644,152	18,700	16,800	3,550E+1	0,000E+0	1,608E+2	1,606E+2	0,000E+0	1,986E-1	1,953E-1	0,000E+0	1	1100
645,153	20,400	18,900	3,930E+1	0,000E+0	1,606E+2	1,604E+2	0,000E+0	2,162E-1	2,160E-1	0,000E+0	1	1100
646,152	19,700	19,300	3,900E+1	0,000E+0	1,603E+2	1,612E+2	0,000E+0	2,099E-1	2,171E-1	0,000E+0	1	1100
647,153	19,700	19,300	3,900E+1	0,000E+0	1,603E+2	1,612E+2	0,000E+0	2,099E-1	2,171E-1	0,000E+0	1	1100
648,153	12,800	11,600	2,440E+1	0,000E+0	1,592E+2	1,591E+2	0,000E+0	1,433E-1	1,415E-1	0,000E+0	1	1100
649,153	11,800	10,800	2,260E+1	0,000E+0	1,567E+2	1,569E+2	0,000E+0	1,363E-1	1,358E-1	0,000E+0	1	1100
650,154	13,300	12,000	2,530E+1	0,000E+0	1,574E+2	1,574E+2	0,000E+0	1,504E-1	1,488E-1	0,000E+0	1	1100
652,154	13,800	12,500	2,630E+1	0,000E+0	1,583E+2	1,585E+2	0,000E+0	1,548E-1	1,537E-1	0,000E+0	1	1100
652,154	12,900	11,800	2,470E+1	0,000E+0	1,579E+2	1,578E+2	0,000E+0	1,470E-1	1,453E-1	0,000E+0	1	1100
653,154	12,900	11,800	2,470E+1	0,000E+0	1,579E+2	1,578E+2	0,000E+0	1,470E-1	1,453E-1	0,000E+0	1	1100
654,155	11,900	10,800	2,270E+1	0,000E+0	1,578E+2	1,578E+2	0,000E+0	1,358E-1	1,344E-1	0,000E+0	1	1100
655,154	11,900	10,800	2,270E+1	0,000E+0	1,578E+2	1,578E+2	0,000E+0	1,358E-1	1,344E-1	0,000E+0	1	1100
656,154	10,800	9,800	2,060E+1	0,000E+0	1,560E+2	1,562E+2	0,000E+0	1,254E-1	1,247E-1	0,000E+0	1	1100
657,155	11,500	10,500	2,200E+1	0,000E+0	1,560E+2	1,561E+2	0,000E+0	1,338E-1	1,332E-1	0,000E+0	1	1100
658,154	11,500	10,500	2,200E+1	0,000E+0	1,560E+2	1,561E+2	0,000E+0	1,338E-1	1,332E-1	0,000E+0	1	1100
659,155	10,200	9,100	1,930E+1	0,000E+0	1,537E+2	1,534E+2	0,000E+0	1,218E-1	1,214E-1	0,000E+0	1	1100
660,154	0,200	0,000	2,000E-1	0,000E+0	9,551E+1	9,540E+1	0,000E+0	0,000E+0	0,000E+0	0,000E+0	1	1100
661,154	0,200	0,200	4,000E-1	0,000E+0	7,464E+1	7,442E+1	0,000E+0	0,000E+0	0,000E+0	0,000E+0	1	1100
662,154	0,200	0,200	4,000E-1	0,000E+0	5,844E+1	5,838E+1	0,000E+0	0,000E+0	0,000E+0	0,000E+0	1	1100
663,154	0,000	0,000	0,000E+0	0,000E+0	4,449E+1	4,447E+1	0,000E+0	0,000E+0	0,000E+0	0,000E+0	1	1100
664,155	0,000	0,000	0,000E+0	0,000E+0	3,254E+1	3,235E+1	0,000E+0	0,000E+0	0,000E+0	0,000E+0	1	1100
665,155	0,000	0,000	0,000E+0	0,000E+0	1,864E+1	1,869E+1	0,000E+0	0,000E+0	0,000E+0	0,000E+0	1	1100
666,156	0,000	0,000	0,000E+0	0,000E+0	1,234E+1	1,272E+1	0,000E+0	0,000E+0	0,000E+0	0,000E+0	1	1100
667,155	0,000	0,000	0,000E+0	0,000E+0	5,390E+0	5,340E+0	0,000E+0	0,000E+0	0,000E+0	0,000E+0	1	1100
668,156	0,000	0,000	0,000E+0	0,000E+0	0,000E+0	0,000E+0	0,000E+0	0,000E+0	0,000E+0	0,000E+0	1	1100
